# This .csv file was created 12.10.2024 14:34
# extracted out of file mindist_major_allergenic_epitope_r_311-324_MOL19_2.xvg in working dir /media/ron/DiplArbeit1/neue simulationen/6FXb/LIGAND/CAB/6fxb_cab_1
# Original file was created by command :
"Minimum Distance"
"Time (ps)";"r_311-324-MOL19"
"0.0";"5.974987"
"10.0";"6.184739"
"20.0";"6.001603"
"30.0";"5.743766"
"40.0";"5.592155"
"50.0";"5.844765"
"60.0";"6.053085"
"70.0";"6.039472"
"80.0";"6.005678"
"90.0";"6.15169"
"100.0";"5.98275"
"110.0";"5.9153"
"120.0";"5.586081"
"130.0";"5.796522"
"140.0";"5.824827"
"150.0";"5.848866"
"160.0";"5.992792"
"170.0";"6.06309"
"180.0";"5.990795"
"190.0";"5.881471"
"200.0";"5.977253"
"210.0";"5.873869"
"220.0";"6.054135"
"230.0";"6.161309"
"240.0";"6.483621"
"250.0";"6.553823"
"260.0";"6.764942"
"270.0";"6.839104"
"280.0";"6.717366"
"290.0";"6.823931"
"300.0";"6.744614"
"310.0";"6.676748"
"320.0";"6.646857"
"330.0";"6.43202"
"340.0";"6.383318"
"350.0";"6.299867"
"360.0";"6.30574"
"370.0";"6.242965"
"380.0";"6.206806"
"390.0";"5.978645"
"400.0";"6.113345"
"410.0";"6.233407"
"420.0";"6.194876"
"430.0";"6.118077"
"440.0";"6.335365"
"450.0";"6.338566"
"460.0";"6.461802"
"470.0";"6.364249"
"480.0";"6.11628"
"490.0";"6.255586"
"500.0";"6.539916"
"510.0";"6.277809"
"520.0";"6.255839"
"530.0";"6.289702"
"540.0";"6.480276"
"550.0";"6.330231"
"560.0";"6.136585"
"570.0";"6.23323"
"580.0";"6.329841"
"590.0";"6.30652"
"600.0";"6.348594"
"610.0";"6.132113"
"620.0";"5.959131"
"630.0";"5.696166"
"640.0";"5.962827"
"650.0";"6.222859"
"660.0";"6.063086"
"670.0";"5.848006"
"680.0";"5.487401"
"690.0";"5.661276"
"700.0";"5.777017"
"710.0";"5.713906"
"720.0";"5.886183"
"730.0";"5.779514"
"740.0";"5.994228"
"750.0";"5.873862"
"760.0";"5.833535"
"770.0";"5.67727"
"780.0";"5.603136"
"790.0";"5.919362"
"800.0";"5.976042"
"810.0";"5.9761"
"820.0";"6.068814"
"830.0";"5.933006"
"840.0";"5.805668"
"850.0";"5.843554"
"860.0";"6.129319"
"870.0";"6.401583"
"880.0";"6.257124"
"890.0";"6.114326"
"900.0";"5.978889"
"910.0";"6.021231"
"920.0";"5.995776"
"930.0";"6.14219"
"940.0";"6.265047"
"950.0";"5.888275"
"960.0";"5.682372"
"970.0";"5.706779"
"980.0";"5.831845"
"990.0";"6.071381"
"1000.0";"6.010139"
"1010.0";"5.727685"
"1020.0";"5.838506"
"1030.0";"5.659404"
"1040.0";"5.992431"
"1050.0";"6.001188"
"1060.0";"5.71894"
"1070.0";"5.37806"
"1080.0";"5.730543"
"1090.0";"5.736081"
"1100.0";"5.797799"
"1110.0";"5.507171"
"1120.0";"5.378936"
"1130.0";"5.098041"
"1140.0";"4.957294"
"1150.0";"4.988864"
"1160.0";"4.992211"
"1170.0";"4.577355"
"1180.0";"4.578176"
"1190.0";"4.246869"
"1200.0";"4.486321"
"1210.0";"4.511796"
"1220.0";"4.124996"
"1230.0";"4.065488"
"1240.0";"4.091914"
"1250.0";"4.160749"
"1260.0";"4.272753"
"1270.0";"4.209055"
"1280.0";"4.258168"
"1290.0";"4.259308"
"1300.0";"4.355066"
"1310.0";"4.428976"
"1320.0";"4.261648"
"1330.0";"4.327"
"1340.0";"4.144198"
"1350.0";"4.039353"
"1360.0";"4.43619"
"1370.0";"4.291323"
"1380.0";"4.374312"
"1390.0";"4.355879"
"1400.0";"4.439375"
"1410.0";"4.611006"
"1420.0";"4.659106"
"1430.0";"4.999022"
"1440.0";"5.078178"
"1450.0";"5.412901"
"1460.0";"5.614843"
"1470.0";"5.406197"
"1480.0";"5.313121"
"1490.0";"5.616391"
"1500.0";"5.33272"
"1510.0";"5.179718"
"1520.0";"5.177311"
"1530.0";"5.25735"
"1540.0";"5.388568"
"1550.0";"5.250217"
"1560.0";"5.272308"
"1570.0";"5.275898"
"1580.0";"5.139143"
"1590.0";"5.089437"
"1600.0";"5.366528"
"1610.0";"5.349634"
"1620.0";"5.132131"
"1630.0";"5.066875"
"1640.0";"4.906362"
"1650.0";"4.770437"
"1660.0";"5.081701"
"1670.0";"4.876081"
"1680.0";"4.853191"
"1690.0";"4.592877"
"1700.0";"4.776272"
"1710.0";"4.622373"
"1720.0";"4.656242"
"1730.0";"4.728677"
"1740.0";"4.811599"
"1750.0";"4.904413"
"1760.0";"4.757142"
"1770.0";"4.583058"
"1780.0";"4.120356"
"1790.0";"4.141654"
"1800.0";"4.15739"
"1810.0";"3.925502"
"1820.0";"4.026519"
"1830.0";"3.93379"
"1840.0";"3.848342"
"1850.0";"4.092239"
"1860.0";"4.186002"
"1870.0";"4.394255"
"1880.0";"4.540153"
"1890.0";"4.445947"
"1900.0";"4.433044"
"1910.0";"4.382692"
"1920.0";"4.310534"
"1930.0";"4.362492"
"1940.0";"4.427565"
"1950.0";"4.554867"
"1960.0";"4.654229"
"1970.0";"4.821612"
"1980.0";"4.941362"
"1990.0";"4.788469"
"2000.0";"4.778226"
"2010.0";"4.746059"
"2020.0";"4.672904"
"2030.0";"4.791409"
"2040.0";"4.789096"
"2050.0";"4.845164"
"2060.0";"4.824864"
"2070.0";"4.862273"
"2080.0";"4.700614"
"2090.0";"4.778521"
"2100.0";"4.970439"
"2110.0";"5.007084"
"2120.0";"5.110212"
"2130.0";"5.090976"
"2140.0";"5.212652"
"2150.0";"5.316215"
"2160.0";"5.178529"
"2170.0";"4.934089"
"2180.0";"4.934233"
"2190.0";"4.982729"
"2200.0";"5.066571"
"2210.0";"4.920354"
"2220.0";"4.997971"
"2230.0";"4.962423"
"2240.0";"5.087145"
"2250.0";"5.039972"
"2260.0";"4.719394"
"2270.0";"4.446683"
"2280.0";"4.446455"
"2290.0";"4.543405"
"2300.0";"4.310385"
"2310.0";"4.568597"
"2320.0";"4.688087"
"2330.0";"4.472472"
"2340.0";"4.648242"
"2350.0";"4.567106"
"2360.0";"4.587308"
"2370.0";"4.391184"
"2380.0";"4.216445"
"2390.0";"4.141793"
"2400.0";"3.920095"
"2410.0";"4.084776"
"2420.0";"4.352265"
"2430.0";"4.254299"
"2440.0";"4.358085"
"2450.0";"4.263501"
"2460.0";"4.38311"
"2470.0";"4.57349"
"2480.0";"4.561516"
"2490.0";"4.559208"
"2500.0";"4.613206"
"2510.0";"4.503042"
"2520.0";"4.653474"
"2530.0";"4.607176"
"2540.0";"4.508516"
"2550.0";"4.497452"
"2560.0";"4.44281"
"2570.0";"4.339775"
"2580.0";"4.343827"
"2590.0";"4.452794"
"2600.0";"4.122308"
"2610.0";"3.91885"
"2620.0";"3.984869"
"2630.0";"3.753043"
"2640.0";"3.65065"
"2650.0";"3.47574"
"2660.0";"3.544663"
"2670.0";"3.361425"
"2680.0";"3.514378"
"2690.0";"3.239612"
"2700.0";"3.584693"
"2710.0";"3.599716"
"2720.0";"3.412466"
"2730.0";"3.364924"
"2740.0";"3.265453"
"2750.0";"3.362202"
"2760.0";"3.200691"
"2770.0";"3.4495"
"2780.0";"3.374958"
"2790.0";"3.199906"
"2800.0";"3.142015"
"2810.0";"3.434767"
"2820.0";"3.515265"
"2830.0";"3.530078"
"2840.0";"3.070848"
"2850.0";"2.895635"
"2860.0";"2.635941"
"2870.0";"2.853371"
"2880.0";"3.15486"
"2890.0";"3.235904"
"2900.0";"3.268771"
"2910.0";"3.05248"
"2920.0";"2.983411"
"2930.0";"3.266155"
"2940.0";"3.087216"
"2950.0";"2.922494"
"2960.0";"3.12107"
"2970.0";"2.932356"
"2980.0";"2.97093"
"2990.0";"2.855858"
"3000.0";"2.673934"
"3010.0";"2.528075"
"3020.0";"2.776911"
"3030.0";"2.708723"
"3040.0";"2.690256"
"3050.0";"2.88638"
"3060.0";"3.197772"
"3070.0";"3.148834"
"3080.0";"3.379079"
"3090.0";"3.280184"
"3100.0";"3.099972"
"3110.0";"3.25623"
"3120.0";"3.250348"
"3130.0";"3.260495"
"3140.0";"3.236164"
"3150.0";"3.157047"
"3160.0";"3.423095"
"3170.0";"3.719437"
"3180.0";"3.723644"
"3190.0";"3.592807"
"3200.0";"3.529202"
"3210.0";"3.618758"
"3220.0";"3.540163"
"3230.0";"3.55558"
"3240.0";"3.362788"
"3250.0";"3.390739"
"3260.0";"3.220331"
"3270.0";"3.27845"
"3280.0";"3.166039"
"3290.0";"2.965262"
"3300.0";"2.75589"
"3310.0";"2.811688"
"3320.0";"2.863454"
"3330.0";"3.068097"
"3340.0";"3.02657"
"3350.0";"3.315699"
"3360.0";"3.21976"
"3370.0";"3.048481"
"3380.0";"3.505649"
"3390.0";"3.540029"
"3400.0";"3.425983"
"3410.0";"3.335842"
"3420.0";"2.963085"
"3430.0";"3.085212"
"3440.0";"3.122985"
"3450.0";"3.118159"
"3460.0";"3.075222"
"3470.0";"2.796418"
"3480.0";"3.031213"
"3490.0";"3.161848"
"3500.0";"3.027895"
"3510.0";"3.534662"
"3520.0";"3.204664"
"3530.0";"3.07022"
"3540.0";"3.129542"
"3550.0";"3.276392"
"3560.0";"3.374752"
"3570.0";"3.551969"
"3580.0";"3.455481"
"3590.0";"3.612983"
"3600.0";"3.430723"
"3610.0";"3.56271"
"3620.0";"3.503624"
"3630.0";"3.548699"
"3640.0";"3.622779"
"3650.0";"3.59022"
"3660.0";"3.421621"
"3670.0";"3.384267"
"3680.0";"3.180652"
"3690.0";"3.1344"
"3700.0";"3.178818"
"3710.0";"2.94852"
"3720.0";"2.828032"
"3730.0";"2.729331"
"3740.0";"2.852478"
"3750.0";"2.862263"
"3760.0";"2.98346"
"3770.0";"2.95977"
"3780.0";"3.141987"
"3790.0";"3.157004"
"3800.0";"3.516887"
"3810.0";"3.403143"
"3820.0";"3.39982"
"3830.0";"3.549106"
"3840.0";"3.489528"
"3850.0";"3.566799"
"3860.0";"3.605086"
"3870.0";"3.551238"
"3880.0";"3.719514"
"3890.0";"3.645734"
"3900.0";"3.660794"
"3910.0";"3.733845"
"3920.0";"3.772872"
"3930.0";"3.862794"
"3940.0";"3.999956"
"3950.0";"4.310316"
"3960.0";"4.401983"
"3970.0";"4.428729"
"3980.0";"4.549772"
"3990.0";"4.813309"
"4000.0";"4.925796"
"4010.0";"4.72458"
"4020.0";"4.61433"
"4030.0";"4.561636"
"4040.0";"4.598107"
"4050.0";"4.418986"
"4060.0";"4.310777"
"4070.0";"4.138835"
"4080.0";"4.146386"
"4090.0";"4.276744"
"4100.0";"4.25643"
"4110.0";"4.264726"
"4120.0";"4.419779"
"4130.0";"4.329542"
"4140.0";"4.548315"
"4150.0";"4.485789"
"4160.0";"4.371768"
"4170.0";"4.379933"
"4180.0";"4.498665"
"4190.0";"4.660102"
"4200.0";"4.576938"
"4210.0";"4.546613"
"4220.0";"4.485735"
"4230.0";"4.382335"
"4240.0";"4.603891"
"4250.0";"4.468386"
"4260.0";"4.440858"
"4270.0";"4.481914"
"4280.0";"4.446383"
"4290.0";"4.237319"
"4300.0";"4.230166"
"4310.0";"4.348325"
"4320.0";"4.218045"
"4330.0";"4.314983"
"4340.0";"4.434671"
"4350.0";"4.548842"
"4360.0";"4.488723"
"4370.0";"4.493217"
"4380.0";"4.42281"
"4390.0";"4.277901"
"4400.0";"4.007723"
"4410.0";"3.842559"
"4420.0";"3.614234"
"4430.0";"3.856176"
"4440.0";"3.804632"
"4450.0";"3.406086"
"4460.0";"3.326401"
"4470.0";"3.365108"
"4480.0";"3.471945"
"4490.0";"3.419586"
"4500.0";"3.613632"
"4510.0";"3.137246"
"4520.0";"3.012183"
"4530.0";"3.181994"
"4540.0";"3.315315"
"4550.0";"3.760306"
"4560.0";"3.904684"
"4570.0";"4.064241"
"4580.0";"4.021365"
"4590.0";"4.125053"
"4600.0";"4.08887"
"4610.0";"4.114409"
"4620.0";"4.369456"
"4630.0";"4.205285"
"4640.0";"4.064446"
"4650.0";"4.139902"
"4660.0";"4.01913"
"4670.0";"3.828163"
"4680.0";"3.790949"
"4690.0";"4.244814"
"4700.0";"4.248696"
"4710.0";"4.399395"
"4720.0";"4.345171"
"4730.0";"4.383188"
"4740.0";"4.045446"
"4750.0";"4.035009"
"4760.0";"4.166481"
"4770.0";"4.278882"
"4780.0";"4.181645"
"4790.0";"4.36726"
"4800.0";"4.368833"
"4810.0";"4.236246"
"4820.0";"4.055748"
"4830.0";"4.280423"
"4840.0";"4.368724"
"4850.0";"4.483514"
"4860.0";"4.403775"
"4870.0";"4.706324"
"4880.0";"4.775934"
"4890.0";"4.669092"
"4900.0";"4.493781"
"4910.0";"4.586513"
"4920.0";"4.856742"
"4930.0";"4.872457"
"4940.0";"4.647408"
"4950.0";"4.765728"
"4960.0";"4.677021"
"4970.0";"4.721903"
"4980.0";"4.863182"
"4990.0";"4.704379"
"5000.0";"4.618064"
"5010.0";"4.413148"
"5020.0";"4.026739"
"5030.0";"3.866018"
"5040.0";"4.027251"
"5050.0";"3.734141"
"5060.0";"3.848388"
"5070.0";"3.935354"
"5080.0";"3.82523"
"5090.0";"3.697284"
"5100.0";"3.626212"
"5110.0";"3.403123"
"5120.0";"3.296453"
"5130.0";"3.281226"
"5140.0";"3.332896"
"5150.0";"3.593395"
"5160.0";"3.596344"
"5170.0";"3.362024"
"5180.0";"3.381478"
"5190.0";"3.599401"
"5200.0";"3.888687"
"5210.0";"3.927686"
"5220.0";"3.737729"
"5230.0";"3.677813"
"5240.0";"3.946166"
"5250.0";"3.978058"
"5260.0";"3.900355"
"5270.0";"3.931667"
"5280.0";"4.119537"
"5290.0";"4.321194"
"5300.0";"4.214795"
"5310.0";"4.266743"
"5320.0";"4.183206"
"5330.0";"4.193842"
"5340.0";"4.141703"
"5350.0";"3.896236"
"5360.0";"3.910409"
"5370.0";"3.859081"
"5380.0";"3.692162"
"5390.0";"3.840145"
"5400.0";"3.744845"
"5410.0";"3.923004"
"5420.0";"4.015987"
"5430.0";"4.294466"
"5440.0";"4.274599"
"5450.0";"4.043715"
"5460.0";"4.175117"
"5470.0";"4.105176"
"5480.0";"4.220848"
"5490.0";"4.26763"
"5500.0";"4.301727"
"5510.0";"4.227627"
"5520.0";"4.595316"
"5530.0";"4.699417"
"5540.0";"4.687997"
"5550.0";"4.315472"
"5560.0";"4.257331"
"5570.0";"4.194754"
"5580.0";"4.043019"
"5590.0";"4.048136"
"5600.0";"4.102831"
"5610.0";"3.910503"
"5620.0";"3.804003"
"5630.0";"3.67488"
"5640.0";"3.604997"
"5650.0";"3.647631"
"5660.0";"3.814419"
"5670.0";"4.184522"
"5680.0";"4.156238"
"5690.0";"4.143059"
"5700.0";"4.145645"
"5710.0";"3.946748"
"5720.0";"4.008512"
"5730.0";"3.965908"
"5740.0";"4.105336"
"5750.0";"4.152191"
"5760.0";"4.165404"
"5770.0";"4.196601"
"5780.0";"4.118589"
"5790.0";"4.128846"
"5800.0";"4.182643"
"5810.0";"4.101059"
"5820.0";"4.139916"
"5830.0";"4.185238"
"5840.0";"4.348528"
"5850.0";"4.241921"
"5860.0";"4.36795"
"5870.0";"4.348719"
"5880.0";"4.305343"
"5890.0";"4.271774"
"5900.0";"4.501732"
"5910.0";"4.277634"
"5920.0";"4.216635"
"5930.0";"4.206678"
"5940.0";"4.402043"
"5950.0";"4.299051"
"5960.0";"4.155436"
"5970.0";"4.044103"
"5980.0";"3.858382"
"5990.0";"3.755329"
"6000.0";"3.857396"
"6010.0";"3.6984"
"6020.0";"3.583402"
"6030.0";"3.444077"
"6040.0";"3.553673"
"6050.0";"3.408992"
"6060.0";"3.268055"
"6070.0";"3.487622"
"6080.0";"3.539539"
"6090.0";"3.566543"
"6100.0";"3.604729"
"6110.0";"3.621109"
"6120.0";"3.668217"
"6130.0";"3.593516"
"6140.0";"3.721845"
"6150.0";"3.704382"
"6160.0";"3.713428"
"6170.0";"3.928123"
"6180.0";"3.926549"
"6190.0";"3.905117"
"6200.0";"3.959125"
"6210.0";"3.763546"
"6220.0";"4.031962"
"6230.0";"3.630601"
"6240.0";"3.593141"
"6250.0";"3.606313"
"6260.0";"3.701179"
"6270.0";"3.689543"
"6280.0";"3.888047"
"6290.0";"3.880632"
"6300.0";"3.767055"
"6310.0";"3.757656"
"6320.0";"3.837895"
"6330.0";"3.746176"
"6340.0";"3.921595"
"6350.0";"3.77842"
"6360.0";"3.912409"
"6370.0";"4.022813"
"6380.0";"4.014327"
"6390.0";"3.918778"
"6400.0";"4.081025"
"6410.0";"3.992519"
"6420.0";"3.709416"
"6430.0";"3.853641"
"6440.0";"4.008405"
"6450.0";"3.799366"
"6460.0";"4.035262"
"6470.0";"3.988382"
"6480.0";"4.011156"
"6490.0";"4.050565"
"6500.0";"3.986676"
"6510.0";"4.027522"
"6520.0";"3.699248"
"6530.0";"3.779562"
"6540.0";"3.549798"
"6550.0";"3.714044"
"6560.0";"3.839968"
"6570.0";"3.850488"
"6580.0";"3.733498"
"6590.0";"3.726529"
"6600.0";"3.8393"
"6610.0";"3.624932"
"6620.0";"3.556454"
"6630.0";"3.551383"
"6640.0";"3.551369"
"6650.0";"3.642028"
"6660.0";"3.774776"
"6670.0";"3.81208"
"6680.0";"3.695929"
"6690.0";"3.843932"
"6700.0";"3.72602"
"6710.0";"3.717924"
"6720.0";"3.855103"
"6730.0";"3.738896"
"6740.0";"3.689917"
"6750.0";"3.674454"
"6760.0";"3.784297"
"6770.0";"3.727203"
"6780.0";"3.749337"
"6790.0";"3.769675"
"6800.0";"3.733959"
"6810.0";"3.750534"
"6820.0";"3.796989"
"6830.0";"3.772822"
"6840.0";"3.878883"
"6850.0";"3.847726"
"6860.0";"3.840456"
"6870.0";"3.846907"
"6880.0";"3.72302"
"6890.0";"3.60701"
"6900.0";"3.691555"
"6910.0";"3.634285"
"6920.0";"3.626666"
"6930.0";"3.667185"
"6940.0";"3.614472"
"6950.0";"3.647963"
"6960.0";"3.576484"
"6970.0";"3.660346"
"6980.0";"3.872763"
"6990.0";"3.784138"
"7000.0";"3.909439"
"7010.0";"3.819795"
"7020.0";"3.711743"
"7030.0";"3.46889"
"7040.0";"3.362098"
"7050.0";"3.279572"
"7060.0";"3.242507"
"7070.0";"3.124229"
"7080.0";"3.193576"
"7090.0";"3.148692"
"7100.0";"3.102568"
"7110.0";"3.001767"
"7120.0";"2.940253"
"7130.0";"2.993745"
"7140.0";"2.939519"
"7150.0";"2.876135"
"7160.0";"2.877512"
"7170.0";"3.11036"
"7180.0";"3.016984"
"7190.0";"3.099854"
"7200.0";"3.174556"
"7210.0";"3.232137"
"7220.0";"3.115113"
"7230.0";"3.316631"
"7240.0";"3.156415"
"7250.0";"3.314577"
"7260.0";"3.318873"
"7270.0";"3.468915"
"7280.0";"3.722505"
"7290.0";"3.752769"
"7300.0";"3.658273"
"7310.0";"3.359759"
"7320.0";"3.27443"
"7330.0";"3.328904"
"7340.0";"3.324246"
"7350.0";"3.434194"
"7360.0";"3.484676"
"7370.0";"3.489012"
"7380.0";"3.651841"
"7390.0";"3.706083"
"7400.0";"3.655205"
"7410.0";"3.171098"
"7420.0";"3.091875"
"7430.0";"3.177237"
"7440.0";"3.077742"
"7450.0";"3.157574"
"7460.0";"3.19591"
"7470.0";"3.12833"
"7480.0";"3.114441"
"7490.0";"3.231556"
"7500.0";"3.137489"
"7510.0";"3.359276"
"7520.0";"3.031011"
"7530.0";"3.14983"
"7540.0";"3.181704"
"7550.0";"3.015396"
"7560.0";"2.926219"
"7570.0";"2.883653"
"7580.0";"2.768758"
"7590.0";"2.655488"
"7600.0";"2.49736"
"7610.0";"2.459314"
"7620.0";"2.39834"
"7630.0";"2.242052"
"7640.0";"2.284391"
"7650.0";"2.442418"
"7660.0";"2.410431"
"7670.0";"2.285187"
"7680.0";"2.349844"
"7690.0";"2.225638"
"7700.0";"2.342585"
"7710.0";"2.352268"
"7720.0";"2.326119"
"7730.0";"2.361403"
"7740.0";"2.737824"
"7750.0";"2.719621"
"7760.0";"2.892012"
"7770.0";"2.836707"
"7780.0";"2.815519"
"7790.0";"2.777911"
"7800.0";"2.79364"
"7810.0";"2.835352"
"7820.0";"2.813862"
"7830.0";"2.983764"
"7840.0";"3.02293"
"7850.0";"2.853665"
"7860.0";"2.674139"
"7870.0";"3.002911"
"7880.0";"3.288985"
"7890.0";"3.255041"
"7900.0";"3.183013"
"7910.0";"2.879646"
"7920.0";"2.512826"
"7930.0";"2.994896"
"7940.0";"2.886739"
"7950.0";"2.884659"
"7960.0";"2.971952"
"7970.0";"2.836267"
"7980.0";"2.907678"
"7990.0";"3.360316"
"8000.0";"3.323112"
"8010.0";"3.241188"
"8020.0";"3.189768"
"8030.0";"2.991717"
"8040.0";"3.082024"
"8050.0";"3.149863"
"8060.0";"2.991084"
"8070.0";"3.176516"
"8080.0";"2.857855"
"8090.0";"2.937532"
"8100.0";"2.765234"
"8110.0";"3.018282"
"8120.0";"3.031009"
"8130.0";"3.23947"
"8140.0";"3.572004"
"8150.0";"3.376646"
"8160.0";"3.501673"
"8170.0";"3.436711"
"8180.0";"3.559571"
"8190.0";"3.552674"
"8200.0";"3.619833"
"8210.0";"3.776378"
"8220.0";"3.651249"
"8230.0";"3.793382"
"8240.0";"4.060543"
"8250.0";"4.349651"
"8260.0";"4.343023"
"8270.0";"4.26669"
"8280.0";"4.279017"
"8290.0";"4.274506"
"8300.0";"4.243811"
"8310.0";"4.599555"
"8320.0";"4.579386"
"8330.0";"4.478104"
"8340.0";"4.627479"
"8350.0";"4.566853"
"8360.0";"4.26345"
"8370.0";"4.270779"
"8380.0";"4.188261"
"8390.0";"4.211675"
"8400.0";"4.26192"
"8410.0";"4.600182"
"8420.0";"4.580431"
"8430.0";"4.41023"
"8440.0";"4.42147"
"8450.0";"4.209237"
"8460.0";"3.986679"
"8470.0";"3.864383"
"8480.0";"3.901546"
"8490.0";"3.780843"
"8500.0";"3.643734"
"8510.0";"4.068432"
"8520.0";"4.056924"
"8530.0";"4.04227"
"8540.0";"4.141235"
"8550.0";"4.040609"
"8560.0";"4.055861"
"8570.0";"3.911473"
"8580.0";"4.166314"
"8590.0";"4.095212"
"8600.0";"3.976002"
"8610.0";"4.134287"
"8620.0";"4.050886"
"8630.0";"3.896212"
"8640.0";"3.826652"
"8650.0";"4.071553"
"8660.0";"4.011596"
"8670.0";"4.002568"
"8680.0";"3.684662"
"8690.0";"3.715024"
"8700.0";"3.705979"
"8710.0";"3.962545"
"8720.0";"3.890044"
"8730.0";"3.828206"
"8740.0";"3.835112"
"8750.0";"3.789247"
"8760.0";"3.788751"
"8770.0";"3.91352"
"8780.0";"4.004041"
"8790.0";"3.943254"
"8800.0";"3.718647"
"8810.0";"3.802226"
"8820.0";"3.797873"
"8830.0";"3.494029"
"8840.0";"3.460105"
"8850.0";"3.179958"
"8860.0";"3.210689"
"8870.0";"2.957711"
"8880.0";"3.016203"
"8890.0";"2.792116"
"8900.0";"2.740088"
"8910.0";"2.856167"
"8920.0";"2.867514"
"8930.0";"2.909282"
"8940.0";"2.614156"
"8950.0";"2.768314"
"8960.0";"2.614399"
"8970.0";"2.597225"
"8980.0";"2.792608"
"8990.0";"2.630154"
"9000.0";"2.937343"
"9010.0";"2.80035"
"9020.0";"2.859459"
"9030.0";"2.872242"
"9040.0";"2.995696"
"9050.0";"3.092491"
"9060.0";"3.09998"
"9070.0";"3.077024"
"9080.0";"3.09971"
"9090.0";"3.098651"
"9100.0";"3.09698"
"9110.0";"2.948633"
"9120.0";"2.777342"
"9130.0";"2.861368"
"9140.0";"2.781643"
"9150.0";"2.831135"
"9160.0";"2.733849"
"9170.0";"2.792567"
"9180.0";"2.827119"
"9190.0";"2.718817"
"9200.0";"2.621785"
"9210.0";"2.561162"
"9220.0";"2.417256"
"9230.0";"2.459344"
"9240.0";"2.252414"
"9250.0";"2.599506"
"9260.0";"2.569711"
"9270.0";"2.458454"
"9280.0";"2.480483"
"9290.0";"2.521088"
"9300.0";"2.530767"
"9310.0";"2.455305"
"9320.0";"2.302834"
"9330.0";"2.456907"
"9340.0";"2.469918"
"9350.0";"2.324377"
"9360.0";"2.460233"
"9370.0";"2.321498"
"9380.0";"2.477867"
"9390.0";"2.447366"
"9400.0";"2.471705"
"9410.0";"2.510994"
"9420.0";"2.332351"
"9430.0";"2.385521"
"9440.0";"2.370694"
"9450.0";"2.295492"
"9460.0";"2.249979"
"9470.0";"2.320476"
"9480.0";"2.25121"
"9490.0";"2.40748"
"9500.0";"2.381887"
"9510.0";"2.397254"
"9520.0";"2.400388"
"9530.0";"2.481504"
"9540.0";"2.394835"
"9550.0";"2.365876"
"9560.0";"2.395716"
"9570.0";"2.429163"
"9580.0";"2.343671"
"9590.0";"2.356824"
"9600.0";"2.405194"
"9610.0";"2.330625"
"9620.0";"2.260724"
"9630.0";"2.212339"
"9640.0";"2.198803"
"9650.0";"2.389853"
"9660.0";"2.309365"
"9670.0";"2.336404"
"9680.0";"2.290989"
"9690.0";"2.329076"
"9700.0";"2.519071"
"9710.0";"2.387186"
"9720.0";"2.460658"
"9730.0";"2.466128"
"9740.0";"2.517933"
"9750.0";"2.504079"
"9760.0";"2.475111"
"9770.0";"2.395087"
"9780.0";"2.352171"
"9790.0";"2.255307"
"9800.0";"2.258528"
"9810.0";"2.28565"
"9820.0";"2.212845"
"9830.0";"2.324375"
"9840.0";"2.589484"
"9850.0";"2.540549"
"9860.0";"2.603442"
"9870.0";"2.623876"
"9880.0";"2.648344"
"9890.0";"2.713631"
"9900.0";"2.610307"
"9910.0";"2.628335"
"9920.0";"2.593751"
"9930.0";"2.602046"
"9940.0";"2.741139"
"9950.0";"2.653907"
"9960.0";"2.591169"
"9970.0";"2.717538"
"9980.0";"2.728066"
"9990.0";"2.7938"
"10000.0";"2.691698"
"10010.0";"2.688383"
"10020.0";"2.624135"
"10030.0";"2.614992"
"10040.0";"2.505344"
"10050.0";"2.530631"
"10060.0";"2.51634"
"10070.0";"2.528179"
"10080.0";"2.494941"
"10090.0";"2.501541"
"10100.0";"2.483336"
"10110.0";"2.432663"
"10120.0";"2.489042"
"10130.0";"2.612019"
"10140.0";"2.457552"
"10150.0";"2.529307"
"10160.0";"2.47035"
"10170.0";"2.437489"
"10180.0";"2.481212"
"10190.0";"2.459001"
"10200.0";"2.411517"
"10210.0";"2.422969"
"10220.0";"2.417007"
"10230.0";"2.419576"
"10240.0";"2.478317"
"10250.0";"2.433735"
"10260.0";"2.441166"
"10270.0";"2.473177"
"10280.0";"2.446959"
"10290.0";"2.422223"
"10300.0";"2.444263"
"10310.0";"2.527086"
"10320.0";"2.467954"
"10330.0";"2.503159"
"10340.0";"2.516199"
"10350.0";"2.466494"
"10360.0";"2.554738"
"10370.0";"2.496976"
"10380.0";"2.449497"
"10390.0";"2.483424"
"10400.0";"2.411847"
"10410.0";"2.347277"
"10420.0";"2.441915"
"10430.0";"2.441297"
"10440.0";"2.428197"
"10450.0";"2.443494"
"10460.0";"2.454221"
"10470.0";"2.447071"
"10480.0";"2.504414"
"10490.0";"2.514591"
"10500.0";"2.543505"
"10510.0";"2.482119"
"10520.0";"2.503786"
"10530.0";"2.460753"
"10540.0";"2.634501"
"10550.0";"2.672701"
"10560.0";"2.60947"
"10570.0";"2.572264"
"10580.0";"2.656312"
"10590.0";"2.558366"
"10600.0";"2.651092"
"10610.0";"2.594512"
"10620.0";"2.566068"
"10630.0";"2.589302"
"10640.0";"2.601818"
"10650.0";"2.529023"
"10660.0";"2.570706"
"10670.0";"2.679181"
"10680.0";"2.604578"
"10690.0";"2.569818"
"10700.0";"2.66843"
"10710.0";"2.600631"
"10720.0";"2.717412"
"10730.0";"2.623216"
"10740.0";"2.788919"
"10750.0";"2.641403"
"10760.0";"2.758557"
"10770.0";"2.737068"
"10780.0";"2.661889"
"10790.0";"2.623726"
"10800.0";"2.620589"
"10810.0";"2.709539"
"10820.0";"2.762809"
"10830.0";"2.69788"
"10840.0";"2.724363"
"10850.0";"2.659945"
"10860.0";"2.631091"
"10870.0";"2.715044"
"10880.0";"2.579484"
"10890.0";"2.583427"
"10900.0";"2.694423"
"10910.0";"2.601063"
"10920.0";"2.669961"
"10930.0";"2.77371"
"10940.0";"2.62591"
"10950.0";"2.699523"
"10960.0";"2.634696"
"10970.0";"2.715585"
"10980.0";"2.657551"
"10990.0";"2.654619"
"11000.0";"2.67401"
"11010.0";"2.61934"
"11020.0";"2.578671"
"11030.0";"2.625556"
"11040.0";"2.575524"
"11050.0";"2.570054"
"11060.0";"2.645247"
"11070.0";"2.588291"
"11080.0";"2.548613"
"11090.0";"2.565872"
"11100.0";"2.578032"
"11110.0";"2.555355"
"11120.0";"2.655466"
"11130.0";"2.573779"
"11140.0";"2.610072"
"11150.0";"2.578464"
"11160.0";"2.63526"
"11170.0";"2.566633"
"11180.0";"2.610501"
"11190.0";"2.530734"
"11200.0";"2.575853"
"11210.0";"2.637014"
"11220.0";"2.562011"
"11230.0";"2.629941"
"11240.0";"2.517027"
"11250.0";"2.616731"
"11260.0";"2.591514"
"11270.0";"2.61497"
"11280.0";"2.681922"
"11290.0";"2.658902"
"11300.0";"2.627724"
"11310.0";"2.657163"
"11320.0";"2.528706"
"11330.0";"2.631569"
"11340.0";"2.620352"
"11350.0";"2.648779"
"11360.0";"2.664747"
"11370.0";"2.63321"
"11380.0";"2.631803"
"11390.0";"2.636116"
"11400.0";"2.646913"
"11410.0";"2.629134"
"11420.0";"2.644022"
"11430.0";"2.606396"
"11440.0";"2.619604"
"11450.0";"2.653614"
"11460.0";"2.566675"
"11470.0";"2.704175"
"11480.0";"2.717453"
"11490.0";"2.705992"
"11500.0";"2.726556"
"11510.0";"2.660458"
"11520.0";"2.689334"
"11530.0";"2.752876"
"11540.0";"2.711073"
"11550.0";"2.66146"
"11560.0";"2.652633"
"11570.0";"2.684024"
"11580.0";"2.744981"
"11590.0";"2.669085"
"11600.0";"2.691482"
"11610.0";"2.700562"
"11620.0";"2.689397"
"11630.0";"2.534812"
"11640.0";"2.542062"
"11650.0";"2.667926"
"11660.0";"2.571746"
"11670.0";"2.721729"
"11680.0";"2.690073"
"11690.0";"2.696319"
"11700.0";"2.739246"
"11710.0";"2.682707"
"11720.0";"2.628253"
"11730.0";"2.853401"
"11740.0";"2.737064"
"11750.0";"2.75578"
"11760.0";"2.753916"
"11770.0";"2.685461"
"11780.0";"2.73279"
"11790.0";"2.695538"
"11800.0";"2.664196"
"11810.0";"2.63139"
"11820.0";"2.682903"
"11830.0";"2.674257"
"11840.0";"2.72623"
"11850.0";"2.676987"
"11860.0";"2.691912"
"11870.0";"2.682616"
"11880.0";"2.6982"
"11890.0";"2.630196"
"11900.0";"2.619771"
"11910.0";"2.607465"
"11920.0";"2.618268"
"11930.0";"2.568246"
"11940.0";"2.533224"
"11950.0";"2.540945"
"11960.0";"2.488474"
"11970.0";"2.55295"
"11980.0";"2.560835"
"11990.0";"2.662906"
"12000.0";"2.649884"
"12010.0";"2.64084"
"12020.0";"2.591537"
"12030.0";"2.55594"
"12040.0";"2.565278"
"12050.0";"2.57274"
"12060.0";"2.588756"
"12070.0";"2.521632"
"12080.0";"2.602391"
"12090.0";"2.60067"
"12100.0";"2.6589"
"12110.0";"2.50905"
"12120.0";"2.494766"
"12130.0";"2.622493"
"12140.0";"2.496"
"12150.0";"2.478867"
"12160.0";"2.508916"
"12170.0";"2.571512"
"12180.0";"2.557473"
"12190.0";"2.577846"
"12200.0";"2.506135"
"12210.0";"2.553902"
"12220.0";"2.612163"
"12230.0";"2.643429"
"12240.0";"2.556429"
"12250.0";"2.637417"
"12260.0";"2.598798"
"12270.0";"2.582721"
"12280.0";"2.589119"
"12290.0";"2.607301"
"12300.0";"2.649892"
"12310.0";"2.636734"
"12320.0";"2.553646"
"12330.0";"2.584215"
"12340.0";"2.530076"
"12350.0";"2.45199"
"12360.0";"2.540057"
"12370.0";"2.574019"
"12380.0";"2.585841"
"12390.0";"2.622909"
"12400.0";"2.609824"
"12410.0";"2.633864"
"12420.0";"2.62223"
"12430.0";"2.531808"
"12440.0";"2.433919"
"12450.0";"2.44011"
"12460.0";"2.472532"
"12470.0";"2.501746"
"12480.0";"2.461503"
"12490.0";"2.635089"
"12500.0";"2.604686"
"12510.0";"2.611188"
"12520.0";"2.628662"
"12530.0";"2.542332"
"12540.0";"2.585748"
"12550.0";"2.58601"
"12560.0";"2.554821"
"12570.0";"2.622143"
"12580.0";"2.619244"
"12590.0";"2.58063"
"12600.0";"2.606996"
"12610.0";"2.553272"
"12620.0";"2.623259"
"12630.0";"2.58596"
"12640.0";"2.57177"
"12650.0";"2.582735"
"12660.0";"2.48195"
"12670.0";"2.57738"
"12680.0";"2.596292"
"12690.0";"2.510196"
"12700.0";"2.641486"
"12710.0";"2.552471"
"12720.0";"2.536763"
"12730.0";"2.451301"
"12740.0";"2.456185"
"12750.0";"2.450352"
"12760.0";"2.49036"
"12770.0";"2.513016"
"12780.0";"2.533297"
"12790.0";"2.489896"
"12800.0";"2.506486"
"12810.0";"2.455628"
"12820.0";"2.530404"
"12830.0";"2.521786"
"12840.0";"2.555344"
"12850.0";"2.618535"
"12860.0";"2.574918"
"12870.0";"2.502266"
"12880.0";"2.529104"
"12890.0";"2.493818"
"12900.0";"2.539536"
"12910.0";"2.531322"
"12920.0";"2.553843"
"12930.0";"2.518001"
"12940.0";"2.48927"
"12950.0";"2.49873"
"12960.0";"2.55321"
"12970.0";"2.534151"
"12980.0";"2.543778"
"12990.0";"2.479748"
"13000.0";"2.466051"
"13010.0";"2.43126"
"13020.0";"2.548773"
"13030.0";"2.537763"
"13040.0";"2.50679"
"13050.0";"2.532839"
"13060.0";"2.567044"
"13070.0";"2.537031"
"13080.0";"2.540816"
"13090.0";"2.55338"
"13100.0";"2.516251"
"13110.0";"2.587599"
"13120.0";"2.570107"
"13130.0";"2.524513"
"13140.0";"2.574593"
"13150.0";"2.538154"
"13160.0";"2.507763"
"13170.0";"2.512892"
"13180.0";"2.496736"
"13190.0";"2.528925"
"13200.0";"2.548782"
"13210.0";"2.511106"
"13220.0";"2.52381"
"13230.0";"2.5041"
"13240.0";"2.529107"
"13250.0";"2.436596"
"13260.0";"2.449672"
"13270.0";"2.485828"
"13280.0";"2.513771"
"13290.0";"2.580315"
"13300.0";"2.584169"
"13310.0";"2.46005"
"13320.0";"2.562683"
"13330.0";"2.562558"
"13340.0";"2.554387"
"13350.0";"2.503777"
"13360.0";"2.552894"
"13370.0";"2.573735"
"13380.0";"2.5824"
"13390.0";"2.668189"
"13400.0";"2.620982"
"13410.0";"2.507179"
"13420.0";"2.566521"
"13430.0";"2.514206"
"13440.0";"2.487728"
"13450.0";"2.468284"
"13460.0";"2.524171"
"13470.0";"2.51066"
"13480.0";"2.519796"
"13490.0";"2.540811"
"13500.0";"2.49362"
"13510.0";"2.589597"
"13520.0";"2.564991"
"13530.0";"2.553894"
"13540.0";"2.47588"
"13550.0";"2.460354"
"13560.0";"2.501896"
"13570.0";"2.548136"
"13580.0";"2.529256"
"13590.0";"2.553227"
"13600.0";"2.550274"
"13610.0";"2.544666"
"13620.0";"2.614803"
"13630.0";"2.515984"
"13640.0";"2.53729"
"13650.0";"2.599272"
"13660.0";"2.551956"
"13670.0";"2.596187"
"13680.0";"2.549815"
"13690.0";"2.558408"
"13700.0";"2.528152"
"13710.0";"2.512716"
"13720.0";"2.515837"
"13730.0";"2.585487"
"13740.0";"2.496075"
"13750.0";"2.53414"
"13760.0";"2.565585"
"13770.0";"2.515753"
"13780.0";"2.653262"
"13790.0";"2.518515"
"13800.0";"2.549145"
"13810.0";"2.563161"
"13820.0";"2.52706"
"13830.0";"2.529352"
"13840.0";"2.650572"
"13850.0";"2.620432"
"13860.0";"2.549227"
"13870.0";"2.518001"
"13880.0";"2.540886"
"13890.0";"2.583627"
"13900.0";"2.536074"
"13910.0";"2.531229"
"13920.0";"2.641264"
"13930.0";"2.594833"
"13940.0";"2.517149"
"13950.0";"2.605595"
"13960.0";"2.656032"
"13970.0";"2.474937"
"13980.0";"2.450403"
"13990.0";"2.578842"
"14000.0";"2.599579"
"14010.0";"2.605868"
"14020.0";"2.542008"
"14030.0";"2.516847"
"14040.0";"2.426323"
"14050.0";"2.508052"
"14060.0";"2.543813"
"14070.0";"2.589371"
"14080.0";"2.560339"
"14090.0";"2.655231"
"14100.0";"2.575087"
"14110.0";"2.571594"
"14120.0";"2.510025"
"14130.0";"2.628456"
"14140.0";"2.618115"
"14150.0";"2.565461"
"14160.0";"2.611087"
"14170.0";"2.543581"
"14180.0";"2.654608"
"14190.0";"2.603052"
"14200.0";"2.524996"
"14210.0";"2.566958"
"14220.0";"2.519633"
"14230.0";"2.567021"
"14240.0";"2.475174"
"14250.0";"2.590824"
"14260.0";"2.571969"
"14270.0";"2.565331"
"14280.0";"2.559374"
"14290.0";"2.539753"
"14300.0";"2.597651"
"14310.0";"2.577391"
"14320.0";"2.554073"
"14330.0";"2.664177"
"14340.0";"2.611779"
"14350.0";"2.694344"
"14360.0";"2.64621"
"14370.0";"2.629398"
"14380.0";"2.564532"
"14390.0";"2.598682"
"14400.0";"2.6219"
"14410.0";"2.626522"
"14420.0";"2.638822"
"14430.0";"2.606463"
"14440.0";"2.637811"
"14450.0";"2.582485"
"14460.0";"2.678736"
"14470.0";"2.731281"
"14480.0";"2.646904"
"14490.0";"2.685819"
"14500.0";"2.636501"
"14510.0";"2.682572"
"14520.0";"2.753145"
"14530.0";"2.673944"
"14540.0";"2.676586"
"14550.0";"2.626945"
"14560.0";"2.715069"
"14570.0";"2.754414"
"14580.0";"2.740532"
"14590.0";"2.643342"
"14600.0";"2.691046"
"14610.0";"2.735129"
"14620.0";"2.681317"
"14630.0";"2.714233"
"14640.0";"2.633756"
"14650.0";"2.711651"
"14660.0";"2.728162"
"14670.0";"2.721816"
"14680.0";"2.719578"
"14690.0";"2.635761"
"14700.0";"2.668623"
"14710.0";"2.688061"
"14720.0";"2.712292"
"14730.0";"2.749009"
"14740.0";"2.765172"
"14750.0";"2.719534"
"14760.0";"2.679352"
"14770.0";"2.728194"
"14780.0";"2.705781"
"14790.0";"2.691535"
"14800.0";"2.684669"
"14810.0";"2.622697"
"14820.0";"2.681226"
"14830.0";"2.709025"
"14840.0";"2.620631"
"14850.0";"2.631421"
"14860.0";"2.679632"
"14870.0";"2.720954"
"14880.0";"2.73316"
"14890.0";"2.612245"
"14900.0";"2.670587"
"14910.0";"2.660124"
"14920.0";"2.707304"
"14930.0";"2.708554"
"14940.0";"2.65268"
"14950.0";"2.741833"
"14960.0";"2.700954"
"14970.0";"2.750379"
"14980.0";"2.690812"
"14990.0";"2.666442"
"15000.0";"2.715865"
"15010.0";"2.698811"
"15020.0";"2.696625"
"15030.0";"2.675677"
"15040.0";"2.758783"
"15050.0";"2.746048"
"15060.0";"2.709869"
"15070.0";"2.77339"
"15080.0";"2.702397"
"15090.0";"2.763663"
"15100.0";"2.597035"
"15110.0";"2.708349"
"15120.0";"2.616331"
"15130.0";"2.565742"
"15140.0";"2.535476"
"15150.0";"2.476954"
"15160.0";"2.52408"
"15170.0";"2.444619"
"15180.0";"2.43011"
"15190.0";"2.434831"
"15200.0";"2.398237"
"15210.0";"2.444262"
"15220.0";"2.429467"
"15230.0";"2.408339"
"15240.0";"2.386051"
"15250.0";"2.463104"
"15260.0";"2.373144"
"15270.0";"2.394229"
"15280.0";"2.321695"
"15290.0";"2.446313"
"15300.0";"2.37226"
"15310.0";"2.45165"
"15320.0";"2.497203"
"15330.0";"2.421394"
"15340.0";"2.426707"
"15350.0";"2.409982"
"15360.0";"2.404605"
"15370.0";"2.365139"
"15380.0";"2.355162"
"15390.0";"2.413485"
"15400.0";"2.363396"
"15410.0";"2.374264"
"15420.0";"2.428429"
"15430.0";"2.394065"
"15440.0";"2.383619"
"15450.0";"2.430672"
"15460.0";"2.42242"
"15470.0";"2.410878"
"15480.0";"2.486678"
"15490.0";"2.513829"
"15500.0";"2.510586"
"15510.0";"2.430104"
"15520.0";"2.399579"
"15530.0";"2.462354"
"15540.0";"2.438004"
"15550.0";"2.474022"
"15560.0";"2.481654"
"15570.0";"2.434316"
"15580.0";"2.445185"
"15590.0";"2.369261"
"15600.0";"2.331574"
"15610.0";"2.391625"
"15620.0";"2.459023"
"15630.0";"2.424001"
"15640.0";"2.394001"
"15650.0";"2.418682"
"15660.0";"2.388716"
"15670.0";"2.527246"
"15680.0";"2.349149"
"15690.0";"2.43912"
"15700.0";"2.420343"
"15710.0";"2.473395"
"15720.0";"2.418782"
"15730.0";"2.458945"
"15740.0";"2.399505"
"15750.0";"2.381642"
"15760.0";"2.456873"
"15770.0";"2.433401"
"15780.0";"2.352293"
"15790.0";"2.476455"
"15800.0";"2.385455"
"15810.0";"2.387458"
"15820.0";"2.369247"
"15830.0";"2.462975"
"15840.0";"2.367352"
"15850.0";"2.418375"
"15860.0";"2.411284"
"15870.0";"2.422076"
"15880.0";"2.431102"
"15890.0";"2.367214"
"15900.0";"2.421779"
"15910.0";"2.483419"
"15920.0";"2.396721"
"15930.0";"2.406646"
"15940.0";"2.386255"
"15950.0";"2.345909"
"15960.0";"2.404512"
"15970.0";"2.411944"
"15980.0";"2.389554"
"15990.0";"2.405345"
"16000.0";"2.336053"
"16010.0";"2.324558"
"16020.0";"2.389337"
"16030.0";"2.395638"
"16040.0";"2.351804"
"16050.0";"2.402786"
"16060.0";"2.298993"
"16070.0";"2.401906"
"16080.0";"2.424656"
"16090.0";"2.467066"
"16100.0";"2.493793"
"16110.0";"2.420203"
"16120.0";"2.406721"
"16130.0";"2.471034"
"16140.0";"2.431936"
"16150.0";"2.40759"
"16160.0";"2.385571"
"16170.0";"2.447033"
"16180.0";"2.409746"
"16190.0";"2.41143"
"16200.0";"2.422386"
"16210.0";"2.441131"
"16220.0";"2.361442"
"16230.0";"2.392258"
"16240.0";"2.386369"
"16250.0";"2.433356"
"16260.0";"2.383542"
"16270.0";"2.493132"
"16280.0";"2.389331"
"16290.0";"2.459049"
"16300.0";"2.419711"
"16310.0";"2.399806"
"16320.0";"2.47323"
"16330.0";"2.418627"
"16340.0";"2.419137"
"16350.0";"2.416179"
"16360.0";"2.410626"
"16370.0";"2.369106"
"16380.0";"2.40381"
"16390.0";"2.414011"
"16400.0";"2.425853"
"16410.0";"2.46084"
"16420.0";"2.407007"
"16430.0";"2.347203"
"16440.0";"2.385116"
"16450.0";"2.397088"
"16460.0";"2.390959"
"16470.0";"2.32323"
"16480.0";"2.411144"
"16490.0";"2.414633"
"16500.0";"2.416001"
"16510.0";"2.375791"
"16520.0";"2.390979"
"16530.0";"2.464924"
"16540.0";"2.405421"
"16550.0";"2.321125"
"16560.0";"2.437832"
"16570.0";"2.472284"
"16580.0";"2.34055"
"16590.0";"2.429341"
"16600.0";"2.400409"
"16610.0";"2.421265"
"16620.0";"2.460533"
"16630.0";"2.445586"
"16640.0";"2.430004"
"16650.0";"2.393986"
"16660.0";"2.380472"
"16670.0";"2.413379"
"16680.0";"2.390735"
"16690.0";"2.386592"
"16700.0";"2.413253"
"16710.0";"2.352825"
"16720.0";"2.42025"
"16730.0";"2.35771"
"16740.0";"2.360522"
"16750.0";"2.384177"
"16760.0";"2.435766"
"16770.0";"2.476929"
"16780.0";"2.453514"
"16790.0";"2.419023"
"16800.0";"2.394517"
"16810.0";"2.334948"
"16820.0";"2.42358"
"16830.0";"2.444942"
"16840.0";"2.39566"
"16850.0";"2.45429"
"16860.0";"2.415898"
"16870.0";"2.468298"
"16880.0";"2.47023"
"16890.0";"2.406826"
"16900.0";"2.48325"
"16910.0";"2.427686"
"16920.0";"2.522578"
"16930.0";"2.475024"
"16940.0";"2.48798"
"16950.0";"2.430972"
"16960.0";"2.439311"
"16970.0";"2.503757"
"16980.0";"2.374022"
"16990.0";"2.391463"
"17000.0";"2.336978"
"17010.0";"2.379135"
"17020.0";"2.390244"
"17030.0";"2.383709"
"17040.0";"2.417115"
"17050.0";"2.372751"
"17060.0";"2.371436"
"17070.0";"2.410143"
"17080.0";"2.35455"
"17090.0";"2.299686"
"17100.0";"2.385468"
"17110.0";"2.370418"
"17120.0";"2.42319"
"17130.0";"2.339052"
"17140.0";"2.348818"
"17150.0";"2.395804"
"17160.0";"2.381878"
"17170.0";"2.478678"
"17180.0";"2.495307"
"17190.0";"2.29866"
"17200.0";"2.416213"
"17210.0";"2.267461"
"17220.0";"2.303834"
"17230.0";"2.311842"
"17240.0";"2.337136"
"17250.0";"2.285394"
"17260.0";"2.386803"
"17270.0";"2.47492"
"17280.0";"2.312143"
"17290.0";"2.352876"
"17300.0";"2.328996"
"17310.0";"2.346938"
"17320.0";"2.332934"
"17330.0";"2.285132"
"17340.0";"2.33405"
"17350.0";"2.357144"
"17360.0";"2.323378"
"17370.0";"2.34397"
"17380.0";"2.383438"
"17390.0";"2.332044"
"17400.0";"2.28958"
"17410.0";"2.323714"
"17420.0";"2.276371"
"17430.0";"2.357061"
"17440.0";"2.368178"
"17450.0";"2.408947"
"17460.0";"2.356467"
"17470.0";"2.343426"
"17480.0";"2.420187"
"17490.0";"2.291969"
"17500.0";"2.252686"
"17510.0";"2.365551"
"17520.0";"2.346222"
"17530.0";"2.346701"
"17540.0";"2.369128"
"17550.0";"2.273247"
"17560.0";"2.324911"
"17570.0";"2.252557"
"17580.0";"2.30899"
"17590.0";"2.305497"
"17600.0";"2.266004"
"17610.0";"2.261225"
"17620.0";"2.3417"
"17630.0";"2.237878"
"17640.0";"2.273418"
"17650.0";"2.318642"
"17660.0";"2.351058"
"17670.0";"2.34281"
"17680.0";"2.36672"
"17690.0";"2.334331"
"17700.0";"2.400948"
"17710.0";"2.36788"
"17720.0";"2.347479"
"17730.0";"2.365251"
"17740.0";"2.355112"
"17750.0";"2.32352"
"17760.0";"2.412859"
"17770.0";"2.359491"
"17780.0";"2.393149"
"17790.0";"2.293191"
"17800.0";"2.337516"
"17810.0";"2.335317"
"17820.0";"2.336516"
"17830.0";"2.334166"
"17840.0";"2.340654"
"17850.0";"2.346858"
"17860.0";"2.322403"
"17870.0";"2.309092"
"17880.0";"2.338066"
"17890.0";"2.389475"
"17900.0";"2.341496"
"17910.0";"2.283255"
"17920.0";"2.36159"
"17930.0";"2.336025"
"17940.0";"2.294871"
"17950.0";"2.344637"
"17960.0";"2.3735"
"17970.0";"2.399827"
"17980.0";"2.333009"
"17990.0";"2.345107"
"18000.0";"2.240424"
"18010.0";"2.32961"
"18020.0";"2.323672"
"18030.0";"2.324669"
"18040.0";"2.337184"
"18050.0";"2.302201"
"18060.0";"2.380452"
"18070.0";"2.340527"
"18080.0";"2.310796"
"18090.0";"2.307546"
"18100.0";"2.281405"
"18110.0";"2.383498"
"18120.0";"2.354026"
"18130.0";"2.36973"
"18140.0";"2.274173"
"18150.0";"2.347369"
"18160.0";"2.357274"
"18170.0";"2.349468"
"18180.0";"2.323869"
"18190.0";"2.345783"
"18200.0";"2.382026"
"18210.0";"2.438771"
"18220.0";"2.431332"
"18230.0";"2.378328"
"18240.0";"2.38669"
"18250.0";"2.375041"
"18260.0";"2.398071"
"18270.0";"2.426068"
"18280.0";"2.364079"
"18290.0";"2.335372"
"18300.0";"2.347102"
"18310.0";"2.383382"
"18320.0";"2.354904"
"18330.0";"2.358508"
"18340.0";"2.378884"
"18350.0";"2.311975"
"18360.0";"2.343685"
"18370.0";"2.412982"
"18380.0";"2.314661"
"18390.0";"2.384686"
"18400.0";"2.434083"
"18410.0";"2.320339"
"18420.0";"2.342761"
"18430.0";"2.391312"
"18440.0";"2.406911"
"18450.0";"2.350526"
"18460.0";"2.303627"
"18470.0";"2.351041"
"18480.0";"2.353088"
"18490.0";"2.346388"
"18500.0";"2.401975"
"18510.0";"2.366414"
"18520.0";"2.370841"
"18530.0";"2.356707"
"18540.0";"2.335277"
"18550.0";"2.309273"
"18560.0";"2.300906"
"18570.0";"2.342931"
"18580.0";"2.310631"
"18590.0";"2.272072"
"18600.0";"2.323451"
"18610.0";"2.365284"
"18620.0";"2.383955"
"18630.0";"2.384327"
"18640.0";"2.404716"
"18650.0";"2.29529"
"18660.0";"2.337668"
"18670.0";"2.351934"
"18680.0";"2.290194"
"18690.0";"2.351991"
"18700.0";"2.338078"
"18710.0";"2.404158"
"18720.0";"2.332767"
"18730.0";"2.3993"
"18740.0";"2.419715"
"18750.0";"2.307626"
"18760.0";"2.420575"
"18770.0";"2.355001"
"18780.0";"2.419178"
"18790.0";"2.331308"
"18800.0";"2.420571"
"18810.0";"2.304158"
"18820.0";"2.395872"
"18830.0";"2.403503"
"18840.0";"2.331632"
"18850.0";"2.308261"
"18860.0";"2.336569"
"18870.0";"2.412618"
"18880.0";"2.410917"
"18890.0";"2.396873"
"18900.0";"2.466241"
"18910.0";"2.37746"
"18920.0";"2.385664"
"18930.0";"2.321993"
"18940.0";"2.410791"
"18950.0";"2.369103"
"18960.0";"2.356759"
"18970.0";"2.360924"
"18980.0";"2.314688"
"18990.0";"2.392878"
"19000.0";"2.38465"
"19010.0";"2.338839"
"19020.0";"2.39626"
"19030.0";"2.362989"
"19040.0";"2.340594"
"19050.0";"2.370053"
"19060.0";"2.306677"
"19070.0";"2.365502"
"19080.0";"2.375352"
"19090.0";"2.429415"
"19100.0";"2.453075"
"19110.0";"2.421843"
"19120.0";"2.400904"
"19130.0";"2.460014"
"19140.0";"2.425352"
"19150.0";"2.430721"
"19160.0";"2.466686"
"19170.0";"2.451155"
"19180.0";"2.404299"
"19190.0";"2.465014"
"19200.0";"2.444068"
"19210.0";"2.443024"
"19220.0";"2.461041"
"19230.0";"2.380172"
"19240.0";"2.315485"
"19250.0";"2.37949"
"19260.0";"2.402212"
"19270.0";"2.336214"
"19280.0";"2.350231"
"19290.0";"2.411167"
"19300.0";"2.416316"
"19310.0";"2.388222"
"19320.0";"2.414524"
"19330.0";"2.362338"
"19340.0";"2.424093"
"19350.0";"2.360342"
"19360.0";"2.397105"
"19370.0";"2.397189"
"19380.0";"2.354444"
"19390.0";"2.354299"
"19400.0";"2.339118"
"19410.0";"2.369562"
"19420.0";"2.393809"
"19430.0";"2.323637"
"19440.0";"2.449116"
"19450.0";"2.349849"
"19460.0";"2.355434"
"19470.0";"2.38748"
"19480.0";"2.35979"
"19490.0";"2.355676"
"19500.0";"2.453085"
"19510.0";"2.462404"
"19520.0";"2.402218"
"19530.0";"2.461025"
"19540.0";"2.405684"
"19550.0";"2.450824"
"19560.0";"2.436236"
"19570.0";"2.4864"
"19580.0";"2.379534"
"19590.0";"2.515879"
"19600.0";"2.441991"
"19610.0";"2.369915"
"19620.0";"2.351557"
"19630.0";"2.324533"
"19640.0";"2.345897"
"19650.0";"2.423804"
"19660.0";"2.376314"
"19670.0";"2.361386"
"19680.0";"2.32306"
"19690.0";"2.393385"
"19700.0";"2.366694"
"19710.0";"2.383066"
"19720.0";"2.362397"
"19730.0";"2.350117"
"19740.0";"2.318297"
"19750.0";"2.305081"
"19760.0";"2.288372"
"19770.0";"2.23122"
"19780.0";"2.363182"
"19790.0";"2.350478"
"19800.0";"2.333568"
"19810.0";"2.361857"
"19820.0";"2.38823"
"19830.0";"2.351661"
"19840.0";"2.356997"
"19850.0";"2.318601"
"19860.0";"2.413605"
"19870.0";"2.391958"
"19880.0";"2.349341"
"19890.0";"2.437486"
"19900.0";"2.341426"
"19910.0";"2.325562"
"19920.0";"2.273474"
"19930.0";"2.413708"
"19940.0";"2.278223"
"19950.0";"2.343597"
"19960.0";"2.307502"
"19970.0";"2.37052"
"19980.0";"2.310145"
"19990.0";"2.289265"
"20000.0";"2.33793"
"20010.0";"2.335473"
"20020.0";"2.358285"
"20030.0";"2.38829"
"20040.0";"2.321609"
"20050.0";"2.335927"
"20060.0";"2.311774"
"20070.0";"2.304747"
"20080.0";"2.368635"
"20090.0";"2.332307"
"20100.0";"2.365471"
"20110.0";"2.3232"
"20120.0";"2.372322"
"20130.0";"2.311997"
"20140.0";"2.331429"
"20150.0";"2.339168"
"20160.0";"2.35938"
"20170.0";"2.318028"
"20180.0";"2.34127"
"20190.0";"2.317162"
"20200.0";"2.315493"
"20210.0";"2.342443"
"20220.0";"2.365978"
"20230.0";"2.357898"
"20240.0";"2.370775"
"20250.0";"2.314099"
"20260.0";"2.363378"
"20270.0";"2.308351"
"20280.0";"2.422489"
"20290.0";"2.432992"
"20300.0";"2.394532"
"20310.0";"2.374816"
"20320.0";"2.422436"
"20330.0";"2.344468"
"20340.0";"2.311827"
"20350.0";"2.369775"
"20360.0";"2.422061"
"20370.0";"2.423172"
"20380.0";"2.35278"
"20390.0";"2.339668"
"20400.0";"2.370673"
"20410.0";"2.311273"
"20420.0";"2.310898"
"20430.0";"2.366655"
"20440.0";"2.334631"
"20450.0";"2.399538"
"20460.0";"2.394311"
"20470.0";"2.3053"
"20480.0";"2.356879"
"20490.0";"2.324646"
"20500.0";"2.326834"
"20510.0";"2.345494"
"20520.0";"2.363249"
"20530.0";"2.324242"
"20540.0";"2.263714"
"20550.0";"2.352083"
"20560.0";"2.32418"
"20570.0";"2.269749"
"20580.0";"2.282689"
"20590.0";"2.355833"
"20600.0";"2.340525"
"20610.0";"2.348992"
"20620.0";"2.326198"
"20630.0";"2.318581"
"20640.0";"2.344107"
"20650.0";"2.336108"
"20660.0";"2.378536"
"20670.0";"2.366762"
"20680.0";"2.363439"
"20690.0";"2.329106"
"20700.0";"2.290639"
"20710.0";"2.374744"
"20720.0";"2.327824"
"20730.0";"2.356722"
"20740.0";"2.357785"
"20750.0";"2.34763"
"20760.0";"2.347067"
"20770.0";"2.366046"
"20780.0";"2.326299"
"20790.0";"2.328229"
"20800.0";"2.287082"
"20810.0";"2.360678"
"20820.0";"2.356276"
"20830.0";"2.365315"
"20840.0";"2.383879"
"20850.0";"2.331254"
"20860.0";"2.359243"
"20870.0";"2.315655"
"20880.0";"2.297251"
"20890.0";"2.370205"
"20900.0";"2.345759"
"20910.0";"2.386379"
"20920.0";"2.403258"
"20930.0";"2.308424"
"20940.0";"2.354167"
"20950.0";"2.348248"
"20960.0";"2.399469"
"20970.0";"2.431508"
"20980.0";"2.383995"
"20990.0";"2.344478"
"21000.0";"2.322328"
"21010.0";"2.361642"
"21020.0";"2.374829"
"21030.0";"2.377813"
"21040.0";"2.389896"
"21050.0";"2.341096"
"21060.0";"2.317026"
"21070.0";"2.360933"
"21080.0";"2.41013"
"21090.0";"2.30657"
"21100.0";"2.361177"
"21110.0";"2.413925"
"21120.0";"2.380718"
"21130.0";"2.269069"
"21140.0";"2.285361"
"21150.0";"2.371032"
"21160.0";"2.334265"
"21170.0";"2.305938"
"21180.0";"2.236572"
"21190.0";"2.397619"
"21200.0";"2.389601"
"21210.0";"2.356336"
"21220.0";"2.332438"
"21230.0";"2.327934"
"21240.0";"2.286489"
"21250.0";"2.330443"
"21260.0";"2.339988"
"21270.0";"2.358554"
"21280.0";"2.392767"
"21290.0";"2.419509"
"21300.0";"2.330348"
"21310.0";"2.381875"
"21320.0";"2.427465"
"21330.0";"2.385562"
"21340.0";"2.269081"
"21350.0";"2.302535"
"21360.0";"2.398194"
"21370.0";"2.383222"
"21380.0";"2.403325"
"21390.0";"2.40866"
"21400.0";"2.29105"
"21410.0";"2.33641"
"21420.0";"2.316324"
"21430.0";"2.334634"
"21440.0";"2.289062"
"21450.0";"2.370086"
"21460.0";"2.298558"
"21470.0";"2.241827"
"21480.0";"2.309513"
"21490.0";"2.274377"
"21500.0";"2.357326"
"21510.0";"2.331881"
"21520.0";"2.321332"
"21530.0";"2.290935"
"21540.0";"2.321411"
"21550.0";"2.345802"
"21560.0";"2.330266"
"21570.0";"2.297493"
"21580.0";"2.393146"
"21590.0";"2.289387"
"21600.0";"2.381407"
"21610.0";"2.334323"
"21620.0";"2.288204"
"21630.0";"2.342695"
"21640.0";"2.30726"
"21650.0";"2.259273"
"21660.0";"2.325341"
"21670.0";"2.354059"
"21680.0";"2.379605"
"21690.0";"2.365052"
"21700.0";"2.347264"
"21710.0";"2.314281"
"21720.0";"2.328969"
"21730.0";"2.354122"
"21740.0";"2.383345"
"21750.0";"2.348151"
"21760.0";"2.301462"
"21770.0";"2.390191"
"21780.0";"2.362065"
"21790.0";"2.312457"
"21800.0";"2.329457"
"21810.0";"2.343634"
"21820.0";"2.374519"
"21830.0";"2.32549"
"21840.0";"2.439108"
"21850.0";"2.474495"
"21860.0";"2.423055"
"21870.0";"2.359636"
"21880.0";"2.320544"
"21890.0";"2.378905"
"21900.0";"2.352715"
"21910.0";"2.273747"
"21920.0";"2.389488"
"21930.0";"2.333666"
"21940.0";"2.297429"
"21950.0";"2.388304"
"21960.0";"2.342841"
"21970.0";"2.370988"
"21980.0";"2.335169"
"21990.0";"2.420701"
"22000.0";"2.360373"
"22010.0";"2.323997"
"22020.0";"2.292446"
"22030.0";"2.328479"
"22040.0";"2.341029"
"22050.0";"2.287823"
"22060.0";"2.295088"
"22070.0";"2.268889"
"22080.0";"2.199876"
"22090.0";"2.3191"
"22100.0";"2.305557"
"22110.0";"2.33598"
"22120.0";"2.296975"
"22130.0";"2.35915"
"22140.0";"2.310206"
"22150.0";"2.332064"
"22160.0";"2.345362"
"22170.0";"2.315932"
"22180.0";"2.241097"
"22190.0";"2.300875"
"22200.0";"2.360349"
"22210.0";"2.310093"
"22220.0";"2.319834"
"22230.0";"2.320875"
"22240.0";"2.287518"
"22250.0";"2.336745"
"22260.0";"2.304449"
"22270.0";"2.308429"
"22280.0";"2.30289"
"22290.0";"2.337516"
"22300.0";"2.337612"
"22310.0";"2.327448"
"22320.0";"2.371274"
"22330.0";"2.360556"
"22340.0";"2.355047"
"22350.0";"2.359876"
"22360.0";"2.413422"
"22370.0";"2.365539"
"22380.0";"2.320982"
"22390.0";"2.306246"
"22400.0";"2.290139"
"22410.0";"2.341554"
"22420.0";"2.284436"
"22430.0";"2.347224"
"22440.0";"2.375875"
"22450.0";"2.283999"
"22460.0";"2.291774"
"22470.0";"2.314011"
"22480.0";"2.319599"
"22490.0";"2.326163"
"22500.0";"2.34469"
"22510.0";"2.28249"
"22520.0";"2.351115"
"22530.0";"2.401416"
"22540.0";"2.386814"
"22550.0";"2.37693"
"22560.0";"2.348178"
"22570.0";"2.297635"
"22580.0";"2.385216"
"22590.0";"2.33304"
"22600.0";"2.323462"
"22610.0";"2.364894"
"22620.0";"2.340859"
"22630.0";"2.382418"
"22640.0";"2.390439"
"22650.0";"2.338203"
"22660.0";"2.301564"
"22670.0";"2.415979"
"22680.0";"2.386056"
"22690.0";"2.342358"
"22700.0";"2.358961"
"22710.0";"2.368844"
"22720.0";"2.372505"
"22730.0";"2.349955"
"22740.0";"2.393657"
"22750.0";"2.337649"
"22760.0";"2.399295"
"22770.0";"2.339904"
"22780.0";"2.358747"
"22790.0";"2.254165"
"22800.0";"2.336554"
"22810.0";"2.359962"
"22820.0";"2.344958"
"22830.0";"2.336242"
"22840.0";"2.294435"
"22850.0";"2.32015"
"22860.0";"2.297769"
"22870.0";"2.331601"
"22880.0";"2.279955"
"22890.0";"2.335045"
"22900.0";"2.397985"
"22910.0";"2.365656"
"22920.0";"2.3246"
"22930.0";"2.280309"
"22940.0";"2.331388"
"22950.0";"2.314223"
"22960.0";"2.330809"
"22970.0";"2.298343"
"22980.0";"2.355675"
"22990.0";"2.33154"
"23000.0";"2.331535"
"23010.0";"2.321276"
"23020.0";"2.397555"
"23030.0";"2.397275"
"23040.0";"2.307803"
"23050.0";"2.324845"
"23060.0";"2.404676"
"23070.0";"2.335442"
"23080.0";"2.384574"
"23090.0";"2.385815"
"23100.0";"2.351087"
"23110.0";"2.307307"
"23120.0";"2.357357"
"23130.0";"2.317719"
"23140.0";"2.383091"
"23150.0";"2.381745"
"23160.0";"2.317797"
"23170.0";"2.287123"
"23180.0";"2.351491"
"23190.0";"2.4139"
"23200.0";"2.350845"
"23210.0";"2.370095"
"23220.0";"2.335129"
"23230.0";"2.355391"
"23240.0";"2.329435"
"23250.0";"2.342984"
"23260.0";"2.344905"
"23270.0";"2.361427"
"23280.0";"2.318011"
"23290.0";"2.373563"
"23300.0";"2.297093"
"23310.0";"2.434193"
"23320.0";"2.33429"
"23330.0";"2.357134"
"23340.0";"2.329856"
"23350.0";"2.302973"
"23360.0";"2.366727"
"23370.0";"2.376212"
"23380.0";"2.352183"
"23390.0";"2.313163"
"23400.0";"2.372331"
"23410.0";"2.314156"
"23420.0";"2.360915"
"23430.0";"2.338757"
"23440.0";"2.341793"
"23450.0";"2.336988"
"23460.0";"2.323684"
"23470.0";"2.372663"
"23480.0";"2.343252"
"23490.0";"2.362591"
"23500.0";"2.267295"
"23510.0";"2.344634"
"23520.0";"2.328514"
"23530.0";"2.311455"
"23540.0";"2.321754"
"23550.0";"2.298724"
"23560.0";"2.323924"
"23570.0";"2.364052"
"23580.0";"2.375247"
"23590.0";"2.345415"
"23600.0";"2.336762"
"23610.0";"2.306559"
"23620.0";"2.35594"
"23630.0";"2.359461"
"23640.0";"2.307819"
"23650.0";"2.328034"
"23660.0";"2.351967"
"23670.0";"2.323617"
"23680.0";"2.371761"
"23690.0";"2.409802"
"23700.0";"2.364604"
"23710.0";"2.387226"
"23720.0";"2.30667"
"23730.0";"2.369591"
"23740.0";"2.385528"
"23750.0";"2.403366"
"23760.0";"2.424825"
"23770.0";"2.462599"
"23780.0";"2.365936"
"23790.0";"2.37065"
"23800.0";"2.277741"
"23810.0";"2.266595"
"23820.0";"2.340428"
"23830.0";"2.402102"
"23840.0";"2.338776"
"23850.0";"2.360092"
"23860.0";"2.379434"
"23870.0";"2.346347"
"23880.0";"2.390257"
"23890.0";"2.348265"
"23900.0";"2.360648"
"23910.0";"2.338496"
"23920.0";"2.282909"
"23930.0";"2.385447"
"23940.0";"2.402886"
"23950.0";"2.345108"
"23960.0";"2.309301"
"23970.0";"2.285302"
"23980.0";"2.346872"
"23990.0";"2.368284"
"24000.0";"2.336216"
"24010.0";"2.346946"
"24020.0";"2.342472"
"24030.0";"2.304941"
"24040.0";"2.297339"
"24050.0";"2.324703"
"24060.0";"2.346275"
"24070.0";"2.282074"
"24080.0";"2.369903"
"24090.0";"2.363895"
"24100.0";"2.368052"
"24110.0";"2.339286"
"24120.0";"2.321815"
"24130.0";"2.389583"
"24140.0";"2.33432"
"24150.0";"2.346216"
"24160.0";"2.563909"
"24170.0";"2.419852"
"24180.0";"2.367233"
"24190.0";"2.396945"
"24200.0";"2.388386"
"24210.0";"2.38269"
"24220.0";"2.434362"
"24230.0";"2.37631"
"24240.0";"2.432271"
"24250.0";"2.513736"
"24260.0";"2.491458"
"24270.0";"2.412771"
"24280.0";"2.479793"
"24290.0";"2.515977"
"24300.0";"2.347361"
"24310.0";"2.403207"
"24320.0";"2.359505"
"24330.0";"2.33797"
"24340.0";"2.354671"
"24350.0";"2.475734"
"24360.0";"2.351043"
"24370.0";"2.450049"
"24380.0";"2.358016"
"24390.0";"2.394239"
"24400.0";"2.33402"
"24410.0";"2.390433"
"24420.0";"2.361203"
"24430.0";"2.309687"
"24440.0";"2.361088"
"24450.0";"2.327951"
"24460.0";"2.333484"
"24470.0";"2.30164"
"24480.0";"2.332232"
"24490.0";"2.321458"
"24500.0";"2.297669"
"24510.0";"2.309269"
"24520.0";"2.34931"
"24530.0";"2.225849"
"24540.0";"2.356502"
"24550.0";"2.352627"
"24560.0";"2.371266"
"24570.0";"2.347653"
"24580.0";"2.294547"
"24590.0";"2.317079"
"24600.0";"2.283911"
"24610.0";"2.26311"
"24620.0";"2.343195"
"24630.0";"2.386036"
"24640.0";"2.332268"
"24650.0";"2.352458"
"24660.0";"2.376181"
"24670.0";"2.327643"
"24680.0";"2.315573"
"24690.0";"2.314077"
"24700.0";"2.370019"
"24710.0";"2.374034"
"24720.0";"2.388938"
"24730.0";"2.402715"
"24740.0";"2.306146"
"24750.0";"2.314598"
"24760.0";"2.256928"
"24770.0";"2.299612"
"24780.0";"2.365281"
"24790.0";"2.358044"
"24800.0";"2.412971"
"24810.0";"2.396697"
"24820.0";"2.358338"
"24830.0";"2.368785"
"24840.0";"2.366527"
"24850.0";"2.367962"
"24860.0";"2.284542"
"24870.0";"2.376332"
"24880.0";"2.423077"
"24890.0";"2.343501"
"24900.0";"2.315148"
"24910.0";"2.344995"
"24920.0";"2.341408"
"24930.0";"2.371499"
"24940.0";"2.379212"
"24950.0";"2.324356"
"24960.0";"2.349429"
"24970.0";"2.323153"
"24980.0";"2.375457"
"24990.0";"2.324645"
"25000.0";"2.33577"
"25010.0";"2.376264"
"25020.0";"2.32595"
"25030.0";"2.329278"
"25040.0";"2.372775"
"25050.0";"2.308474"
"25060.0";"2.319609"
"25070.0";"2.331847"
"25080.0";"2.3716"
"25090.0";"2.368941"
"25100.0";"2.344936"
"25110.0";"2.352714"
"25120.0";"2.283123"
"25130.0";"2.317775"
"25140.0";"2.308898"
"25150.0";"2.42198"
"25160.0";"2.400083"
"25170.0";"2.343089"
"25180.0";"2.395416"
"25190.0";"2.180987"
"25200.0";"2.343802"
"25210.0";"2.311537"
"25220.0";"2.260046"
"25230.0";"2.350144"
"25240.0";"2.391063"
"25250.0";"2.361343"
"25260.0";"2.386259"
"25270.0";"2.304273"
"25280.0";"2.363011"
"25290.0";"2.416901"
"25300.0";"2.295143"
"25310.0";"2.327934"
"25320.0";"2.34451"
"25330.0";"2.321098"
"25340.0";"2.373799"
"25350.0";"2.299673"
"25360.0";"2.37314"
"25370.0";"2.403084"
"25380.0";"2.39212"
"25390.0";"2.37961"
"25400.0";"2.275829"
"25410.0";"2.368052"
"25420.0";"2.355163"
"25430.0";"2.359795"
"25440.0";"2.430408"
"25450.0";"2.42697"
"25460.0";"2.383106"
"25470.0";"2.382583"
"25480.0";"2.319964"
"25490.0";"2.419678"
"25500.0";"2.373786"
"25510.0";"2.354893"
"25520.0";"2.379749"
"25530.0";"2.422359"
"25540.0";"2.345162"
"25550.0";"2.33568"
"25560.0";"2.311969"
"25570.0";"2.302701"
"25580.0";"2.352652"
"25590.0";"2.325867"
"25600.0";"2.354916"
"25610.0";"2.383806"
"25620.0";"2.339802"
"25630.0";"2.373929"
"25640.0";"2.355634"
"25650.0";"2.299491"
"25660.0";"2.291935"
"25670.0";"2.371644"
"25680.0";"2.376432"
"25690.0";"2.343183"
"25700.0";"2.318551"
"25710.0";"2.364268"
"25720.0";"2.431843"
"25730.0";"2.363573"
"25740.0";"2.343429"
"25750.0";"2.351541"
"25760.0";"2.355603"
"25770.0";"2.303451"
"25780.0";"2.376117"
"25790.0";"2.336201"
"25800.0";"2.30916"
"25810.0";"2.294258"
"25820.0";"2.332224"
"25830.0";"2.366128"
"25840.0";"2.375529"
"25850.0";"2.282203"
"25860.0";"2.35936"
"25870.0";"2.293369"
"25880.0";"2.357301"
"25890.0";"2.265262"
"25900.0";"2.373516"
"25910.0";"2.444156"
"25920.0";"2.307031"
"25930.0";"2.369393"
"25940.0";"2.316243"
"25950.0";"2.331304"
"25960.0";"2.322037"
"25970.0";"2.320682"
"25980.0";"2.233657"
"25990.0";"2.280604"
"26000.0";"2.260741"
"26010.0";"2.278212"
"26020.0";"2.328926"
"26030.0";"2.292457"
"26040.0";"2.326377"
"26050.0";"2.378843"
"26060.0";"2.286646"
"26070.0";"2.408812"
"26080.0";"2.368642"
"26090.0";"2.409828"
"26100.0";"2.339454"
"26110.0";"2.32626"
"26120.0";"2.329014"
"26130.0";"2.406883"
"26140.0";"2.345165"
"26150.0";"2.425903"
"26160.0";"2.369892"
"26170.0";"2.36245"
"26180.0";"2.237022"
"26190.0";"2.319382"
"26200.0";"2.349756"
"26210.0";"2.307881"
"26220.0";"2.283234"
"26230.0";"2.275016"
"26240.0";"2.28877"
"26250.0";"2.328635"
"26260.0";"2.370552"
"26270.0";"2.345339"
"26280.0";"2.378045"
"26290.0";"2.334928"
"26300.0";"2.374429"
"26310.0";"2.34401"
"26320.0";"2.349735"
"26330.0";"2.428092"
"26340.0";"2.344642"
"26350.0";"2.368425"
"26360.0";"2.294228"
"26370.0";"2.367832"
"26380.0";"2.290758"
"26390.0";"2.33486"
"26400.0";"2.319476"
"26410.0";"2.353373"
"26420.0";"2.344274"
"26430.0";"2.343097"
"26440.0";"2.342146"
"26450.0";"2.366109"
"26460.0";"2.383044"
"26470.0";"2.398643"
"26480.0";"2.42532"
"26490.0";"2.390818"
"26500.0";"2.40145"
"26510.0";"2.428071"
"26520.0";"2.38013"
"26530.0";"2.365403"
"26540.0";"2.407379"
"26550.0";"2.348513"
"26560.0";"2.305379"
"26570.0";"2.307485"
"26580.0";"2.361603"
"26590.0";"2.349624"
"26600.0";"2.352286"
"26610.0";"2.381491"
"26620.0";"2.404978"
"26630.0";"2.415998"
"26640.0";"2.386151"
"26650.0";"2.519271"
"26660.0";"2.369224"
"26670.0";"2.361384"
"26680.0";"2.334132"
"26690.0";"2.345177"
"26700.0";"2.331824"
"26710.0";"2.316881"
"26720.0";"2.341879"
"26730.0";"2.403472"
"26740.0";"2.37714"
"26750.0";"2.33991"
"26760.0";"2.356378"
"26770.0";"2.331629"
"26780.0";"2.360976"
"26790.0";"2.36314"
"26800.0";"2.3777"
"26810.0";"2.305389"
"26820.0";"2.292147"
"26830.0";"2.337224"
"26840.0";"2.31622"
"26850.0";"2.386048"
"26860.0";"2.299202"
"26870.0";"2.364943"
"26880.0";"2.313772"
"26890.0";"2.374976"
"26900.0";"2.315297"
"26910.0";"2.360681"
"26920.0";"2.343791"
"26930.0";"2.353252"
"26940.0";"2.364607"
"26950.0";"2.318515"
"26960.0";"2.332174"
"26970.0";"2.415047"
"26980.0";"2.391245"
"26990.0";"2.294636"
"27000.0";"2.246696"
"27010.0";"2.338206"
"27020.0";"2.382215"
"27030.0";"2.288794"
"27040.0";"2.264937"
"27050.0";"2.372258"
"27060.0";"2.309471"
"27070.0";"2.303221"
"27080.0";"2.400342"
"27090.0";"2.370449"
"27100.0";"2.287512"
"27110.0";"2.364663"
"27120.0";"2.347644"
"27130.0";"2.364856"
"27140.0";"2.359073"
"27150.0";"2.35632"
"27160.0";"2.323861"
"27170.0";"2.374116"
"27180.0";"2.3706"
"27190.0";"2.372583"
"27200.0";"2.361735"
"27210.0";"2.348123"
"27220.0";"2.391649"
"27230.0";"2.376196"
"27240.0";"2.350721"
"27250.0";"2.359096"
"27260.0";"2.329215"
"27270.0";"2.396591"
"27280.0";"2.262514"
"27290.0";"2.266107"
"27300.0";"2.36536"
"27310.0";"2.36254"
"27320.0";"2.298104"
"27330.0";"2.290486"
"27340.0";"2.299644"
"27350.0";"2.339648"
"27360.0";"2.324477"
"27370.0";"2.394256"
"27380.0";"2.356586"
"27390.0";"2.331901"
"27400.0";"2.304862"
"27410.0";"2.30956"
"27420.0";"2.336508"
"27430.0";"2.36701"
"27440.0";"2.276172"
"27450.0";"2.424299"
"27460.0";"2.345255"
"27470.0";"2.308662"
"27480.0";"2.342614"
"27490.0";"2.309061"
"27500.0";"2.345752"
"27510.0";"2.402255"
"27520.0";"2.370232"
"27530.0";"2.382478"
"27540.0";"2.364613"
"27550.0";"2.373422"
"27560.0";"2.373242"
"27570.0";"2.324407"
"27580.0";"2.367809"
"27590.0";"2.323128"
"27600.0";"2.28063"
"27610.0";"2.370736"
"27620.0";"2.388221"
"27630.0";"2.302831"
"27640.0";"2.33463"
"27650.0";"2.386431"
"27660.0";"2.328424"
"27670.0";"2.292387"
"27680.0";"2.354687"
"27690.0";"2.327441"
"27700.0";"2.335099"
"27710.0";"2.356556"
"27720.0";"2.337459"
"27730.0";"2.33814"
"27740.0";"2.333602"
"27750.0";"2.391987"
"27760.0";"2.345968"
"27770.0";"2.336933"
"27780.0";"2.323899"
"27790.0";"2.332774"
"27800.0";"2.327861"
"27810.0";"2.357067"
"27820.0";"2.381511"
"27830.0";"2.355565"
"27840.0";"2.360757"
"27850.0";"2.402466"
"27860.0";"2.357039"
"27870.0";"2.390284"
"27880.0";"2.391605"
"27890.0";"2.38009"
"27900.0";"2.338681"
"27910.0";"2.37303"
"27920.0";"2.369408"
"27930.0";"2.316764"
"27940.0";"2.348722"
"27950.0";"2.387485"
"27960.0";"2.341304"
"27970.0";"2.416624"
"27980.0";"2.364175"
"27990.0";"2.389898"
"28000.0";"2.342996"
"28010.0";"2.320076"
"28020.0";"2.403169"
"28030.0";"2.292528"
"28040.0";"2.342375"
"28050.0";"2.404388"
"28060.0";"2.426971"
"28070.0";"2.333593"
"28080.0";"2.372118"
"28090.0";"2.343053"
"28100.0";"2.282618"
"28110.0";"2.364975"
"28120.0";"2.356468"
"28130.0";"2.278476"
"28140.0";"2.358698"
"28150.0";"2.330745"
"28160.0";"2.326862"
"28170.0";"2.260023"
"28180.0";"2.304376"
"28190.0";"2.313323"
"28200.0";"2.326603"
"28210.0";"2.281942"
"28220.0";"2.352776"
"28230.0";"2.256171"
"28240.0";"2.341719"
"28250.0";"2.320447"
"28260.0";"2.281451"
"28270.0";"2.320746"
"28280.0";"2.307163"
"28290.0";"2.280273"
"28300.0";"2.292263"
"28310.0";"2.308068"
"28320.0";"2.373464"
"28330.0";"2.293511"
"28340.0";"2.260548"
"28350.0";"2.302198"
"28360.0";"2.387438"
"28370.0";"2.28611"
"28380.0";"2.36787"
"28390.0";"2.308897"
"28400.0";"2.274758"
"28410.0";"2.393438"
"28420.0";"2.364799"
"28430.0";"2.290317"
"28440.0";"2.418645"
"28450.0";"2.396293"
"28460.0";"2.383198"
"28470.0";"2.366791"
"28480.0";"2.352036"
"28490.0";"2.345031"
"28500.0";"2.402776"
"28510.0";"2.321707"
"28520.0";"2.372827"
"28530.0";"2.363033"
"28540.0";"2.366007"
"28550.0";"2.337117"
"28560.0";"2.312532"
"28570.0";"2.395094"
"28580.0";"2.445494"
"28590.0";"2.367536"
"28600.0";"2.321889"
"28610.0";"2.348755"
"28620.0";"2.376169"
"28630.0";"2.300578"
"28640.0";"2.406035"
"28650.0";"2.440899"
"28660.0";"2.476592"
"28670.0";"2.387044"
"28680.0";"2.386937"
"28690.0";"2.39071"
"28700.0";"2.39431"
"28710.0";"2.345807"
"28720.0";"2.355778"
"28730.0";"2.361264"
"28740.0";"2.335129"
"28750.0";"2.475377"
"28760.0";"2.384692"
"28770.0";"2.350322"
"28780.0";"2.327655"
"28790.0";"2.363495"
"28800.0";"2.36995"
"28810.0";"2.44005"
"28820.0";"2.406152"
"28830.0";"2.365739"
"28840.0";"2.29102"
"28850.0";"2.229316"
"28860.0";"2.300482"
"28870.0";"2.353913"
"28880.0";"2.329449"
"28890.0";"2.332259"
"28900.0";"2.369242"
"28910.0";"2.347683"
"28920.0";"2.289023"
"28930.0";"2.244435"
"28940.0";"2.360008"
"28950.0";"2.355782"
"28960.0";"2.376766"
"28970.0";"2.338505"
"28980.0";"2.327923"
"28990.0";"2.38009"
"29000.0";"2.338114"
"29010.0";"2.33952"
"29020.0";"2.315623"
"29030.0";"2.354797"
"29040.0";"2.343819"
"29050.0";"2.31902"
"29060.0";"2.398082"
"29070.0";"2.322439"
"29080.0";"2.333877"
"29090.0";"2.358222"
"29100.0";"2.384672"
"29110.0";"2.365487"
"29120.0";"2.334043"
"29130.0";"2.396783"
"29140.0";"2.413501"
"29150.0";"2.448543"
"29160.0";"2.439483"
"29170.0";"2.354316"
"29180.0";"2.339765"
"29190.0";"2.397451"
"29200.0";"2.333141"
"29210.0";"2.340123"
"29220.0";"2.338726"
"29230.0";"2.378701"
"29240.0";"2.355295"
"29250.0";"2.342345"
"29260.0";"2.364959"
"29270.0";"2.413994"
"29280.0";"2.412704"
"29290.0";"2.433396"
"29300.0";"2.42411"
"29310.0";"2.374493"
"29320.0";"2.390466"
"29330.0";"2.289958"
"29340.0";"2.340624"
"29350.0";"2.357275"
"29360.0";"2.360831"
"29370.0";"2.386659"
"29380.0";"2.410274"
"29390.0";"2.373046"
"29400.0";"2.391809"
"29410.0";"2.422579"
"29420.0";"2.395478"
"29430.0";"2.310396"
"29440.0";"2.405602"
"29450.0";"2.356615"
"29460.0";"2.392203"
"29470.0";"2.376536"
"29480.0";"2.377117"
"29490.0";"2.405728"
"29500.0";"2.4101"
"29510.0";"2.381212"
"29520.0";"2.362645"
"29530.0";"2.311601"
"29540.0";"2.294905"
"29550.0";"2.412576"
"29560.0";"2.350232"
"29570.0";"2.427584"
"29580.0";"2.349592"
"29590.0";"2.308825"
"29600.0";"2.338195"
"29610.0";"2.290218"
"29620.0";"2.33027"
"29630.0";"2.307243"
"29640.0";"2.382363"
"29650.0";"2.324647"
"29660.0";"2.368455"
"29670.0";"2.316535"
"29680.0";"2.329996"
"29690.0";"2.341828"
"29700.0";"2.343999"
"29710.0";"2.294353"
"29720.0";"2.361515"
"29730.0";"2.299333"
"29740.0";"2.330515"
"29750.0";"2.412255"
"29760.0";"2.392237"
"29770.0";"2.348289"
"29780.0";"2.364025"
"29790.0";"2.298014"
"29800.0";"2.330759"
"29810.0";"2.364992"
"29820.0";"2.361789"
"29830.0";"2.309541"
"29840.0";"2.27898"
"29850.0";"2.431113"
"29860.0";"2.349959"
"29870.0";"2.263345"
"29880.0";"2.472591"
"29890.0";"2.363676"
"29900.0";"2.393084"
"29910.0";"2.371741"
"29920.0";"2.382773"
"29930.0";"2.400906"
"29940.0";"2.375663"
"29950.0";"2.319887"
"29960.0";"2.423653"
"29970.0";"2.352804"
"29980.0";"2.380008"
"29990.0";"2.490159"
"30000.0";"2.390952"
"30010.0";"2.371001"
"30020.0";"2.411071"
"30030.0";"2.344002"
"30040.0";"2.391237"
"30050.0";"2.33101"
"30060.0";"2.392747"
"30070.0";"2.363191"
"30080.0";"2.396939"
"30090.0";"2.376269"
"30100.0";"2.424558"
"30110.0";"2.362087"
"30120.0";"2.372453"
"30130.0";"2.398922"
"30140.0";"2.435577"
"30150.0";"2.286983"
"30160.0";"2.381808"
"30170.0";"2.277109"
"30180.0";"2.347031"
"30190.0";"2.317871"
"30200.0";"2.39546"
"30210.0";"2.414014"
"30220.0";"2.417315"
"30230.0";"2.351517"
"30240.0";"2.386284"
"30250.0";"2.32664"
"30260.0";"2.362586"
"30270.0";"2.393295"
"30280.0";"2.333612"
"30290.0";"2.434619"
"30300.0";"2.414724"
"30310.0";"2.290469"
"30320.0";"2.346268"
"30330.0";"2.363694"
"30340.0";"2.357268"
"30350.0";"2.258516"
"30360.0";"2.347592"
"30370.0";"2.340478"
"30380.0";"2.277425"
"30390.0";"2.308376"
"30400.0";"2.309751"
"30410.0";"2.365168"
"30420.0";"2.377038"
"30430.0";"2.376963"
"30440.0";"2.407663"
"30450.0";"2.371887"
"30460.0";"2.371831"
"30470.0";"2.337348"
"30480.0";"2.367597"
"30490.0";"2.418184"
"30500.0";"2.338483"
"30510.0";"2.300953"
"30520.0";"2.363865"
"30530.0";"2.365002"
"30540.0";"2.336303"
"30550.0";"2.351382"
"30560.0";"2.355271"
"30570.0";"2.363995"
"30580.0";"2.333166"
"30590.0";"2.309603"
"30600.0";"2.378404"
"30610.0";"2.316804"
"30620.0";"2.317096"
"30630.0";"2.364649"
"30640.0";"2.358413"
"30650.0";"2.343584"
"30660.0";"2.374261"
"30670.0";"2.369339"
"30680.0";"2.399204"
"30690.0";"2.352528"
"30700.0";"2.361542"
"30710.0";"2.406703"
"30720.0";"2.315321"
"30730.0";"2.363775"
"30740.0";"2.391887"
"30750.0";"2.391895"
"30760.0";"2.345962"
"30770.0";"2.417776"
"30780.0";"2.42759"
"30790.0";"2.351955"
"30800.0";"2.368837"
"30810.0";"2.339506"
"30820.0";"2.320213"
"30830.0";"2.386927"
"30840.0";"2.377904"
"30850.0";"2.393603"
"30860.0";"2.240242"
"30870.0";"2.386791"
"30880.0";"2.378315"
"30890.0";"2.340923"
"30900.0";"2.263624"
"30910.0";"2.366897"
"30920.0";"2.354566"
"30930.0";"2.341223"
"30940.0";"2.326811"
"30950.0";"2.405673"
"30960.0";"2.331365"
"30970.0";"2.280638"
"30980.0";"2.333808"
"30990.0";"2.373325"
"31000.0";"2.321977"
"31010.0";"2.37456"
"31020.0";"2.32216"
"31030.0";"2.392594"
"31040.0";"2.369849"
"31050.0";"2.348851"
"31060.0";"2.329217"
"31070.0";"2.307501"
"31080.0";"2.271149"
"31090.0";"2.265181"
"31100.0";"2.35605"
"31110.0";"2.357992"
"31120.0";"2.390715"
"31130.0";"2.379565"
"31140.0";"2.334716"
"31150.0";"2.329028"
"31160.0";"2.346838"
"31170.0";"2.344588"
"31180.0";"2.333337"
"31190.0";"2.384939"
"31200.0";"2.370759"
"31210.0";"2.34836"
"31220.0";"2.401819"
"31230.0";"2.373192"
"31240.0";"2.293927"
"31250.0";"2.308042"
"31260.0";"2.333871"
"31270.0";"2.35489"
"31280.0";"2.315595"
"31290.0";"2.439999"
"31300.0";"2.374744"
"31310.0";"2.253136"
"31320.0";"2.356168"
"31330.0";"2.357766"
"31340.0";"2.339025"
"31350.0";"2.377136"
"31360.0";"2.397496"
"31370.0";"2.34093"
"31380.0";"2.367925"
"31390.0";"2.318796"
"31400.0";"2.278872"
"31410.0";"2.321696"
"31420.0";"2.307649"
"31430.0";"2.32814"
"31440.0";"2.448617"
"31450.0";"2.378116"
"31460.0";"2.430957"
"31470.0";"2.380219"
"31480.0";"2.328716"
"31490.0";"2.298705"
"31500.0";"2.354398"
"31510.0";"2.367344"
"31520.0";"2.424946"
"31530.0";"2.40651"
"31540.0";"2.348162"
"31550.0";"2.386293"
"31560.0";"2.408135"
"31570.0";"2.300231"
"31580.0";"2.335628"
"31590.0";"2.339372"
"31600.0";"2.290983"
"31610.0";"2.373416"
"31620.0";"2.407308"
"31630.0";"2.350488"
"31640.0";"2.356349"
"31650.0";"2.298411"
"31660.0";"2.243698"
"31670.0";"2.309209"
"31680.0";"2.282154"
"31690.0";"2.383269"
"31700.0";"2.326951"
"31710.0";"2.272047"
"31720.0";"2.295079"
"31730.0";"2.361045"
"31740.0";"2.348924"
"31750.0";"2.309415"
"31760.0";"2.285116"
"31770.0";"2.322622"
"31780.0";"2.299808"
"31790.0";"2.304597"
"31800.0";"2.390238"
"31810.0";"2.435132"
"31820.0";"2.425216"
"31830.0";"2.392048"
"31840.0";"2.298501"
"31850.0";"2.312187"
"31860.0";"2.329966"
"31870.0";"2.428888"
"31880.0";"2.364883"
"31890.0";"2.396725"
"31900.0";"2.367126"
"31910.0";"2.383607"
"31920.0";"2.377344"
"31930.0";"2.379674"
"31940.0";"2.338125"
"31950.0";"2.369711"
"31960.0";"2.321501"
"31970.0";"2.352731"
"31980.0";"2.413716"
"31990.0";"2.352434"
"32000.0";"2.381748"
"32010.0";"2.337442"
"32020.0";"2.363757"
"32030.0";"2.339516"
"32040.0";"2.379897"
"32050.0";"2.358734"
"32060.0";"2.435816"
"32070.0";"2.302241"
"32080.0";"2.418371"
"32090.0";"2.407261"
"32100.0";"2.362025"
"32110.0";"2.371498"
"32120.0";"2.4081"
"32130.0";"2.352877"
"32140.0";"2.419228"
"32150.0";"2.392693"
"32160.0";"2.371018"
"32170.0";"2.447743"
"32180.0";"2.341286"
"32190.0";"2.346967"
"32200.0";"2.341899"
"32210.0";"2.300374"
"32220.0";"2.290021"
"32230.0";"2.308933"
"32240.0";"2.320827"
"32250.0";"2.348654"
"32260.0";"2.309459"
"32270.0";"2.418152"
"32280.0";"2.32047"
"32290.0";"2.25841"
"32300.0";"2.434365"
"32310.0";"2.40736"
"32320.0";"2.430235"
"32330.0";"2.383952"
"32340.0";"2.341191"
"32350.0";"2.418824"
"32360.0";"2.404602"
"32370.0";"2.446062"
"32380.0";"2.366904"
"32390.0";"2.271508"
"32400.0";"2.255329"
"32410.0";"2.378071"
"32420.0";"2.347797"
"32430.0";"2.39627"
"32440.0";"2.460442"
"32450.0";"2.416664"
"32460.0";"2.35593"
"32470.0";"2.342598"
"32480.0";"2.397336"
"32490.0";"2.472747"
"32500.0";"2.486494"
"32510.0";"2.333428"
"32520.0";"2.328215"
"32530.0";"2.321172"
"32540.0";"2.326589"
"32550.0";"2.306958"
"32560.0";"2.373733"
"32570.0";"2.328868"
"32580.0";"2.365429"
"32590.0";"2.226203"
"32600.0";"2.348322"
"32610.0";"2.289088"
"32620.0";"2.363396"
"32630.0";"2.437101"
"32640.0";"2.397049"
"32650.0";"2.428282"
"32660.0";"2.458239"
"32670.0";"2.34678"
"32680.0";"2.304254"
"32690.0";"2.338224"
"32700.0";"2.328025"
"32710.0";"2.262782"
"32720.0";"2.295271"
"32730.0";"2.311239"
"32740.0";"2.289052"
"32750.0";"2.293378"
"32760.0";"2.369889"
"32770.0";"2.300315"
"32780.0";"2.289202"
"32790.0";"2.401748"
"32800.0";"2.271233"
"32810.0";"2.262254"
"32820.0";"2.314681"
"32830.0";"2.277084"
"32840.0";"2.364597"
"32850.0";"2.321221"
"32860.0";"2.254826"
"32870.0";"2.361252"
"32880.0";"2.304759"
"32890.0";"2.247261"
"32900.0";"2.333812"
"32910.0";"2.295418"
"32920.0";"2.259666"
"32930.0";"2.310642"
"32940.0";"2.259745"
"32950.0";"2.326214"
"32960.0";"2.320628"
"32970.0";"2.272632"
"32980.0";"2.310819"
"32990.0";"2.281776"
"33000.0";"2.270151"
"33010.0";"2.320512"
"33020.0";"2.270551"
"33030.0";"2.333002"
"33040.0";"2.368234"
"33050.0";"2.288751"
"33060.0";"2.361617"
"33070.0";"2.398009"
"33080.0";"2.349903"
"33090.0";"2.324451"
"33100.0";"2.299079"
"33110.0";"2.280335"
"33120.0";"2.33058"
"33130.0";"2.258762"
"33140.0";"2.345134"
"33150.0";"2.314377"
"33160.0";"2.374136"
"33170.0";"2.288229"
"33180.0";"2.34054"
"33190.0";"2.275317"
"33200.0";"2.386991"
"33210.0";"2.31895"
"33220.0";"2.310816"
"33230.0";"2.326832"
"33240.0";"2.371725"
"33250.0";"2.312999"
"33260.0";"2.289729"
"33270.0";"2.391214"
"33280.0";"2.320284"
"33290.0";"2.345493"
"33300.0";"2.239007"
"33310.0";"2.336242"
"33320.0";"2.347079"
"33330.0";"2.35336"
"33340.0";"2.282265"
"33350.0";"2.359867"
"33360.0";"2.370808"
"33370.0";"2.30976"
"33380.0";"2.356122"
"33390.0";"2.296283"
"33400.0";"2.2796"
"33410.0";"2.39566"
"33420.0";"2.406771"
"33430.0";"2.35299"
"33440.0";"2.333542"
"33450.0";"2.369868"
"33460.0";"2.307256"
"33470.0";"2.369059"
"33480.0";"2.370076"
"33490.0";"2.368886"
"33500.0";"2.366986"
"33510.0";"2.383042"
"33520.0";"2.403348"
"33530.0";"2.326609"
"33540.0";"2.316711"
"33550.0";"2.289965"
"33560.0";"2.297596"
"33570.0";"2.307285"
"33580.0";"2.33034"
"33590.0";"2.274813"
"33600.0";"2.299463"
"33610.0";"2.307902"
"33620.0";"2.307573"
"33630.0";"2.286665"
"33640.0";"2.369567"
"33650.0";"2.344662"
"33660.0";"2.404"
"33670.0";"2.343632"
"33680.0";"2.357184"
"33690.0";"2.326296"
"33700.0";"2.33566"
"33710.0";"2.419035"
"33720.0";"2.339962"
"33730.0";"2.273323"
"33740.0";"2.309101"
"33750.0";"2.30699"
"33760.0";"2.353482"
"33770.0";"2.378062"
"33780.0";"2.314234"
"33790.0";"2.276157"
"33800.0";"2.323347"
"33810.0";"2.328"
"33820.0";"2.267579"
"33830.0";"2.254206"
"33840.0";"2.291683"
"33850.0";"2.309981"
"33860.0";"2.324187"
"33870.0";"2.265911"
"33880.0";"2.233488"
"33890.0";"2.304365"
"33900.0";"2.379414"
"33910.0";"2.250101"
"33920.0";"2.257623"
"33930.0";"2.299553"
"33940.0";"2.326591"
"33950.0";"2.351878"
"33960.0";"2.275585"
"33970.0";"2.297136"
"33980.0";"2.349137"
"33990.0";"2.431856"
"34000.0";"2.332031"
"34010.0";"2.274386"
"34020.0";"2.230945"
"34030.0";"2.372187"
"34040.0";"2.345432"
"34050.0";"2.355602"
"34060.0";"2.320507"
"34070.0";"2.324872"
"34080.0";"2.372688"
"34090.0";"2.402598"
"34100.0";"2.313679"
"34110.0";"2.351521"
"34120.0";"2.284282"
"34130.0";"2.310313"
"34140.0";"2.346699"
"34150.0";"2.364452"
"34160.0";"2.377889"
"34170.0";"2.297489"
"34180.0";"2.300857"
"34190.0";"2.386875"
"34200.0";"2.284112"
"34210.0";"2.343777"
"34220.0";"2.346614"
"34230.0";"2.273977"
"34240.0";"2.332199"
"34250.0";"2.358038"
"34260.0";"2.443615"
"34270.0";"2.354007"
"34280.0";"2.300181"
"34290.0";"2.341994"
"34300.0";"2.410272"
"34310.0";"2.324945"
"34320.0";"2.36776"
"34330.0";"2.29309"
"34340.0";"2.40391"
"34350.0";"2.375753"
"34360.0";"2.387273"
"34370.0";"2.293864"
"34380.0";"2.350951"
"34390.0";"2.31643"
"34400.0";"2.361724"
"34410.0";"2.357428"
"34420.0";"2.348231"
"34430.0";"2.368819"
"34440.0";"2.279991"
"34450.0";"2.360939"
"34460.0";"2.400628"
"34470.0";"2.390194"
"34480.0";"2.362584"
"34490.0";"2.359471"
"34500.0";"2.324058"
"34510.0";"2.23001"
"34520.0";"2.253265"
"34530.0";"2.30002"
"34540.0";"2.318733"
"34550.0";"2.349"
"34560.0";"2.391282"
"34570.0";"2.430063"
"34580.0";"2.277439"
"34590.0";"2.27565"
"34600.0";"2.290607"
"34610.0";"2.379561"
"34620.0";"2.304758"
"34630.0";"2.294414"
"34640.0";"2.401284"
"34650.0";"2.411912"
"34660.0";"2.411473"
"34670.0";"2.275092"
"34680.0";"2.353515"
"34690.0";"2.298514"
"34700.0";"2.3256"
"34710.0";"2.358946"
"34720.0";"2.292772"
"34730.0";"2.207957"
"34740.0";"2.311839"
"34750.0";"2.229283"
"34760.0";"2.292073"
"34770.0";"2.264743"
"34780.0";"2.306359"
"34790.0";"2.238587"
"34800.0";"2.32111"
"34810.0";"2.356489"
"34820.0";"2.272801"
"34830.0";"2.34092"
"34840.0";"2.308075"
"34850.0";"2.302795"
"34860.0";"2.356097"
"34870.0";"2.362167"
"34880.0";"2.302099"
"34890.0";"2.27925"
"34900.0";"2.332763"
"34910.0";"2.353085"
"34920.0";"2.283081"
"34930.0";"2.317908"
"34940.0";"2.235298"
"34950.0";"2.342994"
"34960.0";"2.32604"
"34970.0";"2.33481"
"34980.0";"2.337304"
"34990.0";"2.331784"
"35000.0";"2.342239"
"35010.0";"2.373097"
"35020.0";"2.329612"
"35030.0";"2.315013"
"35040.0";"2.260644"
"35050.0";"2.331798"
"35060.0";"2.338308"
"35070.0";"2.3687"
"35080.0";"2.371354"
"35090.0";"2.364929"
"35100.0";"2.357497"
"35110.0";"2.352129"
"35120.0";"2.33849"
"35130.0";"2.282454"
"35140.0";"2.393239"
"35150.0";"2.386383"
"35160.0";"2.450589"
"35170.0";"2.288953"
"35180.0";"2.296797"
"35190.0";"2.286668"
"35200.0";"2.259069"
"35210.0";"2.300453"
"35220.0";"2.401627"
"35230.0";"2.327581"
"35240.0";"2.330693"
"35250.0";"2.369233"
"35260.0";"2.337481"
"35270.0";"2.395773"
"35280.0";"2.407151"
"35290.0";"2.433337"
"35300.0";"2.471804"
"35310.0";"2.418515"
"35320.0";"2.354291"
"35330.0";"2.401162"
"35340.0";"2.369038"
"35350.0";"2.317859"
"35360.0";"2.43977"
"35370.0";"2.363951"
"35380.0";"2.299536"
"35390.0";"2.394508"
"35400.0";"2.362561"
"35410.0";"2.440346"
"35420.0";"2.384302"
"35430.0";"2.332213"
"35440.0";"2.351753"
"35450.0";"2.372606"
"35460.0";"2.341366"
"35470.0";"2.350954"
"35480.0";"2.348307"
"35490.0";"2.34312"
"35500.0";"2.32158"
"35510.0";"2.401413"
"35520.0";"2.381055"
"35530.0";"2.348174"
"35540.0";"2.317367"
"35550.0";"2.384154"
"35560.0";"2.340537"
"35570.0";"2.387633"
"35580.0";"2.325259"
"35590.0";"2.357463"
"35600.0";"2.436035"
"35610.0";"2.478953"
"35620.0";"2.366568"
"35630.0";"2.417462"
"35640.0";"2.321821"
"35650.0";"2.384518"
"35660.0";"2.371062"
"35670.0";"2.360226"
"35680.0";"2.403304"
"35690.0";"2.400229"
"35700.0";"2.355388"
"35710.0";"2.293735"
"35720.0";"2.389446"
"35730.0";"2.436806"
"35740.0";"2.428666"
"35750.0";"2.345606"
"35760.0";"2.349422"
"35770.0";"2.484413"
"35780.0";"2.3242"
"35790.0";"2.383061"
"35800.0";"2.387316"
"35810.0";"2.323973"
"35820.0";"2.410285"
"35830.0";"2.297403"
"35840.0";"2.363552"
"35850.0";"2.369947"
"35860.0";"2.349234"
"35870.0";"2.392088"
"35880.0";"2.466668"
"35890.0";"2.410157"
"35900.0";"2.462579"
"35910.0";"2.437463"
"35920.0";"2.391451"
"35930.0";"2.347376"
"35940.0";"2.396206"
"35950.0";"2.385966"
"35960.0";"2.409524"
"35970.0";"2.427126"
"35980.0";"2.373433"
"35990.0";"2.317234"
"36000.0";"2.377601"
"36010.0";"2.453253"
"36020.0";"2.42422"
"36030.0";"2.44046"
"36040.0";"2.413326"
"36050.0";"2.43439"
"36060.0";"2.334788"
"36070.0";"2.43892"
"36080.0";"2.404125"
"36090.0";"2.489049"
"36100.0";"2.37947"
"36110.0";"2.35862"
"36120.0";"2.394191"
"36130.0";"2.36742"
"36140.0";"2.375425"
"36150.0";"2.291342"
"36160.0";"2.459181"
"36170.0";"2.405623"
"36180.0";"2.364152"
"36190.0";"2.368795"
"36200.0";"2.362705"
"36210.0";"2.392987"
"36220.0";"2.358136"
"36230.0";"2.389614"
"36240.0";"2.44795"
"36250.0";"2.430834"
"36260.0";"2.340702"
"36270.0";"2.367552"
"36280.0";"2.442645"
"36290.0";"2.395123"
"36300.0";"2.378674"
"36310.0";"2.464831"
"36320.0";"2.422993"
"36330.0";"2.384387"
"36340.0";"2.433888"
"36350.0";"2.354235"
"36360.0";"2.382643"
"36370.0";"2.382099"
"36380.0";"2.412604"
"36390.0";"2.382616"
"36400.0";"2.386143"
"36410.0";"2.343581"
"36420.0";"2.308277"
"36430.0";"2.395012"
"36440.0";"2.225399"
"36450.0";"2.293429"
"36460.0";"2.297385"
"36470.0";"2.364116"
"36480.0";"2.407057"
"36490.0";"2.30317"
"36500.0";"2.371778"
"36510.0";"2.38174"
"36520.0";"2.345586"
"36530.0";"2.353133"
"36540.0";"2.302028"
"36550.0";"2.351962"
"36560.0";"2.344957"
"36570.0";"2.371121"
"36580.0";"2.381808"
"36590.0";"2.242739"
"36600.0";"2.363542"
"36610.0";"2.342944"
"36620.0";"2.336817"
"36630.0";"2.361588"
"36640.0";"2.393581"
"36650.0";"2.337926"
"36660.0";"2.339391"
"36670.0";"2.288813"
"36680.0";"2.27961"
"36690.0";"2.326054"
"36700.0";"2.393277"
"36710.0";"2.394254"
"36720.0";"2.384315"
"36730.0";"2.281484"
"36740.0";"2.350173"
"36750.0";"2.343025"
"36760.0";"2.301454"
"36770.0";"2.289639"
"36780.0";"2.305524"
"36790.0";"2.359113"
"36800.0";"2.385506"
"36810.0";"2.357141"
"36820.0";"2.249843"
"36830.0";"2.393089"
"36840.0";"2.335402"
"36850.0";"2.294711"
"36860.0";"2.387633"
"36870.0";"2.305726"
"36880.0";"2.368627"
"36890.0";"2.314929"
"36900.0";"2.341213"
"36910.0";"2.342505"
"36920.0";"2.347395"
"36930.0";"2.427276"
"36940.0";"2.278788"
"36950.0";"2.341421"
"36960.0";"2.363523"
"36970.0";"2.349843"
"36980.0";"2.333292"
"36990.0";"2.339348"
"37000.0";"2.371989"
"37010.0";"2.350865"
"37020.0";"2.397779"
"37030.0";"2.314616"
"37040.0";"2.330415"
"37050.0";"2.334526"
"37060.0";"2.319416"
"37070.0";"2.365664"
"37080.0";"2.351001"
"37090.0";"2.375361"
"37100.0";"2.380913"
"37110.0";"2.372689"
"37120.0";"2.456507"
"37130.0";"2.36324"
"37140.0";"2.355899"
"37150.0";"2.424824"
"37160.0";"2.38395"
"37170.0";"2.31778"
"37180.0";"2.378443"
"37190.0";"2.362502"
"37200.0";"2.392387"
"37210.0";"2.326692"
"37220.0";"2.396898"
"37230.0";"2.40483"
"37240.0";"2.292706"
"37250.0";"2.367841"
"37260.0";"2.368092"
"37270.0";"2.26544"
"37280.0";"2.374825"
"37290.0";"2.382351"
"37300.0";"2.333274"
"37310.0";"2.342617"
"37320.0";"2.30253"
"37330.0";"2.280399"
"37340.0";"2.427875"
"37350.0";"2.394297"
"37360.0";"2.418435"
"37370.0";"2.307018"
"37380.0";"2.395542"
"37390.0";"2.388601"
"37400.0";"2.411617"
"37410.0";"2.434774"
"37420.0";"2.349751"
"37430.0";"2.398318"
"37440.0";"2.344677"
"37450.0";"2.415904"
"37460.0";"2.436682"
"37470.0";"2.386504"
"37480.0";"2.417711"
"37490.0";"2.412793"
"37500.0";"2.497155"
"37510.0";"2.406814"
"37520.0";"2.354281"
"37530.0";"2.389357"
"37540.0";"2.413872"
"37550.0";"2.409087"
"37560.0";"2.447891"
"37570.0";"2.36432"
"37580.0";"2.372638"
"37590.0";"2.344755"
"37600.0";"2.43339"
"37610.0";"2.413425"
"37620.0";"2.328285"
"37630.0";"2.367916"
"37640.0";"2.42897"
"37650.0";"2.322754"
"37660.0";"2.396279"
"37670.0";"2.407609"
"37680.0";"2.336236"
"37690.0";"2.427575"
"37700.0";"2.398858"
"37710.0";"2.387488"
"37720.0";"2.288079"
"37730.0";"2.428778"
"37740.0";"2.453613"
"37750.0";"2.398805"
"37760.0";"2.381166"
"37770.0";"2.462484"
"37780.0";"2.388561"
"37790.0";"2.400223"
"37800.0";"2.314702"
"37810.0";"2.457443"
"37820.0";"2.35667"
"37830.0";"2.411977"
"37840.0";"2.443511"
"37850.0";"2.416624"
"37860.0";"2.343875"
"37870.0";"2.378496"
"37880.0";"2.37359"
"37890.0";"2.368887"
"37900.0";"2.400664"
"37910.0";"2.377179"
"37920.0";"2.397165"
"37930.0";"2.39087"
"37940.0";"2.414574"
"37950.0";"2.367129"
"37960.0";"2.341737"
"37970.0";"2.38326"
"37980.0";"2.381725"
"37990.0";"2.437625"
"38000.0";"2.448992"
"38010.0";"2.343281"
"38020.0";"2.382549"
"38030.0";"2.433096"
"38040.0";"2.400884"
"38050.0";"2.36817"
"38060.0";"2.420493"
"38070.0";"2.288198"
"38080.0";"2.362525"
"38090.0";"2.387152"
"38100.0";"2.373502"
"38110.0";"2.405794"
"38120.0";"2.402635"
"38130.0";"2.407779"
"38140.0";"2.359597"
"38150.0";"2.417165"
"38160.0";"2.393286"
"38170.0";"2.409908"
"38180.0";"2.371032"
"38190.0";"2.424568"
"38200.0";"2.395914"
"38210.0";"2.393553"
"38220.0";"2.395777"
"38230.0";"2.392205"
"38240.0";"2.419706"
"38250.0";"2.446492"
"38260.0";"2.383164"
"38270.0";"2.459637"
"38280.0";"2.417649"
"38290.0";"2.383354"
"38300.0";"2.399251"
"38310.0";"2.385218"
"38320.0";"2.43255"
"38330.0";"2.437883"
"38340.0";"2.373261"
"38350.0";"2.394414"
"38360.0";"2.410931"
"38370.0";"2.343414"
"38380.0";"2.280747"
"38390.0";"2.457156"
"38400.0";"2.415231"
"38410.0";"2.348459"
"38420.0";"2.333119"
"38430.0";"2.354892"
"38440.0";"2.41632"
"38450.0";"2.407416"
"38460.0";"2.465372"
"38470.0";"2.375381"
"38480.0";"2.442422"
"38490.0";"2.45344"
"38500.0";"2.438807"
"38510.0";"2.412837"
"38520.0";"2.396904"
"38530.0";"2.389208"
"38540.0";"2.358812"
"38550.0";"2.349173"
"38560.0";"2.413327"
"38570.0";"2.323203"
"38580.0";"2.328409"
"38590.0";"2.388317"
"38600.0";"2.392637"
"38610.0";"2.357055"
"38620.0";"2.362449"
"38630.0";"2.354085"
"38640.0";"2.441222"
"38650.0";"2.312527"
"38660.0";"2.392586"
"38670.0";"2.362407"
"38680.0";"2.423915"
"38690.0";"2.44715"
"38700.0";"2.327829"
"38710.0";"2.414049"
"38720.0";"2.351557"
"38730.0";"2.438175"
"38740.0";"2.385568"
"38750.0";"2.405238"
"38760.0";"2.388272"
"38770.0";"2.398778"
"38780.0";"2.413557"
"38790.0";"2.473079"
"38800.0";"2.35255"
"38810.0";"2.457476"
"38820.0";"2.349473"
"38830.0";"2.372145"
"38840.0";"2.433331"
"38850.0";"2.45193"
"38860.0";"2.404012"
"38870.0";"2.373759"
"38880.0";"2.382233"
"38890.0";"2.389265"
"38900.0";"2.412834"
"38910.0";"2.417984"
"38920.0";"2.388201"
"38930.0";"2.449645"
"38940.0";"2.43592"
"38950.0";"2.373872"
"38960.0";"2.36256"
"38970.0";"2.360976"
"38980.0";"2.334176"
"38990.0";"2.340372"
"39000.0";"2.397685"
"39010.0";"2.351765"
"39020.0";"2.398778"
"39030.0";"2.377658"
"39040.0";"2.405542"
"39050.0";"2.32726"
"39060.0";"2.30108"
"39070.0";"2.344795"
"39080.0";"2.357826"
"39090.0";"2.292348"
"39100.0";"2.372756"
"39110.0";"2.437815"
"39120.0";"2.291499"
"39130.0";"2.361206"
"39140.0";"2.468767"
"39150.0";"2.344176"
"39160.0";"2.406576"
"39170.0";"2.36219"
"39180.0";"2.298662"
"39190.0";"2.326427"
"39200.0";"2.340951"
"39210.0";"2.264567"
"39220.0";"2.353984"
"39230.0";"2.312784"
"39240.0";"2.329964"
"39250.0";"2.320306"
"39260.0";"2.290255"
"39270.0";"2.311569"
"39280.0";"2.300977"
"39290.0";"2.388525"
"39300.0";"2.377375"
"39310.0";"2.365035"
"39320.0";"2.313444"
"39330.0";"2.412446"
"39340.0";"2.368805"
"39350.0";"2.445631"
"39360.0";"2.375344"
"39370.0";"2.413233"
"39380.0";"2.388795"
"39390.0";"2.341186"
"39400.0";"2.381998"
"39410.0";"2.399661"
"39420.0";"2.406763"
"39430.0";"2.491099"
"39440.0";"2.330121"
"39450.0";"2.41906"
"39460.0";"2.347689"
"39470.0";"2.38977"
"39480.0";"2.338944"
"39490.0";"2.383562"
"39500.0";"2.346328"
"39510.0";"2.29204"
"39520.0";"2.311435"
"39530.0";"2.404693"
"39540.0";"2.336936"
"39550.0";"2.382676"
"39560.0";"2.339802"
"39570.0";"2.344847"
"39580.0";"2.375148"
"39590.0";"2.389019"
"39600.0";"2.347377"
"39610.0";"2.377571"
"39620.0";"2.327716"
"39630.0";"2.345361"
"39640.0";"2.325913"
"39650.0";"2.301227"
"39660.0";"2.308099"
"39670.0";"2.375918"
"39680.0";"2.361731"
"39690.0";"2.362056"
"39700.0";"2.339745"
"39710.0";"2.290694"
"39720.0";"2.323847"
"39730.0";"2.326846"
"39740.0";"2.342314"
"39750.0";"2.340843"
"39760.0";"2.333882"
"39770.0";"2.32626"
"39780.0";"2.364848"
"39790.0";"2.384903"
"39800.0";"2.487828"
"39810.0";"2.366908"
"39820.0";"2.392139"
"39830.0";"2.365118"
"39840.0";"2.280499"
"39850.0";"2.308531"
"39860.0";"2.367816"
"39870.0";"2.323184"
"39880.0";"2.303894"
"39890.0";"2.318484"
"39900.0";"2.415599"
"39910.0";"2.375081"
"39920.0";"2.392821"
"39930.0";"2.391248"
"39940.0";"2.521924"
"39950.0";"2.400872"
"39960.0";"2.352038"
"39970.0";"2.396263"
"39980.0";"2.364599"
"39990.0";"2.381703"
"40000.0";"2.383448"
"40010.0";"2.323916"
"40020.0";"2.375324"
"40030.0";"2.380998"
"40040.0";"2.330862"
"40050.0";"2.377488"
"40060.0";"2.361388"
"40070.0";"2.325948"
"40080.0";"2.35233"
"40090.0";"2.370458"
"40100.0";"2.411966"
"40110.0";"2.299521"
"40120.0";"2.377997"
"40130.0";"2.354411"
"40140.0";"2.336591"
"40150.0";"2.374862"
"40160.0";"2.366164"
"40170.0";"2.270537"
"40180.0";"2.333407"
"40190.0";"2.341207"
"40200.0";"2.317116"
"40210.0";"2.404265"
"40220.0";"2.365678"
"40230.0";"2.38206"
"40240.0";"2.391491"
"40250.0";"2.395553"
"40260.0";"2.390589"
"40270.0";"2.341006"
"40280.0";"2.342169"
"40290.0";"2.349448"
"40300.0";"2.279702"
"40310.0";"2.358587"
"40320.0";"2.291535"
"40330.0";"2.411762"
"40340.0";"2.330167"
"40350.0";"2.320957"
"40360.0";"2.4425"
"40370.0";"2.342369"
"40380.0";"2.318667"
"40390.0";"2.401731"
"40400.0";"2.348551"
"40410.0";"2.336669"
"40420.0";"2.30599"
"40430.0";"2.348829"
"40440.0";"2.329866"
"40450.0";"2.367022"
"40460.0";"2.312288"
"40470.0";"2.33624"
"40480.0";"2.410095"
"40490.0";"2.506811"
"40500.0";"2.396393"
"40510.0";"2.508887"
"40520.0";"2.447504"
"40530.0";"2.409119"
"40540.0";"2.436634"
"40550.0";"2.395035"
"40560.0";"2.381553"
"40570.0";"2.361752"
"40580.0";"2.389587"
"40590.0";"2.38026"
"40600.0";"2.392041"
"40610.0";"2.34888"
"40620.0";"2.365506"
"40630.0";"2.412181"
"40640.0";"2.426483"
"40650.0";"2.374477"
"40660.0";"2.381356"
"40670.0";"2.334605"
"40680.0";"2.395044"
"40690.0";"2.417728"
"40700.0";"2.377565"
"40710.0";"2.394252"
"40720.0";"2.392395"
"40730.0";"2.349266"
"40740.0";"2.386168"
"40750.0";"2.368095"
"40760.0";"2.344054"
"40770.0";"2.325113"
"40780.0";"2.372335"
"40790.0";"2.360747"
"40800.0";"2.383579"
"40810.0";"2.381757"
"40820.0";"2.372142"
"40830.0";"2.32815"
"40840.0";"2.371217"
"40850.0";"2.42304"
"40860.0";"2.366383"
"40870.0";"2.329825"
"40880.0";"2.318122"
"40890.0";"2.366446"
"40900.0";"2.338023"
"40910.0";"2.37435"
"40920.0";"2.369681"
"40930.0";"2.345442"
"40940.0";"2.385607"
"40950.0";"2.422178"
"40960.0";"2.378987"
"40970.0";"2.385173"
"40980.0";"2.379745"
"40990.0";"2.358631"
"41000.0";"2.334226"
"41010.0";"2.338736"
"41020.0";"2.432218"
"41030.0";"2.412028"
"41040.0";"2.414907"
"41050.0";"2.345762"
"41060.0";"2.330006"
"41070.0";"2.408592"
"41080.0";"2.400332"
"41090.0";"2.355281"
"41100.0";"2.366678"
"41110.0";"2.351333"
"41120.0";"2.323121"
"41130.0";"2.387247"
"41140.0";"2.36186"
"41150.0";"2.412493"
"41160.0";"2.310898"
"41170.0";"2.292666"
"41180.0";"2.284428"
"41190.0";"2.345376"
"41200.0";"2.331281"
"41210.0";"2.270361"
"41220.0";"2.30914"
"41230.0";"2.304522"
"41240.0";"2.337328"
"41250.0";"2.410189"
"41260.0";"2.399604"
"41270.0";"2.36832"
"41280.0";"2.370237"
"41290.0";"2.407691"
"41300.0";"2.352973"
"41310.0";"2.378"
"41320.0";"2.349102"
"41330.0";"2.39579"
"41340.0";"2.341626"
"41350.0";"2.351753"
"41360.0";"2.394545"
"41370.0";"2.468354"
"41380.0";"2.377962"
"41390.0";"2.356047"
"41400.0";"2.349078"
"41410.0";"2.329623"
"41420.0";"2.366039"
"41430.0";"2.311257"
"41440.0";"2.330987"
"41450.0";"2.30361"
"41460.0";"2.401355"
"41470.0";"2.312881"
"41480.0";"2.326974"
"41490.0";"2.355747"
"41500.0";"2.413655"
"41510.0";"2.328461"
"41520.0";"2.312032"
"41530.0";"2.357217"
"41540.0";"2.412934"
"41550.0";"2.395014"
"41560.0";"2.401428"
"41570.0";"2.468774"
"41580.0";"2.370384"
"41590.0";"2.385872"
"41600.0";"2.406544"
"41610.0";"2.355754"
"41620.0";"2.393613"
"41630.0";"2.404747"
"41640.0";"2.382487"
"41650.0";"2.416174"
"41660.0";"2.435188"
"41670.0";"2.491535"
"41680.0";"2.410635"
"41690.0";"2.396473"
"41700.0";"2.360352"
"41710.0";"2.448172"
"41720.0";"2.377435"
"41730.0";"2.395324"
"41740.0";"2.389024"
"41750.0";"2.346442"
"41760.0";"2.401392"
"41770.0";"2.375557"
"41780.0";"2.385351"
"41790.0";"2.399191"
"41800.0";"2.371322"
"41810.0";"2.441073"
"41820.0";"2.385531"
"41830.0";"2.393533"
"41840.0";"2.414797"
"41850.0";"2.366674"
"41860.0";"2.401908"
"41870.0";"2.389706"
"41880.0";"2.386359"
"41890.0";"2.351771"
"41900.0";"2.336622"
"41910.0";"2.293554"
"41920.0";"2.385661"
"41930.0";"2.344059"
"41940.0";"2.339185"
"41950.0";"2.274564"
"41960.0";"2.349117"
"41970.0";"2.36874"
"41980.0";"2.364316"
"41990.0";"2.434763"
"42000.0";"2.386422"
"42010.0";"2.387626"
"42020.0";"2.388089"
"42030.0";"2.435952"
"42040.0";"2.393138"
"42050.0";"2.34745"
"42060.0";"2.388"
"42070.0";"2.429435"
"42080.0";"2.338494"
"42090.0";"2.370778"
"42100.0";"2.401869"
"42110.0";"2.445175"
"42120.0";"2.381866"
"42130.0";"2.312697"
"42140.0";"2.33289"
"42150.0";"2.396248"
"42160.0";"2.345786"
"42170.0";"2.380254"
"42180.0";"2.346148"
"42190.0";"2.372634"
"42200.0";"2.355569"
"42210.0";"2.390497"
"42220.0";"2.398418"
"42230.0";"2.408967"
"42240.0";"2.303967"
"42250.0";"2.40813"
"42260.0";"2.434551"
"42270.0";"2.346832"
"42280.0";"2.391293"
"42290.0";"2.440855"
"42300.0";"2.410807"
"42310.0";"2.366049"
"42320.0";"2.336479"
"42330.0";"2.328943"
"42340.0";"2.349177"
"42350.0";"2.325872"
"42360.0";"2.42248"
"42370.0";"2.332984"
"42380.0";"2.334603"
"42390.0";"2.388661"
"42400.0";"2.415816"
"42410.0";"2.336469"
"42420.0";"2.31933"
"42430.0";"2.387011"
"42440.0";"2.321693"
"42450.0";"2.365606"
"42460.0";"2.304121"
"42470.0";"2.32876"
"42480.0";"2.357666"
"42490.0";"2.410841"
"42500.0";"2.373831"
"42510.0";"2.303628"
"42520.0";"2.306951"
"42530.0";"2.380673"
"42540.0";"2.356358"
"42550.0";"2.428837"
"42560.0";"2.374648"
"42570.0";"2.37568"
"42580.0";"2.351073"
"42590.0";"2.385375"
"42600.0";"2.339775"
"42610.0";"2.384342"
"42620.0";"2.366881"
"42630.0";"2.377644"
"42640.0";"2.314461"
"42650.0";"2.387494"
"42660.0";"2.39466"
"42670.0";"2.362948"
"42680.0";"2.447706"
"42690.0";"2.381014"
"42700.0";"2.387983"
"42710.0";"2.395735"
"42720.0";"2.377038"
"42730.0";"2.39442"
"42740.0";"2.400606"
"42750.0";"2.336617"
"42760.0";"2.376917"
"42770.0";"2.500378"
"42780.0";"2.401985"
"42790.0";"2.380682"
"42800.0";"2.414712"
"42810.0";"2.359187"
"42820.0";"2.375012"
"42830.0";"2.402504"
"42840.0";"2.381696"
"42850.0";"2.374734"
"42860.0";"2.32766"
"42870.0";"2.37908"
"42880.0";"2.349899"
"42890.0";"2.419773"
"42900.0";"2.412987"
"42910.0";"2.38343"
"42920.0";"2.352937"
"42930.0";"2.392284"
"42940.0";"2.368153"
"42950.0";"2.376384"
"42960.0";"2.402761"
"42970.0";"2.418299"
"42980.0";"2.39363"
"42990.0";"2.456292"
"43000.0";"2.503415"
"43010.0";"2.567096"
"43020.0";"2.549126"
"43030.0";"2.570916"
"43040.0";"2.555197"
"43050.0";"2.519296"
"43060.0";"2.499417"
"43070.0";"2.495675"
"43080.0";"2.616105"
"43090.0";"2.558188"
"43100.0";"2.619247"
"43110.0";"2.570486"
"43120.0";"2.720783"
"43130.0";"2.555396"
"43140.0";"2.655246"
"43150.0";"2.654695"
"43160.0";"2.655987"
"43170.0";"2.707647"
"43180.0";"2.595938"
"43190.0";"2.641802"
"43200.0";"2.762518"
"43210.0";"2.782268"
"43220.0";"2.789193"
"43230.0";"2.764783"
"43240.0";"2.687315"
"43250.0";"2.676744"
"43260.0";"2.670745"
"43270.0";"2.72375"
"43280.0";"2.602529"
"43290.0";"2.693658"
"43300.0";"2.634619"
"43310.0";"2.670254"
"43320.0";"2.650495"
"43330.0";"2.603904"
"43340.0";"2.627457"
"43350.0";"2.662915"
"43360.0";"2.626337"
"43370.0";"2.655598"
"43380.0";"2.705066"
"43390.0";"2.659513"
"43400.0";"2.652996"
"43410.0";"2.601274"
"43420.0";"2.67348"
"43430.0";"2.611213"
"43440.0";"2.671198"
"43450.0";"2.71998"
"43460.0";"2.745593"
"43470.0";"2.716189"
"43480.0";"2.687314"
"43490.0";"2.717039"
"43500.0";"2.701877"
"43510.0";"2.743718"
"43520.0";"2.663657"
"43530.0";"2.80384"
"43540.0";"2.796845"
"43550.0";"2.728667"
"43560.0";"2.636451"
"43570.0";"2.669462"
"43580.0";"2.675394"
"43590.0";"2.636318"
"43600.0";"2.703134"
"43610.0";"2.700491"
"43620.0";"2.66883"
"43630.0";"2.664074"
"43640.0";"2.631055"
"43650.0";"2.692872"
"43660.0";"2.641583"
"43670.0";"2.647519"
"43680.0";"2.605527"
"43690.0";"2.6387"
"43700.0";"2.670304"
"43710.0";"2.707952"
"43720.0";"2.699991"
"43730.0";"2.707237"
"43740.0";"2.618624"
"43750.0";"2.7075"
"43760.0";"2.647599"
"43770.0";"2.745141"
"43780.0";"2.619407"
"43790.0";"2.674498"
"43800.0";"2.755013"
"43810.0";"2.649947"
"43820.0";"2.645777"
"43830.0";"2.672303"
"43840.0";"2.73476"
"43850.0";"2.674258"
"43860.0";"2.73391"
"43870.0";"2.731025"
"43880.0";"2.688167"
"43890.0";"2.709163"
"43900.0";"2.608978"
"43910.0";"2.71307"
"43920.0";"2.728609"
"43930.0";"2.604786"
"43940.0";"2.642902"
"43950.0";"2.711022"
"43960.0";"2.663337"
"43970.0";"2.671927"
"43980.0";"2.714407"
"43990.0";"2.668256"
"44000.0";"2.672554"
"44010.0";"2.625772"
"44020.0";"2.664229"
"44030.0";"2.700241"
"44040.0";"2.675658"
"44050.0";"2.636215"
"44060.0";"2.764684"
"44070.0";"2.681"
"44080.0";"2.570651"
"44090.0";"2.581769"
"44100.0";"2.590799"
"44110.0";"2.606981"
"44120.0";"2.473079"
"44130.0";"2.555047"
"44140.0";"2.490626"
"44150.0";"2.514488"
"44160.0";"2.482115"
"44170.0";"2.63726"
"44180.0";"2.445104"
"44190.0";"2.441284"
"44200.0";"2.501489"
"44210.0";"2.475062"
"44220.0";"2.377052"
"44230.0";"2.46618"
"44240.0";"2.523968"
"44250.0";"2.49984"
"44260.0";"2.506453"
"44270.0";"2.584763"
"44280.0";"2.49423"
"44290.0";"2.526296"
"44300.0";"2.626459"
"44310.0";"2.514614"
"44320.0";"2.530639"
"44330.0";"2.542478"
"44340.0";"2.431594"
"44350.0";"2.514954"
"44360.0";"2.440439"
"44370.0";"2.45224"
"44380.0";"2.445058"
"44390.0";"2.482486"
"44400.0";"2.544045"
"44410.0";"2.502529"
"44420.0";"2.47466"
"44430.0";"2.498551"
"44440.0";"2.499468"
"44450.0";"2.469184"
"44460.0";"2.42918"
"44470.0";"2.449485"
"44480.0";"2.509152"
"44490.0";"2.53797"
"44500.0";"2.50626"
"44510.0";"2.5757"
"44520.0";"2.493515"
"44530.0";"2.621765"
"44540.0";"2.55451"
"44550.0";"2.455217"
"44560.0";"2.480086"
"44570.0";"2.480922"
"44580.0";"2.433552"
"44590.0";"2.497994"
"44600.0";"2.46846"
"44610.0";"2.502622"
"44620.0";"2.502405"
"44630.0";"2.508246"
"44640.0";"2.487261"
"44650.0";"2.561956"
"44660.0";"2.525737"
"44670.0";"2.536412"
"44680.0";"2.419917"
"44690.0";"2.467721"
"44700.0";"2.535561"
"44710.0";"2.543728"
"44720.0";"2.487985"
"44730.0";"2.547009"
"44740.0";"2.501898"
"44750.0";"2.560112"
"44760.0";"2.532984"
"44770.0";"2.562795"
"44780.0";"2.502039"
"44790.0";"2.49897"
"44800.0";"2.594224"
"44810.0";"2.54512"
"44820.0";"2.564416"
"44830.0";"2.476602"
"44840.0";"2.481241"
"44850.0";"2.571439"
"44860.0";"2.505167"
"44870.0";"2.548443"
"44880.0";"2.498537"
"44890.0";"2.505127"
"44900.0";"2.423911"
"44910.0";"2.526669"
"44920.0";"2.492322"
"44930.0";"2.471042"
"44940.0";"2.471522"
"44950.0";"2.440687"
"44960.0";"2.450021"
"44970.0";"2.510644"
"44980.0";"2.559384"
"44990.0";"2.53079"
"45000.0";"2.431909"
"45010.0";"2.414342"
"45020.0";"2.43812"
"45030.0";"2.44392"
"45040.0";"2.448439"
"45050.0";"2.433429"
"45060.0";"2.391216"
"45070.0";"2.403813"
"45080.0";"2.37269"
"45090.0";"2.392198"
"45100.0";"2.39551"
"45110.0";"2.42305"
"45120.0";"2.361444"
"45130.0";"2.426333"
"45140.0";"2.428421"
"45150.0";"2.40377"
"45160.0";"2.401361"
"45170.0";"2.428742"
"45180.0";"2.436667"
"45190.0";"2.456918"
"45200.0";"2.430395"
"45210.0";"2.410367"
"45220.0";"2.448354"
"45230.0";"2.488243"
"45240.0";"2.378124"
"45250.0";"2.392246"
"45260.0";"2.388937"
"45270.0";"2.472059"
"45280.0";"2.420858"
"45290.0";"2.428723"
"45300.0";"2.390609"
"45310.0";"2.547423"
"45320.0";"2.438"
"45330.0";"2.402232"
"45340.0";"2.486466"
"45350.0";"2.457431"
"45360.0";"2.495921"
"45370.0";"2.45503"
"45380.0";"2.399921"
"45390.0";"2.517048"
"45400.0";"2.476543"
"45410.0";"2.501024"
"45420.0";"2.369596"
"45430.0";"2.397039"
"45440.0";"2.386132"
"45450.0";"2.378472"
"45460.0";"2.468645"
"45470.0";"2.403961"
"45480.0";"2.408895"
"45490.0";"2.461767"
"45500.0";"2.374285"
"45510.0";"2.393465"
"45520.0";"2.335184"
"45530.0";"2.424614"
"45540.0";"2.501706"
"45550.0";"2.480945"
"45560.0";"2.483123"
"45570.0";"2.437819"
"45580.0";"2.559404"
"45590.0";"2.457197"
"45600.0";"2.426854"
"45610.0";"2.457158"
"45620.0";"2.524534"
"45630.0";"2.488179"
"45640.0";"2.495785"
"45650.0";"2.414691"
"45660.0";"2.481186"
"45670.0";"2.44431"
"45680.0";"2.388442"
"45690.0";"2.489395"
"45700.0";"2.451571"
"45710.0";"2.435514"
"45720.0";"2.499333"
"45730.0";"2.506702"
"45740.0";"2.536223"
"45750.0";"2.511666"
"45760.0";"2.461764"
"45770.0";"2.496376"
"45780.0";"2.42812"
"45790.0";"2.371174"
"45800.0";"2.410468"
"45810.0";"2.362934"
"45820.0";"2.401328"
"45830.0";"2.34039"
"45840.0";"2.374606"
"45850.0";"2.386371"
"45860.0";"2.368185"
"45870.0";"2.360127"
"45880.0";"2.353311"
"45890.0";"2.424287"
"45900.0";"2.283478"
"45910.0";"2.433062"
"45920.0";"2.334913"
"45930.0";"2.474858"
"45940.0";"2.41552"
"45950.0";"2.439041"
"45960.0";"2.46169"
"45970.0";"2.562763"
"45980.0";"2.529915"
"45990.0";"2.528975"
"46000.0";"2.509709"
"46010.0";"2.47054"
"46020.0";"2.507413"
"46030.0";"2.593621"
"46040.0";"2.472437"
"46050.0";"2.464862"
"46060.0";"2.476236"
"46070.0";"2.479993"
"46080.0";"2.50567"
"46090.0";"2.440037"
"46100.0";"2.400129"
"46110.0";"2.423182"
"46120.0";"2.380996"
"46130.0";"2.41022"
"46140.0";"2.289147"
"46150.0";"2.354326"
"46160.0";"2.316989"
"46170.0";"2.352333"
"46180.0";"2.35764"
"46190.0";"2.274733"
"46200.0";"2.308866"
"46210.0";"2.34283"
"46220.0";"2.307209"
"46230.0";"2.355854"
"46240.0";"2.340511"
"46250.0";"2.33895"
"46260.0";"2.320603"
"46270.0";"2.246399"
"46280.0";"2.276874"
"46290.0";"2.338259"
"46300.0";"2.382697"
"46310.0";"2.376708"
"46320.0";"2.344378"
"46330.0";"2.441388"
"46340.0";"2.526861"
"46350.0";"2.391201"
"46360.0";"2.308235"
"46370.0";"2.352804"
"46380.0";"2.370425"
"46390.0";"2.441874"
"46400.0";"2.437142"
"46410.0";"2.348437"
"46420.0";"2.419429"
"46430.0";"2.398883"
"46440.0";"2.394223"
"46450.0";"2.4473"
"46460.0";"2.48126"
"46470.0";"2.524643"
"46480.0";"2.511757"
"46490.0";"2.549692"
"46500.0";"2.526306"
"46510.0";"2.500862"
"46520.0";"2.451603"
"46530.0";"2.463281"
"46540.0";"2.480523"
"46550.0";"2.449099"
"46560.0";"2.501249"
"46570.0";"2.42986"
"46580.0";"2.454116"
"46590.0";"2.387534"
"46600.0";"2.382663"
"46610.0";"2.531067"
"46620.0";"2.508792"
"46630.0";"2.484712"
"46640.0";"2.426227"
"46650.0";"2.433567"
"46660.0";"2.494612"
"46670.0";"2.385649"
"46680.0";"2.534534"
"46690.0";"2.49845"
"46700.0";"2.491423"
"46710.0";"2.461541"
"46720.0";"2.409385"
"46730.0";"2.440704"
"46740.0";"2.467356"
"46750.0";"2.510977"
"46760.0";"2.387634"
"46770.0";"2.469117"
"46780.0";"2.432809"
"46790.0";"2.431831"
"46800.0";"2.44456"
"46810.0";"2.458281"
"46820.0";"2.379674"
"46830.0";"2.457226"
"46840.0";"2.537536"
"46850.0";"2.406385"
"46860.0";"2.440898"
"46870.0";"2.44406"
"46880.0";"2.419208"
"46890.0";"2.429823"
"46900.0";"2.460287"
"46910.0";"2.406887"
"46920.0";"2.395992"
"46930.0";"2.414006"
"46940.0";"2.457977"
"46950.0";"2.444919"
"46960.0";"2.413899"
"46970.0";"2.412334"
"46980.0";"2.485627"
"46990.0";"2.427372"
"47000.0";"2.468601"
"47010.0";"2.376078"
"47020.0";"2.422302"
"47030.0";"2.489834"
"47040.0";"2.441546"
"47050.0";"2.545884"
"47060.0";"2.462573"
"47070.0";"2.52696"
"47080.0";"2.523962"
"47090.0";"2.425734"
"47100.0";"2.500533"
"47110.0";"2.489716"
"47120.0";"2.373307"
"47130.0";"2.359289"
"47140.0";"2.407168"
"47150.0";"2.357658"
"47160.0";"2.430683"
"47170.0";"2.422493"
"47180.0";"2.424514"
"47190.0";"2.438262"
"47200.0";"2.43847"
"47210.0";"2.423036"
"47220.0";"2.517593"
"47230.0";"2.48194"
"47240.0";"2.524098"
"47250.0";"2.503937"
"47260.0";"2.507082"
"47270.0";"2.494809"
"47280.0";"2.475067"
"47290.0";"2.481056"
"47300.0";"2.633521"
"47310.0";"2.546114"
"47320.0";"2.469873"
"47330.0";"2.447396"
"47340.0";"2.467496"
"47350.0";"2.467883"
"47360.0";"2.412723"
"47370.0";"2.487164"
"47380.0";"2.459901"
"47390.0";"2.400095"
"47400.0";"2.448847"
"47410.0";"2.439576"
"47420.0";"2.37644"
"47430.0";"2.479243"
"47440.0";"2.348394"
"47450.0";"2.400341"
"47460.0";"2.506783"
"47470.0";"2.483357"
"47480.0";"2.357552"
"47490.0";"2.464452"
"47500.0";"2.424815"
"47510.0";"2.440084"
"47520.0";"2.391743"
"47530.0";"2.437809"
"47540.0";"2.421344"
"47550.0";"2.461332"
"47560.0";"2.469285"
"47570.0";"2.446783"
"47580.0";"2.480763"
"47590.0";"2.4662"
"47600.0";"2.504075"
"47610.0";"2.495958"
"47620.0";"2.425075"
"47630.0";"2.475903"
"47640.0";"2.486655"
"47650.0";"2.5714"
"47660.0";"2.505627"
"47670.0";"2.466792"
"47680.0";"2.495619"
"47690.0";"2.593681"
"47700.0";"2.46859"
"47710.0";"2.443256"
"47720.0";"2.428885"
"47730.0";"2.472028"
"47740.0";"2.386345"
"47750.0";"2.499064"
"47760.0";"2.4929"
"47770.0";"2.534164"
"47780.0";"2.515549"
"47790.0";"2.502183"
"47800.0";"2.457735"
"47810.0";"2.42298"
"47820.0";"2.441576"
"47830.0";"2.448867"
"47840.0";"2.42199"
"47850.0";"2.468002"
"47860.0";"2.451321"
"47870.0";"2.55045"
"47880.0";"2.501698"
"47890.0";"2.476181"
"47900.0";"2.458425"
"47910.0";"2.478918"
"47920.0";"2.501676"
"47930.0";"2.453078"
"47940.0";"2.504116"
"47950.0";"2.498376"
"47960.0";"2.464184"
"47970.0";"2.542863"
"47980.0";"2.443006"
"47990.0";"2.452117"
"48000.0";"2.441328"
"48010.0";"2.449425"
"48020.0";"2.410326"
"48030.0";"2.436303"
"48040.0";"2.435329"
"48050.0";"2.560224"
"48060.0";"2.539781"
"48070.0";"2.497966"
"48080.0";"2.499805"
"48090.0";"2.514867"
"48100.0";"2.528169"
"48110.0";"2.456064"
"48120.0";"2.437228"
"48130.0";"2.442787"
"48140.0";"2.505792"
"48150.0";"2.453099"
"48160.0";"2.436451"
"48170.0";"2.39888"
"48180.0";"2.419373"
"48190.0";"2.452641"
"48200.0";"2.449471"
"48210.0";"2.441566"
"48220.0";"2.382264"
"48230.0";"2.446806"
"48240.0";"2.455152"
"48250.0";"2.368638"
"48260.0";"2.366574"
"48270.0";"2.371456"
"48280.0";"2.393886"
"48290.0";"2.308827"
"48300.0";"2.356575"
"48310.0";"2.305801"
"48320.0";"2.351158"
"48330.0";"2.404453"
"48340.0";"2.382554"
"48350.0";"2.363458"
"48360.0";"2.302252"
"48370.0";"2.37735"
"48380.0";"2.404616"
"48390.0";"2.37604"
"48400.0";"2.329715"
"48410.0";"2.366369"
"48420.0";"2.34819"
"48430.0";"2.296215"
"48440.0";"2.342512"
"48450.0";"2.392097"
"48460.0";"2.304309"
"48470.0";"2.319541"
"48480.0";"2.314879"
"48490.0";"2.45719"
"48500.0";"2.34989"
"48510.0";"2.316268"
"48520.0";"2.341242"
"48530.0";"2.346374"
"48540.0";"2.371032"
"48550.0";"2.292545"
"48560.0";"2.34293"
"48570.0";"2.333609"
"48580.0";"2.289994"
"48590.0";"2.305901"
"48600.0";"2.362891"
"48610.0";"2.408345"
"48620.0";"2.4131"
"48630.0";"2.386184"
"48640.0";"2.37116"
"48650.0";"2.356559"
"48660.0";"2.44414"
"48670.0";"2.388511"
"48680.0";"2.457074"
"48690.0";"2.400941"
"48700.0";"2.368307"
"48710.0";"2.361407"
"48720.0";"2.481459"
"48730.0";"2.474317"
"48740.0";"2.499598"
"48750.0";"2.502348"
"48760.0";"2.513958"
"48770.0";"2.41354"
"48780.0";"2.45056"
"48790.0";"2.41756"
"48800.0";"2.3804"
"48810.0";"2.396946"
"48820.0";"2.403726"
"48830.0";"2.446963"
"48840.0";"2.493064"
"48850.0";"2.494366"
"48860.0";"2.444542"
"48870.0";"2.379211"
"48880.0";"2.408329"
"48890.0";"2.440234"
"48900.0";"2.493239"
"48910.0";"2.321671"
"48920.0";"2.474286"
"48930.0";"2.457597"
"48940.0";"2.386771"
"48950.0";"2.458158"
"48960.0";"2.481021"
"48970.0";"2.441156"
"48980.0";"2.430226"
"48990.0";"2.368002"
"49000.0";"2.414237"
"49010.0";"2.423647"
"49020.0";"2.333134"
"49030.0";"2.435945"
"49040.0";"2.356285"
"49050.0";"2.341936"
"49060.0";"2.344397"
"49070.0";"2.301361"
"49080.0";"2.368832"
"49090.0";"2.455501"
"49100.0";"2.408685"
"49110.0";"2.399581"
"49120.0";"2.380709"
"49130.0";"2.385047"
"49140.0";"2.401304"
"49150.0";"2.275621"
"49160.0";"2.363042"
"49170.0";"2.421141"
"49180.0";"2.284878"
"49190.0";"2.349539"
"49200.0";"2.442425"
"49210.0";"2.436203"
"49220.0";"2.46612"
"49230.0";"2.472185"
"49240.0";"2.440624"
"49250.0";"2.383481"
"49260.0";"2.409216"
"49270.0";"2.475407"
"49280.0";"2.507102"
"49290.0";"2.428896"
"49300.0";"2.468499"
"49310.0";"2.400399"
"49320.0";"2.365373"
"49330.0";"2.473729"
"49340.0";"2.466308"
"49350.0";"2.488669"
"49360.0";"2.524577"
"49370.0";"2.475518"
"49380.0";"2.405821"
"49390.0";"2.455243"
"49400.0";"2.458666"
"49410.0";"2.425004"
"49420.0";"2.339632"
"49430.0";"2.399696"
"49440.0";"2.393483"
"49450.0";"2.363637"
"49460.0";"2.338739"
"49470.0";"2.414381"
"49480.0";"2.394375"
"49490.0";"2.476047"
"49500.0";"2.369327"
"49510.0";"2.448051"
"49520.0";"2.460123"
"49530.0";"2.441896"
"49540.0";"2.367849"
"49550.0";"2.389421"
"49560.0";"2.423326"
"49570.0";"2.440106"
"49580.0";"2.39248"
"49590.0";"2.39601"
"49600.0";"2.385251"
"49610.0";"2.365497"
"49620.0";"2.377357"
"49630.0";"2.435406"
"49640.0";"2.457615"
"49650.0";"2.335691"
"49660.0";"2.381772"
"49670.0";"2.407315"
"49680.0";"2.228503"
"49690.0";"2.428854"
"49700.0";"2.318461"
"49710.0";"2.34833"
"49720.0";"2.406597"
"49730.0";"2.395875"
"49740.0";"2.35842"
"49750.0";"2.310014"
"49760.0";"2.360667"
"49770.0";"2.375166"
"49780.0";"2.492761"
"49790.0";"2.417687"
"49800.0";"2.356762"
"49810.0";"2.344045"
"49820.0";"2.364494"
"49830.0";"2.296774"
"49840.0";"2.289874"
"49850.0";"2.334639"
"49860.0";"2.283164"
"49870.0";"2.332432"
"49880.0";"2.373193"
"49890.0";"2.410974"
"49900.0";"2.353516"
"49910.0";"2.367031"
"49920.0";"2.375495"
"49930.0";"2.325052"
"49940.0";"2.467017"
"49950.0";"2.402363"
"49960.0";"2.374005"
"49970.0";"2.271326"
"49980.0";"2.433815"
"49990.0";"2.383066"
"50000.0";"2.235464"
"50010.0";"2.266404"
"50020.0";"2.388585"
"50030.0";"2.342776"
"50040.0";"2.383512"
"50050.0";"2.377241"
"50060.0";"2.350535"
"50070.0";"2.324991"
"50080.0";"2.22623"
"50090.0";"2.323742"
"50100.0";"2.37203"
"50110.0";"2.31708"
"50120.0";"2.36763"
"50130.0";"2.472116"
"50140.0";"2.309886"
"50150.0";"2.344008"
"50160.0";"2.353894"
"50170.0";"2.414203"
"50180.0";"2.355974"
"50190.0";"2.399502"
"50200.0";"2.304315"
"50210.0";"2.296039"
"50220.0";"2.440274"
"50230.0";"2.493303"
"50240.0";"2.376771"
"50250.0";"2.26306"
"50260.0";"2.312946"
"50270.0";"2.313505"
"50280.0";"2.308295"
"50290.0";"2.300999"
"50300.0";"2.315431"
"50310.0";"2.312556"
"50320.0";"2.354505"
"50330.0";"2.403647"
"50340.0";"2.369195"
"50350.0";"2.310292"
"50360.0";"2.439282"
"50370.0";"2.336684"
"50380.0";"2.31583"
"50390.0";"2.306892"
"50400.0";"2.390733"
"50410.0";"2.351606"
"50420.0";"2.350978"
"50430.0";"2.416695"
"50440.0";"2.444641"
"50450.0";"2.442004"
"50460.0";"2.39903"
"50470.0";"2.290509"
"50480.0";"2.345004"
"50490.0";"2.342335"
"50500.0";"2.377172"
"50510.0";"2.30912"
"50520.0";"2.354043"
"50530.0";"2.321271"
"50540.0";"2.378463"
"50550.0";"2.390034"
"50560.0";"2.312096"
"50570.0";"2.309579"
"50580.0";"2.403793"
"50590.0";"2.340947"
"50600.0";"2.388674"
"50610.0";"2.454313"
"50620.0";"2.453314"
"50630.0";"2.338655"
"50640.0";"2.365684"
"50650.0";"2.367047"
"50660.0";"2.345338"
"50670.0";"2.303339"
"50680.0";"2.289005"
"50690.0";"2.318043"
"50700.0";"2.343668"
"50710.0";"2.294044"
"50720.0";"2.297198"
"50730.0";"2.398932"
"50740.0";"2.354358"
"50750.0";"2.351489"
"50760.0";"2.427342"
"50770.0";"2.462484"
"50780.0";"2.434175"
"50790.0";"2.284598"
"50800.0";"2.266505"
"50810.0";"2.315494"
"50820.0";"2.340323"
"50830.0";"2.349938"
"50840.0";"2.290319"
"50850.0";"2.333005"
"50860.0";"2.329084"
"50870.0";"2.260898"
"50880.0";"2.311287"
"50890.0";"2.264107"
"50900.0";"2.341876"
"50910.0";"2.322671"
"50920.0";"2.304258"
"50930.0";"2.357743"
"50940.0";"2.417748"
"50950.0";"2.397757"
"50960.0";"2.405335"
"50970.0";"2.29228"
"50980.0";"2.277409"
"50990.0";"2.256326"
"51000.0";"2.289116"
"51010.0";"2.292849"
"51020.0";"2.229855"
"51030.0";"2.282763"
"51040.0";"2.366375"
"51050.0";"2.342818"
"51060.0";"2.311866"
"51070.0";"2.321997"
"51080.0";"2.315859"
"51090.0";"2.39392"
"51100.0";"2.332769"
"51110.0";"2.431834"
"51120.0";"2.285157"
"51130.0";"2.222333"
"51140.0";"2.342385"
"51150.0";"2.402156"
"51160.0";"2.343723"
"51170.0";"2.359195"
"51180.0";"2.359434"
"51190.0";"2.299121"
"51200.0";"2.286409"
"51210.0";"2.365285"
"51220.0";"2.34176"
"51230.0";"2.345342"
"51240.0";"2.373216"
"51250.0";"2.328908"
"51260.0";"2.435614"
"51270.0";"2.337919"
"51280.0";"2.309336"
"51290.0";"2.388905"
"51300.0";"2.320788"
"51310.0";"2.418922"
"51320.0";"2.299458"
"51330.0";"2.390589"
"51340.0";"2.413253"
"51350.0";"2.255827"
"51360.0";"2.315757"
"51370.0";"2.366109"
"51380.0";"2.357654"
"51390.0";"2.379836"
"51400.0";"2.357918"
"51410.0";"2.349076"
"51420.0";"2.385411"
"51430.0";"2.347161"
"51440.0";"2.368233"
"51450.0";"2.286139"
"51460.0";"2.415615"
"51470.0";"2.345655"
"51480.0";"2.327603"
"51490.0";"2.343573"
"51500.0";"2.310724"
"51510.0";"2.440727"
"51520.0";"2.447156"
"51530.0";"2.296833"
"51540.0";"2.320345"
"51550.0";"2.314825"
"51560.0";"2.30403"
"51570.0";"2.399065"
"51580.0";"2.266732"
"51590.0";"2.407573"
"51600.0";"2.400446"
"51610.0";"2.430186"
"51620.0";"2.467605"
"51630.0";"2.342415"
"51640.0";"2.365855"
"51650.0";"2.464966"
"51660.0";"2.458174"
"51670.0";"2.362562"
"51680.0";"2.334228"
"51690.0";"2.351229"
"51700.0";"2.316592"
"51710.0";"2.39778"
"51720.0";"2.297953"
"51730.0";"2.298387"
"51740.0";"2.259041"
"51750.0";"2.284952"
"51760.0";"2.317566"
"51770.0";"2.357619"
"51780.0";"2.370867"
"51790.0";"2.330947"
"51800.0";"2.327154"
"51810.0";"2.40554"
"51820.0";"2.407465"
"51830.0";"2.351937"
"51840.0";"2.381567"
"51850.0";"2.290733"
"51860.0";"2.387645"
"51870.0";"2.326251"
"51880.0";"2.343631"
"51890.0";"2.291443"
"51900.0";"2.291811"
"51910.0";"2.312489"
"51920.0";"2.249893"
"51930.0";"2.423808"
"51940.0";"2.304035"
"51950.0";"2.338828"
"51960.0";"2.416925"
"51970.0";"2.31243"
"51980.0";"2.380248"
"51990.0";"2.308176"
"52000.0";"2.2863"
"52010.0";"2.23827"
"52020.0";"2.309325"
"52030.0";"2.40276"
"52040.0";"2.402413"
"52050.0";"2.331463"
"52060.0";"2.295707"
"52070.0";"2.387151"
"52080.0";"2.347705"
"52090.0";"2.332143"
"52100.0";"2.238221"
"52110.0";"2.322789"
"52120.0";"2.33233"
"52130.0";"2.288422"
"52140.0";"2.348929"
"52150.0";"2.25016"
"52160.0";"2.297085"
"52170.0";"2.22491"
"52180.0";"2.28257"
"52190.0";"2.305339"
"52200.0";"2.328791"
"52210.0";"2.243422"
"52220.0";"2.335982"
"52230.0";"2.3923"
"52240.0";"2.422082"
"52250.0";"2.311409"
"52260.0";"2.27005"
"52270.0";"2.278486"
"52280.0";"2.286507"
"52290.0";"2.408686"
"52300.0";"2.351058"
"52310.0";"2.315051"
"52320.0";"2.308034"
"52330.0";"2.421357"
"52340.0";"2.348922"
"52350.0";"2.334371"
"52360.0";"2.390553"
"52370.0";"2.324943"
"52380.0";"2.355896"
"52390.0";"2.272252"
"52400.0";"2.2675"
"52410.0";"2.271249"
"52420.0";"2.304006"
"52430.0";"2.313417"
"52440.0";"2.336175"
"52450.0";"2.381678"
"52460.0";"2.313807"
"52470.0";"2.341787"
"52480.0";"2.325292"
"52490.0";"2.268135"
"52500.0";"2.368994"
"52510.0";"2.316748"
"52520.0";"2.292114"
"52530.0";"2.268044"
"52540.0";"2.299631"
"52550.0";"2.332743"
"52560.0";"2.444877"
"52570.0";"2.311747"
"52580.0";"2.315594"
"52590.0";"2.278235"
"52600.0";"2.261777"
"52610.0";"2.323785"
"52620.0";"2.315892"
"52630.0";"2.283144"
"52640.0";"2.313187"
"52650.0";"2.428526"
"52660.0";"2.379395"
"52670.0";"2.319024"
"52680.0";"2.378321"
"52690.0";"2.338363"
"52700.0";"2.260625"
"52710.0";"2.36999"
"52720.0";"2.347023"
"52730.0";"2.334292"
"52740.0";"2.333622"
"52750.0";"2.275154"
"52760.0";"2.308203"
"52770.0";"2.309021"
"52780.0";"2.293633"
"52790.0";"2.263365"
"52800.0";"2.293452"
"52810.0";"2.340317"
"52820.0";"2.387859"
"52830.0";"2.374095"
"52840.0";"2.352887"
"52850.0";"2.328223"
"52860.0";"2.371426"
"52870.0";"2.391043"
"52880.0";"2.398074"
"52890.0";"2.370638"
"52900.0";"2.323802"
"52910.0";"2.317035"
"52920.0";"2.326261"
"52930.0";"2.334798"
"52940.0";"2.283518"
"52950.0";"2.379627"
"52960.0";"2.407625"
"52970.0";"2.445899"
"52980.0";"2.41012"
"52990.0";"2.451951"
"53000.0";"2.37378"
"53010.0";"2.376634"
"53020.0";"2.330285"
"53030.0";"2.342204"
"53040.0";"2.378544"
"53050.0";"2.386104"
"53060.0";"2.376447"
"53070.0";"2.365181"
"53080.0";"2.360406"
"53090.0";"2.234307"
"53100.0";"2.260893"
"53110.0";"2.268698"
"53120.0";"2.28933"
"53130.0";"2.259706"
"53140.0";"2.382244"
"53150.0";"2.469608"
"53160.0";"2.318028"
"53170.0";"2.377784"
"53180.0";"2.287554"
"53190.0";"2.26421"
"53200.0";"2.386687"
"53210.0";"2.320011"
"53220.0";"2.285988"
"53230.0";"2.350631"
"53240.0";"2.374108"
"53250.0";"2.307148"
"53260.0";"2.325385"
"53270.0";"2.361269"
"53280.0";"2.322299"
"53290.0";"2.348493"
"53300.0";"2.335647"
"53310.0";"2.304489"
"53320.0";"2.215381"
"53330.0";"2.273861"
"53340.0";"2.266487"
"53350.0";"2.281618"
"53360.0";"2.301241"
"53370.0";"2.237938"
"53380.0";"2.2502"
"53390.0";"2.379519"
"53400.0";"2.355646"
"53410.0";"2.411422"
"53420.0";"2.305507"
"53430.0";"2.359982"
"53440.0";"2.282497"
"53450.0";"2.342044"
"53460.0";"2.304995"
"53470.0";"2.351871"
"53480.0";"2.366757"
"53490.0";"2.298874"
"53500.0";"2.352154"
"53510.0";"2.318896"
"53520.0";"2.345208"
"53530.0";"2.240679"
"53540.0";"2.401031"
"53550.0";"2.307605"
"53560.0";"2.296993"
"53570.0";"2.331887"
"53580.0";"2.28495"
"53590.0";"2.367747"
"53600.0";"2.41139"
"53610.0";"2.281018"
"53620.0";"2.305313"
"53630.0";"2.339295"
"53640.0";"2.352934"
"53650.0";"2.319975"
"53660.0";"2.423924"
"53670.0";"2.317447"
"53680.0";"2.35593"
"53690.0";"2.310805"
"53700.0";"2.277408"
"53710.0";"2.297499"
"53720.0";"2.31436"
"53730.0";"2.303965"
"53740.0";"2.252874"
"53750.0";"2.229463"
"53760.0";"2.284793"
"53770.0";"2.324711"
"53780.0";"2.297405"
"53790.0";"2.244684"
"53800.0";"2.316893"
"53810.0";"2.430386"
"53820.0";"2.333402"
"53830.0";"2.289715"
"53840.0";"2.311214"
"53850.0";"2.389589"
"53860.0";"2.329461"
"53870.0";"2.396581"
"53880.0";"2.362424"
"53890.0";"2.257873"
"53900.0";"2.405342"
"53910.0";"2.322866"
"53920.0";"2.317015"
"53930.0";"2.333247"
"53940.0";"2.323848"
"53950.0";"2.272051"
"53960.0";"2.214762"
"53970.0";"2.373047"
"53980.0";"2.358871"
"53990.0";"2.321364"
"54000.0";"2.3106"
"54010.0";"2.267203"
"54020.0";"2.29433"
"54030.0";"2.390817"
"54040.0";"2.358145"
"54050.0";"2.345793"
"54060.0";"2.344443"
"54070.0";"2.404372"
"54080.0";"2.384131"
"54090.0";"2.373682"
"54100.0";"2.290819"
"54110.0";"2.291911"
"54120.0";"2.305214"
"54130.0";"2.357232"
"54140.0";"2.3583"
"54150.0";"2.25169"
"54160.0";"2.275083"
"54170.0";"2.347673"
"54180.0";"2.366697"
"54190.0";"2.269223"
"54200.0";"2.373876"
"54210.0";"2.364693"
"54220.0";"2.351043"
"54230.0";"2.398278"
"54240.0";"2.334044"
"54250.0";"2.397923"
"54260.0";"2.388121"
"54270.0";"2.342218"
"54280.0";"2.32346"
"54290.0";"2.294262"
"54300.0";"2.27966"
"54310.0";"2.389238"
"54320.0";"2.334175"
"54330.0";"2.238534"
"54340.0";"2.2831"
"54350.0";"2.380847"
"54360.0";"2.343612"
"54370.0";"2.302042"
"54380.0";"2.243172"
"54390.0";"2.262044"
"54400.0";"2.310974"
"54410.0";"2.258637"
"54420.0";"2.295033"
"54430.0";"2.393747"
"54440.0";"2.319852"
"54450.0";"2.310857"
"54460.0";"2.314682"
"54470.0";"2.30038"
"54480.0";"2.288917"
"54490.0";"2.383834"
"54500.0";"2.330258"
"54510.0";"2.342233"
"54520.0";"2.329315"
"54530.0";"2.307473"
"54540.0";"2.347684"
"54550.0";"2.32248"
"54560.0";"2.275478"
"54570.0";"2.275216"
"54580.0";"2.385728"
"54590.0";"2.319399"
"54600.0";"2.325738"
"54610.0";"2.3184"
"54620.0";"2.300961"
"54630.0";"2.36744"
"54640.0";"2.28501"
"54650.0";"2.25348"
"54660.0";"2.3488"
"54670.0";"2.35076"
"54680.0";"2.316447"
"54690.0";"2.327973"
"54700.0";"2.346761"
"54710.0";"2.34126"
"54720.0";"2.302193"
"54730.0";"2.36833"
"54740.0";"2.277653"
"54750.0";"2.304116"
"54760.0";"2.325736"
"54770.0";"2.365418"
"54780.0";"2.325636"
"54790.0";"2.353166"
"54800.0";"2.393796"
"54810.0";"2.27685"
"54820.0";"2.249619"
"54830.0";"2.258273"
"54840.0";"2.321838"
"54850.0";"2.266121"
"54860.0";"2.437657"
"54870.0";"2.356798"
"54880.0";"2.299754"
"54890.0";"2.363507"
"54900.0";"2.350347"
"54910.0";"2.244393"
"54920.0";"2.257264"
"54930.0";"2.325485"
"54940.0";"2.41802"
"54950.0";"2.344066"
"54960.0";"2.371333"
"54970.0";"2.349774"
"54980.0";"2.441903"
"54990.0";"2.436779"
"55000.0";"2.492175"
"55010.0";"2.443705"
"55020.0";"2.461627"
"55030.0";"2.48497"
"55040.0";"2.384927"
"55050.0";"2.496804"
"55060.0";"2.550659"
"55070.0";"2.436738"
"55080.0";"2.51083"
"55090.0";"2.476406"
"55100.0";"2.45181"
"55110.0";"2.423334"
"55120.0";"2.399448"
"55130.0";"2.470612"
"55140.0";"2.543231"
"55150.0";"2.433208"
"55160.0";"2.489918"
"55170.0";"2.493657"
"55180.0";"2.454326"
"55190.0";"2.479539"
"55200.0";"2.436352"
"55210.0";"2.500216"
"55220.0";"2.410774"
"55230.0";"2.501076"
"55240.0";"2.399127"
"55250.0";"2.468808"
"55260.0";"2.471461"
"55270.0";"2.452253"
"55280.0";"2.452113"
"55290.0";"2.454122"
"55300.0";"2.414521"
"55310.0";"2.479929"
"55320.0";"2.454216"
"55330.0";"2.494545"
"55340.0";"2.489544"
"55350.0";"2.375564"
"55360.0";"2.455549"
"55370.0";"2.483699"
"55380.0";"2.438874"
"55390.0";"2.465667"
"55400.0";"2.425189"
"55410.0";"2.473492"
"55420.0";"2.39624"
"55430.0";"2.396426"
"55440.0";"2.399829"
"55450.0";"2.458537"
"55460.0";"2.399138"
"55470.0";"2.385039"
"55480.0";"2.473116"
"55490.0";"2.432522"
"55500.0";"2.3759"
"55510.0";"2.423538"
"55520.0";"2.406233"
"55530.0";"2.376964"
"55540.0";"2.403154"
"55550.0";"2.414521"
"55560.0";"2.396927"
"55570.0";"2.454497"
"55580.0";"2.459283"
"55590.0";"2.415407"
"55600.0";"2.459263"
"55610.0";"2.422727"
"55620.0";"2.387476"
"55630.0";"2.395258"
"55640.0";"2.431402"
"55650.0";"2.382362"
"55660.0";"2.345129"
"55670.0";"2.337131"
"55680.0";"2.356705"
"55690.0";"2.329853"
"55700.0";"2.407771"
"55710.0";"2.408655"
"55720.0";"2.389922"
"55730.0";"2.432575"
"55740.0";"2.398856"
"55750.0";"2.40322"
"55760.0";"2.444107"
"55770.0";"2.415435"
"55780.0";"2.411584"
"55790.0";"2.423727"
"55800.0";"2.426133"
"55810.0";"2.43909"
"55820.0";"2.380472"
"55830.0";"2.322841"
"55840.0";"2.314986"
"55850.0";"2.43399"
"55860.0";"2.3969"
"55870.0";"2.398376"
"55880.0";"2.363697"
"55890.0";"2.360251"
"55900.0";"2.336615"
"55910.0";"2.330017"
"55920.0";"2.346223"
"55930.0";"2.372916"
"55940.0";"2.444313"
"55950.0";"2.431479"
"55960.0";"2.513129"
"55970.0";"2.404792"
"55980.0";"2.354045"
"55990.0";"2.46149"
"56000.0";"2.357032"
"56010.0";"2.367541"
"56020.0";"2.37181"
"56030.0";"2.299736"
"56040.0";"2.429387"
"56050.0";"2.403325"
"56060.0";"2.418448"
"56070.0";"2.393941"
"56080.0";"2.365516"
"56090.0";"2.418736"
"56100.0";"2.314481"
"56110.0";"2.310076"
"56120.0";"2.401038"
"56130.0";"2.388879"
"56140.0";"2.395693"
"56150.0";"2.46798"
"56160.0";"2.464551"
"56170.0";"2.419966"
"56180.0";"2.353395"
"56190.0";"2.502009"
"56200.0";"2.437823"
"56210.0";"2.312529"
"56220.0";"2.417075"
"56230.0";"2.381635"
"56240.0";"2.454032"
"56250.0";"2.427864"
"56260.0";"2.396428"
"56270.0";"2.404283"
"56280.0";"2.339965"
"56290.0";"2.317091"
"56300.0";"2.378108"
"56310.0";"2.381063"
"56320.0";"2.358807"
"56330.0";"2.328857"
"56340.0";"2.296761"
"56350.0";"2.411513"
"56360.0";"2.398201"
"56370.0";"2.397713"
"56380.0";"2.355216"
"56390.0";"2.399027"
"56400.0";"2.41207"
"56410.0";"2.333179"
"56420.0";"2.387426"
"56430.0";"2.337678"
"56440.0";"2.301891"
"56450.0";"2.436002"
"56460.0";"2.50783"
"56470.0";"2.388977"
"56480.0";"2.459506"
"56490.0";"2.505867"
"56500.0";"2.462159"
"56510.0";"2.466344"
"56520.0";"2.470942"
"56530.0";"2.420208"
"56540.0";"2.484331"
"56550.0";"2.473861"
"56560.0";"2.493361"
"56570.0";"2.51562"
"56580.0";"2.478055"
"56590.0";"2.396842"
"56600.0";"2.432315"
"56610.0";"2.498923"
"56620.0";"2.417566"
"56630.0";"2.377602"
"56640.0";"2.443636"
"56650.0";"2.286678"
"56660.0";"2.396119"
"56670.0";"2.377704"
"56680.0";"2.349557"
"56690.0";"2.248025"
"56700.0";"2.303046"
"56710.0";"2.380609"
"56720.0";"2.300423"
"56730.0";"2.439608"
"56740.0";"2.370071"
"56750.0";"2.325083"
"56760.0";"2.33669"
"56770.0";"2.337965"
"56780.0";"2.314091"
"56790.0";"2.281054"
"56800.0";"2.481207"
"56810.0";"2.294043"
"56820.0";"2.448133"
"56830.0";"2.293906"
"56840.0";"2.359501"
"56850.0";"2.438076"
"56860.0";"2.413639"
"56870.0";"2.307857"
"56880.0";"2.337202"
"56890.0";"2.321431"
"56900.0";"2.254932"
"56910.0";"2.255227"
"56920.0";"2.342846"
"56930.0";"2.225536"
"56940.0";"2.30761"
"56950.0";"2.293257"
"56960.0";"2.337771"
"56970.0";"2.343413"
"56980.0";"2.412723"
"56990.0";"2.33563"
"57000.0";"2.298637"
"57010.0";"2.356261"
"57020.0";"2.415977"
"57030.0";"2.352835"
"57040.0";"2.371501"
"57050.0";"2.430717"
"57060.0";"2.323093"
"57070.0";"2.307377"
"57080.0";"2.457336"
"57090.0";"2.315173"
"57100.0";"2.315316"
"57110.0";"2.224995"
"57120.0";"2.331724"
"57130.0";"2.373677"
"57140.0";"2.347733"
"57150.0";"2.337549"
"57160.0";"2.345601"
"57170.0";"2.3749"
"57180.0";"2.436178"
"57190.0";"2.441989"
"57200.0";"2.327715"
"57210.0";"2.280006"
"57220.0";"2.295041"
"57230.0";"2.335627"
"57240.0";"2.370465"
"57250.0";"2.332328"
"57260.0";"2.34054"
"57270.0";"2.321769"
"57280.0";"2.461009"
"57290.0";"2.388366"
"57300.0";"2.268859"
"57310.0";"2.399767"
"57320.0";"2.313523"
"57330.0";"2.322481"
"57340.0";"2.394735"
"57350.0";"2.388149"
"57360.0";"2.47475"
"57370.0";"2.329329"
"57380.0";"2.320437"
"57390.0";"2.251555"
"57400.0";"2.39594"
"57410.0";"2.357515"
"57420.0";"2.419499"
"57430.0";"2.336237"
"57440.0";"2.46744"
"57450.0";"2.383572"
"57460.0";"2.235073"
"57470.0";"2.336886"
"57480.0";"2.298139"
"57490.0";"2.317963"
"57500.0";"2.311722"
"57510.0";"2.282456"
"57520.0";"2.380634"
"57530.0";"2.383497"
"57540.0";"2.25083"
"57550.0";"2.317698"
"57560.0";"2.356862"
"57570.0";"2.308548"
"57580.0";"2.322948"
"57590.0";"2.259477"
"57600.0";"2.236564"
"57610.0";"2.357521"
"57620.0";"2.322113"
"57630.0";"2.343115"
"57640.0";"2.338576"
"57650.0";"2.274848"
"57660.0";"2.40354"
"57670.0";"2.356437"
"57680.0";"2.266379"
"57690.0";"2.240202"
"57700.0";"2.284518"
"57710.0";"2.361947"
"57720.0";"2.298974"
"57730.0";"2.318802"
"57740.0";"2.386137"
"57750.0";"2.279728"
"57760.0";"2.37527"
"57770.0";"2.393234"
"57780.0";"2.323796"
"57790.0";"2.389558"
"57800.0";"2.407359"
"57810.0";"2.293704"
"57820.0";"2.282001"
"57830.0";"2.302487"
"57840.0";"2.264653"
"57850.0";"2.328683"
"57860.0";"2.372844"
"57870.0";"2.328779"
"57880.0";"2.285045"
"57890.0";"2.380414"
"57900.0";"2.344083"
"57910.0";"2.370723"
"57920.0";"2.338223"
"57930.0";"2.300312"
"57940.0";"2.202098"
"57950.0";"2.337679"
"57960.0";"2.259847"
"57970.0";"2.346324"
"57980.0";"2.309849"
"57990.0";"2.199431"
"58000.0";"2.319372"
"58010.0";"2.327932"
"58020.0";"2.300596"
"58030.0";"2.31069"
"58040.0";"2.39281"
"58050.0";"2.293967"
"58060.0";"2.34037"
"58070.0";"2.396008"
"58080.0";"2.354902"
"58090.0";"2.368676"
"58100.0";"2.378731"
"58110.0";"2.362766"
"58120.0";"2.32403"
"58130.0";"2.274796"
"58140.0";"2.405314"
"58150.0";"2.38367"
"58160.0";"2.393779"
"58170.0";"2.327953"
"58180.0";"2.376396"
"58190.0";"2.296894"
"58200.0";"2.376683"
"58210.0";"2.375579"
"58220.0";"2.316369"
"58230.0";"2.334219"
"58240.0";"2.293679"
"58250.0";"2.277335"
"58260.0";"2.340477"
"58270.0";"2.301418"
"58280.0";"2.38113"
"58290.0";"2.382962"
"58300.0";"2.309527"
"58310.0";"2.415322"
"58320.0";"2.2983"
"58330.0";"2.365188"
"58340.0";"2.366952"
"58350.0";"2.354695"
"58360.0";"2.365022"
"58370.0";"2.406857"
"58380.0";"2.424469"
"58390.0";"2.368866"
"58400.0";"2.345233"
"58410.0";"2.290784"
"58420.0";"2.379867"
"58430.0";"2.328397"
"58440.0";"2.419516"
"58450.0";"2.271718"
"58460.0";"2.31358"
"58470.0";"2.356773"
"58480.0";"2.368871"
"58490.0";"2.309166"
"58500.0";"2.339505"
"58510.0";"2.366631"
"58520.0";"2.351748"
"58530.0";"2.374449"
"58540.0";"2.26635"
"58550.0";"2.247586"
"58560.0";"2.307531"
"58570.0";"2.339789"
"58580.0";"2.409882"
"58590.0";"2.355516"
"58600.0";"2.298624"
"58610.0";"2.424304"
"58620.0";"2.365775"
"58630.0";"2.286635"
"58640.0";"2.292873"
"58650.0";"2.285996"
"58660.0";"2.386145"
"58670.0";"2.357744"
"58680.0";"2.347141"
"58690.0";"2.339561"
"58700.0";"2.320887"
"58710.0";"2.36344"
"58720.0";"2.312266"
"58730.0";"2.355947"
"58740.0";"2.324722"
"58750.0";"2.311866"
"58760.0";"2.328044"
"58770.0";"2.427474"
"58780.0";"2.297149"
"58790.0";"2.369025"
"58800.0";"2.354282"
"58810.0";"2.393932"
"58820.0";"2.427045"
"58830.0";"2.395925"
"58840.0";"2.368523"
"58850.0";"2.351735"
"58860.0";"2.325254"
"58870.0";"2.414657"
"58880.0";"2.361858"
"58890.0";"2.367982"
"58900.0";"2.282765"
"58910.0";"2.382145"
"58920.0";"2.314178"
"58930.0";"2.446183"
"58940.0";"2.262327"
"58950.0";"2.300397"
"58960.0";"2.283132"
"58970.0";"2.29951"
"58980.0";"2.276834"
"58990.0";"2.316377"
"59000.0";"2.25245"
"59010.0";"2.415908"
"59020.0";"2.43726"
"59030.0";"2.43595"
"59040.0";"2.393152"
"59050.0";"2.414456"
"59060.0";"2.472562"
"59070.0";"2.433902"
"59080.0";"2.375171"
"59090.0";"2.462879"
"59100.0";"2.3918"
"59110.0";"2.405058"
"59120.0";"2.445114"
"59130.0";"2.518014"
"59140.0";"2.563282"
"59150.0";"2.439332"
"59160.0";"2.538363"
"59170.0";"2.490626"
"59180.0";"2.446929"
"59190.0";"2.404633"
"59200.0";"2.502308"
"59210.0";"2.535627"
"59220.0";"2.402026"
"59230.0";"2.518813"
"59240.0";"2.49547"
"59250.0";"2.441085"
"59260.0";"2.516992"
"59270.0";"2.526787"
"59280.0";"2.452837"
"59290.0";"2.390948"
"59300.0";"2.485476"
"59310.0";"2.498382"
"59320.0";"2.600424"
"59330.0";"2.517246"
"59340.0";"2.531476"
"59350.0";"2.49706"
"59360.0";"2.477876"
"59370.0";"2.539587"
"59380.0";"2.487415"
"59390.0";"2.481654"
"59400.0";"2.40925"
"59410.0";"2.49022"
"59420.0";"2.443724"
"59430.0";"2.561057"
"59440.0";"2.477874"
"59450.0";"2.500544"
"59460.0";"2.479386"
"59470.0";"2.61562"
"59480.0";"2.570686"
"59490.0";"2.507415"
"59500.0";"2.399307"
"59510.0";"2.461525"
"59520.0";"2.443583"
"59530.0";"2.43989"
"59540.0";"2.475165"
"59550.0";"2.410093"
"59560.0";"2.517424"
"59570.0";"2.48766"
"59580.0";"2.568627"
"59590.0";"2.53344"
"59600.0";"2.478574"
"59610.0";"2.450307"
"59620.0";"2.50732"
"59630.0";"2.466013"
"59640.0";"2.492286"
"59650.0";"2.469553"
"59660.0";"2.476925"
"59670.0";"2.511261"
"59680.0";"2.482939"
"59690.0";"2.478766"
"59700.0";"2.462406"
"59710.0";"2.487209"
"59720.0";"2.433007"
"59730.0";"2.469781"
"59740.0";"2.515414"
"59750.0";"2.466017"
"59760.0";"2.596835"
"59770.0";"2.495376"
"59780.0";"2.54583"
"59790.0";"2.483762"
"59800.0";"2.427191"
"59810.0";"2.51873"
"59820.0";"2.52562"
"59830.0";"2.484974"
"59840.0";"2.479074"
"59850.0";"2.406957"
"59860.0";"2.508231"
"59870.0";"2.434345"
"59880.0";"2.463835"
"59890.0";"2.443731"
"59900.0";"2.484055"
"59910.0";"2.448473"
"59920.0";"2.488754"
"59930.0";"2.401012"
"59940.0";"2.469804"
"59950.0";"2.46909"
"59960.0";"2.543125"
"59970.0";"2.507712"
"59980.0";"2.467146"
"59990.0";"2.45949"
"60000.0";"2.422584"
"60010.0";"2.539566"
"60020.0";"2.452242"
"60030.0";"2.489367"
"60040.0";"2.484646"
"60050.0";"2.498066"
"60060.0";"2.468868"
"60070.0";"2.518498"
"60080.0";"2.494146"
"60090.0";"2.501135"
"60100.0";"2.473936"
"60110.0";"2.552399"
"60120.0";"2.50448"
"60130.0";"2.482955"
"60140.0";"2.484368"
"60150.0";"2.523746"
"60160.0";"2.480819"
"60170.0";"2.46845"
"60180.0";"2.466595"
"60190.0";"2.48173"
"60200.0";"2.411503"
"60210.0";"2.492669"
"60220.0";"2.475451"
"60230.0";"2.464085"
"60240.0";"2.496808"
"60250.0";"2.42179"
"60260.0";"2.408148"
"60270.0";"2.536258"
"60280.0";"2.454603"
"60290.0";"2.578168"
"60300.0";"2.428652"
"60310.0";"2.472182"
"60320.0";"2.526925"
"60330.0";"2.459888"
"60340.0";"2.416497"
"60350.0";"2.470917"
"60360.0";"2.506363"
"60370.0";"2.447252"
"60380.0";"2.4388"
"60390.0";"2.466575"
"60400.0";"2.567618"
"60410.0";"2.497922"
"60420.0";"2.460065"
"60430.0";"2.497763"
"60440.0";"2.532921"
"60450.0";"2.461549"
"60460.0";"2.457728"
"60470.0";"2.454998"
"60480.0";"2.51068"
"60490.0";"2.51728"
"60500.0";"2.437988"
"60510.0";"2.534899"
"60520.0";"2.439423"
"60530.0";"2.46748"
"60540.0";"2.580381"
"60550.0";"2.490937"
"60560.0";"2.451648"
"60570.0";"2.484571"
"60580.0";"2.495297"
"60590.0";"2.471668"
"60600.0";"2.508394"
"60610.0";"2.480303"
"60620.0";"2.40136"
"60630.0";"2.497894"
"60640.0";"2.486169"
"60650.0";"2.536478"
"60660.0";"2.463512"
"60670.0";"2.565236"
"60680.0";"2.535031"
"60690.0";"2.547786"
"60700.0";"2.359424"
"60710.0";"2.506788"
"60720.0";"2.444197"
"60730.0";"2.406377"
"60740.0";"2.529089"
"60750.0";"2.482706"
"60760.0";"2.436171"
"60770.0";"2.539634"
"60780.0";"2.44828"
"60790.0";"2.493795"
"60800.0";"2.499314"
"60810.0";"2.5152"
"60820.0";"2.509064"
"60830.0";"2.44729"
"60840.0";"2.533545"
"60850.0";"2.504528"
"60860.0";"2.481426"
"60870.0";"2.510792"
"60880.0";"2.499769"
"60890.0";"2.506158"
"60900.0";"2.472975"
"60910.0";"2.45429"
"60920.0";"2.446674"
"60930.0";"2.451934"
"60940.0";"2.483479"
"60950.0";"2.487599"
"60960.0";"2.464974"
"60970.0";"2.509124"
"60980.0";"2.407865"
"60990.0";"2.440276"
"61000.0";"2.475207"
"61010.0";"2.435031"
"61020.0";"2.462657"
"61030.0";"2.526833"
"61040.0";"2.477341"
"61050.0";"2.480561"
"61060.0";"2.482519"
"61070.0";"2.416398"
"61080.0";"2.463398"
"61090.0";"2.498156"
"61100.0";"2.503688"
"61110.0";"2.454062"
"61120.0";"2.523277"
"61130.0";"2.521735"
"61140.0";"2.392741"
"61150.0";"2.485198"
"61160.0";"2.430863"
"61170.0";"2.533748"
"61180.0";"2.548102"
"61190.0";"2.468816"
"61200.0";"2.475245"
"61210.0";"2.572094"
"61220.0";"2.480894"
"61230.0";"2.504855"
"61240.0";"2.446595"
"61250.0";"2.419109"
"61260.0";"2.43068"
"61270.0";"2.51456"
"61280.0";"2.521551"
"61290.0";"2.438551"
"61300.0";"2.502894"
"61310.0";"2.557947"
"61320.0";"2.527122"
"61330.0";"2.484188"
"61340.0";"2.52833"
"61350.0";"2.493511"
"61360.0";"2.448505"
"61370.0";"2.473836"
"61380.0";"2.572364"
"61390.0";"2.544923"
"61400.0";"2.500484"
"61410.0";"2.472275"
"61420.0";"2.475008"
"61430.0";"2.516845"
"61440.0";"2.432169"
"61450.0";"2.507719"
"61460.0";"2.541133"
"61470.0";"2.476717"
"61480.0";"2.47203"
"61490.0";"2.512821"
"61500.0";"2.465187"
"61510.0";"2.481835"
"61520.0";"2.508676"
"61530.0";"2.480363"
"61540.0";"2.504094"
"61550.0";"2.475726"
"61560.0";"2.42496"
"61570.0";"2.539939"
"61580.0";"2.471295"
"61590.0";"2.505306"
"61600.0";"2.444322"
"61610.0";"2.434543"
"61620.0";"2.520326"
"61630.0";"2.468858"
"61640.0";"2.443599"
"61650.0";"2.495614"
"61660.0";"2.495909"
"61670.0";"2.494319"
"61680.0";"2.507622"
"61690.0";"2.463436"
"61700.0";"2.518901"
"61710.0";"2.353722"
"61720.0";"2.462483"
"61730.0";"2.470349"
"61740.0";"2.348631"
"61750.0";"2.263786"
"61760.0";"2.330302"
"61770.0";"2.481784"
"61780.0";"2.519775"
"61790.0";"2.47271"
"61800.0";"2.529251"
"61810.0";"2.479595"
"61820.0";"2.43359"
"61830.0";"2.478298"
"61840.0";"2.475341"
"61850.0";"2.473136"
"61860.0";"2.511667"
"61870.0";"2.442232"
"61880.0";"2.464401"
"61890.0";"2.47149"
"61900.0";"2.418203"
"61910.0";"2.418745"
"61920.0";"2.288039"
"61930.0";"2.363842"
"61940.0";"2.279987"
"61950.0";"2.316008"
"61960.0";"2.323434"
"61970.0";"2.544427"
"61980.0";"2.388369"
"61990.0";"2.481014"
"62000.0";"2.459498"
"62010.0";"2.459447"
"62020.0";"2.501314"
"62030.0";"2.464071"
"62040.0";"2.506569"
"62050.0";"2.537966"
"62060.0";"2.479034"
"62070.0";"2.459429"
"62080.0";"2.466128"
"62090.0";"2.529168"
"62100.0";"2.461557"
"62110.0";"2.518926"
"62120.0";"2.48083"
"62130.0";"2.45103"
"62140.0";"2.498671"
"62150.0";"2.473208"
"62160.0";"2.484263"
"62170.0";"2.403554"
"62180.0";"2.480304"
"62190.0";"2.468061"
"62200.0";"2.408651"
"62210.0";"2.457605"
"62220.0";"2.517372"
"62230.0";"2.462981"
"62240.0";"2.41253"
"62250.0";"2.444832"
"62260.0";"2.355889"
"62270.0";"2.346474"
"62280.0";"2.366482"
"62290.0";"2.404487"
"62300.0";"2.427859"
"62310.0";"2.417716"
"62320.0";"2.419006"
"62330.0";"2.439504"
"62340.0";"2.447264"
"62350.0";"2.471447"
"62360.0";"2.45705"
"62370.0";"2.45162"
"62380.0";"2.518253"
"62390.0";"2.484725"
"62400.0";"2.489387"
"62410.0";"2.427793"
"62420.0";"2.433583"
"62430.0";"2.343236"
"62440.0";"2.28447"
"62450.0";"2.312726"
"62460.0";"2.360216"
"62470.0";"2.369012"
"62480.0";"2.375004"
"62490.0";"2.376329"
"62500.0";"2.360769"
"62510.0";"2.412332"
"62520.0";"2.355401"
"62530.0";"2.370031"
"62540.0";"2.356541"
"62550.0";"2.315726"
"62560.0";"2.333631"
"62570.0";"2.368041"
"62580.0";"2.320063"
"62590.0";"2.328557"
"62600.0";"2.350516"
"62610.0";"2.289232"
"62620.0";"2.346675"
"62630.0";"2.367566"
"62640.0";"2.315547"
"62650.0";"2.375403"
"62660.0";"2.395522"
"62670.0";"2.326522"
"62680.0";"2.427254"
"62690.0";"2.335657"
"62700.0";"2.323728"
"62710.0";"2.300169"
"62720.0";"2.341506"
"62730.0";"2.387949"
"62740.0";"2.286031"
"62750.0";"2.367735"
"62760.0";"2.388916"
"62770.0";"2.364553"
"62780.0";"2.36803"
"62790.0";"2.392218"
"62800.0";"2.292483"
"62810.0";"2.376616"
"62820.0";"2.361224"
"62830.0";"2.253138"
"62840.0";"2.421437"
"62850.0";"2.332747"
"62860.0";"2.356796"
"62870.0";"2.358828"
"62880.0";"2.368357"
"62890.0";"2.285413"
"62900.0";"2.351206"
"62910.0";"2.309115"
"62920.0";"2.39488"
"62930.0";"2.359344"
"62940.0";"2.301788"
"62950.0";"2.297622"
"62960.0";"2.331891"
"62970.0";"2.384933"
"62980.0";"2.273981"
"62990.0";"2.338898"
"63000.0";"2.341323"
"63010.0";"2.387521"
"63020.0";"2.361819"
"63030.0";"2.291554"
"63040.0";"2.333172"
"63050.0";"2.393703"
"63060.0";"2.387563"
"63070.0";"2.456424"
"63080.0";"2.312419"
"63090.0";"2.350137"
"63100.0";"2.355374"
"63110.0";"2.282649"
"63120.0";"2.363509"
"63130.0";"2.360853"
"63140.0";"2.309731"
"63150.0";"2.306369"
"63160.0";"2.335882"
"63170.0";"2.380104"
"63180.0";"2.345373"
"63190.0";"2.366734"
"63200.0";"2.362956"
"63210.0";"2.402031"
"63220.0";"2.371644"
"63230.0";"2.351357"
"63240.0";"2.331017"
"63250.0";"2.3633"
"63260.0";"2.358256"
"63270.0";"2.358564"
"63280.0";"2.316712"
"63290.0";"2.286614"
"63300.0";"2.356442"
"63310.0";"2.382041"
"63320.0";"2.32644"
"63330.0";"2.359678"
"63340.0";"2.302133"
"63350.0";"2.353792"
"63360.0";"2.316082"
"63370.0";"2.362236"
"63380.0";"2.369322"
"63390.0";"2.267426"
"63400.0";"2.327858"
"63410.0";"2.307331"
"63420.0";"2.379376"
"63430.0";"2.269454"
"63440.0";"2.293793"
"63450.0";"2.315566"
"63460.0";"2.41851"
"63470.0";"2.408229"
"63480.0";"2.294108"
"63490.0";"2.253043"
"63500.0";"2.425379"
"63510.0";"2.336819"
"63520.0";"2.313149"
"63530.0";"2.358997"
"63540.0";"2.309121"
"63550.0";"2.323647"
"63560.0";"2.247825"
"63570.0";"2.308155"
"63580.0";"2.292786"
"63590.0";"2.276303"
"63600.0";"2.220878"
"63610.0";"2.343463"
"63620.0";"2.327986"
"63630.0";"2.3046"
"63640.0";"2.394494"
"63650.0";"2.342695"
"63660.0";"2.254872"
"63670.0";"2.248165"
"63680.0";"2.270369"
"63690.0";"2.249252"
"63700.0";"2.251113"
"63710.0";"2.284327"
"63720.0";"2.269223"
"63730.0";"2.364856"
"63740.0";"2.388639"
"63750.0";"2.2945"
"63760.0";"2.254336"
"63770.0";"2.242444"
"63780.0";"2.324767"
"63790.0";"2.384729"
"63800.0";"2.443313"
"63810.0";"2.337465"
"63820.0";"2.349354"
"63830.0";"2.324522"
"63840.0";"2.320316"
"63850.0";"2.298617"
"63860.0";"2.281702"
"63870.0";"2.334107"
"63880.0";"2.357396"
"63890.0";"2.315298"
"63900.0";"2.287854"
"63910.0";"2.31168"
"63920.0";"2.392732"
"63930.0";"2.394166"
"63940.0";"2.369517"
"63950.0";"2.324244"
"63960.0";"2.307014"
"63970.0";"2.401358"
"63980.0";"2.308577"
"63990.0";"2.341499"
"64000.0";"2.371676"
"64010.0";"2.291997"
"64020.0";"2.29211"
"64030.0";"2.269299"
"64040.0";"2.376429"
"64050.0";"2.323171"
"64060.0";"2.33083"
"64070.0";"2.336552"
"64080.0";"2.299731"
"64090.0";"2.269806"
"64100.0";"2.412531"
"64110.0";"2.292695"
"64120.0";"2.338089"
"64130.0";"2.280438"
"64140.0";"2.33291"
"64150.0";"2.378484"
"64160.0";"2.328779"
"64170.0";"2.276057"
"64180.0";"2.295856"
"64190.0";"2.331779"
"64200.0";"2.328516"
"64210.0";"2.284412"
"64220.0";"2.301514"
"64230.0";"2.336877"
"64240.0";"2.330775"
"64250.0";"2.299627"
"64260.0";"2.42343"
"64270.0";"2.3796"
"64280.0";"2.267659"
"64290.0";"2.339846"
"64300.0";"2.334109"
"64310.0";"2.318733"
"64320.0";"2.273286"
"64330.0";"2.295434"
"64340.0";"2.325698"
"64350.0";"2.304693"
"64360.0";"2.314717"
"64370.0";"2.3095"
"64380.0";"2.260164"
"64390.0";"2.258299"
"64400.0";"2.276879"
"64410.0";"2.309045"
"64420.0";"2.403559"
"64430.0";"2.284139"
"64440.0";"2.326133"
"64450.0";"2.312488"
"64460.0";"2.345812"
"64470.0";"2.353922"
"64480.0";"2.362692"
"64490.0";"2.341342"
"64500.0";"2.328994"
"64510.0";"2.323267"
"64520.0";"2.334884"
"64530.0";"2.348568"
"64540.0";"2.291554"
"64550.0";"2.318385"
"64560.0";"2.315242"
"64570.0";"2.266044"
"64580.0";"2.334311"
"64590.0";"2.320977"
"64600.0";"2.357236"
"64610.0";"2.380061"
"64620.0";"2.308244"
"64630.0";"2.231342"
"64640.0";"2.272094"
"64650.0";"2.274904"
"64660.0";"2.323975"
"64670.0";"2.326665"
"64680.0";"2.404311"
"64690.0";"2.34455"
"64700.0";"2.335408"
"64710.0";"2.323292"
"64720.0";"2.314222"
"64730.0";"2.264521"
"64740.0";"2.359854"
"64750.0";"2.320842"
"64760.0";"2.332356"
"64770.0";"2.368803"
"64780.0";"2.346945"
"64790.0";"2.294861"
"64800.0";"2.28775"
"64810.0";"2.334324"
"64820.0";"2.321142"
"64830.0";"2.347039"
"64840.0";"2.323969"
"64850.0";"2.288203"
"64860.0";"2.282873"
"64870.0";"2.290119"
"64880.0";"2.25558"
"64890.0";"2.265363"
"64900.0";"2.24644"
"64910.0";"2.375274"
"64920.0";"2.256495"
"64930.0";"2.276338"
"64940.0";"2.315593"
"64950.0";"2.194207"
"64960.0";"2.32139"
"64970.0";"2.274432"
"64980.0";"2.307821"
"64990.0";"2.301756"
"65000.0";"2.344815"
"65010.0";"2.221042"
"65020.0";"2.278997"
"65030.0";"2.275907"
"65040.0";"2.272188"
"65050.0";"2.358868"
"65060.0";"2.377166"
"65070.0";"2.36877"
"65080.0";"2.296036"
"65090.0";"2.254452"
"65100.0";"2.237567"
"65110.0";"2.293145"
"65120.0";"2.271678"
"65130.0";"2.355841"
"65140.0";"2.301596"
"65150.0";"2.307281"
"65160.0";"2.329855"
"65170.0";"2.358699"
"65180.0";"2.356357"
"65190.0";"2.287676"
"65200.0";"2.270074"
"65210.0";"2.326341"
"65220.0";"2.312832"
"65230.0";"2.402214"
"65240.0";"2.388915"
"65250.0";"2.322746"
"65260.0";"2.223911"
"65270.0";"2.302613"
"65280.0";"2.351724"
"65290.0";"2.369472"
"65300.0";"2.308845"
"65310.0";"2.404695"
"65320.0";"2.318261"
"65330.0";"2.27129"
"65340.0";"2.288458"
"65350.0";"2.307931"
"65360.0";"2.287551"
"65370.0";"2.34761"
"65380.0";"2.299601"
"65390.0";"2.28008"
"65400.0";"2.326055"
"65410.0";"2.303695"
"65420.0";"2.347726"
"65430.0";"2.373824"
"65440.0";"2.325778"
"65450.0";"2.306731"
"65460.0";"2.348015"
"65470.0";"2.383458"
"65480.0";"2.267654"
"65490.0";"2.325685"
"65500.0";"2.314281"
"65510.0";"2.234885"
"65520.0";"2.312163"
"65530.0";"2.335721"
"65540.0";"2.216858"
"65550.0";"2.296677"
"65560.0";"2.30948"
"65570.0";"2.349327"
"65580.0";"2.284146"
"65590.0";"2.238296"
"65600.0";"2.269119"
"65610.0";"2.260111"
"65620.0";"2.242354"
"65630.0";"2.3269"
"65640.0";"2.355004"
"65650.0";"2.327718"
"65660.0";"2.401999"
"65670.0";"2.205838"
"65680.0";"2.399147"
"65690.0";"2.225849"
"65700.0";"2.268273"
"65710.0";"2.289519"
"65720.0";"2.321357"
"65730.0";"2.258953"
"65740.0";"2.381956"
"65750.0";"2.23381"
"65760.0";"2.296015"
"65770.0";"2.335736"
"65780.0";"2.335763"
"65790.0";"2.352197"
"65800.0";"2.338828"
"65810.0";"2.297728"
"65820.0";"2.392282"
"65830.0";"2.286175"
"65840.0";"2.360693"
"65850.0";"2.292104"
"65860.0";"2.297525"
"65870.0";"2.311423"
"65880.0";"2.358666"
"65890.0";"2.350291"
"65900.0";"2.250432"
"65910.0";"2.319763"
"65920.0";"2.300625"
"65930.0";"2.347078"
"65940.0";"2.324047"
"65950.0";"2.336892"
"65960.0";"2.237131"
"65970.0";"2.341881"
"65980.0";"2.283027"
"65990.0";"2.345142"
"66000.0";"2.312418"
"66010.0";"2.277877"
"66020.0";"2.391215"
"66030.0";"2.328362"
"66040.0";"2.257672"
"66050.0";"2.332222"
"66060.0";"2.261407"
"66070.0";"2.322684"
"66080.0";"2.297467"
"66090.0";"2.410863"
"66100.0";"2.362637"
"66110.0";"2.314412"
"66120.0";"2.346349"
"66130.0";"2.305694"
"66140.0";"2.374379"
"66150.0";"2.367748"
"66160.0";"2.286695"
"66170.0";"2.264265"
"66180.0";"2.334749"
"66190.0";"2.342025"
"66200.0";"2.261286"
"66210.0";"2.367092"
"66220.0";"2.285326"
"66230.0";"2.370452"
"66240.0";"2.378736"
"66250.0";"2.246114"
"66260.0";"2.312159"
"66270.0";"2.30111"
"66280.0";"2.315373"
"66290.0";"2.278823"
"66300.0";"2.309491"
"66310.0";"2.323479"
"66320.0";"2.363531"
"66330.0";"2.3258"
"66340.0";"2.303089"
"66350.0";"2.326517"
"66360.0";"2.320354"
"66370.0";"2.319906"
"66380.0";"2.363025"
"66390.0";"2.337852"
"66400.0";"2.294327"
"66410.0";"2.258965"
"66420.0";"2.375299"
"66430.0";"2.271779"
"66440.0";"2.204838"
"66450.0";"2.349129"
"66460.0";"2.292467"
"66470.0";"2.32829"
"66480.0";"2.291524"
"66490.0";"2.255936"
"66500.0";"2.351768"
"66510.0";"2.355257"
"66520.0";"2.357428"
"66530.0";"2.365429"
"66540.0";"2.272472"
"66550.0";"2.297392"
"66560.0";"2.301461"
"66570.0";"2.334757"
"66580.0";"2.434072"
"66590.0";"2.37816"
"66600.0";"2.327188"
"66610.0";"2.347299"
"66620.0";"2.289729"
"66630.0";"2.332729"
"66640.0";"2.302818"
"66650.0";"2.326915"
"66660.0";"2.327983"
"66670.0";"2.300384"
"66680.0";"2.37747"
"66690.0";"2.267795"
"66700.0";"2.269962"
"66710.0";"2.29711"
"66720.0";"2.355615"
"66730.0";"2.317383"
"66740.0";"2.373253"
"66750.0";"2.282203"
"66760.0";"2.307286"
"66770.0";"2.389683"
"66780.0";"2.305831"
"66790.0";"2.341756"
"66800.0";"2.331578"
"66810.0";"2.347895"
"66820.0";"2.292316"
"66830.0";"2.390759"
"66840.0";"2.335845"
"66850.0";"2.310774"
"66860.0";"2.30077"
"66870.0";"2.397585"
"66880.0";"2.349483"
"66890.0";"2.322035"
"66900.0";"2.343709"
"66910.0";"2.318669"
"66920.0";"2.360031"
"66930.0";"2.254321"
"66940.0";"2.291671"
"66950.0";"2.323442"
"66960.0";"2.337778"
"66970.0";"2.281327"
"66980.0";"2.22439"
"66990.0";"2.393135"
"67000.0";"2.343759"
"67010.0";"2.321838"
"67020.0";"2.401557"
"67030.0";"2.312787"
"67040.0";"2.264934"
"67050.0";"2.384753"
"67060.0";"2.356673"
"67070.0";"2.364281"
"67080.0";"2.367162"
"67090.0";"2.340968"
"67100.0";"2.2936"
"67110.0";"2.314625"
"67120.0";"2.26457"
"67130.0";"2.366457"
"67140.0";"2.231853"
"67150.0";"2.245896"
"67160.0";"2.34209"
"67170.0";"2.345191"
"67180.0";"2.263219"
"67190.0";"2.30582"
"67200.0";"2.349794"
"67210.0";"2.387992"
"67220.0";"2.316116"
"67230.0";"2.31196"
"67240.0";"2.289504"
"67250.0";"2.245697"
"67260.0";"2.237156"
"67270.0";"2.350584"
"67280.0";"2.279818"
"67290.0";"2.267171"
"67300.0";"2.233004"
"67310.0";"2.278984"
"67320.0";"2.272972"
"67330.0";"2.304636"
"67340.0";"2.344405"
"67350.0";"2.322079"
"67360.0";"2.33969"
"67370.0";"2.326757"
"67380.0";"2.298965"
"67390.0";"2.366726"
"67400.0";"2.417765"
"67410.0";"2.295866"
"67420.0";"2.254602"
"67430.0";"2.299603"
"67440.0";"2.27707"
"67450.0";"2.349589"
"67460.0";"2.218894"
"67470.0";"2.3069"
"67480.0";"2.329812"
"67490.0";"2.376395"
"67500.0";"2.275987"
"67510.0";"2.350691"
"67520.0";"2.30893"
"67530.0";"2.336988"
"67540.0";"2.358781"
"67550.0";"2.249673"
"67560.0";"2.385884"
"67570.0";"2.346364"
"67580.0";"2.280045"
"67590.0";"2.378256"
"67600.0";"2.321965"
"67610.0";"2.35817"
"67620.0";"2.313386"
"67630.0";"2.367518"
"67640.0";"2.296818"
"67650.0";"2.369214"
"67660.0";"2.320233"
"67670.0";"2.326119"
"67680.0";"2.247449"
"67690.0";"2.263283"
"67700.0";"2.331546"
"67710.0";"2.181677"
"67720.0";"2.303142"
"67730.0";"2.300407"
"67740.0";"2.346803"
"67750.0";"2.341711"
"67760.0";"2.369713"
"67770.0";"2.29256"
"67780.0";"2.384592"
"67790.0";"2.276203"
"67800.0";"2.301113"
"67810.0";"2.331265"
"67820.0";"2.311534"
"67830.0";"2.304366"
"67840.0";"2.219086"
"67850.0";"2.266125"
"67860.0";"2.323209"
"67870.0";"2.362127"
"67880.0";"2.344316"
"67890.0";"2.365141"
"67900.0";"2.3033"
"67910.0";"2.301137"
"67920.0";"2.381723"
"67930.0";"2.336765"
"67940.0";"2.301847"
"67950.0";"2.347662"
"67960.0";"2.306196"
"67970.0";"2.356903"
"67980.0";"2.356385"
"67990.0";"2.331229"
"68000.0";"2.345863"
"68010.0";"2.395562"
"68020.0";"2.283221"
"68030.0";"2.234061"
"68040.0";"2.297387"
"68050.0";"2.25408"
"68060.0";"2.315126"
"68070.0";"2.386566"
"68080.0";"2.280661"
"68090.0";"2.373872"
"68100.0";"2.304476"
"68110.0";"2.378641"
"68120.0";"2.354272"
"68130.0";"2.35124"
"68140.0";"2.311336"
"68150.0";"2.332711"
"68160.0";"2.379295"
"68170.0";"2.337603"
"68180.0";"2.322772"
"68190.0";"2.349043"
"68200.0";"2.351538"
"68210.0";"2.356599"
"68220.0";"2.303475"
"68230.0";"2.329546"
"68240.0";"2.287782"
"68250.0";"2.325572"
"68260.0";"2.339819"
"68270.0";"2.396601"
"68280.0";"2.325022"
"68290.0";"2.287294"
"68300.0";"2.368137"
"68310.0";"2.299475"
"68320.0";"2.26023"
"68330.0";"2.32038"
"68340.0";"2.307239"
"68350.0";"2.319547"
"68360.0";"2.365963"
"68370.0";"2.306271"
"68380.0";"2.365498"
"68390.0";"2.363558"
"68400.0";"2.340841"
"68410.0";"2.245309"
"68420.0";"2.377298"
"68430.0";"2.326393"
"68440.0";"2.349396"
"68450.0";"2.347687"
"68460.0";"2.338937"
"68470.0";"2.356117"
"68480.0";"2.391139"
"68490.0";"2.404846"
"68500.0";"2.371516"
"68510.0";"2.31038"
"68520.0";"2.316519"
"68530.0";"2.359996"
"68540.0";"2.305141"
"68550.0";"2.321815"
"68560.0";"2.398079"
"68570.0";"2.339977"
"68580.0";"2.373971"
"68590.0";"2.336291"
"68600.0";"2.335814"
"68610.0";"2.368929"
"68620.0";"2.263022"
"68630.0";"2.340996"
"68640.0";"2.29319"
"68650.0";"2.361152"
"68660.0";"2.374642"
"68670.0";"2.322844"
"68680.0";"2.376712"
"68690.0";"2.385353"
"68700.0";"2.282828"
"68710.0";"2.314434"
"68720.0";"2.28521"
"68730.0";"2.355302"
"68740.0";"2.263822"
"68750.0";"2.390342"
"68760.0";"2.326092"
"68770.0";"2.226744"
"68780.0";"2.340482"
"68790.0";"2.301415"
"68800.0";"2.335656"
"68810.0";"2.328701"
"68820.0";"2.409156"
"68830.0";"2.355875"
"68840.0";"2.333592"
"68850.0";"2.275641"
"68860.0";"2.270683"
"68870.0";"2.347438"
"68880.0";"2.390497"
"68890.0";"2.311322"
"68900.0";"2.375481"
"68910.0";"2.302759"
"68920.0";"2.421644"
"68930.0";"2.345645"
"68940.0";"2.317417"
"68950.0";"2.280632"
"68960.0";"2.248549"
"68970.0";"2.339264"
"68980.0";"2.386039"
"68990.0";"2.414357"
"69000.0";"2.296192"
"69010.0";"2.322894"
"69020.0";"2.383672"
"69030.0";"2.314154"
"69040.0";"2.315078"
"69050.0";"2.380968"
"69060.0";"2.367282"
"69070.0";"2.458266"
"69080.0";"2.344901"
"69090.0";"2.386722"
"69100.0";"2.34792"
"69110.0";"2.299359"
"69120.0";"2.356034"
"69130.0";"2.367894"
"69140.0";"2.295235"
"69150.0";"2.336482"
"69160.0";"2.301129"
"69170.0";"2.406644"
"69180.0";"2.342784"
"69190.0";"2.316274"
"69200.0";"2.362074"
"69210.0";"2.375781"
"69220.0";"2.374603"
"69230.0";"2.482627"
"69240.0";"2.337714"
"69250.0";"2.336159"
"69260.0";"2.369941"
"69270.0";"2.407951"
"69280.0";"2.324535"
"69290.0";"2.325696"
"69300.0";"2.382782"
"69310.0";"2.276485"
"69320.0";"2.402037"
"69330.0";"2.331809"
"69340.0";"2.344133"
"69350.0";"2.405967"
"69360.0";"2.312124"
"69370.0";"2.401852"
"69380.0";"2.301107"
"69390.0";"2.39321"
"69400.0";"2.438893"
"69410.0";"2.459878"
"69420.0";"2.349567"
"69430.0";"2.371088"
"69440.0";"2.430615"
"69450.0";"2.386707"
"69460.0";"2.369971"
"69470.0";"2.392454"
"69480.0";"2.324207"
"69490.0";"2.349318"
"69500.0";"2.415385"
"69510.0";"2.375036"
"69520.0";"2.400082"
"69530.0";"2.396437"
"69540.0";"2.30921"
"69550.0";"2.348754"
"69560.0";"2.321616"
"69570.0";"2.335879"
"69580.0";"2.36787"
"69590.0";"2.292264"
"69600.0";"2.295159"
"69610.0";"2.259621"
"69620.0";"2.337631"
"69630.0";"2.381746"
"69640.0";"2.388195"
"69650.0";"2.332415"
"69660.0";"2.259606"
"69670.0";"2.333318"
"69680.0";"2.326179"
"69690.0";"2.350117"
"69700.0";"2.385136"
"69710.0";"2.390678"
"69720.0";"2.316253"
"69730.0";"2.266827"
"69740.0";"2.364557"
"69750.0";"2.378016"
"69760.0";"2.289598"
"69770.0";"2.323574"
"69780.0";"2.444976"
"69790.0";"2.351095"
"69800.0";"2.401011"
"69810.0";"2.420424"
"69820.0";"2.338762"
"69830.0";"2.320324"
"69840.0";"2.272376"
"69850.0";"2.321409"
"69860.0";"2.311769"
"69870.0";"2.319073"
"69880.0";"2.25876"
"69890.0";"2.302246"
"69900.0";"2.263973"
"69910.0";"2.25022"
"69920.0";"2.220552"
"69930.0";"2.32338"
"69940.0";"2.298884"
"69950.0";"2.336417"
"69960.0";"2.441571"
"69970.0";"2.456544"
"69980.0";"2.319738"
"69990.0";"2.327714"
"70000.0";"2.389044"
"70010.0";"2.296505"
"70020.0";"2.370363"
"70030.0";"2.379756"
"70040.0";"2.296328"
"70050.0";"2.350469"
"70060.0";"2.380705"
"70070.0";"2.316477"
"70080.0";"2.43214"
"70090.0";"2.368506"
"70100.0";"2.408195"
"70110.0";"2.391029"
"70120.0";"2.279909"
"70130.0";"2.368431"
"70140.0";"2.457302"
"70150.0";"2.303556"
"70160.0";"2.395281"
"70170.0";"2.369641"
"70180.0";"2.285961"
"70190.0";"2.347754"
"70200.0";"2.338264"
"70210.0";"2.403759"
"70220.0";"2.308126"
"70230.0";"2.381787"
"70240.0";"2.293071"
"70250.0";"2.344507"
"70260.0";"2.348927"
"70270.0";"2.354531"
"70280.0";"2.301051"
"70290.0";"2.367098"
"70300.0";"2.374761"
"70310.0";"2.363364"
"70320.0";"2.248033"
"70330.0";"2.329113"
"70340.0";"2.434023"
"70350.0";"2.380623"
"70360.0";"2.404004"
"70370.0";"2.261955"
"70380.0";"2.269331"
"70390.0";"2.290388"
"70400.0";"2.37786"
"70410.0";"2.252556"
"70420.0";"2.263517"
"70430.0";"2.349837"
"70440.0";"2.364852"
"70450.0";"2.301121"
"70460.0";"2.381685"
"70470.0";"2.395272"
"70480.0";"2.407467"
"70490.0";"2.336333"
"70500.0";"2.288905"
"70510.0";"2.373732"
"70520.0";"2.318715"
"70530.0";"2.293754"
"70540.0";"2.269588"
"70550.0";"2.338071"
"70560.0";"2.387698"
"70570.0";"2.280306"
"70580.0";"2.364398"
"70590.0";"2.342146"
"70600.0";"2.305916"
"70610.0";"2.391958"
"70620.0";"2.365511"
"70630.0";"2.404925"
"70640.0";"2.419361"
"70650.0";"2.307366"
"70660.0";"2.312361"
"70670.0";"2.346349"
"70680.0";"2.411382"
"70690.0";"2.368763"
"70700.0";"2.390701"
"70710.0";"2.401126"
"70720.0";"2.335325"
"70730.0";"2.305193"
"70740.0";"2.366596"
"70750.0";"2.378456"
"70760.0";"2.374616"
"70770.0";"2.374035"
"70780.0";"2.42791"
"70790.0";"2.32091"
"70800.0";"2.349514"
"70810.0";"2.387351"
"70820.0";"2.336916"
"70830.0";"2.349989"
"70840.0";"2.38319"
"70850.0";"2.441519"
"70860.0";"2.414979"
"70870.0";"2.392166"
"70880.0";"2.380624"
"70890.0";"2.30593"
"70900.0";"2.373246"
"70910.0";"2.351336"
"70920.0";"2.31424"
"70930.0";"2.393393"
"70940.0";"2.399856"
"70950.0";"2.328418"
"70960.0";"2.330518"
"70970.0";"2.412237"
"70980.0";"2.347906"
"70990.0";"2.434833"
"71000.0";"2.34466"
"71010.0";"2.390984"
"71020.0";"2.358197"
"71030.0";"2.394921"
"71040.0";"2.367098"
"71050.0";"2.346286"
"71060.0";"2.408733"
"71070.0";"2.290642"
"71080.0";"2.272205"
"71090.0";"2.315083"
"71100.0";"2.379577"
"71110.0";"2.336526"
"71120.0";"2.382271"
"71130.0";"2.343707"
"71140.0";"2.379566"
"71150.0";"2.350692"
"71160.0";"2.357903"
"71170.0";"2.366634"
"71180.0";"2.375582"
"71190.0";"2.378748"
"71200.0";"2.367886"
"71210.0";"2.329982"
"71220.0";"2.426354"
"71230.0";"2.355775"
"71240.0";"2.390451"
"71250.0";"2.39685"
"71260.0";"2.363028"
"71270.0";"2.363034"
"71280.0";"2.309969"
"71290.0";"2.374882"
"71300.0";"2.371374"
"71310.0";"2.371599"
"71320.0";"2.431922"
"71330.0";"2.377012"
"71340.0";"2.311763"
"71350.0";"2.353813"
"71360.0";"2.377645"
"71370.0";"2.321251"
"71380.0";"2.220657"
"71390.0";"2.36668"
"71400.0";"2.384444"
"71410.0";"2.303591"
"71420.0";"2.243823"
"71430.0";"2.370474"
"71440.0";"2.407444"
"71450.0";"2.317958"
"71460.0";"2.363124"
"71470.0";"2.388514"
"71480.0";"2.37643"
"71490.0";"2.327783"
"71500.0";"2.366104"
"71510.0";"2.381581"
"71520.0";"2.385819"
"71530.0";"2.367311"
"71540.0";"2.251153"
"71550.0";"2.394454"
"71560.0";"2.339264"
"71570.0";"2.313691"
"71580.0";"2.321631"
"71590.0";"2.382223"
"71600.0";"2.386818"
"71610.0";"2.301953"
"71620.0";"2.327957"
"71630.0";"2.426718"
"71640.0";"2.40805"
"71650.0";"2.440633"
"71660.0";"2.351913"
"71670.0";"2.386197"
"71680.0";"2.301723"
"71690.0";"2.41371"
"71700.0";"2.387349"
"71710.0";"2.241427"
"71720.0";"2.341989"
"71730.0";"2.345399"
"71740.0";"2.358753"
"71750.0";"2.477669"
"71760.0";"2.366265"
"71770.0";"2.38662"
"71780.0";"2.381721"
"71790.0";"2.35934"
"71800.0";"2.3331"
"71810.0";"2.388781"
"71820.0";"2.364431"
"71830.0";"2.371572"
"71840.0";"2.361563"
"71850.0";"2.340314"
"71860.0";"2.350546"
"71870.0";"2.311357"
"71880.0";"2.394135"
"71890.0";"2.410252"
"71900.0";"2.348856"
"71910.0";"2.382423"
"71920.0";"2.275107"
"71930.0";"2.352383"
"71940.0";"2.426719"
"71950.0";"2.40871"
"71960.0";"2.336355"
"71970.0";"2.347974"
"71980.0";"2.318017"
"71990.0";"2.387559"
"72000.0";"2.384588"
"72010.0";"2.348845"
"72020.0";"2.310312"
"72030.0";"2.304408"
"72040.0";"2.346674"
"72050.0";"2.247916"
"72060.0";"2.309444"
"72070.0";"2.320482"
"72080.0";"2.286737"
"72090.0";"2.354666"
"72100.0";"2.344409"
"72110.0";"2.275515"
"72120.0";"2.257665"
"72130.0";"2.435722"
"72140.0";"2.344661"
"72150.0";"2.310211"
"72160.0";"2.317847"
"72170.0";"2.364164"
"72180.0";"2.237443"
"72190.0";"2.291916"
"72200.0";"2.300922"
"72210.0";"2.323379"
"72220.0";"2.242696"
"72230.0";"2.316253"
"72240.0";"2.329493"
"72250.0";"2.369145"
"72260.0";"2.355337"
"72270.0";"2.380867"
"72280.0";"2.331538"
"72290.0";"2.40539"
"72300.0";"2.387102"
"72310.0";"2.328109"
"72320.0";"2.375438"
"72330.0";"2.420332"
"72340.0";"2.382985"
"72350.0";"2.373393"
"72360.0";"2.381135"
"72370.0";"2.359044"
"72380.0";"2.330482"
"72390.0";"2.371309"
"72400.0";"2.417529"
"72410.0";"2.35873"
"72420.0";"2.28883"
"72430.0";"2.431798"
"72440.0";"2.349306"
"72450.0";"2.404884"
"72460.0";"2.303483"
"72470.0";"2.401206"
"72480.0";"2.319674"
"72490.0";"2.30863"
"72500.0";"2.404516"
"72510.0";"2.325149"
"72520.0";"2.32414"
"72530.0";"2.318936"
"72540.0";"2.352761"
"72550.0";"2.342201"
"72560.0";"2.325648"
"72570.0";"2.331064"
"72580.0";"2.280256"
"72590.0";"2.323468"
"72600.0";"2.311726"
"72610.0";"2.340656"
"72620.0";"2.287103"
"72630.0";"2.293129"
"72640.0";"2.420728"
"72650.0";"2.340565"
"72660.0";"2.37674"
"72670.0";"2.371022"
"72680.0";"2.291278"
"72690.0";"2.415762"
"72700.0";"2.369906"
"72710.0";"2.395928"
"72720.0";"2.361754"
"72730.0";"2.319035"
"72740.0";"2.356962"
"72750.0";"2.359635"
"72760.0";"2.364415"
"72770.0";"2.366978"
"72780.0";"2.366009"
"72790.0";"2.383182"
"72800.0";"2.283431"
"72810.0";"2.296518"
"72820.0";"2.3652"
"72830.0";"2.399814"
"72840.0";"2.274532"
"72850.0";"2.363273"
"72860.0";"2.29652"
"72870.0";"2.183182"
"72880.0";"2.284543"
"72890.0";"2.340633"
"72900.0";"2.271919"
"72910.0";"2.280269"
"72920.0";"2.263326"
"72930.0";"2.322737"
"72940.0";"2.297011"
"72950.0";"2.270427"
"72960.0";"2.275681"
"72970.0";"2.358279"
"72980.0";"2.311437"
"72990.0";"2.338225"
"73000.0";"2.262942"
"73010.0";"2.377708"
"73020.0";"2.393213"
"73030.0";"2.340146"
"73040.0";"2.268521"
"73050.0";"2.350992"
"73060.0";"2.32155"
"73070.0";"2.391751"
"73080.0";"2.397921"
"73090.0";"2.355501"
"73100.0";"2.393647"
"73110.0";"2.335323"
"73120.0";"2.37824"
"73130.0";"2.357816"
"73140.0";"2.298132"
"73150.0";"2.304619"
"73160.0";"2.318793"
"73170.0";"2.373283"
"73180.0";"2.350071"
"73190.0";"2.427124"
"73200.0";"2.289948"
"73210.0";"2.372837"
"73220.0";"2.307604"
"73230.0";"2.326012"
"73240.0";"2.367923"
"73250.0";"2.38137"
"73260.0";"2.366123"
"73270.0";"2.352782"
"73280.0";"2.340188"
"73290.0";"2.446423"
"73300.0";"2.418777"
"73310.0";"2.360239"
"73320.0";"2.350459"
"73330.0";"2.37908"
"73340.0";"2.41578"
"73350.0";"2.330729"
"73360.0";"2.285475"
"73370.0";"2.276621"
"73380.0";"2.406666"
"73390.0";"2.43615"
"73400.0";"2.325558"
"73410.0";"2.359721"
"73420.0";"2.350488"
"73430.0";"2.325635"
"73440.0";"2.393204"
"73450.0";"2.362361"
"73460.0";"2.371234"
"73470.0";"2.33691"
"73480.0";"2.286468"
"73490.0";"2.384661"
"73500.0";"2.390612"
"73510.0";"2.425921"
"73520.0";"2.349181"
"73530.0";"2.373542"
"73540.0";"2.327849"
"73550.0";"2.274231"
"73560.0";"2.385933"
"73570.0";"2.296672"
"73580.0";"2.387087"
"73590.0";"2.397621"
"73600.0";"2.44433"
"73610.0";"2.439917"
"73620.0";"2.364262"
"73630.0";"2.343456"
"73640.0";"2.398086"
"73650.0";"2.316453"
"73660.0";"2.369848"
"73670.0";"2.349624"
"73680.0";"2.428366"
"73690.0";"2.338556"
"73700.0";"2.301289"
"73710.0";"2.336496"
"73720.0";"2.331352"
"73730.0";"2.3699"
"73740.0";"2.295659"
"73750.0";"2.402433"
"73760.0";"2.302069"
"73770.0";"2.337473"
"73780.0";"2.308983"
"73790.0";"2.338531"
"73800.0";"2.295444"
"73810.0";"2.345665"
"73820.0";"2.365947"
"73830.0";"2.28209"
"73840.0";"2.350197"
"73850.0";"2.254507"
"73860.0";"2.340298"
"73870.0";"2.243817"
"73880.0";"2.338321"
"73890.0";"2.315571"
"73900.0";"2.360691"
"73910.0";"2.415365"
"73920.0";"2.357806"
"73930.0";"2.351072"
"73940.0";"2.350781"
"73950.0";"2.297228"
"73960.0";"2.360702"
"73970.0";"2.298329"
"73980.0";"2.325787"
"73990.0";"2.328772"
"74000.0";"2.368309"
"74010.0";"2.363477"
"74020.0";"2.263573"
"74030.0";"2.302207"
"74040.0";"2.295903"
"74050.0";"2.361706"
"74060.0";"2.277668"
"74070.0";"2.296041"
"74080.0";"2.362783"
"74090.0";"2.399674"
"74100.0";"2.435264"
"74110.0";"2.339404"
"74120.0";"2.355772"
"74130.0";"2.387818"
"74140.0";"2.287396"
"74150.0";"2.272543"
"74160.0";"2.318513"
"74170.0";"2.304314"
"74180.0";"2.375881"
"74190.0";"2.304458"
"74200.0";"2.354482"
"74210.0";"2.361155"
"74220.0";"2.304992"
"74230.0";"2.389504"
"74240.0";"2.398305"
"74250.0";"2.288888"
"74260.0";"2.339403"
"74270.0";"2.356849"
"74280.0";"2.323295"
"74290.0";"2.400117"
"74300.0";"2.347013"
"74310.0";"2.369979"
"74320.0";"2.393389"
"74330.0";"2.378779"
"74340.0";"2.343137"
"74350.0";"2.379819"
"74360.0";"2.344292"
"74370.0";"2.352134"
"74380.0";"2.382746"
"74390.0";"2.446879"
"74400.0";"2.364353"
"74410.0";"2.331158"
"74420.0";"2.249525"
"74430.0";"2.370698"
"74440.0";"2.334688"
"74450.0";"2.35791"
"74460.0";"2.309696"
"74470.0";"2.331349"
"74480.0";"2.384739"
"74490.0";"2.253038"
"74500.0";"2.36094"
"74510.0";"2.290848"
"74520.0";"2.305131"
"74530.0";"2.283584"
"74540.0";"2.186309"
"74550.0";"2.309754"
"74560.0";"2.38481"
"74570.0";"2.369558"
"74580.0";"2.32522"
"74590.0";"2.338931"
"74600.0";"2.315603"
"74610.0";"2.320168"
"74620.0";"2.246634"
"74630.0";"2.402829"
"74640.0";"2.358121"
"74650.0";"2.248322"
"74660.0";"2.334147"
"74670.0";"2.298238"
"74680.0";"2.261114"
"74690.0";"2.286935"
"74700.0";"2.269879"
"74710.0";"2.327123"
"74720.0";"2.307822"
"74730.0";"2.344362"
"74740.0";"2.282745"
"74750.0";"2.384918"
"74760.0";"2.253482"
"74770.0";"2.331273"
"74780.0";"2.383862"
"74790.0";"2.422479"
"74800.0";"2.312896"
"74810.0";"2.373477"
"74820.0";"2.363948"
"74830.0";"2.264923"
"74840.0";"2.294471"
"74850.0";"2.303859"
"74860.0";"2.3081"
"74870.0";"2.268308"
"74880.0";"2.279963"
"74890.0";"2.235338"
"74900.0";"2.231901"
"74910.0";"2.336243"
"74920.0";"2.265716"
"74930.0";"2.240021"
"74940.0";"2.340806"
"74950.0";"2.297054"
"74960.0";"2.321303"
"74970.0";"2.321461"
"74980.0";"2.308987"
"74990.0";"2.294333"
"75000.0";"2.371127"
"75010.0";"2.28739"
"75020.0";"2.301741"
"75030.0";"2.341202"
"75040.0";"2.337751"
"75050.0";"2.37406"
"75060.0";"2.373328"
"75070.0";"2.330931"
"75080.0";"2.341836"
"75090.0";"2.35191"
"75100.0";"2.360316"
"75110.0";"2.305161"
"75120.0";"2.343129"
"75130.0";"2.342887"
"75140.0";"2.277709"
"75150.0";"2.376297"
"75160.0";"2.384073"
"75170.0";"2.355576"
"75180.0";"2.385579"
"75190.0";"2.417135"
"75200.0";"2.353085"
"75210.0";"2.294659"
"75220.0";"2.295198"
"75230.0";"2.40206"
"75240.0";"2.318462"
"75250.0";"2.408931"
"75260.0";"2.379282"
"75270.0";"2.313306"
"75280.0";"2.38559"
"75290.0";"2.340973"
"75300.0";"2.307601"
"75310.0";"2.316538"
"75320.0";"2.343743"
"75330.0";"2.340545"
"75340.0";"2.370312"
"75350.0";"2.255603"
"75360.0";"2.347101"
"75370.0";"2.359459"
"75380.0";"2.29895"
"75390.0";"2.322964"
"75400.0";"2.334951"
"75410.0";"2.421601"
"75420.0";"2.301908"
"75430.0";"2.287384"
"75440.0";"2.330155"
"75450.0";"2.305046"
"75460.0";"2.338932"
"75470.0";"2.279115"
"75480.0";"2.382568"
"75490.0";"2.453017"
"75500.0";"2.40907"
"75510.0";"2.48301"
"75520.0";"2.417535"
"75530.0";"2.443608"
"75540.0";"2.452565"
"75550.0";"2.427813"
"75560.0";"2.408213"
"75570.0";"2.463163"
"75580.0";"2.34577"
"75590.0";"2.46618"
"75600.0";"2.446504"
"75610.0";"2.342565"
"75620.0";"2.425442"
"75630.0";"2.349232"
"75640.0";"2.429267"
"75650.0";"2.400724"
"75660.0";"2.41949"
"75670.0";"2.425861"
"75680.0";"2.396043"
"75690.0";"2.373704"
"75700.0";"2.437297"
"75710.0";"2.428622"
"75720.0";"2.420511"
"75730.0";"2.385689"
"75740.0";"2.347551"
"75750.0";"2.351294"
"75760.0";"2.31751"
"75770.0";"2.396287"
"75780.0";"2.385533"
"75790.0";"2.331212"
"75800.0";"2.411853"
"75810.0";"2.361614"
"75820.0";"2.302079"
"75830.0";"2.341335"
"75840.0";"2.367709"
"75850.0";"2.415427"
"75860.0";"2.37302"
"75870.0";"2.36096"
"75880.0";"2.300191"
"75890.0";"2.342633"
"75900.0";"2.347873"
"75910.0";"2.362961"
"75920.0";"2.340873"
"75930.0";"2.227507"
"75940.0";"2.313837"
"75950.0";"2.363728"
"75960.0";"2.423472"
"75970.0";"2.485533"
"75980.0";"2.556958"
"75990.0";"2.486849"
"76000.0";"2.431884"
"76010.0";"2.529614"
"76020.0";"2.449279"
"76030.0";"2.486021"
"76040.0";"2.417241"
"76050.0";"2.451697"
"76060.0";"2.426376"
"76070.0";"2.503572"
"76080.0";"2.432021"
"76090.0";"2.517176"
"76100.0";"2.498607"
"76110.0";"2.390553"
"76120.0";"2.397409"
"76130.0";"2.463527"
"76140.0";"2.428824"
"76150.0";"2.44519"
"76160.0";"2.41433"
"76170.0";"2.467448"
"76180.0";"2.43917"
"76190.0";"2.407243"
"76200.0";"2.397935"
"76210.0";"2.476856"
"76220.0";"2.472492"
"76230.0";"2.418246"
"76240.0";"2.513904"
"76250.0";"2.45739"
"76260.0";"2.38872"
"76270.0";"2.407071"
"76280.0";"2.400512"
"76290.0";"2.403338"
"76300.0";"2.446499"
"76310.0";"2.36848"
"76320.0";"2.457577"
"76330.0";"2.508605"
"76340.0";"2.44279"
"76350.0";"2.439404"
"76360.0";"2.437804"
"76370.0";"2.438459"
"76380.0";"2.443164"
"76390.0";"2.403935"
"76400.0";"2.562403"
"76410.0";"2.490592"
"76420.0";"2.462137"
"76430.0";"2.429363"
"76440.0";"2.46451"
"76450.0";"2.386518"
"76460.0";"2.389152"
"76470.0";"2.3408"
"76480.0";"2.462541"
"76490.0";"2.414517"
"76500.0";"2.463128"
"76510.0";"2.358148"
"76520.0";"2.433737"
"76530.0";"2.440651"
"76540.0";"2.362895"
"76550.0";"2.340527"
"76560.0";"2.418481"
"76570.0";"2.464981"
"76580.0";"2.400312"
"76590.0";"2.416433"
"76600.0";"2.408684"
"76610.0";"2.503196"
"76620.0";"2.438038"
"76630.0";"2.43536"
"76640.0";"2.409018"
"76650.0";"2.490288"
"76660.0";"2.43784"
"76670.0";"2.392786"
"76680.0";"2.429048"
"76690.0";"2.479935"
"76700.0";"2.449349"
"76710.0";"2.51068"
"76720.0";"2.322586"
"76730.0";"2.469422"
"76740.0";"2.425666"
"76750.0";"2.444579"
"76760.0";"2.462283"
"76770.0";"2.436121"
"76780.0";"2.437556"
"76790.0";"2.40889"
"76800.0";"2.443411"
"76810.0";"2.418989"
"76820.0";"2.441756"
"76830.0";"2.483312"
"76840.0";"2.485166"
"76850.0";"2.44891"
"76860.0";"2.423729"
"76870.0";"2.427412"
"76880.0";"2.499994"
"76890.0";"2.413137"
"76900.0";"2.485365"
"76910.0";"2.431324"
"76920.0";"2.446329"
"76930.0";"2.453956"
"76940.0";"2.458281"
"76950.0";"2.469281"
"76960.0";"2.50763"
"76970.0";"2.3926"
"76980.0";"2.475518"
"76990.0";"2.38847"
"77000.0";"2.448104"
"77010.0";"2.466894"
"77020.0";"2.502461"
"77030.0";"2.441666"
"77040.0";"2.440101"
"77050.0";"2.48014"
"77060.0";"2.418172"
"77070.0";"2.437875"
"77080.0";"2.469135"
"77090.0";"2.541727"
"77100.0";"2.480465"
"77110.0";"2.495495"
"77120.0";"2.513759"
"77130.0";"2.434332"
"77140.0";"2.388498"
"77150.0";"2.434973"
"77160.0";"2.439864"
"77170.0";"2.426516"
"77180.0";"2.47208"
"77190.0";"2.440929"
"77200.0";"2.46109"
"77210.0";"2.522859"
"77220.0";"2.491415"
"77230.0";"2.502746"
"77240.0";"2.420384"
"77250.0";"2.497339"
"77260.0";"2.539005"
"77270.0";"2.328273"
"77280.0";"2.49816"
"77290.0";"2.556982"
"77300.0";"2.501725"
"77310.0";"2.472428"
"77320.0";"2.457615"
"77330.0";"2.457694"
"77340.0";"2.444096"
"77350.0";"2.436397"
"77360.0";"2.483677"
"77370.0";"2.449281"
"77380.0";"2.398644"
"77390.0";"2.521494"
"77400.0";"2.492872"
"77410.0";"2.508343"
"77420.0";"2.48323"
"77430.0";"2.473676"
"77440.0";"2.437239"
"77450.0";"2.421006"
"77460.0";"2.423148"
"77470.0";"2.487063"
"77480.0";"2.45229"
"77490.0";"2.451548"
"77500.0";"2.42608"
"77510.0";"2.408448"
"77520.0";"2.454834"
"77530.0";"2.443717"
"77540.0";"2.470165"
"77550.0";"2.461827"
"77560.0";"2.404027"
"77570.0";"2.441705"
"77580.0";"2.430392"
"77590.0";"2.490153"
"77600.0";"2.409787"
"77610.0";"2.423315"
"77620.0";"2.457263"
"77630.0";"2.477776"
"77640.0";"2.429282"
"77650.0";"2.469776"
"77660.0";"2.532305"
"77670.0";"2.442608"
"77680.0";"2.432703"
"77690.0";"2.451987"
"77700.0";"2.453519"
"77710.0";"2.461025"
"77720.0";"2.465348"
"77730.0";"2.441531"
"77740.0";"2.462644"
"77750.0";"2.444144"
"77760.0";"2.424987"
"77770.0";"2.449383"
"77780.0";"2.494968"
"77790.0";"2.460752"
"77800.0";"2.512049"
"77810.0";"2.512872"
"77820.0";"2.459925"
"77830.0";"2.426457"
"77840.0";"2.405939"
"77850.0";"2.481518"
"77860.0";"2.472771"
"77870.0";"2.538554"
"77880.0";"2.531301"
"77890.0";"2.46883"
"77900.0";"2.499134"
"77910.0";"2.452054"
"77920.0";"2.428351"
"77930.0";"2.44006"
"77940.0";"2.514284"
"77950.0";"2.487851"
"77960.0";"2.484308"
"77970.0";"2.465391"
"77980.0";"2.463704"
"77990.0";"2.426764"
"78000.0";"2.441296"
"78010.0";"2.429505"
"78020.0";"2.4217"
"78030.0";"2.417984"
"78040.0";"2.428879"
"78050.0";"2.418094"
"78060.0";"2.418142"
"78070.0";"2.40329"
"78080.0";"2.396489"
"78090.0";"2.445904"
"78100.0";"2.383837"
"78110.0";"2.440356"
"78120.0";"2.395973"
"78130.0";"2.425398"
"78140.0";"2.476063"
"78150.0";"2.454409"
"78160.0";"2.421695"
"78170.0";"2.420653"
"78180.0";"2.46875"
"78190.0";"2.385443"
"78200.0";"2.418092"
"78210.0";"2.473933"
"78220.0";"2.495493"
"78230.0";"2.475639"
"78240.0";"2.461151"
"78250.0";"2.438626"
"78260.0";"2.479171"
"78270.0";"2.434597"
"78280.0";"2.461017"
"78290.0";"2.431743"
"78300.0";"2.482631"
"78310.0";"2.461074"
"78320.0";"2.444793"
"78330.0";"2.450363"
"78340.0";"2.359458"
"78350.0";"2.459817"
"78360.0";"2.462023"
"78370.0";"2.431247"
"78380.0";"2.469611"
"78390.0";"2.382273"
"78400.0";"2.444171"
"78410.0";"2.3952"
"78420.0";"2.476387"
"78430.0";"2.464539"
"78440.0";"2.395117"
"78450.0";"2.406183"
"78460.0";"2.467539"
"78470.0";"2.441554"
"78480.0";"2.498269"
"78490.0";"2.420634"
"78500.0";"2.493789"
"78510.0";"2.385599"
"78520.0";"2.410734"
"78530.0";"2.338343"
"78540.0";"2.455079"
"78550.0";"2.469887"
"78560.0";"2.445544"
"78570.0";"2.45514"
"78580.0";"2.509684"
"78590.0";"2.46501"
"78600.0";"2.478956"
"78610.0";"2.382023"
"78620.0";"2.505274"
"78630.0";"2.451925"
"78640.0";"2.475843"
"78650.0";"2.449494"
"78660.0";"2.429715"
"78670.0";"2.468613"
"78680.0";"2.433456"
"78690.0";"2.481945"
"78700.0";"2.509115"
"78710.0";"2.473842"
"78720.0";"2.459815"
"78730.0";"2.40416"
"78740.0";"2.416893"
"78750.0";"2.393634"
"78760.0";"2.459151"
"78770.0";"2.448505"
"78780.0";"2.419885"
"78790.0";"2.43143"
"78800.0";"2.398219"
"78810.0";"2.394387"
"78820.0";"2.435338"
"78830.0";"2.443835"
"78840.0";"2.445855"
"78850.0";"2.400287"
"78860.0";"2.366352"
"78870.0";"2.410753"
"78880.0";"2.394744"
"78890.0";"2.4538"
"78900.0";"2.444502"
"78910.0";"2.425673"
"78920.0";"2.440465"
"78930.0";"2.451053"
"78940.0";"2.428516"
"78950.0";"2.450857"
"78960.0";"2.483776"
"78970.0";"2.453075"
"78980.0";"2.436828"
"78990.0";"2.447677"
"79000.0";"2.4705"
"79010.0";"2.47491"
"79020.0";"2.452685"
"79030.0";"2.44083"
"79040.0";"2.446285"
"79050.0";"2.500376"
"79060.0";"2.457512"
"79070.0";"2.523665"
"79080.0";"2.449677"
"79090.0";"2.404252"
"79100.0";"2.447825"
"79110.0";"2.448151"
"79120.0";"2.427145"
"79130.0";"2.472154"
"79140.0";"2.433461"
"79150.0";"2.476731"
"79160.0";"2.413281"
"79170.0";"2.471608"
"79180.0";"2.509444"
"79190.0";"2.479374"
"79200.0";"2.479008"
"79210.0";"2.452896"
"79220.0";"2.456667"
"79230.0";"2.453324"
"79240.0";"2.424733"
"79250.0";"2.462022"
"79260.0";"2.441975"
"79270.0";"2.402843"
"79280.0";"2.423558"
"79290.0";"2.44433"
"79300.0";"2.466828"
"79310.0";"2.419073"
"79320.0";"2.35259"
"79330.0";"2.374468"
"79340.0";"2.47037"
"79350.0";"2.393557"
"79360.0";"2.42391"
"79370.0";"2.438508"
"79380.0";"2.453739"
"79390.0";"2.437597"
"79400.0";"2.461046"
"79410.0";"2.426295"
"79420.0";"2.400555"
"79430.0";"2.505954"
"79440.0";"2.358682"
"79450.0";"2.454189"
"79460.0";"2.432559"
"79470.0";"2.504028"
"79480.0";"2.492518"
"79490.0";"2.474238"
"79500.0";"2.4319"
"79510.0";"2.377863"
"79520.0";"2.336498"
"79530.0";"2.412601"
"79540.0";"2.414786"
"79550.0";"2.45853"
"79560.0";"2.483196"
"79570.0";"2.433326"
"79580.0";"2.455649"
"79590.0";"2.516764"
"79600.0";"2.473815"
"79610.0";"2.449718"
"79620.0";"2.474798"
"79630.0";"2.48574"
"79640.0";"2.433364"
"79650.0";"2.394173"
"79660.0";"2.457278"
"79670.0";"2.399443"
"79680.0";"2.500131"
"79690.0";"2.527515"
"79700.0";"2.502187"
"79710.0";"2.460106"
"79720.0";"2.413877"
"79730.0";"2.392781"
"79740.0";"2.516647"
"79750.0";"2.50095"
"79760.0";"2.412855"
"79770.0";"2.44527"
"79780.0";"2.44544"
"79790.0";"2.459943"
"79800.0";"2.446778"
"79810.0";"2.564406"
"79820.0";"2.424736"
"79830.0";"2.385715"
"79840.0";"2.485035"
"79850.0";"2.443651"
"79860.0";"2.369241"
"79870.0";"2.503203"
"79880.0";"2.451874"
"79890.0";"2.406996"
"79900.0";"2.411197"
"79910.0";"2.427855"
"79920.0";"2.49558"
"79930.0";"2.530289"
"79940.0";"2.496513"
"79950.0";"2.47237"
"79960.0";"2.440197"
"79970.0";"2.450992"
"79980.0";"2.518764"
"79990.0";"2.414784"
"80000.0";"2.40708"
"80010.0";"2.427474"
"80020.0";"2.523224"
"80030.0";"2.482382"
"80040.0";"2.514913"
"80050.0";"2.467153"
"80060.0";"2.447171"
"80070.0";"2.538047"
"80080.0";"2.43698"
"80090.0";"2.457491"
"80100.0";"2.434909"
"80110.0";"2.3967"
"80120.0";"2.43806"
"80130.0";"2.480844"
"80140.0";"2.444529"
"80150.0";"2.472088"
"80160.0";"2.487379"
"80170.0";"2.447362"
"80180.0";"2.486887"
"80190.0";"2.393075"
"80200.0";"2.467709"
"80210.0";"2.502302"
"80220.0";"2.502887"
"80230.0";"2.490025"
"80240.0";"2.415833"
"80250.0";"2.453708"
"80260.0";"2.450755"
"80270.0";"2.477545"
"80280.0";"2.499335"
"80290.0";"2.479234"
"80300.0";"2.438291"
"80310.0";"2.493565"
"80320.0";"2.469661"
"80330.0";"2.462252"
"80340.0";"2.476204"
"80350.0";"2.494817"
"80360.0";"2.437558"
"80370.0";"2.46318"
"80380.0";"2.4225"
"80390.0";"2.438551"
"80400.0";"2.395514"
"80410.0";"2.422605"
"80420.0";"2.331754"
"80430.0";"2.355659"
"80440.0";"2.349323"
"80450.0";"2.310181"
"80460.0";"2.328143"
"80470.0";"2.380564"
"80480.0";"2.333702"
"80490.0";"2.322988"
"80500.0";"2.346844"
"80510.0";"2.370346"
"80520.0";"2.375403"
"80530.0";"2.362516"
"80540.0";"2.331052"
"80550.0";"2.323034"
"80560.0";"2.400819"
"80570.0";"2.442855"
"80580.0";"2.40132"
"80590.0";"2.368374"
"80600.0";"2.402122"
"80610.0";"2.382413"
"80620.0";"2.36528"
"80630.0";"2.353537"
"80640.0";"2.351185"
"80650.0";"2.44547"
"80660.0";"2.366028"
"80670.0";"2.270452"
"80680.0";"2.440204"
"80690.0";"2.367308"
"80700.0";"2.369011"
"80710.0";"2.405005"
"80720.0";"2.400154"
"80730.0";"2.393551"
"80740.0";"2.33222"
"80750.0";"2.334697"
"80760.0";"2.325164"
"80770.0";"2.34038"
"80780.0";"2.388137"
"80790.0";"2.372518"
"80800.0";"2.362477"
"80810.0";"2.351435"
"80820.0";"2.352086"
"80830.0";"2.434627"
"80840.0";"2.380636"
"80850.0";"2.364582"
"80860.0";"2.381337"
"80870.0";"2.415925"
"80880.0";"2.375027"
"80890.0";"2.343704"
"80900.0";"2.398976"
"80910.0";"2.376492"
"80920.0";"2.358778"
"80930.0";"2.363753"
"80940.0";"2.463998"
"80950.0";"2.406453"
"80960.0";"2.410326"
"80970.0";"2.333866"
"80980.0";"2.396327"
"80990.0";"2.349142"
"81000.0";"2.389318"
"81010.0";"2.402432"
"81020.0";"2.458293"
"81030.0";"2.340917"
"81040.0";"2.424326"
"81050.0";"2.399561"
"81060.0";"2.419632"
"81070.0";"2.379471"
"81080.0";"2.390536"
"81090.0";"2.381081"
"81100.0";"2.398485"
"81110.0";"2.352774"
"81120.0";"2.414436"
"81130.0";"2.353103"
"81140.0";"2.328323"
"81150.0";"2.401008"
"81160.0";"2.386724"
"81170.0";"2.400034"
"81180.0";"2.367688"
"81190.0";"2.45762"
"81200.0";"2.421906"
"81210.0";"2.391764"
"81220.0";"2.428399"
"81230.0";"2.466958"
"81240.0";"2.460961"
"81250.0";"2.460719"
"81260.0";"2.487892"
"81270.0";"2.458718"
"81280.0";"2.478964"
"81290.0";"2.488168"
"81300.0";"2.426946"
"81310.0";"2.44053"
"81320.0";"2.451399"
"81330.0";"2.481001"
"81340.0";"2.572233"
"81350.0";"2.44762"
"81360.0";"2.533816"
"81370.0";"2.510985"
"81380.0";"2.55021"
"81390.0";"2.424543"
"81400.0";"2.510337"
"81410.0";"2.438249"
"81420.0";"2.45278"
"81430.0";"2.547983"
"81440.0";"2.472446"
"81450.0";"2.490833"
"81460.0";"2.427823"
"81470.0";"2.521397"
"81480.0";"2.492018"
"81490.0";"2.502181"
"81500.0";"2.487775"
"81510.0";"2.483554"
"81520.0";"2.49661"
"81530.0";"2.48147"
"81540.0";"2.502027"
"81550.0";"2.524364"
"81560.0";"2.489451"
"81570.0";"2.529672"
"81580.0";"2.527132"
"81590.0";"2.45183"
"81600.0";"2.494216"
"81610.0";"2.46943"
"81620.0";"2.52232"
"81630.0";"2.517598"
"81640.0";"2.464436"
"81650.0";"2.510394"
"81660.0";"2.453685"
"81670.0";"2.510763"
"81680.0";"2.475309"
"81690.0";"2.519953"
"81700.0";"2.432391"
"81710.0";"2.539045"
"81720.0";"2.511381"
"81730.0";"2.516461"
"81740.0";"2.495553"
"81750.0";"2.499867"
"81760.0";"2.503007"
"81770.0";"2.472331"
"81780.0";"2.487811"
"81790.0";"2.460272"
"81800.0";"2.577331"
"81810.0";"2.532839"
"81820.0";"2.506898"
"81830.0";"2.527286"
"81840.0";"2.489808"
"81850.0";"2.531955"
"81860.0";"2.490005"
"81870.0";"2.519663"
"81880.0";"2.461574"
"81890.0";"2.494079"
"81900.0";"2.497187"
"81910.0";"2.50486"
"81920.0";"2.554669"
"81930.0";"2.44978"
"81940.0";"2.470433"
"81950.0";"2.540668"
"81960.0";"2.48801"
"81970.0";"2.527598"
"81980.0";"2.479179"
"81990.0";"2.494553"
"82000.0";"2.531262"
"82010.0";"2.466118"
"82020.0";"2.482473"
"82030.0";"2.507689"
"82040.0";"2.512043"
"82050.0";"2.516657"
"82060.0";"2.501073"
"82070.0";"2.526437"
"82080.0";"2.551632"
"82090.0";"2.457793"
"82100.0";"2.462361"
"82110.0";"2.433841"
"82120.0";"2.498467"
"82130.0";"2.486975"
"82140.0";"2.493721"
"82150.0";"2.499276"
"82160.0";"2.457983"
"82170.0";"2.503357"
"82180.0";"2.537748"
"82190.0";"2.53318"
"82200.0";"2.445084"
"82210.0";"2.370781"
"82220.0";"2.422325"
"82230.0";"2.411973"
"82240.0";"2.377363"
"82250.0";"2.408189"
"82260.0";"2.454826"
"82270.0";"2.464522"
"82280.0";"2.432209"
"82290.0";"2.40572"
"82300.0";"2.451257"
"82310.0";"2.46325"
"82320.0";"2.4557"
"82330.0";"2.465276"
"82340.0";"2.402984"
"82350.0";"2.418636"
"82360.0";"2.506123"
"82370.0";"2.478217"
"82380.0";"2.451443"
"82390.0";"2.370968"
"82400.0";"2.423148"
"82410.0";"2.419849"
"82420.0";"2.444997"
"82430.0";"2.445031"
"82440.0";"2.425255"
"82450.0";"2.467778"
"82460.0";"2.478879"
"82470.0";"2.448513"
"82480.0";"2.420781"
"82490.0";"2.472363"
"82500.0";"2.41492"
"82510.0";"2.465215"
"82520.0";"2.383001"
"82530.0";"2.405002"
"82540.0";"2.424357"
"82550.0";"2.414449"
"82560.0";"2.474887"
"82570.0";"2.446502"
"82580.0";"2.387221"
"82590.0";"2.426766"
"82600.0";"2.492765"
"82610.0";"2.416378"
"82620.0";"2.450076"
"82630.0";"2.451542"
"82640.0";"2.443203"
"82650.0";"2.430267"
"82660.0";"2.476772"
"82670.0";"2.54034"
"82680.0";"2.515508"
"82690.0";"2.485948"
"82700.0";"2.507245"
"82710.0";"2.489559"
"82720.0";"2.491558"
"82730.0";"2.517015"
"82740.0";"2.478736"
"82750.0";"2.483623"
"82760.0";"2.499962"
"82770.0";"2.529954"
"82780.0";"2.488463"
"82790.0";"2.442139"
"82800.0";"2.454065"
"82810.0";"2.433634"
"82820.0";"2.524055"
"82830.0";"2.471161"
"82840.0";"2.444543"
"82850.0";"2.415659"
"82860.0";"2.470921"
"82870.0";"2.458761"
"82880.0";"2.520458"
"82890.0";"2.516237"
"82900.0";"2.463203"
"82910.0";"2.537519"
"82920.0";"2.507466"
"82930.0";"2.509651"
"82940.0";"2.536242"
"82950.0";"2.492038"
"82960.0";"2.536909"
"82970.0";"2.493603"
"82980.0";"2.531556"
"82990.0";"2.529605"
"83000.0";"2.515576"
"83010.0";"2.481145"
"83020.0";"2.464168"
"83030.0";"2.515705"
"83040.0";"2.535131"
"83050.0";"2.431834"
"83060.0";"2.476218"
"83070.0";"2.443955"
"83080.0";"2.474478"
"83090.0";"2.492162"
"83100.0";"2.498801"
"83110.0";"2.504959"
"83120.0";"2.409902"
"83130.0";"2.472926"
"83140.0";"2.487087"
"83150.0";"2.531596"
"83160.0";"2.531172"
"83170.0";"2.465422"
"83180.0";"2.474081"
"83190.0";"2.485517"
"83200.0";"2.455576"
"83210.0";"2.436674"
"83220.0";"2.513613"
"83230.0";"2.485508"
"83240.0";"2.43211"
"83250.0";"2.53737"
"83260.0";"2.473706"
"83270.0";"2.475193"
"83280.0";"2.506297"
"83290.0";"2.450123"
"83300.0";"2.499811"
"83310.0";"2.474494"
"83320.0";"2.539399"
"83330.0";"2.524751"
"83340.0";"2.478779"
"83350.0";"2.516451"
"83360.0";"2.476298"
"83370.0";"2.460984"
"83380.0";"2.468925"
"83390.0";"2.423712"
"83400.0";"2.467658"
"83410.0";"2.474621"
"83420.0";"2.505923"
"83430.0";"2.534489"
"83440.0";"2.484419"
"83450.0";"2.445747"
"83460.0";"2.536196"
"83470.0";"2.483347"
"83480.0";"2.546096"
"83490.0";"2.475482"
"83500.0";"2.504551"
"83510.0";"2.429767"
"83520.0";"2.514359"
"83530.0";"2.475657"
"83540.0";"2.433963"
"83550.0";"2.496142"
"83560.0";"2.5198"
"83570.0";"2.488568"
"83580.0";"2.511468"
"83590.0";"2.514568"
"83600.0";"2.432658"
"83610.0";"2.468535"
"83620.0";"2.482731"
"83630.0";"2.549498"
"83640.0";"2.474616"
"83650.0";"2.477674"
"83660.0";"2.576447"
"83670.0";"2.458318"
"83680.0";"2.512496"
"83690.0";"2.537097"
"83700.0";"2.469046"
"83710.0";"2.518186"
"83720.0";"2.453444"
"83730.0";"2.518772"
"83740.0";"2.466758"
"83750.0";"2.520914"
"83760.0";"2.516827"
"83770.0";"2.479291"
"83780.0";"2.533345"
"83790.0";"2.459089"
"83800.0";"2.489243"
"83810.0";"2.461164"
"83820.0";"2.508477"
"83830.0";"2.496037"
"83840.0";"2.484045"
"83850.0";"2.505"
"83860.0";"2.460637"
"83870.0";"2.509583"
"83880.0";"2.501896"
"83890.0";"2.517006"
"83900.0";"2.436502"
"83910.0";"2.525115"
"83920.0";"2.507591"
"83930.0";"2.505199"
"83940.0";"2.470613"
"83950.0";"2.480566"
"83960.0";"2.487123"
"83970.0";"2.472239"
"83980.0";"2.536149"
"83990.0";"2.444524"
"84000.0";"2.495343"
"84010.0";"2.481792"
"84020.0";"2.42115"
"84030.0";"2.461835"
"84040.0";"2.435052"
"84050.0";"2.469915"
"84060.0";"2.509955"
"84070.0";"2.500409"
"84080.0";"2.489469"
"84090.0";"2.5238"
"84100.0";"2.432564"
"84110.0";"2.487266"
"84120.0";"2.466413"
"84130.0";"2.476027"
"84140.0";"2.435071"
"84150.0";"2.461031"
"84160.0";"2.474872"
"84170.0";"2.502629"
"84180.0";"2.473497"
"84190.0";"2.451304"
"84200.0";"2.459897"
"84210.0";"2.481701"
"84220.0";"2.445421"
"84230.0";"2.400564"
"84240.0";"2.43044"
"84250.0";"2.405287"
"84260.0";"2.358069"
"84270.0";"2.424291"
"84280.0";"2.359098"
"84290.0";"2.344955"
"84300.0";"2.39004"
"84310.0";"2.456935"
"84320.0";"2.44012"
"84330.0";"2.392856"
"84340.0";"2.356986"
"84350.0";"2.42353"
"84360.0";"2.495002"
"84370.0";"2.435633"
"84380.0";"2.461505"
"84390.0";"2.436877"
"84400.0";"2.435808"
"84410.0";"2.402645"
"84420.0";"2.476652"
"84430.0";"2.485692"
"84440.0";"2.427563"
"84450.0";"2.430996"
"84460.0";"2.463594"
"84470.0";"2.434046"
"84480.0";"2.382978"
"84490.0";"2.445375"
"84500.0";"2.401304"
"84510.0";"2.438344"
"84520.0";"2.410722"
"84530.0";"2.443202"
"84540.0";"2.456419"
"84550.0";"2.419213"
"84560.0";"2.414999"
"84570.0";"2.48031"
"84580.0";"2.453411"
"84590.0";"2.418038"
"84600.0";"2.446276"
"84610.0";"2.448566"
"84620.0";"2.474348"
"84630.0";"2.519003"
"84640.0";"2.402113"
"84650.0";"2.492272"
"84660.0";"2.57141"
"84670.0";"2.551034"
"84680.0";"2.447881"
"84690.0";"2.448947"
"84700.0";"2.454134"
"84710.0";"2.476393"
"84720.0";"2.503474"
"84730.0";"2.470364"
"84740.0";"2.44961"
"84750.0";"2.482313"
"84760.0";"2.554362"
"84770.0";"2.404901"
"84780.0";"2.445839"
"84790.0";"2.456708"
"84800.0";"2.469437"
"84810.0";"2.491393"
"84820.0";"2.415493"
"84830.0";"2.420296"
"84840.0";"2.450584"
"84850.0";"2.492017"
"84860.0";"2.457845"
"84870.0";"2.476893"
"84880.0";"2.443008"
"84890.0";"2.39207"
"84900.0";"2.451645"
"84910.0";"2.446483"
"84920.0";"2.451467"
"84930.0";"2.366209"
"84940.0";"2.481971"
"84950.0";"2.512662"
"84960.0";"2.524425"
"84970.0";"2.509461"
"84980.0";"2.483053"
"84990.0";"2.448575"
"85000.0";"2.511171"
"85010.0";"2.472233"
"85020.0";"2.51389"
"85030.0";"2.49757"
"85040.0";"2.452044"
"85050.0";"2.516116"
"85060.0";"2.469441"
"85070.0";"2.493939"
"85080.0";"2.477437"
"85090.0";"2.509524"
"85100.0";"2.498168"
"85110.0";"2.54371"
"85120.0";"2.4282"
"85130.0";"2.477027"
"85140.0";"2.490337"
"85150.0";"2.447867"
"85160.0";"2.481869"
"85170.0";"2.55309"
"85180.0";"2.457299"
"85190.0";"2.525162"
"85200.0";"2.522372"
"85210.0";"2.512381"
"85220.0";"2.558681"
"85230.0";"2.543569"
"85240.0";"2.57631"
"85250.0";"2.455795"
"85260.0";"2.534177"
"85270.0";"2.528876"
"85280.0";"2.553663"
"85290.0";"2.48912"
"85300.0";"2.50965"
"85310.0";"2.509088"
"85320.0";"2.513916"
"85330.0";"2.502785"
"85340.0";"2.507546"
"85350.0";"2.531972"
"85360.0";"2.518718"
"85370.0";"2.471123"
"85380.0";"2.53448"
"85390.0";"2.516142"
"85400.0";"2.486808"
"85410.0";"2.598648"
"85420.0";"2.581702"
"85430.0";"2.486072"
"85440.0";"2.538811"
"85450.0";"2.497752"
"85460.0";"2.409112"
"85470.0";"2.545965"
"85480.0";"2.531434"
"85490.0";"2.424586"
"85500.0";"2.48546"
"85510.0";"2.481066"
"85520.0";"2.443686"
"85530.0";"2.509895"
"85540.0";"2.508536"
"85550.0";"2.51955"
"85560.0";"2.47449"
"85570.0";"2.463942"
"85580.0";"2.518098"
"85590.0";"2.478867"
"85600.0";"2.427523"
"85610.0";"2.498452"
"85620.0";"2.422595"
"85630.0";"2.490107"
"85640.0";"2.453947"
"85650.0";"2.497715"
"85660.0";"2.497257"
"85670.0";"2.459054"
"85680.0";"2.432017"
"85690.0";"2.528017"
"85700.0";"2.481127"
"85710.0";"2.543777"
"85720.0";"2.448826"
"85730.0";"2.52276"
"85740.0";"2.484823"
"85750.0";"2.458542"
"85760.0";"2.498353"
"85770.0";"2.470214"
"85780.0";"2.516614"
"85790.0";"2.470362"
"85800.0";"2.48927"
"85810.0";"2.409771"
"85820.0";"2.43696"
"85830.0";"2.421539"
"85840.0";"2.535996"
"85850.0";"2.460321"
"85860.0";"2.509796"
"85870.0";"2.487321"
"85880.0";"2.517034"
"85890.0";"2.480738"
"85900.0";"2.413681"
"85910.0";"2.437752"
"85920.0";"2.362751"
"85930.0";"2.355117"
"85940.0";"2.429241"
"85950.0";"2.432402"
"85960.0";"2.44453"
"85970.0";"2.408122"
"85980.0";"2.40681"
"85990.0";"2.454276"
"86000.0";"2.435132"
"86010.0";"2.378061"
"86020.0";"2.364769"
"86030.0";"2.437398"
"86040.0";"2.415571"
"86050.0";"2.37873"
"86060.0";"2.402882"
"86070.0";"2.402328"
"86080.0";"2.468512"
"86090.0";"2.471094"
"86100.0";"2.408314"
"86110.0";"2.414888"
"86120.0";"2.477649"
"86130.0";"2.437962"
"86140.0";"2.40976"
"86150.0";"2.484688"
"86160.0";"2.509317"
"86170.0";"2.405777"
"86180.0";"2.483979"
"86190.0";"2.518372"
"86200.0";"2.468557"
"86210.0";"2.500282"
"86220.0";"2.480016"
"86230.0";"2.505761"
"86240.0";"2.500766"
"86250.0";"2.498757"
"86260.0";"2.453785"
"86270.0";"2.486159"
"86280.0";"2.553353"
"86290.0";"2.496779"
"86300.0";"2.450767"
"86310.0";"2.498832"
"86320.0";"2.511272"
"86330.0";"2.487186"
"86340.0";"2.491366"
"86350.0";"2.531603"
"86360.0";"2.475197"
"86370.0";"2.470348"
"86380.0";"2.526568"
"86390.0";"2.489844"
"86400.0";"2.467549"
"86410.0";"2.668176"
"86420.0";"2.520444"
"86430.0";"2.48927"
"86440.0";"2.5606"
"86450.0";"2.514228"
"86460.0";"2.470602"
"86470.0";"2.530216"
"86480.0";"2.499618"
"86490.0";"2.534012"
"86500.0";"2.52339"
"86510.0";"2.581199"
"86520.0";"2.480842"
"86530.0";"2.502219"
"86540.0";"2.484096"
"86550.0";"2.51826"
"86560.0";"2.541631"
"86570.0";"2.533843"
"86580.0";"2.465194"
"86590.0";"2.510979"
"86600.0";"2.486515"
"86610.0";"2.487555"
"86620.0";"2.509944"
"86630.0";"2.534326"
"86640.0";"2.500496"
"86650.0";"2.441735"
"86660.0";"2.474431"
"86670.0";"2.467828"
"86680.0";"2.420543"
"86690.0";"2.43159"
"86700.0";"2.442229"
"86710.0";"2.438483"
"86720.0";"2.482706"
"86730.0";"2.454923"
"86740.0";"2.410186"
"86750.0";"2.467622"
"86760.0";"2.482626"
"86770.0";"2.498841"
"86780.0";"2.5304"
"86790.0";"2.440053"
"86800.0";"2.400909"
"86810.0";"2.41349"
"86820.0";"2.384583"
"86830.0";"2.441948"
"86840.0";"2.422971"
"86850.0";"2.494929"
"86860.0";"2.520366"
"86870.0";"2.440718"
"86880.0";"2.450701"
"86890.0";"2.494159"
"86900.0";"2.444426"
"86910.0";"2.511192"
"86920.0";"2.390018"
"86930.0";"2.405751"
"86940.0";"2.395103"
"86950.0";"2.471815"
"86960.0";"2.458746"
"86970.0";"2.538425"
"86980.0";"2.482948"
"86990.0";"2.490984"
"87000.0";"2.484832"
"87010.0";"2.511347"
"87020.0";"2.479684"
"87030.0";"2.466115"
"87040.0";"2.467113"
"87050.0";"2.515251"
"87060.0";"2.500727"
"87070.0";"2.461348"
"87080.0";"2.48702"
"87090.0";"2.459579"
"87100.0";"2.453951"
"87110.0";"2.469277"
"87120.0";"2.532988"
"87130.0";"2.498437"
"87140.0";"2.487897"
"87150.0";"2.436008"
"87160.0";"2.493438"
"87170.0";"2.508924"
"87180.0";"2.501924"
"87190.0";"2.534002"
"87200.0";"2.496408"
"87210.0";"2.502672"
"87220.0";"2.489933"
"87230.0";"2.50386"
"87240.0";"2.459794"
"87250.0";"2.514063"
"87260.0";"2.478657"
"87270.0";"2.467734"
"87280.0";"2.492845"
"87290.0";"2.5128"
"87300.0";"2.450862"
"87310.0";"2.459556"
"87320.0";"2.446173"
"87330.0";"2.440699"
"87340.0";"2.477811"
"87350.0";"2.478395"
"87360.0";"2.473368"
"87370.0";"2.480362"
"87380.0";"2.478601"
"87390.0";"2.51615"
"87400.0";"2.448276"
"87410.0";"2.509346"
"87420.0";"2.463586"
"87430.0";"2.430766"
"87440.0";"2.469332"
"87450.0";"2.469206"
"87460.0";"2.423468"
"87470.0";"2.486758"
"87480.0";"2.463156"
"87490.0";"2.497858"
"87500.0";"2.415238"
"87510.0";"2.49713"
"87520.0";"2.449355"
"87530.0";"2.470541"
"87540.0";"2.4937"
"87550.0";"2.531172"
"87560.0";"2.407003"
"87570.0";"2.397057"
"87580.0";"2.437393"
"87590.0";"2.496514"
"87600.0";"2.526195"
"87610.0";"2.481678"
"87620.0";"2.426376"
"87630.0";"2.429389"
"87640.0";"2.447167"
"87650.0";"2.464669"
"87660.0";"2.400112"
"87670.0";"2.497935"
"87680.0";"2.441983"
"87690.0";"2.467074"
"87700.0";"2.51206"
"87710.0";"2.520217"
"87720.0";"2.441892"
"87730.0";"2.412831"
"87740.0";"2.485898"
"87750.0";"2.472117"
"87760.0";"2.405893"
"87770.0";"2.471667"
"87780.0";"2.493132"
"87790.0";"2.458537"
"87800.0";"2.479936"
"87810.0";"2.459139"
"87820.0";"2.438323"
"87830.0";"2.51103"
"87840.0";"2.405593"
"87850.0";"2.4682"
"87860.0";"2.455454"
"87870.0";"2.470567"
"87880.0";"2.440448"
"87890.0";"2.448445"
"87900.0";"2.430226"
"87910.0";"2.505305"
"87920.0";"2.494292"
"87930.0";"2.498176"
"87940.0";"2.439005"
"87950.0";"2.476061"
"87960.0";"2.4354"
"87970.0";"2.476662"
"87980.0";"2.430847"
"87990.0";"2.480643"
"88000.0";"2.464784"
"88010.0";"2.465245"
"88020.0";"2.474119"
"88030.0";"2.453239"
"88040.0";"2.461085"
"88050.0";"2.531815"
"88060.0";"2.491102"
"88070.0";"2.468068"
"88080.0";"2.425278"
"88090.0";"2.499207"
"88100.0";"2.297596"
"88110.0";"2.474507"
"88120.0";"2.476182"
"88130.0";"2.476623"
"88140.0";"2.467869"
"88150.0";"2.462181"
"88160.0";"2.470287"
"88170.0";"2.480584"
"88180.0";"2.422565"
"88190.0";"2.483691"
"88200.0";"2.467145"
"88210.0";"2.463951"
"88220.0";"2.467388"
"88230.0";"2.4354"
"88240.0";"2.510248"
"88250.0";"2.435784"
"88260.0";"2.486608"
"88270.0";"2.493635"
"88280.0";"2.466887"
"88290.0";"2.502032"
"88300.0";"2.430139"
"88310.0";"2.460458"
"88320.0";"2.516975"
"88330.0";"2.481785"
"88340.0";"2.550985"
"88350.0";"2.522232"
"88360.0";"2.528808"
"88370.0";"2.501117"
"88380.0";"2.47762"
"88390.0";"2.46044"
"88400.0";"2.514347"
"88410.0";"2.492016"
"88420.0";"2.432487"
"88430.0";"2.480022"
"88440.0";"2.514798"
"88450.0";"2.422426"
"88460.0";"2.430146"
"88470.0";"2.484717"
"88480.0";"2.507973"
"88490.0";"2.501073"
"88500.0";"2.538334"
"88510.0";"2.46328"
"88520.0";"2.492107"
"88530.0";"2.439722"
"88540.0";"2.578113"
"88550.0";"2.511017"
"88560.0";"2.497975"
"88570.0";"2.533504"
"88580.0";"2.485244"
"88590.0";"2.512408"
"88600.0";"2.472453"
"88610.0";"2.488822"
"88620.0";"2.463872"
"88630.0";"2.467063"
"88640.0";"2.461445"
"88650.0";"2.487256"
"88660.0";"2.467275"
"88670.0";"2.478935"
"88680.0";"2.5183"
"88690.0";"2.524743"
"88700.0";"2.462966"
"88710.0";"2.466968"
"88720.0";"2.521472"
"88730.0";"2.494943"
"88740.0";"2.532532"
"88750.0";"2.514855"
"88760.0";"2.531557"
"88770.0";"2.477073"
"88780.0";"2.519602"
"88790.0";"2.446033"
"88800.0";"2.487018"
"88810.0";"2.444393"
"88820.0";"2.509779"
"88830.0";"2.421379"
"88840.0";"2.431298"
"88850.0";"2.453294"
"88860.0";"2.468228"
"88870.0";"2.398568"
"88880.0";"2.465301"
"88890.0";"2.423515"
"88900.0";"2.384666"
"88910.0";"2.430135"
"88920.0";"2.465571"
"88930.0";"2.403043"
"88940.0";"2.451649"
"88950.0";"2.46326"
"88960.0";"2.440351"
"88970.0";"2.418936"
"88980.0";"2.468275"
"88990.0";"2.433287"
"89000.0";"2.414879"
"89010.0";"2.405687"
"89020.0";"2.389901"
"89030.0";"2.384512"
"89040.0";"2.398581"
"89050.0";"2.423671"
"89060.0";"2.416075"
"89070.0";"2.383008"
"89080.0";"2.45196"
"89090.0";"2.452663"
"89100.0";"2.425579"
"89110.0";"2.452444"
"89120.0";"2.423845"
"89130.0";"2.477272"
"89140.0";"2.470367"
"89150.0";"2.436555"
"89160.0";"2.443719"
"89170.0";"2.502112"
"89180.0";"2.464149"
"89190.0";"2.398126"
"89200.0";"2.515586"
"89210.0";"2.508437"
"89220.0";"2.516632"
"89230.0";"2.500956"
"89240.0";"2.466572"
"89250.0";"2.439124"
"89260.0";"2.481668"
"89270.0";"2.459948"
"89280.0";"2.515344"
"89290.0";"2.482432"
"89300.0";"2.522764"
"89310.0";"2.498737"
"89320.0";"2.427608"
"89330.0";"2.417978"
"89340.0";"2.44916"
"89350.0";"2.518117"
"89360.0";"2.485279"
"89370.0";"2.492172"
"89380.0";"2.478773"
"89390.0";"2.478926"
"89400.0";"2.514109"
"89410.0";"2.458629"
"89420.0";"2.492802"
"89430.0";"2.57423"
"89440.0";"2.483133"
"89450.0";"2.440621"
"89460.0";"2.444551"
"89470.0";"2.458985"
"89480.0";"2.478354"
"89490.0";"2.482594"
"89500.0";"2.359248"
"89510.0";"2.45705"
"89520.0";"2.446376"
"89530.0";"2.490983"
"89540.0";"2.469932"
"89550.0";"2.488018"
"89560.0";"2.419968"
"89570.0";"2.514984"
"89580.0";"2.467215"
"89590.0";"2.435277"
"89600.0";"2.407808"
"89610.0";"2.378067"
"89620.0";"2.411268"
"89630.0";"2.359311"
"89640.0";"2.487651"
"89650.0";"2.296867"
"89660.0";"2.42492"
"89670.0";"2.439538"
"89680.0";"2.388776"
"89690.0";"2.473265"
"89700.0";"2.42348"
"89710.0";"2.449455"
"89720.0";"2.447771"
"89730.0";"2.477947"
"89740.0";"2.43715"
"89750.0";"2.373607"
"89760.0";"2.444638"
"89770.0";"2.4414"
"89780.0";"2.385894"
"89790.0";"2.426904"
"89800.0";"2.445515"
"89810.0";"2.500282"
"89820.0";"2.454434"
"89830.0";"2.475955"
"89840.0";"2.470234"
"89850.0";"2.449241"
"89860.0";"2.525674"
"89870.0";"2.463876"
"89880.0";"2.452713"
"89890.0";"2.403687"
"89900.0";"2.465503"
"89910.0";"2.448886"
"89920.0";"2.41279"
"89930.0";"2.506482"
"89940.0";"2.458935"
"89950.0";"2.489586"
"89960.0";"2.440734"
"89970.0";"2.505773"
"89980.0";"2.420563"
"89990.0";"2.445304"
"90000.0";"2.435454"
"90010.0";"2.453747"
"90020.0";"2.446221"
"90030.0";"2.451353"
"90040.0";"2.413108"
"90050.0";"2.444179"
"90060.0";"2.433054"
"90070.0";"2.471362"
"90080.0";"2.47742"
"90090.0";"2.403721"
"90100.0";"2.433189"
"90110.0";"2.393482"
"90120.0";"2.422805"
"90130.0";"2.398447"
"90140.0";"2.460655"
"90150.0";"2.477407"
"90160.0";"2.436316"
"90170.0";"2.374569"
"90180.0";"2.461469"
"90190.0";"2.424416"
"90200.0";"2.437099"
"90210.0";"2.443163"
"90220.0";"2.388325"
"90230.0";"2.455868"
"90240.0";"2.425175"
"90250.0";"2.415525"
"90260.0";"2.447447"
"90270.0";"2.482976"
"90280.0";"2.385049"
"90290.0";"2.436265"
"90300.0";"2.451926"
"90310.0";"2.404192"
"90320.0";"2.438145"
"90330.0";"2.413441"
"90340.0";"2.471271"
"90350.0";"2.398248"
"90360.0";"2.433754"
"90370.0";"2.427439"
"90380.0";"2.421727"
"90390.0";"2.499391"
"90400.0";"2.449182"
"90410.0";"2.465101"
"90420.0";"2.417419"
"90430.0";"2.419835"
"90440.0";"2.429006"
"90450.0";"2.453133"
"90460.0";"2.419584"
"90470.0";"2.418711"
"90480.0";"2.361502"
"90490.0";"2.454805"
"90500.0";"2.42379"
"90510.0";"2.376524"
"90520.0";"2.405796"
"90530.0";"2.378584"
"90540.0";"2.439832"
"90550.0";"2.365493"
"90560.0";"2.399228"
"90570.0";"2.482469"
"90580.0";"2.457948"
"90590.0";"2.367576"
"90600.0";"2.461785"
"90610.0";"2.452483"
"90620.0";"2.415474"
"90630.0";"2.442905"
"90640.0";"2.403109"
"90650.0";"2.527028"
"90660.0";"2.482472"
"90670.0";"2.508218"
"90680.0";"2.458937"
"90690.0";"2.483577"
"90700.0";"2.532312"
"90710.0";"2.496837"
"90720.0";"2.408597"
"90730.0";"2.496797"
"90740.0";"2.422251"
"90750.0";"2.471948"
"90760.0";"2.476886"
"90770.0";"2.46437"
"90780.0";"2.457425"
"90790.0";"2.520343"
"90800.0";"2.526654"
"90810.0";"2.511159"
"90820.0";"2.438189"
"90830.0";"2.59907"
"90840.0";"2.570884"
"90850.0";"2.562376"
"90860.0";"2.507309"
"90870.0";"2.419434"
"90880.0";"2.503412"
"90890.0";"2.524972"
"90900.0";"2.447815"
"90910.0";"2.412475"
"90920.0";"2.430779"
"90930.0";"2.487202"
"90940.0";"2.50213"
"90950.0";"2.428808"
"90960.0";"2.434755"
"90970.0";"2.519073"
"90980.0";"2.54637"
"90990.0";"2.41784"
"91000.0";"2.477099"
"91010.0";"2.46762"
"91020.0";"2.522108"
"91030.0";"2.494738"
"91040.0";"2.559473"
"91050.0";"2.343049"
"91060.0";"2.443967"
"91070.0";"2.459289"
"91080.0";"2.483475"
"91090.0";"2.562764"
"91100.0";"2.440922"
"91110.0";"2.519115"
"91120.0";"2.657887"
"91130.0";"2.500267"
"91140.0";"2.512673"
"91150.0";"2.531491"
"91160.0";"2.435977"
"91170.0";"2.506992"
"91180.0";"2.438738"
"91190.0";"2.465593"
"91200.0";"2.56501"
"91210.0";"2.52335"
"91220.0";"2.506409"
"91230.0";"2.477538"
"91240.0";"2.440504"
"91250.0";"2.474284"
"91260.0";"2.555319"
"91270.0";"2.507351"
"91280.0";"2.426994"
"91290.0";"2.510274"
"91300.0";"2.458242"
"91310.0";"2.469585"
"91320.0";"2.427829"
"91330.0";"2.413221"
"91340.0";"2.558635"
"91350.0";"2.433244"
"91360.0";"2.485413"
"91370.0";"2.540525"
"91380.0";"2.521858"
"91390.0";"2.548023"
"91400.0";"2.479044"
"91410.0";"2.483696"
"91420.0";"2.500071"
"91430.0";"2.505183"
"91440.0";"2.427065"
"91450.0";"2.476076"
"91460.0";"2.480388"
"91470.0";"2.460058"
"91480.0";"2.446366"
"91490.0";"2.437565"
"91500.0";"2.460899"
"91510.0";"2.454459"
"91520.0";"2.453779"
"91530.0";"2.498385"
"91540.0";"2.484032"
"91550.0";"2.435193"
"91560.0";"2.446979"
"91570.0";"2.447257"
"91580.0";"2.475133"
"91590.0";"2.406941"
"91600.0";"2.367408"
"91610.0";"2.467263"
"91620.0";"2.450359"
"91630.0";"2.485476"
"91640.0";"2.480061"
"91650.0";"2.417877"
"91660.0";"2.370606"
"91670.0";"2.474939"
"91680.0";"2.429022"
"91690.0";"2.405669"
"91700.0";"2.499743"
"91710.0";"2.486388"
"91720.0";"2.464153"
"91730.0";"2.453742"
"91740.0";"2.468221"
"91750.0";"2.46634"
"91760.0";"2.518425"
"91770.0";"2.506201"
"91780.0";"2.420046"
"91790.0";"2.486087"
"91800.0";"2.41593"
"91810.0";"2.445172"
"91820.0";"2.440388"
"91830.0";"2.433777"
"91840.0";"2.410393"
"91850.0";"2.486334"
"91860.0";"2.392594"
"91870.0";"2.458462"
"91880.0";"2.440216"
"91890.0";"2.429559"
"91900.0";"2.409072"
"91910.0";"2.430627"
"91920.0";"2.476007"
"91930.0";"2.39132"
"91940.0";"2.424219"
"91950.0";"2.383394"
"91960.0";"2.379034"
"91970.0";"2.383912"
"91980.0";"2.365907"
"91990.0";"2.445875"
"92000.0";"2.40663"
"92010.0";"2.389804"
"92020.0";"2.377725"
"92030.0";"2.355962"
"92040.0";"2.377675"
"92050.0";"2.439603"
"92060.0";"2.439715"
"92070.0";"2.366632"
"92080.0";"2.393383"
"92090.0";"2.383119"
"92100.0";"2.393269"
"92110.0";"2.455036"
"92120.0";"2.405662"
"92130.0";"2.463174"
"92140.0";"2.449492"
"92150.0";"2.401025"
"92160.0";"2.403298"
"92170.0";"2.42001"
"92180.0";"2.402121"
"92190.0";"2.38659"
"92200.0";"2.4054"
"92210.0";"2.435659"
"92220.0";"2.428914"
"92230.0";"2.408797"
"92240.0";"2.51785"
"92250.0";"2.433813"
"92260.0";"2.398744"
"92270.0";"2.455793"
"92280.0";"2.422"
"92290.0";"2.443865"
"92300.0";"2.476066"
"92310.0";"2.411671"
"92320.0";"2.422514"
"92330.0";"2.457431"
"92340.0";"2.509631"
"92350.0";"2.444858"
"92360.0";"2.459444"
"92370.0";"2.395019"
"92380.0";"2.503576"
"92390.0";"2.48373"
"92400.0";"2.443143"
"92410.0";"2.497878"
"92420.0";"2.435701"
"92430.0";"2.495137"
"92440.0";"2.444211"
"92450.0";"2.44102"
"92460.0";"2.482543"
"92470.0";"2.466027"
"92480.0";"2.396259"
"92490.0";"2.476378"
"92500.0";"2.467677"
"92510.0";"2.410639"
"92520.0";"2.478871"
"92530.0";"2.469518"
"92540.0";"2.487315"
"92550.0";"2.451193"
"92560.0";"2.49883"
"92570.0";"2.459901"
"92580.0";"2.473997"
"92590.0";"2.45404"
"92600.0";"2.503647"
"92610.0";"2.449034"
"92620.0";"2.499793"
"92630.0";"2.448277"
"92640.0";"2.402928"
"92650.0";"2.442937"
"92660.0";"2.430089"
"92670.0";"2.470276"
"92680.0";"2.439248"
"92690.0";"2.40214"
"92700.0";"2.490175"
"92710.0";"2.482652"
"92720.0";"2.440305"
"92730.0";"2.450696"
"92740.0";"2.443842"
"92750.0";"2.488955"
"92760.0";"2.489251"
"92770.0";"2.472555"
"92780.0";"2.472368"
"92790.0";"2.466002"
"92800.0";"2.434314"
"92810.0";"2.459952"
"92820.0";"2.470567"
"92830.0";"2.471881"
"92840.0";"2.437416"
"92850.0";"2.466224"
"92860.0";"2.448687"
"92870.0";"2.46612"
"92880.0";"2.439414"
"92890.0";"2.481348"
"92900.0";"2.397969"
"92910.0";"2.376068"
"92920.0";"2.453791"
"92930.0";"2.456017"
"92940.0";"2.356411"
"92950.0";"2.427176"
"92960.0";"2.434927"
"92970.0";"2.478021"
"92980.0";"2.452286"
"92990.0";"2.459376"
"93000.0";"2.486412"
"93010.0";"2.453684"
"93020.0";"2.442628"
"93030.0";"2.465189"
"93040.0";"2.511536"
"93050.0";"2.47089"
"93060.0";"2.501385"
"93070.0";"2.454102"
"93080.0";"2.467026"
"93090.0";"2.440057"
"93100.0";"2.461791"
"93110.0";"2.468488"
"93120.0";"2.432587"
"93130.0";"2.45819"
"93140.0";"2.468163"
"93150.0";"2.413591"
"93160.0";"2.388882"
"93170.0";"2.456162"
"93180.0";"2.479728"
"93190.0";"2.457906"
"93200.0";"2.444466"
"93210.0";"2.469052"
"93220.0";"2.451545"
"93230.0";"2.421433"
"93240.0";"2.423735"
"93250.0";"2.436392"
"93260.0";"2.465796"
"93270.0";"2.439954"
"93280.0";"2.500335"
"93290.0";"2.420384"
"93300.0";"2.471596"
"93310.0";"2.416763"
"93320.0";"2.414015"
"93330.0";"2.437838"
"93340.0";"2.446747"
"93350.0";"2.477432"
"93360.0";"2.457857"
"93370.0";"2.455642"
"93380.0";"2.467843"
"93390.0";"2.418503"
"93400.0";"2.368057"
"93410.0";"2.451208"
"93420.0";"2.401285"
"93430.0";"2.464573"
"93440.0";"2.439581"
"93450.0";"2.458924"
"93460.0";"2.432505"
"93470.0";"2.468576"
"93480.0";"2.451239"
"93490.0";"2.478652"
"93500.0";"2.467382"
"93510.0";"2.426776"
"93520.0";"2.443173"
"93530.0";"2.430959"
"93540.0";"2.513834"
"93550.0";"2.459775"
"93560.0";"2.459431"
"93570.0";"2.521762"
"93580.0";"2.504784"
"93590.0";"2.397968"
"93600.0";"2.468351"
"93610.0";"2.42075"
"93620.0";"2.424051"
"93630.0";"2.437137"
"93640.0";"2.484343"
"93650.0";"2.42482"
"93660.0";"2.478878"
"93670.0";"2.500476"
"93680.0";"2.503473"
"93690.0";"2.480703"
"93700.0";"2.42477"
"93710.0";"2.406744"
"93720.0";"2.460583"
"93730.0";"2.424054"
"93740.0";"2.406871"
"93750.0";"2.446906"
"93760.0";"2.456841"
"93770.0";"2.431764"
"93780.0";"2.4454"
"93790.0";"2.544799"
"93800.0";"2.485066"
"93810.0";"2.472755"
"93820.0";"2.412608"
"93830.0";"2.514869"
"93840.0";"2.464675"
"93850.0";"2.520231"
"93860.0";"2.459366"
"93870.0";"2.440678"
"93880.0";"2.462407"
"93890.0";"2.46663"
"93900.0";"2.385619"
"93910.0";"2.471005"
"93920.0";"2.44317"
"93930.0";"2.503143"
"93940.0";"2.51017"
"93950.0";"2.440442"
"93960.0";"2.429406"
"93970.0";"2.416729"
"93980.0";"2.474664"
"93990.0";"2.425698"
"94000.0";"2.44589"
"94010.0";"2.371094"
"94020.0";"2.475742"
"94030.0";"2.462029"
"94040.0";"2.436658"
"94050.0";"2.415138"
"94060.0";"2.339248"
"94070.0";"2.36448"
"94080.0";"2.374533"
"94090.0";"2.393747"
"94100.0";"2.431258"
"94110.0";"2.463032"
"94120.0";"2.487411"
"94130.0";"2.428184"
"94140.0";"2.511179"
"94150.0";"2.409798"
"94160.0";"2.434139"
"94170.0";"2.420323"
"94180.0";"2.45306"
"94190.0";"2.47839"
"94200.0";"2.446744"
"94210.0";"2.46582"
"94220.0";"2.438148"
"94230.0";"2.461516"
"94240.0";"2.475196"
"94250.0";"2.487568"
"94260.0";"2.417102"
"94270.0";"2.466444"
"94280.0";"2.429345"
"94290.0";"2.411138"
"94300.0";"2.45735"
"94310.0";"2.446848"
"94320.0";"2.410314"
"94330.0";"2.391767"
"94340.0";"2.468784"
"94350.0";"2.462557"
"94360.0";"2.442526"
"94370.0";"2.467052"
"94380.0";"2.416117"
"94390.0";"2.493207"
"94400.0";"2.472169"
"94410.0";"2.482766"
"94420.0";"2.40528"
"94430.0";"2.478338"
"94440.0";"2.477185"
"94450.0";"2.450347"
"94460.0";"2.511738"
"94470.0";"2.444038"
"94480.0";"2.482746"
"94490.0";"2.481631"
"94500.0";"2.431871"
"94510.0";"2.459676"
"94520.0";"2.476546"
"94530.0";"2.509262"
"94540.0";"2.548792"
"94550.0";"2.460114"
"94560.0";"2.416424"
"94570.0";"2.468174"
"94580.0";"2.467389"
"94590.0";"2.484171"
"94600.0";"2.396405"
"94610.0";"2.594186"
"94620.0";"2.532053"
"94630.0";"2.49428"
"94640.0";"2.456349"
"94650.0";"2.433584"
"94660.0";"2.487384"
"94670.0";"2.479194"
"94680.0";"2.506206"
"94690.0";"2.417875"
"94700.0";"2.493226"
"94710.0";"2.486239"
"94720.0";"2.440645"
"94730.0";"2.479608"
"94740.0";"2.514588"
"94750.0";"2.426205"
"94760.0";"2.469883"
"94770.0";"2.429113"
"94780.0";"2.457171"
"94790.0";"2.452321"
"94800.0";"2.490075"
"94810.0";"2.529334"
"94820.0";"2.475649"
"94830.0";"2.502113"
"94840.0";"2.456517"
"94850.0";"2.542084"
"94860.0";"2.514909"
"94870.0";"2.499429"
"94880.0";"2.492317"
"94890.0";"2.579695"
"94900.0";"2.493693"
"94910.0";"2.466484"
"94920.0";"2.480653"
"94930.0";"2.486092"
"94940.0";"2.4981"
"94950.0";"2.480821"
"94960.0";"2.573129"
"94970.0";"2.466135"
"94980.0";"2.441918"
"94990.0";"2.458485"
"95000.0";"2.51264"
"95010.0";"2.474959"
"95020.0";"2.449485"
"95030.0";"2.522567"
"95040.0";"2.486907"
"95050.0";"2.451119"
"95060.0";"2.495439"
"95070.0";"2.524783"
"95080.0";"2.465563"
"95090.0";"2.449878"
"95100.0";"2.483532"
"95110.0";"2.491561"
"95120.0";"2.503717"
"95130.0";"2.501154"
"95140.0";"2.461505"
"95150.0";"2.479535"
"95160.0";"2.509842"
"95170.0";"2.487307"
"95180.0";"2.451085"
"95190.0";"2.556819"
"95200.0";"2.53474"
"95210.0";"2.49241"
"95220.0";"2.444716"
"95230.0";"2.485692"
"95240.0";"2.509772"
"95250.0";"2.498892"
"95260.0";"2.497762"
"95270.0";"2.462683"
"95280.0";"2.525914"
"95290.0";"2.430422"
"95300.0";"2.453943"
"95310.0";"2.436743"
"95320.0";"2.524663"
"95330.0";"2.487862"
"95340.0";"2.502081"
"95350.0";"2.538971"
"95360.0";"2.407587"
"95370.0";"2.495739"
"95380.0";"2.400216"
"95390.0";"2.481876"
"95400.0";"2.464097"
"95410.0";"2.475886"
"95420.0";"2.423099"
"95430.0";"2.423151"
"95440.0";"2.478976"
"95450.0";"2.393966"
"95460.0";"2.496757"
"95470.0";"2.518301"
"95480.0";"2.407469"
"95490.0";"2.477846"
"95500.0";"2.483373"
"95510.0";"2.516643"
"95520.0";"2.447547"
"95530.0";"2.513191"
"95540.0";"2.491112"
"95550.0";"2.466579"
"95560.0";"2.518938"
"95570.0";"2.429287"
"95580.0";"2.474735"
"95590.0";"2.440496"
"95600.0";"2.533547"
"95610.0";"2.4619"
"95620.0";"2.536267"
"95630.0";"2.513853"
"95640.0";"2.622888"
"95650.0";"2.619068"
"95660.0";"2.539356"
"95670.0";"2.459386"
"95680.0";"2.452914"
"95690.0";"2.445411"
"95700.0";"2.478178"
"95710.0";"2.483442"
"95720.0";"2.438478"
"95730.0";"2.513917"
"95740.0";"2.441377"
"95750.0";"2.460569"
"95760.0";"2.417701"
"95770.0";"2.49527"
"95780.0";"2.550428"
"95790.0";"2.544947"
"95800.0";"2.519836"
"95810.0";"2.486093"
"95820.0";"2.59197"
"95830.0";"2.52338"
"95840.0";"2.475105"
"95850.0";"2.464008"
"95860.0";"2.613967"
"95870.0";"2.480091"
"95880.0";"2.485302"
"95890.0";"2.574707"
"95900.0";"2.531549"
"95910.0";"2.509729"
"95920.0";"2.534918"
"95930.0";"2.399108"
"95940.0";"2.541445"
"95950.0";"2.468432"
"95960.0";"2.547068"
"95970.0";"2.438042"
"95980.0";"2.442683"
"95990.0";"2.450798"
"96000.0";"2.475459"
"96010.0";"2.451356"
"96020.0";"2.4999"
"96030.0";"2.476057"
"96040.0";"2.487358"
"96050.0";"2.523218"
"96060.0";"2.538099"
"96070.0";"2.480114"
"96080.0";"2.562978"
"96090.0";"2.402154"
"96100.0";"2.521939"
"96110.0";"2.507483"
"96120.0";"2.528513"
"96130.0";"2.441591"
"96140.0";"2.470084"
"96150.0";"2.557484"
"96160.0";"2.492775"
"96170.0";"2.497186"
"96180.0";"2.48135"
"96190.0";"2.474235"
"96200.0";"2.416659"
"96210.0";"2.448838"
"96220.0";"2.508858"
"96230.0";"2.576438"
"96240.0";"2.50082"
"96250.0";"2.521054"
"96260.0";"2.431178"
"96270.0";"2.48887"
"96280.0";"2.523545"
"96290.0";"2.495863"
"96300.0";"2.550546"
"96310.0";"2.475955"
"96320.0";"2.442571"
"96330.0";"2.456109"
"96340.0";"2.484818"
"96350.0";"2.435991"
"96360.0";"2.487805"
"96370.0";"2.473172"
"96380.0";"2.466638"
"96390.0";"2.478783"
"96400.0";"2.481272"
"96410.0";"2.460115"
"96420.0";"2.433062"
"96430.0";"2.493567"
"96440.0";"2.453973"
"96450.0";"2.412309"
"96460.0";"2.482811"
"96470.0";"2.498942"
"96480.0";"2.423234"
"96490.0";"2.443278"
"96500.0";"2.441671"
"96510.0";"2.486681"
"96520.0";"2.522264"
"96530.0";"2.393485"
"96540.0";"2.451844"
"96550.0";"2.546503"
"96560.0";"2.490326"
"96570.0";"2.391186"
"96580.0";"2.493248"
"96590.0";"2.451923"
"96600.0";"2.489167"
"96610.0";"2.437781"
"96620.0";"2.469258"
"96630.0";"2.500485"
"96640.0";"2.492971"
"96650.0";"2.412372"
"96660.0";"2.40719"
"96670.0";"2.47843"
"96680.0";"2.419259"
"96690.0";"2.476492"
"96700.0";"2.452324"
"96710.0";"2.451709"
"96720.0";"2.501354"
"96730.0";"2.459364"
"96740.0";"2.438889"
"96750.0";"2.423288"
"96760.0";"2.486187"
"96770.0";"2.474698"
"96780.0";"2.487334"
"96790.0";"2.464439"
"96800.0";"2.517968"
"96810.0";"2.417247"
"96820.0";"2.447795"
"96830.0";"2.508723"
"96840.0";"2.467614"
"96850.0";"2.436441"
"96860.0";"2.447578"
"96870.0";"2.479744"
"96880.0";"2.511498"
"96890.0";"2.463623"
"96900.0";"2.393757"
"96910.0";"2.448417"
"96920.0";"2.504847"
"96930.0";"2.509229"
"96940.0";"2.499061"
"96950.0";"2.531432"
"96960.0";"2.489553"
"96970.0";"2.442192"
"96980.0";"2.456784"
"96990.0";"2.421493"
"97000.0";"2.429017"
"97010.0";"2.463892"
"97020.0";"2.476906"
"97030.0";"2.535124"
"97040.0";"2.504918"
"97050.0";"2.50957"
"97060.0";"2.448709"
"97070.0";"2.463214"
"97080.0";"2.5252"
"97090.0";"2.469042"
"97100.0";"2.458059"
"97110.0";"2.544649"
"97120.0";"2.501773"
"97130.0";"2.527411"
"97140.0";"2.500739"
"97150.0";"2.488557"
"97160.0";"2.532909"
"97170.0";"2.505986"
"97180.0";"2.479507"
"97190.0";"2.442958"
"97200.0";"2.45989"
"97210.0";"2.481322"
"97220.0";"2.450545"
"97230.0";"2.526538"
"97240.0";"2.515865"
"97250.0";"2.478472"
"97260.0";"2.437467"
"97270.0";"2.492562"
"97280.0";"2.399949"
"97290.0";"2.497205"
"97300.0";"2.467089"
"97310.0";"2.475188"
"97320.0";"2.551216"
"97330.0";"2.505599"
"97340.0";"2.422463"
"97350.0";"2.480074"
"97360.0";"2.459506"
"97370.0";"2.430563"
"97380.0";"2.484714"
"97390.0";"2.489587"
"97400.0";"2.462338"
"97410.0";"2.478055"
"97420.0";"2.441983"
"97430.0";"2.463901"
"97440.0";"2.422207"
"97450.0";"2.407007"
"97460.0";"2.446613"
"97470.0";"2.380018"
"97480.0";"2.4193"
"97490.0";"2.374463"
"97500.0";"2.339278"
"97510.0";"2.355556"
"97520.0";"2.401113"
"97530.0";"2.471377"
"97540.0";"2.456852"
"97550.0";"2.418169"
"97560.0";"2.339644"
"97570.0";"2.394311"
"97580.0";"2.391059"
"97590.0";"2.397409"
"97600.0";"2.349143"
"97610.0";"2.392341"
"97620.0";"2.451616"
"97630.0";"2.450222"
"97640.0";"2.434129"
"97650.0";"2.47491"
"97660.0";"2.467497"
"97670.0";"2.398571"
"97680.0";"2.38646"
"97690.0";"2.401157"
"97700.0";"2.426243"
"97710.0";"2.490593"
"97720.0";"2.468137"
"97730.0";"2.457457"
"97740.0";"2.508499"
"97750.0";"2.435987"
"97760.0";"2.428574"
"97770.0";"2.457587"
"97780.0";"2.46028"
"97790.0";"2.413977"
"97800.0";"2.342512"
"97810.0";"2.429909"
"97820.0";"2.436165"
"97830.0";"2.345518"
"97840.0";"2.403365"
"97850.0";"2.361583"
"97860.0";"2.370217"
"97870.0";"2.365885"
"97880.0";"2.30268"
"97890.0";"2.413639"
"97900.0";"2.412761"
"97910.0";"2.438211"
"97920.0";"2.360972"
"97930.0";"2.331245"
"97940.0";"2.448424"
"97950.0";"2.442606"
"97960.0";"2.390607"
"97970.0";"2.405621"
"97980.0";"2.385713"
"97990.0";"2.449775"
"98000.0";"2.434496"
"98010.0";"2.402057"
"98020.0";"2.458008"
"98030.0";"2.575002"
"98040.0";"2.47027"
"98050.0";"2.422416"
"98060.0";"2.468237"
"98070.0";"2.467621"
"98080.0";"2.429945"
"98090.0";"2.377177"
"98100.0";"2.483137"
"98110.0";"2.361946"
"98120.0";"2.359284"
"98130.0";"2.425566"
"98140.0";"2.469726"
"98150.0";"2.451074"
"98160.0";"2.445079"
"98170.0";"2.442835"
"98180.0";"2.470726"
"98190.0";"2.494809"
"98200.0";"2.408699"
"98210.0";"2.417935"
"98220.0";"2.433872"
"98230.0";"2.472758"
"98240.0";"2.468958"
"98250.0";"2.424384"
"98260.0";"2.466494"
"98270.0";"2.401315"
"98280.0";"2.466214"
"98290.0";"2.427578"
"98300.0";"2.396797"
"98310.0";"2.396148"
"98320.0";"2.446352"
"98330.0";"2.503604"
"98340.0";"2.4531"
"98350.0";"2.557013"
"98360.0";"2.41292"
"98370.0";"2.446783"
"98380.0";"2.463059"
"98390.0";"2.399439"
"98400.0";"2.459517"
"98410.0";"2.472675"
"98420.0";"2.44743"
"98430.0";"2.448785"
"98440.0";"2.515332"
"98450.0";"2.463716"
"98460.0";"2.472627"
"98470.0";"2.485378"
"98480.0";"2.421838"
"98490.0";"2.471776"
"98500.0";"2.423457"
"98510.0";"2.461328"
"98520.0";"2.404045"
"98530.0";"2.416926"
"98540.0";"2.467519"
"98550.0";"2.447393"
"98560.0";"2.329529"
"98570.0";"2.283892"
"98580.0";"2.290409"
"98590.0";"2.269018"
"98600.0";"2.402564"
"98610.0";"2.384997"
"98620.0";"2.385483"
"98630.0";"2.436565"
"98640.0";"2.427461"
"98650.0";"2.440933"
"98660.0";"2.429018"
"98670.0";"2.479513"
"98680.0";"2.454285"
"98690.0";"2.435414"
"98700.0";"2.416751"
"98710.0";"2.418862"
"98720.0";"2.262907"
"98730.0";"2.441774"
"98740.0";"2.454732"
"98750.0";"2.432192"
"98760.0";"2.411753"
"98770.0";"2.336987"
"98780.0";"2.399771"
"98790.0";"2.404018"
"98800.0";"2.428105"
"98810.0";"2.440481"
"98820.0";"2.380414"
"98830.0";"2.414095"
"98840.0";"2.355641"
"98850.0";"2.469013"
"98860.0";"2.405801"
"98870.0";"2.443326"
"98880.0";"2.445337"
"98890.0";"2.438815"
"98900.0";"2.471602"
"98910.0";"2.413982"
"98920.0";"2.43186"
"98930.0";"2.444383"
"98940.0";"2.461834"
"98950.0";"2.439946"
"98960.0";"2.455294"
"98970.0";"2.4507"
"98980.0";"2.482267"
"98990.0";"2.407117"
"99000.0";"2.455431"
"99010.0";"2.397169"
"99020.0";"2.459688"
"99030.0";"2.462296"
"99040.0";"2.454943"
"99050.0";"2.455152"
"99060.0";"2.461938"
"99070.0";"2.486313"
"99080.0";"2.473335"
"99090.0";"2.396787"
"99100.0";"2.400904"
"99110.0";"2.418437"
"99120.0";"2.452049"
"99130.0";"2.403816"
"99140.0";"2.438261"
"99150.0";"2.391572"
"99160.0";"2.363508"
"99170.0";"2.381195"
"99180.0";"2.406031"
"99190.0";"2.375721"
"99200.0";"2.383276"
"99210.0";"2.34968"
"99220.0";"2.384111"
"99230.0";"2.336841"
"99240.0";"2.367313"
"99250.0";"2.387627"
"99260.0";"2.347076"
"99270.0";"2.309044"
"99280.0";"2.314625"
"99290.0";"2.348694"
"99300.0";"2.364289"
"99310.0";"2.351911"
"99320.0";"2.372873"
"99330.0";"2.328701"
"99340.0";"2.313435"
"99350.0";"2.270901"
"99360.0";"2.325108"
"99370.0";"2.319655"
"99380.0";"2.32005"
"99390.0";"2.340549"
"99400.0";"2.345057"
"99410.0";"2.389043"
"99420.0";"2.421942"
"99430.0";"2.387871"
"99440.0";"2.371313"
"99450.0";"2.350512"
"99460.0";"2.333518"
"99470.0";"2.393199"
"99480.0";"2.363536"
"99490.0";"2.372355"
"99500.0";"2.305079"
"99510.0";"2.345276"
"99520.0";"2.292539"
"99530.0";"2.360011"
"99540.0";"2.356657"
"99550.0";"2.380436"
"99560.0";"2.328212"
"99570.0";"2.417759"
"99580.0";"2.296372"
"99590.0";"2.216396"
"99600.0";"2.28727"
"99610.0";"2.306243"
"99620.0";"2.364757"
"99630.0";"2.352257"
"99640.0";"2.350107"
"99650.0";"2.337405"
"99660.0";"2.255209"
"99670.0";"2.291346"
"99680.0";"2.299893"
"99690.0";"2.338046"
"99700.0";"2.364159"
"99710.0";"2.313924"
"99720.0";"2.384228"
"99730.0";"2.289006"
"99740.0";"2.349993"
"99750.0";"2.278304"
"99760.0";"2.341619"
"99770.0";"2.364933"
"99780.0";"2.374237"
"99790.0";"2.342146"
"99800.0";"2.343698"
"99810.0";"2.322166"
"99820.0";"2.363186"
"99830.0";"2.382049"
"99840.0";"2.293457"
"99850.0";"2.301306"
"99860.0";"2.26895"
"99870.0";"2.330972"
"99880.0";"2.262885"
"99890.0";"2.308833"
"99900.0";"2.409209"
"99910.0";"2.389051"
"99920.0";"2.353135"
"99930.0";"2.22274"
"99940.0";"2.277781"
"99950.0";"2.366016"
"99960.0";"2.362174"
"99970.0";"2.348316"
"99980.0";"2.329009"
"99990.0";"2.315112"
"100000.0";"2.386505"
"100010.0";"2.32256"
"100020.0";"2.346821"
"100030.0";"2.328741"
"100040.0";"2.256657"
"100050.0";"2.315885"
"100060.0";"2.277383"
"100070.0";"2.313953"
"100080.0";"2.330113"
"100090.0";"2.276762"
"100100.0";"2.302841"
"100110.0";"2.320126"
"100120.0";"2.319995"
"100130.0";"2.289061"
"100140.0";"2.31266"
"100150.0";"2.33314"
"100160.0";"2.35147"
"100170.0";"2.371343"
"100180.0";"2.304574"
"100190.0";"2.386976"
"100200.0";"2.379975"
"100210.0";"2.304736"
"100220.0";"2.324575"
"100230.0";"2.357364"
"100240.0";"2.319676"
"100250.0";"2.342347"
"100260.0";"2.43772"
"100270.0";"2.337369"
"100280.0";"2.371769"
"100290.0";"2.346164"
"100300.0";"2.382194"
"100310.0";"2.331745"
"100320.0";"2.340501"
"100330.0";"2.352962"
"100340.0";"2.408514"
"100350.0";"2.302387"
"100360.0";"2.391188"
"100370.0";"2.336139"
"100380.0";"2.335876"
"100390.0";"2.333439"
"100400.0";"2.329639"
"100410.0";"2.321528"
"100420.0";"2.362878"
"100430.0";"2.356368"
"100440.0";"2.337462"
"100450.0";"2.308625"
"100460.0";"2.366145"
"100470.0";"2.382948"
"100480.0";"2.345649"
"100490.0";"2.337235"
"100500.0";"2.372299"
"100510.0";"2.398283"
"100520.0";"2.378563"
"100530.0";"2.257174"
"100540.0";"2.307076"
"100550.0";"2.359706"
"100560.0";"2.333102"
"100570.0";"2.292108"
"100580.0";"2.407055"
"100590.0";"2.337302"
"100600.0";"2.304763"
"100610.0";"2.328366"
"100620.0";"2.341285"
"100630.0";"2.377108"
"100640.0";"2.369898"
"100650.0";"2.306263"
"100660.0";"2.368018"
"100670.0";"2.348981"
"100680.0";"2.376516"
"100690.0";"2.317059"
"100700.0";"2.306415"
"100710.0";"2.30351"
"100720.0";"2.355602"
"100730.0";"2.352236"
"100740.0";"2.331778"
"100750.0";"2.375977"
"100760.0";"2.367557"
"100770.0";"2.305096"
"100780.0";"2.339592"
"100790.0";"2.317778"
"100800.0";"2.328768"
"100810.0";"2.37332"
"100820.0";"2.367511"
"100830.0";"2.346568"
"100840.0";"2.337656"
"100850.0";"2.304528"
"100860.0";"2.370606"
"100870.0";"2.377539"
"100880.0";"2.354917"
"100890.0";"2.363524"
"100900.0";"2.374538"
"100910.0";"2.36039"
"100920.0";"2.313059"
"100930.0";"2.347167"
"100940.0";"2.393637"
"100950.0";"2.423835"
"100960.0";"2.348212"
"100970.0";"2.374779"
"100980.0";"2.361008"
"100990.0";"2.332018"
"101000.0";"2.384634"
"101010.0";"2.371781"
"101020.0";"2.338963"
"101030.0";"2.319002"
"101040.0";"2.335215"
"101050.0";"2.327612"
"101060.0";"2.307042"
"101070.0";"2.327797"
"101080.0";"2.374306"
"101090.0";"2.348297"
"101100.0";"2.333892"
"101110.0";"2.335384"
"101120.0";"2.364414"
"101130.0";"2.359101"
"101140.0";"2.39982"
"101150.0";"2.333288"
"101160.0";"2.364661"
"101170.0";"2.379474"
"101180.0";"2.36005"
"101190.0";"2.374615"
"101200.0";"2.334664"
"101210.0";"2.407808"
"101220.0";"2.381705"
"101230.0";"2.344471"
"101240.0";"2.370556"
"101250.0";"2.325571"
"101260.0";"2.320539"
"101270.0";"2.417503"
"101280.0";"2.361243"
"101290.0";"2.380322"
"101300.0";"2.36708"
"101310.0";"2.320894"
"101320.0";"2.349024"
"101330.0";"2.302634"
"101340.0";"2.325789"
"101350.0";"2.338391"
"101360.0";"2.249964"
"101370.0";"2.409261"
"101380.0";"2.31342"
"101390.0";"2.379659"
"101400.0";"2.310775"
"101410.0";"2.433314"
"101420.0";"2.388067"
"101430.0";"2.426691"
"101440.0";"2.366942"
"101450.0";"2.390892"
"101460.0";"2.368749"
"101470.0";"2.386942"
"101480.0";"2.43487"
"101490.0";"2.383072"
"101500.0";"2.343744"
"101510.0";"2.346878"
"101520.0";"2.309358"
"101530.0";"2.328272"
"101540.0";"2.407578"
"101550.0";"2.443497"
"101560.0";"2.373955"
"101570.0";"2.391276"
"101580.0";"2.367795"
"101590.0";"2.387963"
"101600.0";"2.291291"
"101610.0";"2.339199"
"101620.0";"2.420751"
"101630.0";"2.466243"
"101640.0";"2.396923"
"101650.0";"2.394319"
"101660.0";"2.28593"
"101670.0";"2.431311"
"101680.0";"2.389364"
"101690.0";"2.252371"
"101700.0";"2.463573"
"101710.0";"2.402792"
"101720.0";"2.361269"
"101730.0";"2.425437"
"101740.0";"2.380488"
"101750.0";"2.272689"
"101760.0";"2.355235"
"101770.0";"2.364387"
"101780.0";"2.375608"
"101790.0";"2.44429"
"101800.0";"2.358021"
"101810.0";"2.379347"
"101820.0";"2.300379"
"101830.0";"2.40491"
"101840.0";"2.451573"
"101850.0";"2.304267"
"101860.0";"2.304224"
"101870.0";"2.359401"
"101880.0";"2.363178"
"101890.0";"2.333259"
"101900.0";"2.38919"
"101910.0";"2.360853"
"101920.0";"2.325049"
"101930.0";"2.350031"
"101940.0";"2.350897"
"101950.0";"2.341058"
"101960.0";"2.34393"
"101970.0";"2.371384"
"101980.0";"2.378205"
"101990.0";"2.388175"
"102000.0";"2.343049"
"102010.0";"2.368422"
"102020.0";"2.386958"
"102030.0";"2.43602"
"102040.0";"2.378079"
"102050.0";"2.398028"
"102060.0";"2.44382"
"102070.0";"2.486503"
"102080.0";"2.345081"
"102090.0";"2.344364"
"102100.0";"2.435324"
"102110.0";"2.349455"
"102120.0";"2.377953"
"102130.0";"2.326592"
"102140.0";"2.302707"
"102150.0";"2.273103"
"102160.0";"2.284487"
"102170.0";"2.272312"
"102180.0";"2.34031"
"102190.0";"2.386933"
"102200.0";"2.319248"
"102210.0";"2.301846"
"102220.0";"2.350739"
"102230.0";"2.326264"
"102240.0";"2.353169"
"102250.0";"2.375961"
"102260.0";"2.398345"
"102270.0";"2.372599"
"102280.0";"2.343891"
"102290.0";"2.394701"
"102300.0";"2.331432"
"102310.0";"2.344742"
"102320.0";"2.394305"
"102330.0";"2.355442"
"102340.0";"2.315415"
"102350.0";"2.339432"
"102360.0";"2.353801"
"102370.0";"2.334457"
"102380.0";"2.388091"
"102390.0";"2.357733"
"102400.0";"2.344239"
"102410.0";"2.337061"
"102420.0";"2.353235"
"102430.0";"2.363587"
"102440.0";"2.324231"
"102450.0";"2.349"
"102460.0";"2.357643"
"102470.0";"2.367618"
"102480.0";"2.400078"
"102490.0";"2.445524"
"102500.0";"2.427152"
"102510.0";"2.366625"
"102520.0";"2.369882"
"102530.0";"2.41402"
"102540.0";"2.378374"
"102550.0";"2.341779"
"102560.0";"2.401951"
"102570.0";"2.409121"
"102580.0";"2.370705"
"102590.0";"2.35787"
"102600.0";"2.386503"
"102610.0";"2.417838"
"102620.0";"2.328368"
"102630.0";"2.373998"
"102640.0";"2.449041"
"102650.0";"2.398242"
"102660.0";"2.328854"
"102670.0";"2.37368"
"102680.0";"2.467211"
"102690.0";"2.348604"
"102700.0";"2.234779"
"102710.0";"2.367133"
"102720.0";"2.322461"
"102730.0";"2.300738"
"102740.0";"2.355829"
"102750.0";"2.291926"
"102760.0";"2.302386"
"102770.0";"2.362941"
"102780.0";"2.317996"
"102790.0";"2.344483"
"102800.0";"2.368146"
"102810.0";"2.337199"
"102820.0";"2.422955"
"102830.0";"2.395333"
"102840.0";"2.391147"
"102850.0";"2.370763"
"102860.0";"2.355317"
"102870.0";"2.292491"
"102880.0";"2.297958"
"102890.0";"2.441095"
"102900.0";"2.42303"
"102910.0";"2.454353"
"102920.0";"2.461783"
"102930.0";"2.428596"
"102940.0";"2.365639"
"102950.0";"2.401201"
"102960.0";"2.407993"
"102970.0";"2.328717"
"102980.0";"2.45497"
"102990.0";"2.444091"
"103000.0";"2.417108"
"103010.0";"2.369885"
"103020.0";"2.419657"
"103030.0";"2.428756"
"103040.0";"2.473243"
"103050.0";"2.373064"
"103060.0";"2.342424"
"103070.0";"2.339665"
"103080.0";"2.390951"
"103090.0";"2.377412"
"103100.0";"2.287401"
"103110.0";"2.375194"
"103120.0";"2.341581"
"103130.0";"2.381796"
"103140.0";"2.442632"
"103150.0";"2.422558"
"103160.0";"2.365944"
"103170.0";"2.295446"
"103180.0";"2.352408"
"103190.0";"2.389313"
"103200.0";"2.350187"
"103210.0";"2.408591"
"103220.0";"2.380456"
"103230.0";"2.244317"
"103240.0";"2.404848"
"103250.0";"2.357999"
"103260.0";"2.373975"
"103270.0";"2.378997"
"103280.0";"2.380285"
"103290.0";"2.328038"
"103300.0";"2.362511"
"103310.0";"2.30115"
"103320.0";"2.356631"
"103330.0";"2.437178"
"103340.0";"2.298354"
"103350.0";"2.288532"
"103360.0";"2.339795"
"103370.0";"2.337893"
"103380.0";"2.360796"
"103390.0";"2.410213"
"103400.0";"2.350415"
"103410.0";"2.260959"
"103420.0";"2.314444"
"103430.0";"2.293941"
"103440.0";"2.341406"
"103450.0";"2.308017"
"103460.0";"2.405238"
"103470.0";"2.286224"
"103480.0";"2.334918"
"103490.0";"2.265761"
"103500.0";"2.405336"
"103510.0";"2.318338"
"103520.0";"2.334367"
"103530.0";"2.353978"
"103540.0";"2.393362"
"103550.0";"2.421039"
"103560.0";"2.338791"
"103570.0";"2.371065"
"103580.0";"2.407205"
"103590.0";"2.305208"
"103600.0";"2.375039"
"103610.0";"2.25588"
"103620.0";"2.407497"
"103630.0";"2.381352"
"103640.0";"2.307876"
"103650.0";"2.358285"
"103660.0";"2.255483"
"103670.0";"2.323009"
"103680.0";"2.359286"
"103690.0";"2.418271"
"103700.0";"2.418498"
"103710.0";"2.407148"
"103720.0";"2.327086"
"103730.0";"2.385813"
"103740.0";"2.419292"
"103750.0";"2.280698"
"103760.0";"2.253798"
"103770.0";"2.414529"
"103780.0";"2.295225"
"103790.0";"2.291421"
"103800.0";"2.363894"
"103810.0";"2.363192"
"103820.0";"2.337788"
"103830.0";"2.392748"
"103840.0";"2.275165"
"103850.0";"2.370162"
"103860.0";"2.285585"
"103870.0";"2.393111"
"103880.0";"2.350772"
"103890.0";"2.312689"
"103900.0";"2.392044"
"103910.0";"2.297836"
"103920.0";"2.445915"
"103930.0";"2.292114"
"103940.0";"2.321681"
"103950.0";"2.445339"
"103960.0";"2.298957"
"103970.0";"2.272369"
"103980.0";"2.410122"
"103990.0";"2.343469"
"104000.0";"2.381855"
"104010.0";"2.350277"
"104020.0";"2.414906"
"104030.0";"2.334117"
"104040.0";"2.393643"
"104050.0";"2.394962"
"104060.0";"2.268209"
"104070.0";"2.392703"
"104080.0";"2.317166"
"104090.0";"2.343652"
"104100.0";"2.387275"
"104110.0";"2.322541"
"104120.0";"2.435799"
"104130.0";"2.416841"
"104140.0";"2.393474"
"104150.0";"2.334666"
"104160.0";"2.397334"
"104170.0";"2.360656"
"104180.0";"2.321575"
"104190.0";"2.305716"
"104200.0";"2.309681"
"104210.0";"2.414578"
"104220.0";"2.289074"
"104230.0";"2.377404"
"104240.0";"2.397469"
"104250.0";"2.323946"
"104260.0";"2.325826"
"104270.0";"2.403861"
"104280.0";"2.331476"
"104290.0";"2.366466"
"104300.0";"2.395238"
"104310.0";"2.269922"
"104320.0";"2.335157"
"104330.0";"2.344217"
"104340.0";"2.346184"
"104350.0";"2.266712"
"104360.0";"2.390578"
"104370.0";"2.286032"
"104380.0";"2.272572"
"104390.0";"2.326308"
"104400.0";"2.342727"
"104410.0";"2.330244"
"104420.0";"2.340021"
"104430.0";"2.326987"
"104440.0";"2.350669"
"104450.0";"2.318531"
"104460.0";"2.364405"
"104470.0";"2.331225"
"104480.0";"2.22396"
"104490.0";"2.296165"
"104500.0";"2.335417"
"104510.0";"2.342909"
"104520.0";"2.398009"
"104530.0";"2.385441"
"104540.0";"2.316128"
"104550.0";"2.335254"
"104560.0";"2.351532"
"104570.0";"2.311481"
"104580.0";"2.390453"
"104590.0";"2.335662"
"104600.0";"2.333956"
"104610.0";"2.19812"
"104620.0";"2.310031"
"104630.0";"2.228164"
"104640.0";"2.314231"
"104650.0";"2.355391"
"104660.0";"2.370668"
"104670.0";"2.306698"
"104680.0";"2.299647"
"104690.0";"2.435805"
"104700.0";"2.371426"
"104710.0";"2.354502"
"104720.0";"2.348615"
"104730.0";"2.335213"
"104740.0";"2.373526"
"104750.0";"2.348815"
"104760.0";"2.288837"
"104770.0";"2.285801"
"104780.0";"2.292062"
"104790.0";"2.316534"
"104800.0";"2.259318"
"104810.0";"2.327402"
"104820.0";"2.336874"
"104830.0";"2.391792"
"104840.0";"2.340569"
"104850.0";"2.341795"
"104860.0";"2.396284"
"104870.0";"2.354225"
"104880.0";"2.3728"
"104890.0";"2.227639"
"104900.0";"2.292137"
"104910.0";"2.286071"
"104920.0";"2.393636"
"104930.0";"2.347734"
"104940.0";"2.366247"
"104950.0";"2.355937"
"104960.0";"2.370251"
"104970.0";"2.325034"
"104980.0";"2.309124"
"104990.0";"2.331237"
"105000.0";"2.305398"
"105010.0";"2.284814"
"105020.0";"2.212911"
"105030.0";"2.338421"
"105040.0";"2.323584"
"105050.0";"2.211628"
"105060.0";"2.327417"
"105070.0";"2.309026"
"105080.0";"2.365765"
"105090.0";"2.299826"
"105100.0";"2.293895"
"105110.0";"2.338268"
"105120.0";"2.404309"
"105130.0";"2.279151"
"105140.0";"2.340783"
"105150.0";"2.35729"
"105160.0";"2.3067"
"105170.0";"2.295949"
"105180.0";"2.353671"
"105190.0";"2.397532"
"105200.0";"2.273062"
"105210.0";"2.273308"
"105220.0";"2.354353"
"105230.0";"2.315506"
"105240.0";"2.391373"
"105250.0";"2.383761"
"105260.0";"2.372505"
"105270.0";"2.394735"
"105280.0";"2.391531"
"105290.0";"2.405508"
"105300.0";"2.352182"
"105310.0";"2.321562"
"105320.0";"2.403175"
"105330.0";"2.374158"
"105340.0";"2.398669"
"105350.0";"2.360189"
"105360.0";"2.334503"
"105370.0";"2.336893"
"105380.0";"2.338777"
"105390.0";"2.350109"
"105400.0";"2.344455"
"105410.0";"2.32731"
"105420.0";"2.344993"
"105430.0";"2.378703"
"105440.0";"2.374756"
"105450.0";"2.359944"
"105460.0";"2.355044"
"105470.0";"2.382359"
"105480.0";"2.355466"
"105490.0";"2.340912"
"105500.0";"2.36415"
"105510.0";"2.309026"
"105520.0";"2.307045"
"105530.0";"2.243637"
"105540.0";"2.354113"
"105550.0";"2.274939"
"105560.0";"2.317403"
"105570.0";"2.354765"
"105580.0";"2.303461"
"105590.0";"2.300114"
"105600.0";"2.349439"
"105610.0";"2.245511"
"105620.0";"2.253737"
"105630.0";"2.28203"
"105640.0";"2.428887"
"105650.0";"2.27245"
"105660.0";"2.338411"
"105670.0";"2.355678"
"105680.0";"2.425289"
"105690.0";"2.301049"
"105700.0";"2.359581"
"105710.0";"2.313752"
"105720.0";"2.323133"
"105730.0";"2.385729"
"105740.0";"2.329577"
"105750.0";"2.3476"
"105760.0";"2.320316"
"105770.0";"2.331282"
"105780.0";"2.412999"
"105790.0";"2.332881"
"105800.0";"2.343381"
"105810.0";"2.327661"
"105820.0";"2.362839"
"105830.0";"2.392379"
"105840.0";"2.306747"
"105850.0";"2.359538"
"105860.0";"2.385383"
"105870.0";"2.434025"
"105880.0";"2.448293"
"105890.0";"2.382638"
"105900.0";"2.337857"
"105910.0";"2.315094"
"105920.0";"2.316927"
"105930.0";"2.3658"
"105940.0";"2.417289"
"105950.0";"2.439624"
"105960.0";"2.392508"
"105970.0";"2.342771"
"105980.0";"2.240819"
"105990.0";"2.38595"
"106000.0";"2.364144"
"106010.0";"2.33387"
"106020.0";"2.302342"
"106030.0";"2.392591"
"106040.0";"2.350621"
"106050.0";"2.386681"
"106060.0";"2.377532"
"106070.0";"2.353595"
"106080.0";"2.354643"
"106090.0";"2.400576"
"106100.0";"2.370853"
"106110.0";"2.389687"
"106120.0";"2.423299"
"106130.0";"2.375861"
"106140.0";"2.34956"
"106150.0";"2.319174"
"106160.0";"2.294833"
"106170.0";"2.295696"
"106180.0";"2.373567"
"106190.0";"2.291325"
"106200.0";"2.338725"
"106210.0";"2.370378"
"106220.0";"2.402424"
"106230.0";"2.312728"
"106240.0";"2.376622"
"106250.0";"2.39105"
"106260.0";"2.429299"
"106270.0";"2.369903"
"106280.0";"2.379088"
"106290.0";"2.338757"
"106300.0";"2.384821"
"106310.0";"2.333266"
"106320.0";"2.264318"
"106330.0";"2.291086"
"106340.0";"2.297734"
"106350.0";"2.296439"
"106360.0";"2.290845"
"106370.0";"2.334718"
"106380.0";"2.343256"
"106390.0";"2.33732"
"106400.0";"2.402572"
"106410.0";"2.344231"
"106420.0";"2.342243"
"106430.0";"2.332726"
"106440.0";"2.275465"
"106450.0";"2.335766"
"106460.0";"2.239493"
"106470.0";"2.30916"
"106480.0";"2.381768"
"106490.0";"2.39346"
"106500.0";"2.343631"
"106510.0";"2.343642"
"106520.0";"2.373923"
"106530.0";"2.292253"
"106540.0";"2.310009"
"106550.0";"2.334039"
"106560.0";"2.326867"
"106570.0";"2.333915"
"106580.0";"2.385098"
"106590.0";"2.374011"
"106600.0";"2.404189"
"106610.0";"2.390028"
"106620.0";"2.404311"
"106630.0";"2.326103"
"106640.0";"2.3676"
"106650.0";"2.351024"
"106660.0";"2.338078"
"106670.0";"2.394026"
"106680.0";"2.294158"
"106690.0";"2.345749"
"106700.0";"2.333851"
"106710.0";"2.32903"
"106720.0";"2.469676"
"106730.0";"2.393207"
"106740.0";"2.397943"
"106750.0";"2.389751"
"106760.0";"2.365264"
"106770.0";"2.417951"
"106780.0";"2.394173"
"106790.0";"2.418982"
"106800.0";"2.414592"
"106810.0";"2.354216"
"106820.0";"2.400466"
"106830.0";"2.410597"
"106840.0";"2.434747"
"106850.0";"2.354482"
"106860.0";"2.373919"
"106870.0";"2.410807"
"106880.0";"2.361934"
"106890.0";"2.356759"
"106900.0";"2.419957"
"106910.0";"2.323503"
"106920.0";"2.380505"
"106930.0";"2.325926"
"106940.0";"2.402241"
"106950.0";"2.347978"
"106960.0";"2.372286"
"106970.0";"2.392949"
"106980.0";"2.385261"
"106990.0";"2.398234"
"107000.0";"2.394712"
"107010.0";"2.434836"
"107020.0";"2.397032"
"107030.0";"2.389119"
"107040.0";"2.431777"
"107050.0";"2.360773"
"107060.0";"2.398905"
"107070.0";"2.423978"
"107080.0";"2.323856"
"107090.0";"2.362049"
"107100.0";"2.40182"
"107110.0";"2.314145"
"107120.0";"2.455446"
"107130.0";"2.465455"
"107140.0";"2.384082"
"107150.0";"2.382979"
"107160.0";"2.422896"
"107170.0";"2.38452"
"107180.0";"2.298259"
"107190.0";"2.421378"
"107200.0";"2.382661"
"107210.0";"2.433447"
"107220.0";"2.405961"
"107230.0";"2.438185"
"107240.0";"2.3827"
"107250.0";"2.442544"
"107260.0";"2.418664"
"107270.0";"2.497208"
"107280.0";"2.44528"
"107290.0";"2.441032"
"107300.0";"2.345032"
"107310.0";"2.40565"
"107320.0";"2.394171"
"107330.0";"2.370323"
"107340.0";"2.350266"
"107350.0";"2.385762"
"107360.0";"2.288227"
"107370.0";"2.375615"
"107380.0";"2.362848"
"107390.0";"2.380129"
"107400.0";"2.385203"
"107410.0";"2.345707"
"107420.0";"2.350039"
"107430.0";"2.436739"
"107440.0";"2.427465"
"107450.0";"2.418441"
"107460.0";"2.42289"
"107470.0";"2.357997"
"107480.0";"2.370444"
"107490.0";"2.332975"
"107500.0";"2.387108"
"107510.0";"2.352318"
"107520.0";"2.272018"
"107530.0";"2.369667"
"107540.0";"2.402217"
"107550.0";"2.309111"
"107560.0";"2.406166"
"107570.0";"2.371705"
"107580.0";"2.32547"
"107590.0";"2.424331"
"107600.0";"2.31079"
"107610.0";"2.375881"
"107620.0";"2.348091"
"107630.0";"2.271732"
"107640.0";"2.442116"
"107650.0";"2.309613"
"107660.0";"2.365501"
"107670.0";"2.41123"
"107680.0";"2.390497"
"107690.0";"2.413131"
"107700.0";"2.284473"
"107710.0";"2.364242"
"107720.0";"2.353635"
"107730.0";"2.413755"
"107740.0";"2.373676"
"107750.0";"2.350684"
"107760.0";"2.343812"
"107770.0";"2.350994"
"107780.0";"2.328672"
"107790.0";"2.376749"
"107800.0";"2.34016"
"107810.0";"2.335254"
"107820.0";"2.321321"
"107830.0";"2.313232"
"107840.0";"2.345401"
"107850.0";"2.373621"
"107860.0";"2.324266"
"107870.0";"2.279639"
"107880.0";"2.270965"
"107890.0";"2.292019"
"107900.0";"2.295712"
"107910.0";"2.22383"
"107920.0";"2.254159"
"107930.0";"2.298866"
"107940.0";"2.351247"
"107950.0";"2.330037"
"107960.0";"2.392916"
"107970.0";"2.350504"
"107980.0";"2.295473"
"107990.0";"2.354525"
"108000.0";"2.272681"
"108010.0";"2.292917"
"108020.0";"2.309464"
"108030.0";"2.329616"
"108040.0";"2.36809"
"108050.0";"2.290994"
"108060.0";"2.266106"
"108070.0";"2.360274"
"108080.0";"2.355434"
"108090.0";"2.287369"
"108100.0";"2.375755"
"108110.0";"2.354642"
"108120.0";"2.258021"
"108130.0";"2.285327"
"108140.0";"2.447731"
"108150.0";"2.358876"
"108160.0";"2.38188"
"108170.0";"2.398763"
"108180.0";"2.363742"
"108190.0";"2.320068"
"108200.0";"2.43516"
"108210.0";"2.362076"
"108220.0";"2.396889"
"108230.0";"2.367549"
"108240.0";"2.365947"
"108250.0";"2.376122"
"108260.0";"2.419141"
"108270.0";"2.366033"
"108280.0";"2.443812"
"108290.0";"2.460994"
"108300.0";"2.471845"
"108310.0";"2.47029"
"108320.0";"2.472085"
"108330.0";"2.429427"
"108340.0";"2.398581"
"108350.0";"2.419108"
"108360.0";"2.40859"
"108370.0";"2.440932"
"108380.0";"2.49934"
"108390.0";"2.450379"
"108400.0";"2.484322"
"108410.0";"2.48687"
"108420.0";"2.493174"
"108430.0";"2.432585"
"108440.0";"2.506258"
"108450.0";"2.394462"
"108460.0";"2.456965"
"108470.0";"2.432987"
"108480.0";"2.494033"
"108490.0";"2.445341"
"108500.0";"2.502425"
"108510.0";"2.428477"
"108520.0";"2.456328"
"108530.0";"2.501304"
"108540.0";"2.527822"
"108550.0";"2.546997"
"108560.0";"2.527535"
"108570.0";"2.450228"
"108580.0";"2.476971"
"108590.0";"2.474834"
"108600.0";"2.42738"
"108610.0";"2.483338"
"108620.0";"2.476877"
"108630.0";"2.5293"
"108640.0";"2.536361"
"108650.0";"2.501678"
"108660.0";"2.375562"
"108670.0";"2.404919"
"108680.0";"2.434954"
"108690.0";"2.376194"
"108700.0";"2.366062"
"108710.0";"2.37493"
"108720.0";"2.380134"
"108730.0";"2.434578"
"108740.0";"2.474733"
"108750.0";"2.492736"
"108760.0";"2.476516"
"108770.0";"2.471866"
"108780.0";"2.436582"
"108790.0";"2.491407"
"108800.0";"2.493685"
"108810.0";"2.49307"
"108820.0";"2.440387"
"108830.0";"2.492727"
"108840.0";"2.490323"
"108850.0";"2.490429"
"108860.0";"2.528448"
"108870.0";"2.525336"
"108880.0";"2.468567"
"108890.0";"2.488384"
"108900.0";"2.457562"
"108910.0";"2.476878"
"108920.0";"2.490084"
"108930.0";"2.441762"
"108940.0";"2.478715"
"108950.0";"2.465877"
"108960.0";"2.462593"
"108970.0";"2.45892"
"108980.0";"2.467748"
"108990.0";"2.535264"
"109000.0";"2.439687"
"109010.0";"2.466669"
"109020.0";"2.524625"
"109030.0";"2.478494"
"109040.0";"2.474951"
"109050.0";"2.466461"
"109060.0";"2.427982"
"109070.0";"2.488025"
"109080.0";"2.479874"
"109090.0";"2.524866"
"109100.0";"2.520848"
"109110.0";"2.509708"
"109120.0";"2.504218"
"109130.0";"2.50177"
"109140.0";"2.54997"
"109150.0";"2.47912"
"109160.0";"2.499324"
"109170.0";"2.42221"
"109180.0";"2.431447"
"109190.0";"2.437312"
"109200.0";"2.46886"
"109210.0";"2.446082"
"109220.0";"2.419911"
"109230.0";"2.508428"
"109240.0";"2.495177"
"109250.0";"2.513596"
"109260.0";"2.486424"
"109270.0";"2.46213"
"109280.0";"2.427666"
"109290.0";"2.466561"
"109300.0";"2.47271"
"109310.0";"2.468919"
"109320.0";"2.430521"
"109330.0";"2.448841"
"109340.0";"2.45034"
"109350.0";"2.449644"
"109360.0";"2.436052"
"109370.0";"2.45652"
"109380.0";"2.473248"
"109390.0";"2.483569"
"109400.0";"2.474863"
"109410.0";"2.443463"
"109420.0";"2.523711"
"109430.0";"2.475956"
"109440.0";"2.441604"
"109450.0";"2.488935"
"109460.0";"2.439282"
"109470.0";"2.460809"
"109480.0";"2.442443"
"109490.0";"2.467348"
"109500.0";"2.447034"
"109510.0";"2.473721"
"109520.0";"2.409749"
"109530.0";"2.44857"
"109540.0";"2.481145"
"109550.0";"2.456533"
"109560.0";"2.481443"
"109570.0";"2.463097"
"109580.0";"2.472548"
"109590.0";"2.428157"
"109600.0";"2.404215"
"109610.0";"2.46455"
"109620.0";"2.443678"
"109630.0";"2.435724"
"109640.0";"2.367125"
"109650.0";"2.369905"
"109660.0";"2.506972"
"109670.0";"2.374516"
"109680.0";"2.458214"
"109690.0";"2.466462"
"109700.0";"2.485066"
"109710.0";"2.540249"
"109720.0";"2.479428"
"109730.0";"2.418333"
"109740.0";"2.494046"
"109750.0";"2.412459"
"109760.0";"2.47034"
"109770.0";"2.424895"
"109780.0";"2.507838"
"109790.0";"2.475398"
"109800.0";"2.525578"
"109810.0";"2.484336"
"109820.0";"2.440976"
"109830.0";"2.445359"
"109840.0";"2.455807"
"109850.0";"2.428523"
"109860.0";"2.440208"
"109870.0";"2.433122"
"109880.0";"2.462071"
"109890.0";"2.46407"
"109900.0";"2.404492"
"109910.0";"2.418444"
"109920.0";"2.486881"
"109930.0";"2.434537"
"109940.0";"2.401726"
"109950.0";"2.443091"
"109960.0";"2.499045"
"109970.0";"2.426085"
"109980.0";"2.442861"
"109990.0";"2.525353"
"110000.0";"2.438515"
"110010.0";"2.443792"
"110020.0";"2.382332"
"110030.0";"2.418495"
"110040.0";"2.443788"
"110050.0";"2.452847"
"110060.0";"2.434313"
"110070.0";"2.477924"
"110080.0";"2.444112"
"110090.0";"2.455937"
"110100.0";"2.463492"
"110110.0";"2.482181"
"110120.0";"2.416373"
"110130.0";"2.463441"
"110140.0";"2.478912"
"110150.0";"2.425221"
"110160.0";"2.448574"
"110170.0";"2.500038"
"110180.0";"2.526426"
"110190.0";"2.418701"
"110200.0";"2.497314"
"110210.0";"2.43397"
"110220.0";"2.494194"
"110230.0";"2.498821"
"110240.0";"2.48039"
"110250.0";"2.446495"
"110260.0";"2.464077"
"110270.0";"2.45366"
"110280.0";"2.40752"
"110290.0";"2.401372"
"110300.0";"2.455167"
"110310.0";"2.505904"
"110320.0";"2.426668"
"110330.0";"2.468526"
"110340.0";"2.45702"
"110350.0";"2.466579"
"110360.0";"2.457455"
"110370.0";"2.449198"
"110380.0";"2.479635"
"110390.0";"2.382208"
"110400.0";"2.485946"
"110410.0";"2.344758"
"110420.0";"2.401733"
"110430.0";"2.509629"
"110440.0";"2.432616"
"110450.0";"2.434028"
"110460.0";"2.445214"
"110470.0";"2.456451"
"110480.0";"2.525908"
"110490.0";"2.470413"
"110500.0";"2.461221"
"110510.0";"2.451615"
"110520.0";"2.429588"
"110530.0";"2.456601"
"110540.0";"2.454809"
"110550.0";"2.379149"
"110560.0";"2.407324"
"110570.0";"2.458714"
"110580.0";"2.418161"
"110590.0";"2.422871"
"110600.0";"2.512813"
"110610.0";"2.486015"
"110620.0";"2.429841"
"110630.0";"2.42476"
"110640.0";"2.486481"
"110650.0";"2.424254"
"110660.0";"2.357158"
"110670.0";"2.39394"
"110680.0";"2.342372"
"110690.0";"2.407918"
"110700.0";"2.447603"
"110710.0";"2.467002"
"110720.0";"2.457011"
"110730.0";"2.400547"
"110740.0";"2.48667"
"110750.0";"2.464262"
"110760.0";"2.49969"
"110770.0";"2.417453"
"110780.0";"2.433813"
"110790.0";"2.428502"
"110800.0";"2.4623"
"110810.0";"2.44072"
"110820.0";"2.511337"
"110830.0";"2.488914"
"110840.0";"2.435699"
"110850.0";"2.4873"
"110860.0";"2.461901"
"110870.0";"2.482527"
"110880.0";"2.485137"
"110890.0";"2.477972"
"110900.0";"2.48251"
"110910.0";"2.424649"
"110920.0";"2.491689"
"110930.0";"2.44483"
"110940.0";"2.523384"
"110950.0";"2.525968"
"110960.0";"2.509522"
"110970.0";"2.502435"
"110980.0";"2.50885"
"110990.0";"2.481471"
"111000.0";"2.481659"
"111010.0";"2.522461"
"111020.0";"2.490388"
"111030.0";"2.48618"
"111040.0";"2.587958"
"111050.0";"2.512445"
"111060.0";"2.51191"
"111070.0";"2.506284"
"111080.0";"2.493117"
"111090.0";"2.435101"
"111100.0";"2.46139"
"111110.0";"2.435046"
"111120.0";"2.5386"
"111130.0";"2.351196"
"111140.0";"2.476458"
"111150.0";"2.442683"
"111160.0";"2.399473"
"111170.0";"2.409619"
"111180.0";"2.577566"
"111190.0";"2.490849"
"111200.0";"2.461344"
"111210.0";"2.469698"
"111220.0";"2.489579"
"111230.0";"2.507355"
"111240.0";"2.43782"
"111250.0";"2.438531"
"111260.0";"2.463502"
"111270.0";"2.451256"
"111280.0";"2.489366"
"111290.0";"2.455314"
"111300.0";"2.51338"
"111310.0";"2.504501"
"111320.0";"2.442676"
"111330.0";"2.408466"
"111340.0";"2.447782"
"111350.0";"2.423552"
"111360.0";"2.461472"
"111370.0";"2.475242"
"111380.0";"2.440967"
"111390.0";"2.482136"
"111400.0";"2.464227"
"111410.0";"2.456183"
"111420.0";"2.457652"
"111430.0";"2.459471"
"111440.0";"2.510108"
"111450.0";"2.47739"
"111460.0";"2.50222"
"111470.0";"2.521089"
"111480.0";"2.439932"
"111490.0";"2.481913"
"111500.0";"2.463714"
"111510.0";"2.471843"
"111520.0";"2.483086"
"111530.0";"2.413815"
"111540.0";"2.43856"
"111550.0";"2.476117"
"111560.0";"2.469682"
"111570.0";"2.444178"
"111580.0";"2.461593"
"111590.0";"2.406986"
"111600.0";"2.473832"
"111610.0";"2.452245"
"111620.0";"2.570503"
"111630.0";"2.487853"
"111640.0";"2.508231"
"111650.0";"2.549809"
"111660.0";"2.464472"
"111670.0";"2.463861"
"111680.0";"2.42971"
"111690.0";"2.482172"
"111700.0";"2.416107"
"111710.0";"2.46128"
"111720.0";"2.467085"
"111730.0";"2.478332"
"111740.0";"2.467609"
"111750.0";"2.455636"
"111760.0";"2.482445"
"111770.0";"2.484371"
"111780.0";"2.48678"
"111790.0";"2.434771"
"111800.0";"2.444742"
"111810.0";"2.472982"
"111820.0";"2.516071"
"111830.0";"2.457842"
"111840.0";"2.448209"
"111850.0";"2.416043"
"111860.0";"2.446907"
"111870.0";"2.505356"
"111880.0";"2.530334"
"111890.0";"2.509068"
"111900.0";"2.452724"
"111910.0";"2.463922"
"111920.0";"2.560084"
"111930.0";"2.443821"
"111940.0";"2.490802"
"111950.0";"2.453001"
"111960.0";"2.472396"
"111970.0";"2.516724"
"111980.0";"2.474551"
"111990.0";"2.461217"
"112000.0";"2.558829"
"112010.0";"2.60339"
"112020.0";"2.535073"
"112030.0";"2.488818"
"112040.0";"2.427989"
"112050.0";"2.429979"
"112060.0";"2.51066"
"112070.0";"2.449804"
"112080.0";"2.498509"
"112090.0";"2.534546"
"112100.0";"2.452872"
"112110.0";"2.477599"
"112120.0";"2.523788"
"112130.0";"2.520015"
"112140.0";"2.517667"
"112150.0";"2.489013"
"112160.0";"2.482456"
"112170.0";"2.512044"
"112180.0";"2.442323"
"112190.0";"2.473242"
"112200.0";"2.460978"
"112210.0";"2.495636"
"112220.0";"2.491261"
"112230.0";"2.469607"
"112240.0";"2.598973"
"112250.0";"2.483291"
"112260.0";"2.520914"
"112270.0";"2.563303"
"112280.0";"2.510296"
"112290.0";"2.485522"
"112300.0";"2.550506"
"112310.0";"2.52455"
"112320.0";"2.527863"
"112330.0";"2.516241"
"112340.0";"2.472691"
"112350.0";"2.497352"
"112360.0";"2.603439"
"112370.0";"2.504746"
"112380.0";"2.484724"
"112390.0";"2.488763"
"112400.0";"2.477777"
"112410.0";"2.423378"
"112420.0";"2.477722"
"112430.0";"2.459313"
"112440.0";"2.509188"
"112450.0";"2.49995"
"112460.0";"2.521312"
"112470.0";"2.478181"
"112480.0";"2.48902"
"112490.0";"2.487173"
"112500.0";"2.50546"
"112510.0";"2.497716"
"112520.0";"2.538822"
"112530.0";"2.5547"
"112540.0";"2.512456"
"112550.0";"2.526124"
"112560.0";"2.497832"
"112570.0";"2.578372"
"112580.0";"2.52043"
"112590.0";"2.488292"
"112600.0";"2.506729"
"112610.0";"2.510634"
"112620.0";"2.516771"
"112630.0";"2.503567"
"112640.0";"2.504321"
"112650.0";"2.466669"
"112660.0";"2.493491"
"112670.0";"2.530928"
"112680.0";"2.458526"
"112690.0";"2.445676"
"112700.0";"2.569977"
"112710.0";"2.46447"
"112720.0";"2.454453"
"112730.0";"2.512477"
"112740.0";"2.409971"
"112750.0";"2.370911"
"112760.0";"2.483405"
"112770.0";"2.484457"
"112780.0";"2.517073"
"112790.0";"2.383931"
"112800.0";"2.451665"
"112810.0";"2.458033"
"112820.0";"2.51175"
"112830.0";"2.48635"
"112840.0";"2.413808"
"112850.0";"2.463378"
"112860.0";"2.442429"
"112870.0";"2.41527"
"112880.0";"2.410939"
"112890.0";"2.485414"
"112900.0";"2.35598"
"112910.0";"2.439801"
"112920.0";"2.446915"
"112930.0";"2.4184"
"112940.0";"2.473003"
"112950.0";"2.439427"
"112960.0";"2.419172"
"112970.0";"2.447614"
"112980.0";"2.46431"
"112990.0";"2.409644"
"113000.0";"2.431527"
"113010.0";"2.481402"
"113020.0";"2.462338"
"113030.0";"2.493861"
"113040.0";"2.525763"
"113050.0";"2.513002"
"113060.0";"2.518739"
"113070.0";"2.499326"
"113080.0";"2.51633"
"113090.0";"2.488967"
"113100.0";"2.545783"
"113110.0";"2.479542"
"113120.0";"2.486223"
"113130.0";"2.478755"
"113140.0";"2.515245"
"113150.0";"2.385162"
"113160.0";"2.500569"
"113170.0";"2.498352"
"113180.0";"2.462247"
"113190.0";"2.384942"
"113200.0";"2.43918"
"113210.0";"2.456953"
"113220.0";"2.381622"
"113230.0";"2.476022"
"113240.0";"2.473424"
"113250.0";"2.441025"
"113260.0";"2.496272"
"113270.0";"2.425556"
"113280.0";"2.470778"
"113290.0";"2.420061"
"113300.0";"2.51625"
"113310.0";"2.433287"
"113320.0";"2.47169"
"113330.0";"2.515675"
"113340.0";"2.483712"
"113350.0";"2.487105"
"113360.0";"2.528247"
"113370.0";"2.497449"
"113380.0";"2.539593"
"113390.0";"2.518144"
"113400.0";"2.500017"
"113410.0";"2.510632"
"113420.0";"2.518836"
"113430.0";"2.548896"
"113440.0";"2.513098"
"113450.0";"2.483661"
"113460.0";"2.50802"
"113470.0";"2.543923"
"113480.0";"2.435811"
"113490.0";"2.477541"
"113500.0";"2.500932"
"113510.0";"2.479482"
"113520.0";"2.570005"
"113530.0";"2.459303"
"113540.0";"2.490308"
"113550.0";"2.521037"
"113560.0";"2.542546"
"113570.0";"2.479727"
"113580.0";"2.483442"
"113590.0";"2.606249"
"113600.0";"2.510109"
"113610.0";"2.473012"
"113620.0";"2.531387"
"113630.0";"2.505802"
"113640.0";"2.488777"
"113650.0";"2.504252"
"113660.0";"2.49484"
"113670.0";"2.521213"
"113680.0";"2.528375"
"113690.0";"2.556517"
"113700.0";"2.530329"
"113710.0";"2.523067"
"113720.0";"2.534749"
"113730.0";"2.482793"
"113740.0";"2.545566"
"113750.0";"2.465041"
"113760.0";"2.468117"
"113770.0";"2.466388"
"113780.0";"2.484195"
"113790.0";"2.467551"
"113800.0";"2.475042"
"113810.0";"2.510962"
"113820.0";"2.467477"
"113830.0";"2.48676"
"113840.0";"2.464544"
"113850.0";"2.455767"
"113860.0";"2.487251"
"113870.0";"2.458633"
"113880.0";"2.511215"
"113890.0";"2.44746"
"113900.0";"2.576897"
"113910.0";"2.523262"
"113920.0";"2.54087"
"113930.0";"2.501612"
"113940.0";"2.475355"
"113950.0";"2.525864"
"113960.0";"2.446352"
"113970.0";"2.44103"
"113980.0";"2.522057"
"113990.0";"2.532994"
"114000.0";"2.494359"
"114010.0";"2.405243"
"114020.0";"2.495369"
"114030.0";"2.522881"
"114040.0";"2.45141"
"114050.0";"2.567293"
"114060.0";"2.414627"
"114070.0";"2.432492"
"114080.0";"2.438234"
"114090.0";"2.491861"
"114100.0";"2.511632"
"114110.0";"2.43214"
"114120.0";"2.488047"
"114130.0";"2.491475"
"114140.0";"2.462876"
"114150.0";"2.430232"
"114160.0";"2.416888"
"114170.0";"2.434413"
"114180.0";"2.471766"
"114190.0";"2.418873"
"114200.0";"2.440513"
"114210.0";"2.444984"
"114220.0";"2.432764"
"114230.0";"2.465843"
"114240.0";"2.481862"
"114250.0";"2.447125"
"114260.0";"2.494061"
"114270.0";"2.452787"
"114280.0";"2.471907"
"114290.0";"2.488173"
"114300.0";"2.57955"
"114310.0";"2.488339"
"114320.0";"2.477436"
"114330.0";"2.458727"
"114340.0";"2.367746"
"114350.0";"2.472292"
"114360.0";"2.414109"
"114370.0";"2.483819"
"114380.0";"2.439064"
"114390.0";"2.461127"
"114400.0";"2.490869"
"114410.0";"2.458597"
"114420.0";"2.515732"
"114430.0";"2.381407"
"114440.0";"2.45939"
"114450.0";"2.517347"
"114460.0";"2.443398"
"114470.0";"2.465308"
"114480.0";"2.547901"
"114490.0";"2.568024"
"114500.0";"2.487959"
"114510.0";"2.52963"
"114520.0";"2.555645"
"114530.0";"2.511362"
"114540.0";"2.484752"
"114550.0";"2.44005"
"114560.0";"2.547173"
"114570.0";"2.566819"
"114580.0";"2.486"
"114590.0";"2.498731"
"114600.0";"2.479754"
"114610.0";"2.549525"
"114620.0";"2.463838"
"114630.0";"2.576634"
"114640.0";"2.550921"
"114650.0";"2.628725"
"114660.0";"2.388793"
"114670.0";"2.43879"
"114680.0";"2.586462"
"114690.0";"2.497779"
"114700.0";"2.502334"
"114710.0";"2.522958"
"114720.0";"2.520878"
"114730.0";"2.586535"
"114740.0";"2.407705"
"114750.0";"2.466051"
"114760.0";"2.546685"
"114770.0";"2.559788"
"114780.0";"2.588584"
"114790.0";"2.48468"
"114800.0";"2.5353"
"114810.0";"2.538184"
"114820.0";"2.45662"
"114830.0";"2.483073"
"114840.0";"2.49327"
"114850.0";"2.5335"
"114860.0";"2.545451"
"114870.0";"2.587356"
"114880.0";"2.590077"
"114890.0";"2.504429"
"114900.0";"2.569071"
"114910.0";"2.480656"
"114920.0";"2.420073"
"114930.0";"2.483937"
"114940.0";"2.521827"
"114950.0";"2.531361"
"114960.0";"2.45065"
"114970.0";"2.599918"
"114980.0";"2.521205"
"114990.0";"2.641706"
"115000.0";"2.540427"
"115010.0";"2.551629"
"115020.0";"2.518693"
"115030.0";"2.499503"
"115040.0";"2.492935"
"115050.0";"2.486772"
"115060.0";"2.553673"
"115070.0";"2.585277"
"115080.0";"2.524406"
"115090.0";"2.558069"
"115100.0";"2.516977"
"115110.0";"2.546824"
"115120.0";"2.535573"
"115130.0";"2.517032"
"115140.0";"2.493987"
"115150.0";"2.549697"
"115160.0";"2.487861"
"115170.0";"2.47034"
"115180.0";"2.524133"
"115190.0";"2.551998"
"115200.0";"2.538212"
"115210.0";"2.493741"
"115220.0";"2.458466"
"115230.0";"2.515472"
"115240.0";"2.624053"
"115250.0";"2.593535"
"115260.0";"2.517185"
"115270.0";"2.640258"
"115280.0";"2.45338"
"115290.0";"2.522902"
"115300.0";"2.522159"
"115310.0";"2.609677"
"115320.0";"2.547726"
"115330.0";"2.511084"
"115340.0";"2.544952"
"115350.0";"2.606288"
"115360.0";"2.516007"
"115370.0";"2.528619"
"115380.0";"2.527434"
"115390.0";"2.535516"
"115400.0";"2.529423"
"115410.0";"2.534261"
"115420.0";"2.528076"
"115430.0";"2.564472"
"115440.0";"2.483642"
"115450.0";"2.514545"
"115460.0";"2.563043"
"115470.0";"2.586974"
"115480.0";"2.565791"
"115490.0";"2.496342"
"115500.0";"2.477887"
"115510.0";"2.464267"
"115520.0";"2.471067"
"115530.0";"2.481376"
"115540.0";"2.541005"
"115550.0";"2.484447"
"115560.0";"2.529107"
"115570.0";"2.480498"
"115580.0";"2.460442"
"115590.0";"2.47241"
"115600.0";"2.54661"
"115610.0";"2.515189"
"115620.0";"2.497177"
"115630.0";"2.463316"
"115640.0";"2.448776"
"115650.0";"2.509678"
"115660.0";"2.431579"
"115670.0";"2.565415"
"115680.0";"2.483594"
"115690.0";"2.476435"
"115700.0";"2.511457"
"115710.0";"2.515956"
"115720.0";"2.503227"
"115730.0";"2.571757"
"115740.0";"2.402457"
"115750.0";"2.428352"
"115760.0";"2.543184"
"115770.0";"2.509311"
"115780.0";"2.442184"
"115790.0";"2.503639"
"115800.0";"2.483223"
"115810.0";"2.432651"
"115820.0";"2.499407"
"115830.0";"2.516185"
"115840.0";"2.566571"
"115850.0";"2.561103"
"115860.0";"2.50204"
"115870.0";"2.547315"
"115880.0";"2.496325"
"115890.0";"2.522927"
"115900.0";"2.545411"
"115910.0";"2.487468"
"115920.0";"2.592701"
"115930.0";"2.528556"
"115940.0";"2.416633"
"115950.0";"2.515697"
"115960.0";"2.491494"
"115970.0";"2.465898"
"115980.0";"2.427153"
"115990.0";"2.57422"
"116000.0";"2.49451"
"116010.0";"2.563064"
"116020.0";"2.508247"
"116030.0";"2.539676"
"116040.0";"2.532522"
"116050.0";"2.553269"
"116060.0";"2.557109"
"116070.0";"2.490306"
"116080.0";"2.480983"
"116090.0";"2.447306"
"116100.0";"2.406805"
"116110.0";"2.538282"
"116120.0";"2.517608"
"116130.0";"2.484465"
"116140.0";"2.525476"
"116150.0";"2.436052"
"116160.0";"2.518321"
"116170.0";"2.492678"
"116180.0";"2.474594"
"116190.0";"2.503273"
"116200.0";"2.497503"
"116210.0";"2.472356"
"116220.0";"2.529691"
"116230.0";"2.516105"
"116240.0";"2.475296"
"116250.0";"2.512465"
"116260.0";"2.444588"
"116270.0";"2.493216"
"116280.0";"2.514663"
"116290.0";"2.454237"
"116300.0";"2.533737"
"116310.0";"2.502268"
"116320.0";"2.601933"
"116330.0";"2.619989"
"116340.0";"2.491471"
"116350.0";"2.554297"
"116360.0";"2.567993"
"116370.0";"2.495222"
"116380.0";"2.469734"
"116390.0";"2.48207"
"116400.0";"2.455404"
"116410.0";"2.498207"
"116420.0";"2.499892"
"116430.0";"2.484769"
"116440.0";"2.499789"
"116450.0";"2.486606"
"116460.0";"2.524813"
"116470.0";"2.49063"
"116480.0";"2.535025"
"116490.0";"2.528624"
"116500.0";"2.559263"
"116510.0";"2.539532"
"116520.0";"2.502665"
"116530.0";"2.421175"
"116540.0";"2.503899"
"116550.0";"2.47418"
"116560.0";"2.499876"
"116570.0";"2.531447"
"116580.0";"2.468819"
"116590.0";"2.515996"
"116600.0";"2.562407"
"116610.0";"2.459996"
"116620.0";"2.451689"
"116630.0";"2.449602"
"116640.0";"2.494708"
"116650.0";"2.465887"
"116660.0";"2.544366"
"116670.0";"2.568097"
"116680.0";"2.536336"
"116690.0";"2.531348"
"116700.0";"2.569147"
"116710.0";"2.562993"
"116720.0";"2.487108"
"116730.0";"2.660232"
"116740.0";"2.492218"
"116750.0";"2.532687"
"116760.0";"2.543447"
"116770.0";"2.540584"
"116780.0";"2.536415"
"116790.0";"2.489457"
"116800.0";"2.548926"
"116810.0";"2.493959"
"116820.0";"2.476084"
"116830.0";"2.473248"
"116840.0";"2.534233"
"116850.0";"2.571672"
"116860.0";"2.527116"
"116870.0";"2.499654"
"116880.0";"2.479563"
"116890.0";"2.503483"
"116900.0";"2.465031"
"116910.0";"2.482075"
"116920.0";"2.488405"
"116930.0";"2.513205"
"116940.0";"2.518525"
"116950.0";"2.51612"
"116960.0";"2.557642"
"116970.0";"2.530928"
"116980.0";"2.477652"
"116990.0";"2.617768"
"117000.0";"2.574968"
"117010.0";"2.498776"
"117020.0";"2.503781"
"117030.0";"2.474108"
"117040.0";"2.477455"
"117050.0";"2.47694"
"117060.0";"2.50737"
"117070.0";"2.517725"
"117080.0";"2.524771"
"117090.0";"2.559848"
"117100.0";"2.485596"
"117110.0";"2.541343"
"117120.0";"2.500912"
"117130.0";"2.560286"
"117140.0";"2.374096"
"117150.0";"2.487263"
"117160.0";"2.572565"
"117170.0";"2.54768"
"117180.0";"2.457963"
"117190.0";"2.519504"
"117200.0";"2.456825"
"117210.0";"2.378353"
"117220.0";"2.480988"
"117230.0";"2.493743"
"117240.0";"2.432933"
"117250.0";"2.455243"
"117260.0";"2.436134"
"117270.0";"2.550896"
"117280.0";"2.521529"
"117290.0";"2.518732"
"117300.0";"2.467256"
"117310.0";"2.414433"
"117320.0";"2.490967"
"117330.0";"2.469052"
"117340.0";"2.498116"
"117350.0";"2.45799"
"117360.0";"2.508557"
"117370.0";"2.476409"
"117380.0";"2.443216"
"117390.0";"2.399117"
"117400.0";"2.466433"
"117410.0";"2.447635"
"117420.0";"2.398089"
"117430.0";"2.472182"
"117440.0";"2.388527"
"117450.0";"2.418876"
"117460.0";"2.430619"
"117470.0";"2.463105"
"117480.0";"2.461364"
"117490.0";"2.422622"
"117500.0";"2.444391"
"117510.0";"2.456367"
"117520.0";"2.448123"
"117530.0";"2.458672"
"117540.0";"2.448715"
"117550.0";"2.439065"
"117560.0";"2.411559"
"117570.0";"2.481604"
"117580.0";"2.449455"
"117590.0";"2.48584"
"117600.0";"2.451195"
"117610.0";"2.470488"
"117620.0";"2.493326"
"117630.0";"2.420552"
"117640.0";"2.484822"
"117650.0";"2.394026"
"117660.0";"2.503118"
"117670.0";"2.401009"
"117680.0";"2.453696"
"117690.0";"2.483686"
"117700.0";"2.462354"
"117710.0";"2.441373"
"117720.0";"2.446593"
"117730.0";"2.505462"
"117740.0";"2.458277"
"117750.0";"2.455758"
"117760.0";"2.445736"
"117770.0";"2.465412"
"117780.0";"2.412811"
"117790.0";"2.456998"
"117800.0";"2.427111"
"117810.0";"2.482116"
"117820.0";"2.452671"
"117830.0";"2.457296"
"117840.0";"2.385896"
"117850.0";"2.412455"
"117860.0";"2.469663"
"117870.0";"2.441663"
"117880.0";"2.477865"
"117890.0";"2.520713"
"117900.0";"2.406811"
"117910.0";"2.462669"
"117920.0";"2.400765"
"117930.0";"2.423289"
"117940.0";"2.466407"
"117950.0";"2.452395"
"117960.0";"2.427485"
"117970.0";"2.372408"
"117980.0";"2.373598"
"117990.0";"2.396493"
"118000.0";"2.457204"
"118010.0";"2.410939"
"118020.0";"2.433998"
"118030.0";"2.38853"
"118040.0";"2.438712"
"118050.0";"2.328664"
"118060.0";"2.353472"
"118070.0";"2.420539"
"118080.0";"2.484877"
"118090.0";"2.487028"
"118100.0";"2.451666"
"118110.0";"2.47949"
"118120.0";"2.50705"
"118130.0";"2.457898"
"118140.0";"2.449064"
"118150.0";"2.441004"
"118160.0";"2.46915"
"118170.0";"2.461928"
"118180.0";"2.484011"
"118190.0";"2.482162"
"118200.0";"2.444924"
"118210.0";"2.4308"
"118220.0";"2.383996"
"118230.0";"2.432943"
"118240.0";"2.455343"
"118250.0";"2.491494"
"118260.0";"2.545323"
"118270.0";"2.428791"
"118280.0";"2.437303"
"118290.0";"2.444518"
"118300.0";"2.471738"
"118310.0";"2.435276"
"118320.0";"2.423119"
"118330.0";"2.388718"
"118340.0";"2.477409"
"118350.0";"2.464349"
"118360.0";"2.497866"
"118370.0";"2.445552"
"118380.0";"2.462197"
"118390.0";"2.435755"
"118400.0";"2.453439"
"118410.0";"2.511453"
"118420.0";"2.492371"
"118430.0";"2.475622"
"118440.0";"2.411567"
"118450.0";"2.525083"
"118460.0";"2.523984"
"118470.0";"2.430655"
"118480.0";"2.501841"
"118490.0";"2.472036"
"118500.0";"2.431556"
"118510.0";"2.480107"
"118520.0";"2.460859"
"118530.0";"2.413568"
"118540.0";"2.469608"
"118550.0";"2.48618"
"118560.0";"2.473861"
"118570.0";"2.489868"
"118580.0";"2.474482"
"118590.0";"2.466681"
"118600.0";"2.396734"
"118610.0";"2.467104"
"118620.0";"2.447263"
"118630.0";"2.464729"
"118640.0";"2.391822"
"118650.0";"2.408878"
"118660.0";"2.425799"
"118670.0";"2.407885"
"118680.0";"2.475716"
"118690.0";"2.401998"
"118700.0";"2.419449"
"118710.0";"2.390936"
"118720.0";"2.488791"
"118730.0";"2.536662"
"118740.0";"2.480002"
"118750.0";"2.433491"
"118760.0";"2.396688"
"118770.0";"2.400044"
"118780.0";"2.411227"
"118790.0";"2.402999"
"118800.0";"2.430097"
"118810.0";"2.466812"
"118820.0";"2.348332"
"118830.0";"2.440297"
"118840.0";"2.34518"
"118850.0";"2.422626"
"118860.0";"2.417566"
"118870.0";"2.422007"
"118880.0";"2.452735"
"118890.0";"2.388538"
"118900.0";"2.402952"
"118910.0";"2.362038"
"118920.0";"2.410687"
"118930.0";"2.427441"
"118940.0";"2.415585"
"118950.0";"2.445462"
"118960.0";"2.423496"
"118970.0";"2.408136"
"118980.0";"2.440758"
"118990.0";"2.397644"
"119000.0";"2.434833"
"119010.0";"2.424624"
"119020.0";"2.475945"
"119030.0";"2.447443"
"119040.0";"2.464232"
"119050.0";"2.430511"
"119060.0";"2.449655"
"119070.0";"2.448849"
"119080.0";"2.400921"
"119090.0";"2.376"
"119100.0";"2.473656"
"119110.0";"2.481903"
"119120.0";"2.460896"
"119130.0";"2.429759"
"119140.0";"2.367356"
"119150.0";"2.465377"
"119160.0";"2.424991"
"119170.0";"2.439872"
"119180.0";"2.40296"
"119190.0";"2.40115"
"119200.0";"2.414377"
"119210.0";"2.428003"
"119220.0";"2.363694"
"119230.0";"2.379317"
"119240.0";"2.424357"
"119250.0";"2.382655"
"119260.0";"2.397665"
"119270.0";"2.359592"
"119280.0";"2.357716"
"119290.0";"2.350097"
"119300.0";"2.374039"
"119310.0";"2.345404"
"119320.0";"2.301901"
"119330.0";"2.345572"
"119340.0";"2.320231"
"119350.0";"2.441452"
"119360.0";"2.333215"
"119370.0";"2.335079"
"119380.0";"2.359202"
"119390.0";"2.447631"
"119400.0";"2.312263"
"119410.0";"2.347947"
"119420.0";"2.393369"
"119430.0";"2.469674"
"119440.0";"2.377084"
"119450.0";"2.408439"
"119460.0";"2.445511"
"119470.0";"2.389934"
"119480.0";"2.421535"
"119490.0";"2.402213"
"119500.0";"2.449574"
"119510.0";"2.397373"
"119520.0";"2.387796"
"119530.0";"2.368174"
"119540.0";"2.438308"
"119550.0";"2.374445"
"119560.0";"2.447115"
"119570.0";"2.487635"
"119580.0";"2.424146"
"119590.0";"2.42509"
"119600.0";"2.449243"
"119610.0";"2.387459"
"119620.0";"2.452015"
"119630.0";"2.446332"
"119640.0";"2.427826"
"119650.0";"2.429399"
"119660.0";"2.455149"
"119670.0";"2.461829"
"119680.0";"2.530308"
"119690.0";"2.406565"
"119700.0";"2.479649"
"119710.0";"2.483617"
"119720.0";"2.445124"
"119730.0";"2.460997"
"119740.0";"2.481159"
"119750.0";"2.414676"
"119760.0";"2.461262"
"119770.0";"2.506776"
"119780.0";"2.519719"
"119790.0";"2.4544"
"119800.0";"2.47926"
"119810.0";"2.470307"
"119820.0";"2.521311"
"119830.0";"2.533832"
"119840.0";"2.5108"
"119850.0";"2.478794"
"119860.0";"2.506442"
"119870.0";"2.509509"
"119880.0";"2.509594"
"119890.0";"2.487066"
"119900.0";"2.484461"
"119910.0";"2.501495"
"119920.0";"2.497279"
"119930.0";"2.571795"
"119940.0";"2.451283"
"119950.0";"2.47086"
"119960.0";"2.53603"
"119970.0";"2.45332"
"119980.0";"2.515859"
"119990.0";"2.523013"
"120000.0";"2.470345"
"120010.0";"2.497029"
"120020.0";"2.492441"
"120030.0";"2.481237"
"120040.0";"2.48951"
"120050.0";"2.503214"
"120060.0";"2.501226"
"120070.0";"2.463788"
"120080.0";"2.550339"
"120090.0";"2.550398"
"120100.0";"2.50935"
"120110.0";"2.478486"
"120120.0";"2.517107"
"120130.0";"2.446582"
"120140.0";"2.515131"
"120150.0";"2.431935"
"120160.0";"2.485922"
"120170.0";"2.540102"
"120180.0";"2.48305"
"120190.0";"2.532835"
"120200.0";"2.40434"
"120210.0";"2.476887"
"120220.0";"2.423381"
"120230.0";"2.526541"
"120240.0";"2.498664"
"120250.0";"2.506736"
"120260.0";"2.425065"
"120270.0";"2.48922"
"120280.0";"2.442132"
"120290.0";"2.511854"
"120300.0";"2.406057"
"120310.0";"2.399609"
"120320.0";"2.435831"
"120330.0";"2.462482"
"120340.0";"2.442526"
"120350.0";"2.484972"
"120360.0";"2.482361"
"120370.0";"2.476794"
"120380.0";"2.564142"
"120390.0";"2.572126"
"120400.0";"2.485602"
"120410.0";"2.441475"
"120420.0";"2.554147"
"120430.0";"2.490079"
"120440.0";"2.584602"
"120450.0";"2.49123"
"120460.0";"2.47218"
"120470.0";"2.555795"
"120480.0";"2.468059"
"120490.0";"2.478434"
"120500.0";"2.499871"
"120510.0";"2.433195"
"120520.0";"2.423062"
"120530.0";"2.468099"
"120540.0";"2.411679"
"120550.0";"2.469317"
"120560.0";"2.528132"
"120570.0";"2.496263"
"120580.0";"2.505688"
"120590.0";"2.464498"
"120600.0";"2.441655"
"120610.0";"2.405886"
"120620.0";"2.539926"
"120630.0";"2.554604"
"120640.0";"2.524482"
"120650.0";"2.480466"
"120660.0";"2.470344"
"120670.0";"2.448298"
"120680.0";"2.45595"
"120690.0";"2.434315"
"120700.0";"2.482211"
"120710.0";"2.450826"
"120720.0";"2.418807"
"120730.0";"2.421453"
"120740.0";"2.420834"
"120750.0";"2.513486"
"120760.0";"2.458863"
"120770.0";"2.444774"
"120780.0";"2.410862"
"120790.0";"2.381861"
"120800.0";"2.441371"
"120810.0";"2.447994"
"120820.0";"2.476042"
"120830.0";"2.38"
"120840.0";"2.482415"
"120850.0";"2.440289"
"120860.0";"2.421407"
"120870.0";"2.461566"
"120880.0";"2.410752"
"120890.0";"2.420107"
"120900.0";"2.440217"
"120910.0";"2.430985"
"120920.0";"2.478964"
"120930.0";"2.508282"
"120940.0";"2.426373"
"120950.0";"2.392743"
"120960.0";"2.445166"
"120970.0";"2.401915"
"120980.0";"2.490091"
"120990.0";"2.447168"
"121000.0";"2.468311"
"121010.0";"2.45229"
"121020.0";"2.475915"
"121030.0";"2.516461"
"121040.0";"2.396727"
"121050.0";"2.424348"
"121060.0";"2.420967"
"121070.0";"2.452581"
"121080.0";"2.474365"
"121090.0";"2.468172"
"121100.0";"2.461226"
"121110.0";"2.429279"
"121120.0";"2.421873"
"121130.0";"2.497273"
"121140.0";"2.400031"
"121150.0";"2.430377"
"121160.0";"2.449061"
"121170.0";"2.451243"
"121180.0";"2.417354"
"121190.0";"2.463209"
"121200.0";"2.418539"
"121210.0";"2.493138"
"121220.0";"2.448319"
"121230.0";"2.46292"
"121240.0";"2.52473"
"121250.0";"2.448464"
"121260.0";"2.427184"
"121270.0";"2.445642"
"121280.0";"2.465"
"121290.0";"2.476893"
"121300.0";"2.463922"
"121310.0";"2.458981"
"121320.0";"2.417649"
"121330.0";"2.446597"
"121340.0";"2.469443"
"121350.0";"2.481834"
"121360.0";"2.538311"
"121370.0";"2.526665"
"121380.0";"2.469392"
"121390.0";"2.527572"
"121400.0";"2.430725"
"121410.0";"2.478132"
"121420.0";"2.473886"
"121430.0";"2.482139"
"121440.0";"2.449525"
"121450.0";"2.391617"
"121460.0";"2.436551"
"121470.0";"2.409947"
"121480.0";"2.45771"
"121490.0";"2.409116"
"121500.0";"2.481494"
"121510.0";"2.452685"
"121520.0";"2.457143"
"121530.0";"2.464516"
"121540.0";"2.458433"
"121550.0";"2.458544"
"121560.0";"2.476674"
"121570.0";"2.484491"
"121580.0";"2.478162"
"121590.0";"2.450673"
"121600.0";"2.449726"
"121610.0";"2.403229"
"121620.0";"2.480617"
"121630.0";"2.434442"
"121640.0";"2.461"
"121650.0";"2.461369"
"121660.0";"2.470555"
"121670.0";"2.439496"
"121680.0";"2.471372"
"121690.0";"2.420868"
"121700.0";"2.48263"
"121710.0";"2.533155"
"121720.0";"2.453642"
"121730.0";"2.522319"
"121740.0";"2.480024"
"121750.0";"2.452281"
"121760.0";"2.480622"
"121770.0";"2.453557"
"121780.0";"2.400446"
"121790.0";"2.383942"
"121800.0";"2.438934"
"121810.0";"2.420627"
"121820.0";"2.478533"
"121830.0";"2.458102"
"121840.0";"2.446851"
"121850.0";"2.451675"
"121860.0";"2.415098"
"121870.0";"2.430711"
"121880.0";"2.4412"
"121890.0";"2.513178"
"121900.0";"2.435045"
"121910.0";"2.468636"
"121920.0";"2.396231"
"121930.0";"2.416867"
"121940.0";"2.40301"
"121950.0";"2.456897"
"121960.0";"2.443679"
"121970.0";"2.401785"
"121980.0";"2.434567"
"121990.0";"2.419431"
"122000.0";"2.454326"
"122010.0";"2.450387"
"122020.0";"2.401242"
"122030.0";"2.429005"
"122040.0";"2.455478"
"122050.0";"2.499909"
"122060.0";"2.471687"
"122070.0";"2.336317"
"122080.0";"2.490343"
"122090.0";"2.323794"
"122100.0";"2.395634"
"122110.0";"2.431288"
"122120.0";"2.499992"
"122130.0";"2.453081"
"122140.0";"2.43231"
"122150.0";"2.476014"
"122160.0";"2.407634"
"122170.0";"2.460638"
"122180.0";"2.544647"
"122190.0";"2.466439"
"122200.0";"2.409858"
"122210.0";"2.377437"
"122220.0";"2.465018"
"122230.0";"2.488464"
"122240.0";"2.420861"
"122250.0";"2.457779"
"122260.0";"2.488292"
"122270.0";"2.479167"
"122280.0";"2.497465"
"122290.0";"2.448452"
"122300.0";"2.487073"
"122310.0";"2.494123"
"122320.0";"2.477685"
"122330.0";"2.485183"
"122340.0";"2.481672"
"122350.0";"2.517057"
"122360.0";"2.452631"
"122370.0";"2.438305"
"122380.0";"2.575982"
"122390.0";"2.446503"
"122400.0";"2.486318"
"122410.0";"2.473569"
"122420.0";"2.422978"
"122430.0";"2.378192"
"122440.0";"2.443502"
"122450.0";"2.430044"
"122460.0";"2.44805"
"122470.0";"2.460121"
"122480.0";"2.376064"
"122490.0";"2.449214"
"122500.0";"2.430917"
"122510.0";"2.444373"
"122520.0";"2.484777"
"122530.0";"2.408107"
"122540.0";"2.469712"
"122550.0";"2.457652"
"122560.0";"2.436676"
"122570.0";"2.386943"
"122580.0";"2.358817"
"122590.0";"2.406119"
"122600.0";"2.470967"
"122610.0";"2.367482"
"122620.0";"2.348782"
"122630.0";"2.56617"
"122640.0";"2.452713"
"122650.0";"2.454429"
"122660.0";"2.377482"
"122670.0";"2.383238"
"122680.0";"2.387818"
"122690.0";"2.504234"
"122700.0";"2.499181"
"122710.0";"2.445578"
"122720.0";"2.410609"
"122730.0";"2.436255"
"122740.0";"2.424088"
"122750.0";"2.361536"
"122760.0";"2.356957"
"122770.0";"2.436746"
"122780.0";"2.415867"
"122790.0";"2.389478"
"122800.0";"2.33922"
"122810.0";"2.287178"
"122820.0";"2.358438"
"122830.0";"2.373617"
"122840.0";"2.372193"
"122850.0";"2.393447"
"122860.0";"2.36547"
"122870.0";"2.346833"
"122880.0";"2.324194"
"122890.0";"2.312815"
"122900.0";"2.372742"
"122910.0";"2.304404"
"122920.0";"2.430776"
"122930.0";"2.350552"
"122940.0";"2.405065"
"122950.0";"2.35588"
"122960.0";"2.358632"
"122970.0";"2.375307"
"122980.0";"2.352806"
"122990.0";"2.321474"
"123000.0";"2.36407"
"123010.0";"2.376979"
"123020.0";"2.348773"
"123030.0";"2.387813"
"123040.0";"2.312466"
"123050.0";"2.286266"
"123060.0";"2.313569"
"123070.0";"2.347052"
"123080.0";"2.393557"
"123090.0";"2.412917"
"123100.0";"2.39495"
"123110.0";"2.291662"
"123120.0";"2.380803"
"123130.0";"2.386647"
"123140.0";"2.339204"
"123150.0";"2.343412"
"123160.0";"2.36306"
"123170.0";"2.392099"
"123180.0";"2.406667"
"123190.0";"2.353263"
"123200.0";"2.37271"
"123210.0";"2.372108"
"123220.0";"2.40685"
"123230.0";"2.41758"
"123240.0";"2.47849"
"123250.0";"2.357741"
"123260.0";"2.380059"
"123270.0";"2.436994"
"123280.0";"2.466106"
"123290.0";"2.378958"
"123300.0";"2.488942"
"123310.0";"2.371232"
"123320.0";"2.423958"
"123330.0";"2.417935"
"123340.0";"2.410502"
"123350.0";"2.406683"
"123360.0";"2.423657"
"123370.0";"2.364286"
"123380.0";"2.429576"
"123390.0";"2.365376"
"123400.0";"2.412685"
"123410.0";"2.556033"
"123420.0";"2.447908"
"123430.0";"2.434594"
"123440.0";"2.410558"
"123450.0";"2.427223"
"123460.0";"2.419696"
"123470.0";"2.471762"
"123480.0";"2.413103"
"123490.0";"2.453607"
"123500.0";"2.491769"
"123510.0";"2.54869"
"123520.0";"2.412797"
"123530.0";"2.403835"
"123540.0";"2.541483"
"123550.0";"2.46915"
"123560.0";"2.558626"
"123570.0";"2.472876"
"123580.0";"2.423448"
"123590.0";"2.530379"
"123600.0";"2.504287"
"123610.0";"2.470456"
"123620.0";"2.517884"
"123630.0";"2.4589"
"123640.0";"2.516415"
"123650.0";"2.481334"
"123660.0";"2.556863"
"123670.0";"2.460643"
"123680.0";"2.45466"
"123690.0";"2.454201"
"123700.0";"2.385854"
"123710.0";"2.354917"
"123720.0";"2.356681"
"123730.0";"2.35965"
"123740.0";"2.318751"
"123750.0";"2.370533"
"123760.0";"2.348986"
"123770.0";"2.348041"
"123780.0";"2.411272"
"123790.0";"2.376453"
"123800.0";"2.351509"
"123810.0";"2.386709"
"123820.0";"2.367349"
"123830.0";"2.417044"
"123840.0";"2.40745"
"123850.0";"2.354261"
"123860.0";"2.413863"
"123870.0";"2.370202"
"123880.0";"2.320552"
"123890.0";"2.393142"
"123900.0";"2.489074"
"123910.0";"2.377876"
"123920.0";"2.379126"
"123930.0";"2.382399"
"123940.0";"2.363979"
"123950.0";"2.335887"
"123960.0";"2.404744"
"123970.0";"2.417622"
"123980.0";"2.382102"
"123990.0";"2.396474"
"124000.0";"2.413066"
"124010.0";"2.379631"
"124020.0";"2.383535"
"124030.0";"2.425777"
"124040.0";"2.346036"
"124050.0";"2.315498"
"124060.0";"2.345886"
"124070.0";"2.357328"
"124080.0";"2.339772"
"124090.0";"2.366241"
"124100.0";"2.413261"
"124110.0";"2.370942"
"124120.0";"2.37326"
"124130.0";"2.34798"
"124140.0";"2.359227"
"124150.0";"2.43124"
"124160.0";"2.402254"
"124170.0";"2.395529"
"124180.0";"2.4033"
"124190.0";"2.444373"
"124200.0";"2.422005"
"124210.0";"2.303431"
"124220.0";"2.38093"
"124230.0";"2.324913"
"124240.0";"2.34932"
"124250.0";"2.331686"
"124260.0";"2.376165"
"124270.0";"2.281331"
"124280.0";"2.31938"
"124290.0";"2.329145"
"124300.0";"2.39789"
"124310.0";"2.459703"
"124320.0";"2.363282"
"124330.0";"2.452309"
"124340.0";"2.396541"
"124350.0";"2.403487"
"124360.0";"2.438716"
"124370.0";"2.396811"
"124380.0";"2.338844"
"124390.0";"2.436357"
"124400.0";"2.371261"
"124410.0";"2.372109"
"124420.0";"2.360474"
"124430.0";"2.363899"
"124440.0";"2.406294"
"124450.0";"2.393383"
"124460.0";"2.307149"
"124470.0";"2.278508"
"124480.0";"2.32466"
"124490.0";"2.321432"
"124500.0";"2.286852"
"124510.0";"2.334974"
"124520.0";"2.365353"
"124530.0";"2.306252"
"124540.0";"2.30703"
"124550.0";"2.37354"
"124560.0";"2.2702"
"124570.0";"2.320952"
"124580.0";"2.385237"
"124590.0";"2.373839"
"124600.0";"2.368813"
"124610.0";"2.374626"
"124620.0";"2.358437"
"124630.0";"2.338338"
"124640.0";"2.317963"
"124650.0";"2.316382"
"124660.0";"2.383434"
"124670.0";"2.423805"
"124680.0";"2.38486"
"124690.0";"2.451844"
"124700.0";"2.355649"
"124710.0";"2.334698"
"124720.0";"2.373781"
"124730.0";"2.328331"
"124740.0";"2.324939"
"124750.0";"2.353729"
"124760.0";"2.382631"
"124770.0";"2.260015"
"124780.0";"2.304138"
"124790.0";"2.330965"
"124800.0";"2.353509"
"124810.0";"2.371517"
"124820.0";"2.383549"
"124830.0";"2.344827"
"124840.0";"2.269638"
"124850.0";"2.339954"
"124860.0";"2.295156"
"124870.0";"2.378396"
"124880.0";"2.362008"
"124890.0";"2.378409"
"124900.0";"2.271677"
"124910.0";"2.356193"
"124920.0";"2.285377"
"124930.0";"2.377637"
"124940.0";"2.430727"
"124950.0";"2.355514"
"124960.0";"2.300857"
"124970.0";"2.390209"
"124980.0";"2.302262"
"124990.0";"2.315162"
"125000.0";"2.33814"
"125010.0";"2.285176"
"125020.0";"2.341222"
"125030.0";"2.367523"
"125040.0";"2.339018"
"125050.0";"2.279235"
"125060.0";"2.344394"
"125070.0";"2.330676"
"125080.0";"2.27677"
"125090.0";"2.358044"
"125100.0";"2.31541"
"125110.0";"2.333266"
"125120.0";"2.35042"
"125130.0";"2.338181"
"125140.0";"2.293699"
"125150.0";"2.281163"
"125160.0";"2.38291"
"125170.0";"2.358255"
"125180.0";"2.340877"
"125190.0";"2.367825"
"125200.0";"2.322754"
"125210.0";"2.330932"
"125220.0";"2.332212"
"125230.0";"2.296648"
"125240.0";"2.252286"
"125250.0";"2.326596"
"125260.0";"2.283365"
"125270.0";"2.275169"
"125280.0";"2.321175"
"125290.0";"2.339109"
"125300.0";"2.33522"
"125310.0";"2.402006"
"125320.0";"2.358952"
"125330.0";"2.366322"
"125340.0";"2.353373"
"125350.0";"2.301977"
"125360.0";"2.338393"
"125370.0";"2.315186"
"125380.0";"2.366315"
"125390.0";"2.356461"
"125400.0";"2.361953"
"125410.0";"2.4294"
"125420.0";"2.378934"
"125430.0";"2.39796"
"125440.0";"2.351239"
"125450.0";"2.381551"
"125460.0";"2.442097"
"125470.0";"2.368249"
"125480.0";"2.374435"
"125490.0";"2.404782"
"125500.0";"2.401448"
"125510.0";"2.36607"
"125520.0";"2.372049"
"125530.0";"2.373001"
"125540.0";"2.380455"
"125550.0";"2.404297"
"125560.0";"2.356268"
"125570.0";"2.392833"
"125580.0";"2.335229"
"125590.0";"2.352838"
"125600.0";"2.315923"
"125610.0";"2.390018"
"125620.0";"2.254908"
"125630.0";"2.261845"
"125640.0";"2.315017"
"125650.0";"2.210968"
"125660.0";"2.341248"
"125670.0";"2.365152"
"125680.0";"2.35751"
"125690.0";"2.43368"
"125700.0";"2.391216"
"125710.0";"2.385176"
"125720.0";"2.321645"
"125730.0";"2.338097"
"125740.0";"2.335446"
"125750.0";"2.292598"
"125760.0";"2.342597"
"125770.0";"2.354045"
"125780.0";"2.310605"
"125790.0";"2.315665"
"125800.0";"2.36426"
"125810.0";"2.327775"
"125820.0";"2.354049"
"125830.0";"2.365427"
"125840.0";"2.299369"
"125850.0";"2.347749"
"125860.0";"2.354267"
"125870.0";"2.324497"
"125880.0";"2.22446"
"125890.0";"2.273867"
"125900.0";"2.287695"
"125910.0";"2.317493"
"125920.0";"2.331755"
"125930.0";"2.298475"
"125940.0";"2.336815"
"125950.0";"2.307091"
"125960.0";"2.35314"
"125970.0";"2.338125"
"125980.0";"2.330984"
"125990.0";"2.285066"
"126000.0";"2.285974"
"126010.0";"2.285484"
"126020.0";"2.333849"
"126030.0";"2.31512"
"126040.0";"2.33396"
"126050.0";"2.297812"
"126060.0";"2.350878"
"126070.0";"2.331162"
"126080.0";"2.341494"
"126090.0";"2.252933"
"126100.0";"2.341172"
"126110.0";"2.353899"
"126120.0";"2.293727"
"126130.0";"2.278662"
"126140.0";"2.293391"
"126150.0";"2.360004"
"126160.0";"2.332539"
"126170.0";"2.272296"
"126180.0";"2.284869"
"126190.0";"2.348505"
"126200.0";"2.324329"
"126210.0";"2.322183"
"126220.0";"2.309242"
"126230.0";"2.2985"
"126240.0";"2.404946"
"126250.0";"2.337355"
"126260.0";"2.288076"
"126270.0";"2.388849"
"126280.0";"2.339373"
"126290.0";"2.336473"
"126300.0";"2.347842"
"126310.0";"2.354442"
"126320.0";"2.329754"
"126330.0";"2.304564"
"126340.0";"2.30299"
"126350.0";"2.310987"
"126360.0";"2.321908"
"126370.0";"2.367644"
"126380.0";"2.368356"
"126390.0";"2.305749"
"126400.0";"2.345994"
"126410.0";"2.301638"
"126420.0";"2.338545"
"126430.0";"2.355124"
"126440.0";"2.332301"
"126450.0";"2.360861"
"126460.0";"2.372348"
"126470.0";"2.401325"
"126480.0";"2.343554"
"126490.0";"2.355074"
"126500.0";"2.266757"
"126510.0";"2.343721"
"126520.0";"2.280389"
"126530.0";"2.341091"
"126540.0";"2.314613"
"126550.0";"2.348286"
"126560.0";"2.290759"
"126570.0";"2.361781"
"126580.0";"2.369047"
"126590.0";"2.33322"
"126600.0";"2.339645"
"126610.0";"2.300709"
"126620.0";"2.315589"
"126630.0";"2.286191"
"126640.0";"2.347574"
"126650.0";"2.358405"
"126660.0";"2.338458"
"126670.0";"2.246329"
"126680.0";"2.289487"
"126690.0";"2.288719"
"126700.0";"2.302389"
"126710.0";"2.292433"
"126720.0";"2.34213"
"126730.0";"2.33875"
"126740.0";"2.322248"
"126750.0";"2.32993"
"126760.0";"2.338768"
"126770.0";"2.340822"
"126780.0";"2.341872"
"126790.0";"2.377722"
"126800.0";"2.333034"
"126810.0";"2.275782"
"126820.0";"2.334119"
"126830.0";"2.319364"
"126840.0";"2.30936"
"126850.0";"2.345278"
"126860.0";"2.330322"
"126870.0";"2.378342"
"126880.0";"2.368701"
"126890.0";"2.33995"
"126900.0";"2.370306"
"126910.0";"2.374925"
"126920.0";"2.279694"
"126930.0";"2.387032"
"126940.0";"2.310418"
"126950.0";"2.333036"
"126960.0";"2.36539"
"126970.0";"2.371195"
"126980.0";"2.339437"
"126990.0";"2.314254"
"127000.0";"2.340785"
"127010.0";"2.33328"
"127020.0";"2.328786"
"127030.0";"2.355662"
"127040.0";"2.300536"
"127050.0";"2.357277"
"127060.0";"2.306684"
"127070.0";"2.362501"
"127080.0";"2.333329"
"127090.0";"2.342577"
"127100.0";"2.395911"
"127110.0";"2.359055"
"127120.0";"2.311814"
"127130.0";"2.330685"
"127140.0";"2.305462"
"127150.0";"2.34469"
"127160.0";"2.363324"
"127170.0";"2.333552"
"127180.0";"2.336648"
"127190.0";"2.338092"
"127200.0";"2.269914"
"127210.0";"2.361988"
"127220.0";"2.298027"
"127230.0";"2.34224"
"127240.0";"2.273211"
"127250.0";"2.331482"
"127260.0";"2.311996"
"127270.0";"2.260223"
"127280.0";"2.316887"
"127290.0";"2.344104"
"127300.0";"2.379031"
"127310.0";"2.340652"
"127320.0";"2.29531"
"127330.0";"2.339043"
"127340.0";"2.304014"
"127350.0";"2.34601"
"127360.0";"2.354323"
"127370.0";"2.357946"
"127380.0";"2.346378"
"127390.0";"2.306869"
"127400.0";"2.326564"
"127410.0";"2.378777"
"127420.0";"2.381773"
"127430.0";"2.356574"
"127440.0";"2.335853"
"127450.0";"2.331427"
"127460.0";"2.321793"
"127470.0";"2.369648"
"127480.0";"2.321583"
"127490.0";"2.321109"
"127500.0";"2.325215"
"127510.0";"2.36464"
"127520.0";"2.295524"
"127530.0";"2.307169"
"127540.0";"2.279778"
"127550.0";"2.326774"
"127560.0";"2.28257"
"127570.0";"2.363663"
"127580.0";"2.377045"
"127590.0";"2.374485"
"127600.0";"2.261165"
"127610.0";"2.312095"
"127620.0";"2.274792"
"127630.0";"2.342616"
"127640.0";"2.293147"
"127650.0";"2.318574"
"127660.0";"2.348914"
"127670.0";"2.339042"
"127680.0";"2.377069"
"127690.0";"2.362599"
"127700.0";"2.367959"
"127710.0";"2.356112"
"127720.0";"2.337297"
"127730.0";"2.287911"
"127740.0";"2.286397"
"127750.0";"2.310986"
"127760.0";"2.33402"
"127770.0";"2.400085"
"127780.0";"2.362854"
"127790.0";"2.362664"
"127800.0";"2.347636"
"127810.0";"2.390693"
"127820.0";"2.29654"
"127830.0";"2.347967"
"127840.0";"2.381144"
"127850.0";"2.37111"
"127860.0";"2.279321"
"127870.0";"2.313791"
"127880.0";"2.274548"
"127890.0";"2.390706"
"127900.0";"2.356626"
"127910.0";"2.349007"
"127920.0";"2.318538"
"127930.0";"2.326296"
"127940.0";"2.350679"
"127950.0";"2.365789"
"127960.0";"2.307931"
"127970.0";"2.362293"
"127980.0";"2.33477"
"127990.0";"2.332954"
"128000.0";"2.352471"
"128010.0";"2.364389"
"128020.0";"2.348345"
"128030.0";"2.320868"
"128040.0";"2.278109"
"128050.0";"2.344297"
"128060.0";"2.269365"
"128070.0";"2.315819"
"128080.0";"2.378377"
"128090.0";"2.335408"
"128100.0";"2.331119"
"128110.0";"2.34137"
"128120.0";"2.423199"
"128130.0";"2.347078"
"128140.0";"2.31607"
"128150.0";"2.297263"
"128160.0";"2.324059"
"128170.0";"2.403164"
"128180.0";"2.291546"
"128190.0";"2.254072"
"128200.0";"2.335131"
"128210.0";"2.348001"
"128220.0";"2.345582"
"128230.0";"2.342873"
"128240.0";"2.350887"
"128250.0";"2.362115"
"128260.0";"2.380401"
"128270.0";"2.444925"
"128280.0";"2.436775"
"128290.0";"2.298004"
"128300.0";"2.383858"
"128310.0";"2.353746"
"128320.0";"2.358118"
"128330.0";"2.379791"
"128340.0";"2.363792"
"128350.0";"2.381629"
"128360.0";"2.363133"
"128370.0";"2.339617"
"128380.0";"2.379419"
"128390.0";"2.346738"
"128400.0";"2.31838"
"128410.0";"2.366585"
"128420.0";"2.355415"
"128430.0";"2.326221"
"128440.0";"2.313008"
"128450.0";"2.39462"
"128460.0";"2.352748"
"128470.0";"2.328804"
"128480.0";"2.331809"
"128490.0";"2.396825"
"128500.0";"2.377904"
"128510.0";"2.362115"
"128520.0";"2.36968"
"128530.0";"2.380672"
"128540.0";"2.351683"
"128550.0";"2.364572"
"128560.0";"2.336812"
"128570.0";"2.364501"
"128580.0";"2.34176"
"128590.0";"2.41576"
"128600.0";"2.346717"
"128610.0";"2.34015"
"128620.0";"2.379608"
"128630.0";"2.327434"
"128640.0";"2.355689"
"128650.0";"2.360885"
"128660.0";"2.259072"
"128670.0";"2.332834"
"128680.0";"2.388258"
"128690.0";"2.355677"
"128700.0";"2.36097"
"128710.0";"2.364854"
"128720.0";"2.408595"
"128730.0";"2.36357"
"128740.0";"2.400263"
"128750.0";"2.310112"
"128760.0";"2.371828"
"128770.0";"2.365263"
"128780.0";"2.35987"
"128790.0";"2.388345"
"128800.0";"2.362678"
"128810.0";"2.248691"
"128820.0";"2.408852"
"128830.0";"2.37395"
"128840.0";"2.363993"
"128850.0";"2.39354"
"128860.0";"2.396187"
"128870.0";"2.422834"
"128880.0";"2.392376"
"128890.0";"2.404273"
"128900.0";"2.332964"
"128910.0";"2.346065"
"128920.0";"2.375926"
"128930.0";"2.391624"
"128940.0";"2.421085"
"128950.0";"2.351096"
"128960.0";"2.414349"
"128970.0";"2.364707"
"128980.0";"2.303861"
"128990.0";"2.350549"
"129000.0";"2.365415"
"129010.0";"2.361673"
"129020.0";"2.362062"
"129030.0";"2.387363"
"129040.0";"2.41125"
"129050.0";"2.386459"
"129060.0";"2.376837"
"129070.0";"2.381015"
"129080.0";"2.289401"
"129090.0";"2.348018"
"129100.0";"2.358315"
"129110.0";"2.359056"
"129120.0";"2.341153"
"129130.0";"2.371111"
"129140.0";"2.415042"
"129150.0";"2.428001"
"129160.0";"2.361823"
"129170.0";"2.351434"
"129180.0";"2.33781"
"129190.0";"2.404377"
"129200.0";"2.379275"
"129210.0";"2.381894"
"129220.0";"2.355543"
"129230.0";"2.348639"
"129240.0";"2.355411"
"129250.0";"2.37875"
"129260.0";"2.313803"
"129270.0";"2.343839"
"129280.0";"2.321214"
"129290.0";"2.367663"
"129300.0";"2.352351"
"129310.0";"2.409628"
"129320.0";"2.351549"
"129330.0";"2.317857"
"129340.0";"2.401196"
"129350.0";"2.339061"
"129360.0";"2.353481"
"129370.0";"2.329859"
"129380.0";"2.258532"
"129390.0";"2.311312"
"129400.0";"2.348753"
"129410.0";"2.351324"
"129420.0";"2.346716"
"129430.0";"2.355371"
"129440.0";"2.344079"
"129450.0";"2.346279"
"129460.0";"2.363676"
"129470.0";"2.34173"
"129480.0";"2.333094"
"129490.0";"2.350099"
"129500.0";"2.354525"
"129510.0";"2.383429"
"129520.0";"2.391283"
"129530.0";"2.360402"
"129540.0";"2.351135"
"129550.0";"2.359975"
"129560.0";"2.377499"
"129570.0";"2.390559"
"129580.0";"2.349042"
"129590.0";"2.374081"
"129600.0";"2.358235"
"129610.0";"2.319877"
"129620.0";"2.332954"
"129630.0";"2.370153"
"129640.0";"2.379269"
"129650.0";"2.345185"
"129660.0";"2.367273"
"129670.0";"2.313198"
"129680.0";"2.378388"
"129690.0";"2.37369"
"129700.0";"2.383392"
"129710.0";"2.367539"
"129720.0";"2.288738"
"129730.0";"2.259828"
"129740.0";"2.36384"
"129750.0";"2.323044"
"129760.0";"2.342175"
"129770.0";"2.334244"
"129780.0";"2.299236"
"129790.0";"2.39863"
"129800.0";"2.325353"
"129810.0";"2.345722"
"129820.0";"2.361237"
"129830.0";"2.356502"
"129840.0";"2.304355"
"129850.0";"2.375437"
"129860.0";"2.296709"
"129870.0";"2.35197"
"129880.0";"2.359126"
"129890.0";"2.368034"
"129900.0";"2.387499"
"129910.0";"2.310981"
"129920.0";"2.383364"
"129930.0";"2.351822"
"129940.0";"2.290719"
"129950.0";"2.331198"
"129960.0";"2.376591"
"129970.0";"2.329768"
"129980.0";"2.366845"
"129990.0";"2.358493"
"130000.0";"2.401715"
"130010.0";"2.358053"
"130020.0";"2.317678"
"130030.0";"2.375213"
"130040.0";"2.355967"
"130050.0";"2.249764"
"130060.0";"2.318013"
"130070.0";"2.341686"
"130080.0";"2.372312"
"130090.0";"2.36244"
"130100.0";"2.321202"
"130110.0";"2.296764"
"130120.0";"2.364902"
"130130.0";"2.370822"
"130140.0";"2.317133"
"130150.0";"2.316848"
"130160.0";"2.378651"
"130170.0";"2.334076"
"130180.0";"2.326129"
"130190.0";"2.326694"
"130200.0";"2.350702"
"130210.0";"2.3062"
"130220.0";"2.352584"
"130230.0";"2.326021"
"130240.0";"2.309417"
"130250.0";"2.43634"
"130260.0";"2.3132"
"130270.0";"2.331118"
"130280.0";"2.311129"
"130290.0";"2.365457"
"130300.0";"2.332181"
"130310.0";"2.372458"
"130320.0";"2.344722"
"130330.0";"2.303862"
"130340.0";"2.356595"
"130350.0";"2.334167"
"130360.0";"2.362985"
"130370.0";"2.318228"
"130380.0";"2.336447"
"130390.0";"2.382623"
"130400.0";"2.359419"
"130410.0";"2.395085"
"130420.0";"2.379369"
"130430.0";"2.350223"
"130440.0";"2.354365"
"130450.0";"2.35797"
"130460.0";"2.379484"
"130470.0";"2.333655"
"130480.0";"2.279682"
"130490.0";"2.417829"
"130500.0";"2.344129"
"130510.0";"2.359799"
"130520.0";"2.358677"
"130530.0";"2.257271"
"130540.0";"2.363704"
"130550.0";"2.265824"
"130560.0";"2.37682"
"130570.0";"2.318292"
"130580.0";"2.335982"
"130590.0";"2.353971"
"130600.0";"2.368106"
"130610.0";"2.377162"
"130620.0";"2.321504"
"130630.0";"2.363616"
"130640.0";"2.408263"
"130650.0";"2.318591"
"130660.0";"2.35151"
"130670.0";"2.375438"
"130680.0";"2.33788"
"130690.0";"2.376889"
"130700.0";"2.433758"
"130710.0";"2.369714"
"130720.0";"2.401915"
"130730.0";"2.338438"
"130740.0";"2.35486"
"130750.0";"2.305591"
"130760.0";"2.38704"
"130770.0";"2.350154"
"130780.0";"2.308531"
"130790.0";"2.330705"
"130800.0";"2.348944"
"130810.0";"2.3574"
"130820.0";"2.369806"
"130830.0";"2.346727"
"130840.0";"2.407724"
"130850.0";"2.30586"
"130860.0";"2.292706"
"130870.0";"2.356135"
"130880.0";"2.328264"
"130890.0";"2.359994"
"130900.0";"2.37936"
"130910.0";"2.33848"
"130920.0";"2.399352"
"130930.0";"2.381077"
"130940.0";"2.312734"
"130950.0";"2.332058"
"130960.0";"2.348849"
"130970.0";"2.338372"
"130980.0";"2.328575"
"130990.0";"2.308563"
"131000.0";"2.296734"
"131010.0";"2.327521"
"131020.0";"2.344787"
"131030.0";"2.400592"
"131040.0";"2.326898"
"131050.0";"2.327094"
"131060.0";"2.330256"
"131070.0";"2.31419"
"131080.0";"2.337077"
"131090.0";"2.287399"
"131100.0";"2.327945"
"131110.0";"2.37658"
"131120.0";"2.328674"
"131130.0";"2.276118"
"131140.0";"2.3004"
"131150.0";"2.337863"
"131160.0";"2.323196"
"131170.0";"2.350164"
"131180.0";"2.337209"
"131190.0";"2.309488"
"131200.0";"2.32525"
"131210.0";"2.260459"
"131220.0";"2.262583"
"131230.0";"2.324921"
"131240.0";"2.342528"
"131250.0";"2.384809"
"131260.0";"2.333372"
"131270.0";"2.360956"
"131280.0";"2.341906"
"131290.0";"2.398608"
"131300.0";"2.427019"
"131310.0";"2.376674"
"131320.0";"2.381635"
"131330.0";"2.40654"
"131340.0";"2.356687"
"131350.0";"2.399916"
"131360.0";"2.425891"
"131370.0";"2.390338"
"131380.0";"2.366312"
"131390.0";"2.393966"
"131400.0";"2.382432"
"131410.0";"2.392664"
"131420.0";"2.364366"
"131430.0";"2.404746"
"131440.0";"2.320523"
"131450.0";"2.27497"
"131460.0";"2.367136"
"131470.0";"2.343575"
"131480.0";"2.331059"
"131490.0";"2.344368"
"131500.0";"2.390843"
"131510.0";"2.41134"
"131520.0";"2.331193"
"131530.0";"2.286388"
"131540.0";"2.36427"
"131550.0";"2.332461"
"131560.0";"2.347877"
"131570.0";"2.231404"
"131580.0";"2.258431"
"131590.0";"2.28741"
"131600.0";"2.349652"
"131610.0";"2.314081"
"131620.0";"2.344458"
"131630.0";"2.385344"
"131640.0";"2.392406"
"131650.0";"2.420197"
"131660.0";"2.281708"
"131670.0";"2.288853"
"131680.0";"2.380721"
"131690.0";"2.256927"
"131700.0";"2.336557"
"131710.0";"2.359296"
"131720.0";"2.361699"
"131730.0";"2.313879"
"131740.0";"2.306255"
"131750.0";"2.350447"
"131760.0";"2.318915"
"131770.0";"2.282735"
"131780.0";"2.220212"
"131790.0";"2.312787"
"131800.0";"2.379467"
"131810.0";"2.339747"
"131820.0";"2.298574"
"131830.0";"2.351565"
"131840.0";"2.34035"
"131850.0";"2.44301"
"131860.0";"2.3629"
"131870.0";"2.429616"
"131880.0";"2.417773"
"131890.0";"2.398651"
"131900.0";"2.318867"
"131910.0";"2.411635"
"131920.0";"2.351407"
"131930.0";"2.391288"
"131940.0";"2.348947"
"131950.0";"2.402869"
"131960.0";"2.355904"
"131970.0";"2.392703"
"131980.0";"2.370466"
"131990.0";"2.359157"
"132000.0";"2.346235"
"132010.0";"2.355216"
"132020.0";"2.40406"
"132030.0";"2.361531"
"132040.0";"2.395608"
"132050.0";"2.357952"
"132060.0";"2.400136"
"132070.0";"2.310002"
"132080.0";"2.357341"
"132090.0";"2.382148"
"132100.0";"2.349801"
"132110.0";"2.393894"
"132120.0";"2.369825"
"132130.0";"2.354925"
"132140.0";"2.419184"
"132150.0";"2.387674"
"132160.0";"2.411166"
"132170.0";"2.364351"
"132180.0";"2.369819"
"132190.0";"2.367769"
"132200.0";"2.393935"
"132210.0";"2.432127"
"132220.0";"2.419415"
"132230.0";"2.440581"
"132240.0";"2.450611"
"132250.0";"2.388453"
"132260.0";"2.427464"
"132270.0";"2.362479"
"132280.0";"2.36606"
"132290.0";"2.344176"
"132300.0";"2.339142"
"132310.0";"2.386802"
"132320.0";"2.35648"
"132330.0";"2.33376"
"132340.0";"2.354922"
"132350.0";"2.356263"
"132360.0";"2.362072"
"132370.0";"2.32609"
"132380.0";"2.370705"
"132390.0";"2.380373"
"132400.0";"2.451397"
"132410.0";"2.362206"
"132420.0";"2.3301"
"132430.0";"2.378142"
"132440.0";"2.269719"
"132450.0";"2.417544"
"132460.0";"2.300131"
"132470.0";"2.379704"
"132480.0";"2.309815"
"132490.0";"2.386962"
"132500.0";"2.378565"
"132510.0";"2.335216"
"132520.0";"2.393538"
"132530.0";"2.424411"
"132540.0";"2.425368"
"132550.0";"2.438602"
"132560.0";"2.380862"
"132570.0";"2.408615"
"132580.0";"2.384276"
"132590.0";"2.347628"
"132600.0";"2.421182"
"132610.0";"2.305157"
"132620.0";"2.359733"
"132630.0";"2.367574"
"132640.0";"2.407325"
"132650.0";"2.405073"
"132660.0";"2.315138"
"132670.0";"2.284561"
"132680.0";"2.229709"
"132690.0";"2.330233"
"132700.0";"2.381288"
"132710.0";"2.282217"
"132720.0";"2.329878"
"132730.0";"2.341194"
"132740.0";"2.372188"
"132750.0";"2.295744"
"132760.0";"2.362567"
"132770.0";"2.395671"
"132780.0";"2.330824"
"132790.0";"2.317884"
"132800.0";"2.288529"
"132810.0";"2.328636"
"132820.0";"2.402993"
"132830.0";"2.254959"
"132840.0";"2.252605"
"132850.0";"2.321046"
"132860.0";"2.34039"
"132870.0";"2.280557"
"132880.0";"2.420384"
"132890.0";"2.342389"
"132900.0";"2.377289"
"132910.0";"2.296119"
"132920.0";"2.409229"
"132930.0";"2.339707"
"132940.0";"2.365112"
"132950.0";"2.32827"
"132960.0";"2.346467"
"132970.0";"2.415274"
"132980.0";"2.307955"
"132990.0";"2.359348"
"133000.0";"2.317981"
"133010.0";"2.322328"
"133020.0";"2.363956"
"133030.0";"2.31526"
"133040.0";"2.351374"
"133050.0";"2.355311"
"133060.0";"2.346185"
"133070.0";"2.414049"
"133080.0";"2.35958"
"133090.0";"2.406605"
"133100.0";"2.372581"
"133110.0";"2.423753"
"133120.0";"2.33608"
"133130.0";"2.335594"
"133140.0";"2.331748"
"133150.0";"2.316286"
"133160.0";"2.378738"
"133170.0";"2.330148"
"133180.0";"2.370796"
"133190.0";"2.360191"
"133200.0";"2.388353"
"133210.0";"2.334584"
"133220.0";"2.339618"
"133230.0";"2.288023"
"133240.0";"2.300537"
"133250.0";"2.299985"
"133260.0";"2.318605"
"133270.0";"2.391799"
"133280.0";"2.316382"
"133290.0";"2.297451"
"133300.0";"2.387355"
"133310.0";"2.340288"
"133320.0";"2.344651"
"133330.0";"2.388523"
"133340.0";"2.377485"
"133350.0";"2.362335"
"133360.0";"2.303383"
"133370.0";"2.36542"
"133380.0";"2.359494"
"133390.0";"2.340844"
"133400.0";"2.308936"
"133410.0";"2.36039"
"133420.0";"2.341058"
"133430.0";"2.336811"
"133440.0";"2.363432"
"133450.0";"2.304566"
"133460.0";"2.431376"
"133470.0";"2.461824"
"133480.0";"2.300689"
"133490.0";"2.342605"
"133500.0";"2.407806"
"133510.0";"2.451343"
"133520.0";"2.424501"
"133530.0";"2.432558"
"133540.0";"2.445095"
"133550.0";"2.404919"
"133560.0";"2.386519"
"133570.0";"2.412332"
"133580.0";"2.313427"
"133590.0";"2.328272"
"133600.0";"2.379066"
"133610.0";"2.325617"
"133620.0";"2.38517"
"133630.0";"2.407151"
"133640.0";"2.399374"
"133650.0";"2.415787"
"133660.0";"2.428561"
"133670.0";"2.403925"
"133680.0";"2.437896"
"133690.0";"2.384518"
"133700.0";"2.456786"
"133710.0";"2.394998"
"133720.0";"2.432511"
"133730.0";"2.42523"
"133740.0";"2.417713"
"133750.0";"2.477414"
"133760.0";"2.414151"
"133770.0";"2.453335"
"133780.0";"2.333113"
"133790.0";"2.371886"
"133800.0";"2.434941"
"133810.0";"2.344462"
"133820.0";"2.426846"
"133830.0";"2.41559"
"133840.0";"2.429252"
"133850.0";"2.3518"
"133860.0";"2.471571"
"133870.0";"2.424894"
"133880.0";"2.393448"
"133890.0";"2.424624"
"133900.0";"2.393709"
"133910.0";"2.441188"
"133920.0";"2.334323"
"133930.0";"2.345237"
"133940.0";"2.360227"
"133950.0";"2.372633"
"133960.0";"2.344121"
"133970.0";"2.328226"
"133980.0";"2.3306"
"133990.0";"2.309958"
"134000.0";"2.296359"
"134010.0";"2.435218"
"134020.0";"2.305547"
"134030.0";"2.350957"
"134040.0";"2.295183"
"134050.0";"2.391378"
"134060.0";"2.419129"
"134070.0";"2.380985"
"134080.0";"2.379229"
"134090.0";"2.388689"
"134100.0";"2.301465"
"134110.0";"2.329844"
"134120.0";"2.383131"
"134130.0";"2.412259"
"134140.0";"2.301662"
"134150.0";"2.354663"
"134160.0";"2.287821"
"134170.0";"2.367109"
"134180.0";"2.348399"
"134190.0";"2.378579"
"134200.0";"2.257638"
"134210.0";"2.336195"
"134220.0";"2.367557"
"134230.0";"2.313529"
"134240.0";"2.381905"
"134250.0";"2.345414"
"134260.0";"2.400252"
"134270.0";"2.376678"
"134280.0";"2.330467"
"134290.0";"2.420338"
"134300.0";"2.328622"
"134310.0";"2.35749"
"134320.0";"2.32694"
"134330.0";"2.335387"
"134340.0";"2.250287"
"134350.0";"2.300542"
"134360.0";"2.315887"
"134370.0";"2.293807"
"134380.0";"2.340153"
"134390.0";"2.353207"
"134400.0";"2.311743"
"134410.0";"2.333544"
"134420.0";"2.29881"
"134430.0";"2.438123"
"134440.0";"2.393104"
"134450.0";"2.338165"
"134460.0";"2.411692"
"134470.0";"2.376724"
"134480.0";"2.373576"
"134490.0";"2.327"
"134500.0";"2.327378"
"134510.0";"2.29143"
"134520.0";"2.288009"
"134530.0";"2.396159"
"134540.0";"2.319271"
"134550.0";"2.391291"
"134560.0";"2.394152"
"134570.0";"2.324208"
"134580.0";"2.296059"
"134590.0";"2.377669"
"134600.0";"2.39424"
"134610.0";"2.322806"
"134620.0";"2.333982"
"134630.0";"2.379328"
"134640.0";"2.362474"
"134650.0";"2.366922"
"134660.0";"2.309818"
"134670.0";"2.31654"
"134680.0";"2.286174"
"134690.0";"2.350731"
"134700.0";"2.33402"
"134710.0";"2.342416"
"134720.0";"2.361432"
"134730.0";"2.325119"
"134740.0";"2.403794"
"134750.0";"2.366676"
"134760.0";"2.343521"
"134770.0";"2.344594"
"134780.0";"2.294492"
"134790.0";"2.265846"
"134800.0";"2.313617"
"134810.0";"2.310749"
"134820.0";"2.382095"
"134830.0";"2.346773"
"134840.0";"2.327603"
"134850.0";"2.351092"
"134860.0";"2.32412"
"134870.0";"2.27889"
"134880.0";"2.293372"
"134890.0";"2.389753"
"134900.0";"2.372531"
"134910.0";"2.335198"
"134920.0";"2.398106"
"134930.0";"2.375185"
"134940.0";"2.379462"
"134950.0";"2.460774"
"134960.0";"2.458632"
"134970.0";"2.423655"
"134980.0";"2.366735"
"134990.0";"2.391799"
"135000.0";"2.360395"
"135010.0";"2.355264"
"135020.0";"2.366613"
"135030.0";"2.374749"
"135040.0";"2.36965"
"135050.0";"2.320418"
"135060.0";"2.346972"
"135070.0";"2.351158"
"135080.0";"2.380992"
"135090.0";"2.321528"
"135100.0";"2.445973"
"135110.0";"2.425868"
"135120.0";"2.392155"
"135130.0";"2.40281"
"135140.0";"2.370255"
"135150.0";"2.374077"
"135160.0";"2.380035"
"135170.0";"2.464438"
"135180.0";"2.458447"
"135190.0";"2.381259"
"135200.0";"2.350219"
"135210.0";"2.34639"
"135220.0";"2.345222"
"135230.0";"2.346448"
"135240.0";"2.351671"
"135250.0";"2.378932"
"135260.0";"2.38191"
"135270.0";"2.354649"
"135280.0";"2.381577"
"135290.0";"2.361861"
"135300.0";"2.30506"
"135310.0";"2.349671"
"135320.0";"2.334475"
"135330.0";"2.297155"
"135340.0";"2.342132"
"135350.0";"2.353804"
"135360.0";"2.382809"
"135370.0";"2.446946"
"135380.0";"2.428228"
"135390.0";"2.339761"
"135400.0";"2.354723"
"135410.0";"2.33229"
"135420.0";"2.316401"
"135430.0";"2.326897"
"135440.0";"2.370193"
"135450.0";"2.31668"
"135460.0";"2.336349"
"135470.0";"2.334406"
"135480.0";"2.338484"
"135490.0";"2.298057"
"135500.0";"2.321947"
"135510.0";"2.321217"
"135520.0";"2.307946"
"135530.0";"2.337073"
"135540.0";"2.315301"
"135550.0";"2.334695"
"135560.0";"2.361438"
"135570.0";"2.369795"
"135580.0";"2.433284"
"135590.0";"2.362256"
"135600.0";"2.38308"
"135610.0";"2.404461"
"135620.0";"2.372355"
"135630.0";"2.404809"
"135640.0";"2.387847"
"135650.0";"2.370005"
"135660.0";"2.355234"
"135670.0";"2.322116"
"135680.0";"2.341601"
"135690.0";"2.416455"
"135700.0";"2.363463"
"135710.0";"2.389438"
"135720.0";"2.316597"
"135730.0";"2.306612"
"135740.0";"2.347883"
"135750.0";"2.355032"
"135760.0";"2.347693"
"135770.0";"2.350919"
"135780.0";"2.337497"
"135790.0";"2.373069"
"135800.0";"2.36928"
"135810.0";"2.445223"
"135820.0";"2.366383"
"135830.0";"2.405266"
"135840.0";"2.365053"
"135850.0";"2.425128"
"135860.0";"2.419812"
"135870.0";"2.382702"
"135880.0";"2.374335"
"135890.0";"2.401077"
"135900.0";"2.369557"
"135910.0";"2.293783"
"135920.0";"2.391061"
"135930.0";"2.393774"
"135940.0";"2.400079"
"135950.0";"2.385803"
"135960.0";"2.381946"
"135970.0";"2.396243"
"135980.0";"2.414299"
"135990.0";"2.463796"
"136000.0";"2.406815"
"136010.0";"2.443594"
"136020.0";"2.480642"
"136030.0";"2.422683"
"136040.0";"2.421402"
"136050.0";"2.402953"
"136060.0";"2.393924"
"136070.0";"2.458205"
"136080.0";"2.4299"
"136090.0";"2.381454"
"136100.0";"2.351838"
"136110.0";"2.316473"
"136120.0";"2.307141"
"136130.0";"2.327153"
"136140.0";"2.331035"
"136150.0";"2.331551"
"136160.0";"2.307571"
"136170.0";"2.370833"
"136180.0";"2.338418"
"136190.0";"2.298654"
"136200.0";"2.427017"
"136210.0";"2.385762"
"136220.0";"2.405636"
"136230.0";"2.328542"
"136240.0";"2.345112"
"136250.0";"2.412241"
"136260.0";"2.331541"
"136270.0";"2.305933"
"136280.0";"2.385579"
"136290.0";"2.318948"
"136300.0";"2.338405"
"136310.0";"2.302279"
"136320.0";"2.278733"
"136330.0";"2.342205"
"136340.0";"2.389168"
"136350.0";"2.353292"
"136360.0";"2.28591"
"136370.0";"2.337802"
"136380.0";"2.384315"
"136390.0";"2.311887"
"136400.0";"2.365226"
"136410.0";"2.314014"
"136420.0";"2.330356"
"136430.0";"2.307152"
"136440.0";"2.364289"
"136450.0";"2.347998"
"136460.0";"2.393529"
"136470.0";"2.325335"
"136480.0";"2.322684"
"136490.0";"2.281218"
"136500.0";"2.341565"
"136510.0";"2.333407"
"136520.0";"2.320032"
"136530.0";"2.383009"
"136540.0";"2.344188"
"136550.0";"2.337262"
"136560.0";"2.338495"
"136570.0";"2.340045"
"136580.0";"2.302241"
"136590.0";"2.377175"
"136600.0";"2.362383"
"136610.0";"2.286424"
"136620.0";"2.355955"
"136630.0";"2.282864"
"136640.0";"2.315431"
"136650.0";"2.319012"
"136660.0";"2.251163"
"136670.0";"2.291585"
"136680.0";"2.290253"
"136690.0";"2.329345"
"136700.0";"2.303382"
"136710.0";"2.322161"
"136720.0";"2.329454"
"136730.0";"2.383184"
"136740.0";"2.342889"
"136750.0";"2.26191"
"136760.0";"2.366675"
"136770.0";"2.373208"
"136780.0";"2.34363"
"136790.0";"2.386098"
"136800.0";"2.387785"
"136810.0";"2.338657"
"136820.0";"2.325276"
"136830.0";"2.3321"
"136840.0";"2.366004"
"136850.0";"2.33735"
"136860.0";"2.281725"
"136870.0";"2.323582"
"136880.0";"2.315645"
"136890.0";"2.364255"
"136900.0";"2.297133"
"136910.0";"2.352108"
"136920.0";"2.348053"
"136930.0";"2.36857"
"136940.0";"2.381132"
"136950.0";"2.427757"
"136960.0";"2.369312"
"136970.0";"2.406394"
"136980.0";"2.356206"
"136990.0";"2.352787"
"137000.0";"2.378261"
"137010.0";"2.330199"
"137020.0";"2.320999"
"137030.0";"2.330128"
"137040.0";"2.364566"
"137050.0";"2.325218"
"137060.0";"2.394442"
"137070.0";"2.406311"
"137080.0";"2.324641"
"137090.0";"2.39302"
"137100.0";"2.358198"
"137110.0";"2.404768"
"137120.0";"2.395625"
"137130.0";"2.42305"
"137140.0";"2.315765"
"137150.0";"2.369085"
"137160.0";"2.276833"
"137170.0";"2.344331"
"137180.0";"2.376482"
"137190.0";"2.325993"
"137200.0";"2.306245"
"137210.0";"2.289083"
"137220.0";"2.299949"
"137230.0";"2.400616"
"137240.0";"2.356306"
"137250.0";"2.330547"
"137260.0";"2.329638"
"137270.0";"2.315774"
"137280.0";"2.452265"
"137290.0";"2.343008"
"137300.0";"2.395421"
"137310.0";"2.368017"
"137320.0";"2.348515"
"137330.0";"2.376457"
"137340.0";"2.320231"
"137350.0";"2.369371"
"137360.0";"2.36193"
"137370.0";"2.376087"
"137380.0";"2.330491"
"137390.0";"2.392695"
"137400.0";"2.381011"
"137410.0";"2.360913"
"137420.0";"2.364331"
"137430.0";"2.365913"
"137440.0";"2.34002"
"137450.0";"2.368174"
"137460.0";"2.343933"
"137470.0";"2.371685"
"137480.0";"2.350594"
"137490.0";"2.346484"
"137500.0";"2.406877"
"137510.0";"2.388426"
"137520.0";"2.335781"
"137530.0";"2.341136"
"137540.0";"2.341878"
"137550.0";"2.380895"
"137560.0";"2.386724"
"137570.0";"2.417459"
"137580.0";"2.33082"
"137590.0";"2.403719"
"137600.0";"2.350397"
"137610.0";"2.371361"
"137620.0";"2.365675"
"137630.0";"2.357382"
"137640.0";"2.371693"
"137650.0";"2.378887"
"137660.0";"2.350738"
"137670.0";"2.369981"
"137680.0";"2.370335"
"137690.0";"2.361161"
"137700.0";"2.419325"
"137710.0";"2.379015"
"137720.0";"2.415613"
"137730.0";"2.424784"
"137740.0";"2.359154"
"137750.0";"2.318293"
"137760.0";"2.358897"
"137770.0";"2.391055"
"137780.0";"2.36719"
"137790.0";"2.385653"
"137800.0";"2.356482"
"137810.0";"2.291236"
"137820.0";"2.394267"
"137830.0";"2.343272"
"137840.0";"2.365352"
"137850.0";"2.30592"
"137860.0";"2.355802"
"137870.0";"2.353801"
"137880.0";"2.473429"
"137890.0";"2.457228"
"137900.0";"2.462686"
"137910.0";"2.444184"
"137920.0";"2.464545"
"137930.0";"2.418401"
"137940.0";"2.357954"
"137950.0";"2.377113"
"137960.0";"2.383983"
"137970.0";"2.360023"
"137980.0";"2.40132"
"137990.0";"2.303257"
"138000.0";"2.365149"
"138010.0";"2.42298"
"138020.0";"2.33478"
"138030.0";"2.317369"
"138040.0";"2.380576"
"138050.0";"2.369145"
"138060.0";"2.316519"
"138070.0";"2.360244"
"138080.0";"2.386156"
"138090.0";"2.391754"
"138100.0";"2.353409"
"138110.0";"2.371812"
"138120.0";"2.378749"
"138130.0";"2.350338"
"138140.0";"2.364371"
"138150.0";"2.322565"
"138160.0";"2.384806"
"138170.0";"2.293811"
"138180.0";"2.366539"
"138190.0";"2.392965"
"138200.0";"2.385796"
"138210.0";"2.395698"
"138220.0";"2.480407"
"138230.0";"2.419245"
"138240.0";"2.421814"
"138250.0";"2.45735"
"138260.0";"2.450186"
"138270.0";"2.438615"
"138280.0";"2.374557"
"138290.0";"2.407999"
"138300.0";"2.431581"
"138310.0";"2.427506"
"138320.0";"2.418504"
"138330.0";"2.429138"
"138340.0";"2.399456"
"138350.0";"2.448186"
"138360.0";"2.356746"
"138370.0";"2.414002"
"138380.0";"2.427343"
"138390.0";"2.329536"
"138400.0";"2.36293"
"138410.0";"2.321144"
"138420.0";"2.334771"
"138430.0";"2.334953"
"138440.0";"2.305851"
"138450.0";"2.421856"
"138460.0";"2.373807"
"138470.0";"2.358984"
"138480.0";"2.416828"
"138490.0";"2.368479"
"138500.0";"2.409459"
"138510.0";"2.33764"
"138520.0";"2.339935"
"138530.0";"2.324391"
"138540.0";"2.301914"
"138550.0";"2.32689"
"138560.0";"2.380939"
"138570.0";"2.349435"
"138580.0";"2.374423"
"138590.0";"2.34491"
"138600.0";"2.34484"
"138610.0";"2.347855"
"138620.0";"2.344108"
"138630.0";"2.327537"
"138640.0";"2.375841"
"138650.0";"2.345874"
"138660.0";"2.373809"
"138670.0";"2.295454"
"138680.0";"2.327843"
"138690.0";"2.363638"
"138700.0";"2.372948"
"138710.0";"2.336589"
"138720.0";"2.392437"
"138730.0";"2.326711"
"138740.0";"2.348121"
"138750.0";"2.333346"
"138760.0";"2.344227"
"138770.0";"2.362322"
"138780.0";"2.323115"
"138790.0";"2.349167"
"138800.0";"2.330225"
"138810.0";"2.403363"
"138820.0";"2.350198"
"138830.0";"2.356191"
"138840.0";"2.36044"
"138850.0";"2.337841"
"138860.0";"2.345776"
"138870.0";"2.370659"
"138880.0";"2.34344"
"138890.0";"2.382504"
"138900.0";"2.303993"
"138910.0";"2.301573"
"138920.0";"2.319698"
"138930.0";"2.341666"
"138940.0";"2.381478"
"138950.0";"2.35559"
"138960.0";"2.345868"
"138970.0";"2.345563"
"138980.0";"2.366041"
"138990.0";"2.36353"
"139000.0";"2.383657"
"139010.0";"2.309486"
"139020.0";"2.367387"
"139030.0";"2.312426"
"139040.0";"2.351548"
"139050.0";"2.344997"
"139060.0";"2.388299"
"139070.0";"2.355026"
"139080.0";"2.283549"
"139090.0";"2.39109"
"139100.0";"2.362314"
"139110.0";"2.338517"
"139120.0";"2.324849"
"139130.0";"2.292555"
"139140.0";"2.318712"
"139150.0";"2.297755"
"139160.0";"2.392948"
"139170.0";"2.330289"
"139180.0";"2.410257"
"139190.0";"2.332143"
"139200.0";"2.363927"
"139210.0";"2.386138"
"139220.0";"2.276713"
"139230.0";"2.354"
"139240.0";"2.365175"
"139250.0";"2.281777"
"139260.0";"2.334132"
"139270.0";"2.34639"
"139280.0";"2.346584"
"139290.0";"2.392282"
"139300.0";"2.399495"
"139310.0";"2.282732"
"139320.0";"2.351311"
"139330.0";"2.284825"
"139340.0";"2.34795"
"139350.0";"2.275255"
"139360.0";"2.30044"
"139370.0";"2.34717"
"139380.0";"2.380958"
"139390.0";"2.297711"
"139400.0";"2.377169"
"139410.0";"2.397868"
"139420.0";"2.36872"
"139430.0";"2.288575"
"139440.0";"2.288792"
"139450.0";"2.388706"
"139460.0";"2.338594"
"139470.0";"2.324282"
"139480.0";"2.357148"
"139490.0";"2.345375"
"139500.0";"2.330785"
"139510.0";"2.329464"
"139520.0";"2.370218"
"139530.0";"2.368976"
"139540.0";"2.343451"
"139550.0";"2.32057"
"139560.0";"2.321846"
"139570.0";"2.299766"
"139580.0";"2.31841"
"139590.0";"2.312317"
"139600.0";"2.349759"
"139610.0";"2.415851"
"139620.0";"2.381274"
"139630.0";"2.355007"
"139640.0";"2.354384"
"139650.0";"2.320505"
"139660.0";"2.323629"
"139670.0";"2.320592"
"139680.0";"2.280727"
"139690.0";"2.306469"
"139700.0";"2.318216"
"139710.0";"2.378453"
"139720.0";"2.318431"
"139730.0";"2.359556"
"139740.0";"2.300405"
"139750.0";"2.311344"
"139760.0";"2.345495"
"139770.0";"2.326759"
"139780.0";"2.323475"
"139790.0";"2.306628"
"139800.0";"2.304272"
"139810.0";"2.315153"
"139820.0";"2.356255"
"139830.0";"2.296534"
"139840.0";"2.353877"
"139850.0";"2.328514"
"139860.0";"2.355607"
"139870.0";"2.39516"
"139880.0";"2.385104"
"139890.0";"2.368828"
"139900.0";"2.331046"
"139910.0";"2.340271"
"139920.0";"2.318075"
"139930.0";"2.333857"
"139940.0";"2.307917"
"139950.0";"2.355766"
"139960.0";"2.321049"
"139970.0";"2.284478"
"139980.0";"2.332138"
"139990.0";"2.366158"
"140000.0";"2.402774"
"140010.0";"2.407434"
"140020.0";"2.374393"
"140030.0";"2.370106"
"140040.0";"2.359827"
"140050.0";"2.352679"
"140060.0";"2.392054"
"140070.0";"2.341454"
"140080.0";"2.359991"
"140090.0";"2.350504"
"140100.0";"2.32263"
"140110.0";"2.482296"
"140120.0";"2.380177"
"140130.0";"2.452458"
"140140.0";"2.306985"
"140150.0";"2.409273"
"140160.0";"2.35452"
"140170.0";"2.325011"
"140180.0";"2.372793"
"140190.0";"2.317479"
"140200.0";"2.401323"
"140210.0";"2.415174"
"140220.0";"2.339626"
"140230.0";"2.376382"
"140240.0";"2.347246"
"140250.0";"2.396047"
"140260.0";"2.352201"
"140270.0";"2.403059"
"140280.0";"2.366792"
"140290.0";"2.388656"
"140300.0";"2.419333"
"140310.0";"2.406145"
"140320.0";"2.365329"
"140330.0";"2.374852"
"140340.0";"2.331002"
"140350.0";"2.346669"
"140360.0";"2.378605"
"140370.0";"2.386721"
"140380.0";"2.404684"
"140390.0";"2.406222"
"140400.0";"2.383382"
"140410.0";"2.465911"
"140420.0";"2.44639"
"140430.0";"2.364326"
"140440.0";"2.407147"
"140450.0";"2.462228"
"140460.0";"2.388286"
"140470.0";"2.373368"
"140480.0";"2.387845"
"140490.0";"2.32636"
"140500.0";"2.384179"
"140510.0";"2.40908"
"140520.0";"2.350833"
"140530.0";"2.395126"
"140540.0";"2.327534"
"140550.0";"2.407423"
"140560.0";"2.451783"
"140570.0";"2.39975"
"140580.0";"2.42588"
"140590.0";"2.405541"
"140600.0";"2.377305"
"140610.0";"2.439723"
"140620.0";"2.432523"
"140630.0";"2.451501"
"140640.0";"2.362936"
"140650.0";"2.353028"
"140660.0";"2.397172"
"140670.0";"2.393084"
"140680.0";"2.382529"
"140690.0";"2.35885"
"140700.0";"2.400067"
"140710.0";"2.398795"
"140720.0";"2.442779"
"140730.0";"2.396031"
"140740.0";"2.340395"
"140750.0";"2.368805"
"140760.0";"2.36899"
"140770.0";"2.405858"
"140780.0";"2.374761"
"140790.0";"2.44627"
"140800.0";"2.395722"
"140810.0";"2.375548"
"140820.0";"2.428065"
"140830.0";"2.44511"
"140840.0";"2.344835"
"140850.0";"2.459673"
"140860.0";"2.384212"
"140870.0";"2.397363"
"140880.0";"2.338162"
"140890.0";"2.281698"
"140900.0";"2.356128"
"140910.0";"2.427814"
"140920.0";"2.395681"
"140930.0";"2.356119"
"140940.0";"2.379217"
"140950.0";"2.406154"
"140960.0";"2.344501"
"140970.0";"2.405276"
"140980.0";"2.358299"
"140990.0";"2.358583"
"141000.0";"2.362528"
"141010.0";"2.364282"
"141020.0";"2.397433"
"141030.0";"2.403223"
"141040.0";"2.296753"
"141050.0";"2.364339"
"141060.0";"2.351458"
"141070.0";"2.374057"
"141080.0";"2.364529"
"141090.0";"2.42648"
"141100.0";"2.398079"
"141110.0";"2.368838"
"141120.0";"2.316721"
"141130.0";"2.324388"
"141140.0";"2.37581"
"141150.0";"2.339163"
"141160.0";"2.380019"
"141170.0";"2.347371"
"141180.0";"2.258678"
"141190.0";"2.371192"
"141200.0";"2.346482"
"141210.0";"2.384436"
"141220.0";"2.336215"
"141230.0";"2.357353"
"141240.0";"2.362155"
"141250.0";"2.295722"
"141260.0";"2.380483"
"141270.0";"2.353374"
"141280.0";"2.355353"
"141290.0";"2.398454"
"141300.0";"2.37717"
"141310.0";"2.346434"
"141320.0";"2.38296"
"141330.0";"2.364365"
"141340.0";"2.306276"
"141350.0";"2.325637"
"141360.0";"2.394971"
"141370.0";"2.385336"
"141380.0";"2.476585"
"141390.0";"2.401392"
"141400.0";"2.413769"
"141410.0";"2.404563"
"141420.0";"2.344859"
"141430.0";"2.395941"
"141440.0";"2.365229"
"141450.0";"2.353304"
"141460.0";"2.3932"
"141470.0";"2.358607"
"141480.0";"2.41295"
"141490.0";"2.382547"
"141500.0";"2.367851"
"141510.0";"2.374408"
"141520.0";"2.306584"
"141530.0";"2.353859"
"141540.0";"2.327725"
"141550.0";"2.356637"
"141560.0";"2.376046"
"141570.0";"2.34768"
"141580.0";"2.337604"
"141590.0";"2.389803"
"141600.0";"2.324001"
"141610.0";"2.388506"
"141620.0";"2.368111"
"141630.0";"2.337065"
"141640.0";"2.381546"
"141650.0";"2.357138"
"141660.0";"2.380927"
"141670.0";"2.321982"
"141680.0";"2.33742"
"141690.0";"2.342547"
"141700.0";"2.349709"
"141710.0";"2.34276"
"141720.0";"2.389032"
"141730.0";"2.26142"
"141740.0";"2.385173"
"141750.0";"2.307634"
"141760.0";"2.338164"
"141770.0";"2.312462"
"141780.0";"2.338706"
"141790.0";"2.342111"
"141800.0";"2.31238"
"141810.0";"2.330629"
"141820.0";"2.314758"
"141830.0";"2.342226"
"141840.0";"2.343026"
"141850.0";"2.363295"
"141860.0";"2.32558"
"141870.0";"2.360455"
"141880.0";"2.33405"
"141890.0";"2.383698"
"141900.0";"2.425294"
"141910.0";"2.385374"
"141920.0";"2.375228"
"141930.0";"2.401781"
"141940.0";"2.359822"
"141950.0";"2.378087"
"141960.0";"2.335921"
"141970.0";"2.340754"
"141980.0";"2.351825"
"141990.0";"2.402692"
"142000.0";"2.41581"
"142010.0";"2.36691"
"142020.0";"2.359134"
"142030.0";"2.467455"
"142040.0";"2.297594"
"142050.0";"2.399853"
"142060.0";"2.352501"
"142070.0";"2.314712"
"142080.0";"2.351601"
"142090.0";"2.361098"
"142100.0";"2.303046"
"142110.0";"2.384002"
"142120.0";"2.366175"
"142130.0";"2.350919"
"142140.0";"2.342108"
"142150.0";"2.346788"
"142160.0";"2.33475"
"142170.0";"2.364765"
"142180.0";"2.337597"
"142190.0";"2.36473"
"142200.0";"2.401753"
"142210.0";"2.347408"
"142220.0";"2.381314"
"142230.0";"2.328424"
"142240.0";"2.369287"
"142250.0";"2.358894"
"142260.0";"2.343904"
"142270.0";"2.360777"
"142280.0";"2.360402"
"142290.0";"2.383885"
"142300.0";"2.380797"
"142310.0";"2.428348"
"142320.0";"2.403493"
"142330.0";"2.383126"
"142340.0";"2.417033"
"142350.0";"2.288181"
"142360.0";"2.31355"
"142370.0";"2.357802"
"142380.0";"2.35763"
"142390.0";"2.373663"
"142400.0";"2.349053"
"142410.0";"2.368934"
"142420.0";"2.307425"
"142430.0";"2.390895"
"142440.0";"2.350382"
"142450.0";"2.346662"
"142460.0";"2.358802"
"142470.0";"2.375749"
"142480.0";"2.355245"
"142490.0";"2.327824"
"142500.0";"2.306512"
"142510.0";"2.34563"
"142520.0";"2.375584"
"142530.0";"2.314043"
"142540.0";"2.351853"
"142550.0";"2.34066"
"142560.0";"2.293442"
"142570.0";"2.365753"
"142580.0";"2.340455"
"142590.0";"2.3531"
"142600.0";"2.337778"
"142610.0";"2.28464"
"142620.0";"2.332568"
"142630.0";"2.39695"
"142640.0";"2.339981"
"142650.0";"2.416665"
"142660.0";"2.335181"
"142670.0";"2.344998"
"142680.0";"2.315729"
"142690.0";"2.323088"
"142700.0";"2.352463"
"142710.0";"2.35968"
"142720.0";"2.338475"
"142730.0";"2.346147"
"142740.0";"2.372288"
"142750.0";"2.324256"
"142760.0";"2.329384"
"142770.0";"2.319907"
"142780.0";"2.321388"
"142790.0";"2.348536"
"142800.0";"2.288171"
"142810.0";"2.356815"
"142820.0";"2.311599"
"142830.0";"2.371685"
"142840.0";"2.378461"
"142850.0";"2.406575"
"142860.0";"2.321327"
"142870.0";"2.366191"
"142880.0";"2.379694"
"142890.0";"2.396195"
"142900.0";"2.368091"
"142910.0";"2.320625"
"142920.0";"2.370554"
"142930.0";"2.426788"
"142940.0";"2.449834"
"142950.0";"2.384597"
"142960.0";"2.318707"
"142970.0";"2.408298"
"142980.0";"2.28898"
"142990.0";"2.340529"
"143000.0";"2.326867"
"143010.0";"2.346089"
"143020.0";"2.354158"
"143030.0";"2.36653"
"143040.0";"2.350369"
"143050.0";"2.420226"
"143060.0";"2.391398"
"143070.0";"2.35324"
"143080.0";"2.237117"
"143090.0";"2.33418"
"143100.0";"2.330326"
"143110.0";"2.327064"
"143120.0";"2.275444"
"143130.0";"2.316869"
"143140.0";"2.321533"
"143150.0";"2.375801"
"143160.0";"2.279875"
"143170.0";"2.378029"
"143180.0";"2.35311"
"143190.0";"2.349509"
"143200.0";"2.400812"
"143210.0";"2.354524"
"143220.0";"2.35465"
"143230.0";"2.366608"
"143240.0";"2.341571"
"143250.0";"2.337458"
"143260.0";"2.331701"
"143270.0";"2.317493"
"143280.0";"2.300371"
"143290.0";"2.321021"
"143300.0";"2.336007"
"143310.0";"2.349378"
"143320.0";"2.350102"
"143330.0";"2.326387"
"143340.0";"2.326639"
"143350.0";"2.338325"
"143360.0";"2.257766"
"143370.0";"2.33756"
"143380.0";"2.312423"
"143390.0";"2.257717"
"143400.0";"2.27683"
"143410.0";"2.253624"
"143420.0";"2.272804"
"143430.0";"2.389722"
"143440.0";"2.377887"
"143450.0";"2.355204"
"143460.0";"2.370255"
"143470.0";"2.338395"
"143480.0";"2.342646"
"143490.0";"2.309396"
"143500.0";"2.353892"
"143510.0";"2.310807"
"143520.0";"2.351256"
"143530.0";"2.369287"
"143540.0";"2.355014"
"143550.0";"2.375016"
"143560.0";"2.332587"
"143570.0";"2.292951"
"143580.0";"2.326474"
"143590.0";"2.325997"
"143600.0";"2.333932"
"143610.0";"2.387701"
"143620.0";"2.379148"
"143630.0";"2.36785"
"143640.0";"2.38184"
"143650.0";"2.365044"
"143660.0";"2.341484"
"143670.0";"2.357335"
"143680.0";"2.355137"
"143690.0";"2.422329"
"143700.0";"2.252967"
"143710.0";"2.32519"
"143720.0";"2.324168"
"143730.0";"2.348461"
"143740.0";"2.31897"
"143750.0";"2.37803"
"143760.0";"2.313985"
"143770.0";"2.394039"
"143780.0";"2.294963"
"143790.0";"2.357741"
"143800.0";"2.310019"
"143810.0";"2.330986"
"143820.0";"2.366058"
"143830.0";"2.342105"
"143840.0";"2.325946"
"143850.0";"2.364313"
"143860.0";"2.326617"
"143870.0";"2.37866"
"143880.0";"2.292428"
"143890.0";"2.351883"
"143900.0";"2.338372"
"143910.0";"2.330251"
"143920.0";"2.342923"
"143930.0";"2.377658"
"143940.0";"2.377311"
"143950.0";"2.335416"
"143960.0";"2.378164"
"143970.0";"2.398127"
"143980.0";"2.360657"
"143990.0";"2.391051"
"144000.0";"2.308664"
"144010.0";"2.305883"
"144020.0";"2.374283"
"144030.0";"2.346497"
"144040.0";"2.35387"
"144050.0";"2.368232"
"144060.0";"2.360956"
"144070.0";"2.388573"
"144080.0";"2.343219"
"144090.0";"2.351577"
"144100.0";"2.357814"
"144110.0";"2.392234"
"144120.0";"2.40524"
"144130.0";"2.361207"
"144140.0";"2.371952"
"144150.0";"2.414578"
"144160.0";"2.362696"
"144170.0";"2.374749"
"144180.0";"2.320925"
"144190.0";"2.409716"
"144200.0";"2.375657"
"144210.0";"2.432498"
"144220.0";"2.351568"
"144230.0";"2.286788"
"144240.0";"2.34209"
"144250.0";"2.349914"
"144260.0";"2.289981"
"144270.0";"2.311807"
"144280.0";"2.379705"
"144290.0";"2.350814"
"144300.0";"2.403874"
"144310.0";"2.34257"
"144320.0";"2.325633"
"144330.0";"2.36649"
"144340.0";"2.363065"
"144350.0";"2.399392"
"144360.0";"2.36342"
"144370.0";"2.393243"
"144380.0";"2.34225"
"144390.0";"2.303698"
"144400.0";"2.338151"
"144410.0";"2.338568"
"144420.0";"2.317623"
"144430.0";"2.358747"
"144440.0";"2.335814"
"144450.0";"2.394344"
"144460.0";"2.335023"
"144470.0";"2.355677"
"144480.0";"2.36631"
"144490.0";"2.369103"
"144500.0";"2.325144"
"144510.0";"2.327742"
"144520.0";"2.347716"
"144530.0";"2.344171"
"144540.0";"2.325456"
"144550.0";"2.285388"
"144560.0";"2.376137"
"144570.0";"2.399861"
"144580.0";"2.379117"
"144590.0";"2.31336"
"144600.0";"2.316841"
"144610.0";"2.33024"
"144620.0";"2.359517"
"144630.0";"2.278088"
"144640.0";"2.299323"
"144650.0";"2.318715"
"144660.0";"2.341261"
"144670.0";"2.370206"
"144680.0";"2.445041"
"144690.0";"2.442975"
"144700.0";"2.371668"
"144710.0";"2.371933"
"144720.0";"2.339316"
"144730.0";"2.357023"
"144740.0";"2.429135"
"144750.0";"2.397441"
"144760.0";"2.403806"
"144770.0";"2.382783"
"144780.0";"2.441643"
"144790.0";"2.314413"
"144800.0";"2.325807"
"144810.0";"2.398185"
"144820.0";"2.408477"
"144830.0";"2.417669"
"144840.0";"2.321391"
"144850.0";"2.304249"
"144860.0";"2.401493"
"144870.0";"2.471839"
"144880.0";"2.399718"
"144890.0";"2.481914"
"144900.0";"2.439062"
"144910.0";"2.384769"
"144920.0";"2.370338"
"144930.0";"2.42883"
"144940.0";"2.427438"
"144950.0";"2.393843"
"144960.0";"2.313668"
"144970.0";"2.309525"
"144980.0";"2.384462"
"144990.0";"2.383514"
"145000.0";"2.334635"
"145010.0";"2.306637"
"145020.0";"2.349239"
"145030.0";"2.340261"
"145040.0";"2.279835"
"145050.0";"2.322582"
"145060.0";"2.259399"
"145070.0";"2.36519"
"145080.0";"2.317418"
"145090.0";"2.321346"
"145100.0";"2.345984"
"145110.0";"2.374031"
"145120.0";"2.365826"
"145130.0";"2.31774"
"145140.0";"2.369193"
"145150.0";"2.404885"
"145160.0";"2.333191"
"145170.0";"2.392575"
"145180.0";"2.333105"
"145190.0";"2.411364"
"145200.0";"2.412699"
"145210.0";"2.316504"
"145220.0";"2.351008"
"145230.0";"2.401157"
"145240.0";"2.326579"
"145250.0";"2.346681"
"145260.0";"2.316769"
"145270.0";"2.307043"
"145280.0";"2.397547"
"145290.0";"2.384394"
"145300.0";"2.306808"
"145310.0";"2.338568"
"145320.0";"2.324882"
"145330.0";"2.311602"
"145340.0";"2.336344"
"145350.0";"2.362065"
"145360.0";"2.344172"
"145370.0";"2.297"
"145380.0";"2.425672"
"145390.0";"2.346727"
"145400.0";"2.37042"
"145410.0";"2.443169"
"145420.0";"2.343928"
"145430.0";"2.381727"
"145440.0";"2.344816"
"145450.0";"2.303849"
"145460.0";"2.370707"
"145470.0";"2.386733"
"145480.0";"2.395869"
"145490.0";"2.312169"
"145500.0";"2.308233"
"145510.0";"2.444778"
"145520.0";"2.305786"
"145530.0";"2.296951"
"145540.0";"2.371323"
"145550.0";"2.358459"
"145560.0";"2.341062"
"145570.0";"2.344426"
"145580.0";"2.47883"
"145590.0";"2.421942"
"145600.0";"2.404365"
"145610.0";"2.280688"
"145620.0";"2.382839"
"145630.0";"2.294405"
"145640.0";"2.414063"
"145650.0";"2.318267"
"145660.0";"2.331688"
"145670.0";"2.362886"
"145680.0";"2.373637"
"145690.0";"2.346408"
"145700.0";"2.366187"
"145710.0";"2.317358"
"145720.0";"2.335508"
"145730.0";"2.318359"
"145740.0";"2.335892"
"145750.0";"2.38599"
"145760.0";"2.36211"
"145770.0";"2.334445"
"145780.0";"2.39045"
"145790.0";"2.348695"
"145800.0";"2.309193"
"145810.0";"2.394721"
"145820.0";"2.440837"
"145830.0";"2.482665"
"145840.0";"2.406234"
"145850.0";"2.384587"
"145860.0";"2.345362"
"145870.0";"2.390005"
"145880.0";"2.298195"
"145890.0";"2.375263"
"145900.0";"2.380956"
"145910.0";"2.373757"
"145920.0";"2.414008"
"145930.0";"2.393147"
"145940.0";"2.407663"
"145950.0";"2.372696"
"145960.0";"2.359305"
"145970.0";"2.414505"
"145980.0";"2.408507"
"145990.0";"2.435293"
"146000.0";"2.37785"
"146010.0";"2.36586"
"146020.0";"2.406554"
"146030.0";"2.401349"
"146040.0";"2.456988"
"146050.0";"2.4203"
"146060.0";"2.400442"
"146070.0";"2.419217"
"146080.0";"2.432085"
"146090.0";"2.458804"
"146100.0";"2.424991"
"146110.0";"2.370424"
"146120.0";"2.388429"
"146130.0";"2.405801"
"146140.0";"2.357437"
"146150.0";"2.37979"
"146160.0";"2.402501"
"146170.0";"2.423603"
"146180.0";"2.429521"
"146190.0";"2.432072"
"146200.0";"2.443792"
"146210.0";"2.35974"
"146220.0";"2.47576"
"146230.0";"2.402769"
"146240.0";"2.427535"
"146250.0";"2.416611"
"146260.0";"2.406662"
"146270.0";"2.463938"
"146280.0";"2.418167"
"146290.0";"2.426542"
"146300.0";"2.491719"
"146310.0";"2.435363"
"146320.0";"2.415002"
"146330.0";"2.430233"
"146340.0";"2.43869"
"146350.0";"2.465589"
"146360.0";"2.390757"
"146370.0";"2.444737"
"146380.0";"2.46357"
"146390.0";"2.342036"
"146400.0";"2.454445"
"146410.0";"2.342706"
"146420.0";"2.337956"
"146430.0";"2.376514"
"146440.0";"2.404881"
"146450.0";"2.30868"
"146460.0";"2.411921"
"146470.0";"2.391997"
"146480.0";"2.400187"
"146490.0";"2.396207"
"146500.0";"2.433319"
"146510.0";"2.390251"
"146520.0";"2.422117"
"146530.0";"2.369879"
"146540.0";"2.40798"
"146550.0";"2.357606"
"146560.0";"2.412498"
"146570.0";"2.430444"
"146580.0";"2.40946"
"146590.0";"2.43896"
"146600.0";"2.370371"
"146610.0";"2.386563"
"146620.0";"2.372888"
"146630.0";"2.314104"
"146640.0";"2.381032"
"146650.0";"2.369755"
"146660.0";"2.384164"
"146670.0";"2.39602"
"146680.0";"2.367112"
"146690.0";"2.408739"
"146700.0";"2.443536"
"146710.0";"2.466144"
"146720.0";"2.459293"
"146730.0";"2.40607"
"146740.0";"2.393178"
"146750.0";"2.371621"
"146760.0";"2.325079"
"146770.0";"2.366649"
"146780.0";"2.375572"
"146790.0";"2.3666"
"146800.0";"2.330295"
"146810.0";"2.38734"
"146820.0";"2.411701"
"146830.0";"2.439917"
"146840.0";"2.337963"
"146850.0";"2.405879"
"146860.0";"2.39087"
"146870.0";"2.357918"
"146880.0";"2.452874"
"146890.0";"2.407828"
"146900.0";"2.423743"
"146910.0";"2.39211"
"146920.0";"2.357738"
"146930.0";"2.36102"
"146940.0";"2.403499"
"146950.0";"2.364093"
"146960.0";"2.392319"
"146970.0";"2.385374"
"146980.0";"2.371306"
"146990.0";"2.333932"
"147000.0";"2.369643"
"147010.0";"2.382887"
"147020.0";"2.420711"
"147030.0";"2.405441"
"147040.0";"2.400125"
"147050.0";"2.406589"
"147060.0";"2.419913"
"147070.0";"2.376022"
"147080.0";"2.336328"
"147090.0";"2.460838"
"147100.0";"2.423155"
"147110.0";"2.413823"
"147120.0";"2.455857"
"147130.0";"2.404829"
"147140.0";"2.391275"
"147150.0";"2.440282"
"147160.0";"2.379387"
"147170.0";"2.444554"
"147180.0";"2.435169"
"147190.0";"2.41649"
"147200.0";"2.386057"
"147210.0";"2.471822"
"147220.0";"2.433679"
"147230.0";"2.409379"
"147240.0";"2.390914"
"147250.0";"2.406526"
"147260.0";"2.423532"
"147270.0";"2.421132"
"147280.0";"2.435596"
"147290.0";"2.430977"
"147300.0";"2.440206"
"147310.0";"2.332094"
"147320.0";"2.398973"
"147330.0";"2.45088"
"147340.0";"2.372165"
"147350.0";"2.341991"
"147360.0";"2.373442"
"147370.0";"2.387891"
"147380.0";"2.379039"
"147390.0";"2.39275"
"147400.0";"2.367402"
"147410.0";"2.34222"
"147420.0";"2.351682"
"147430.0";"2.333191"
"147440.0";"2.395775"
"147450.0";"2.38976"
"147460.0";"2.407917"
"147470.0";"2.411624"
"147480.0";"2.343563"
"147490.0";"2.43892"
"147500.0";"2.367616"
"147510.0";"2.40502"
"147520.0";"2.35104"
"147530.0";"2.344466"
"147540.0";"2.404252"
"147550.0";"2.290822"
"147560.0";"2.35421"
"147570.0";"2.431388"
"147580.0";"2.351329"
"147590.0";"2.320966"
"147600.0";"2.418733"
"147610.0";"2.348645"
"147620.0";"2.338598"
"147630.0";"2.383852"
"147640.0";"2.363097"
"147650.0";"2.388803"
"147660.0";"2.295044"
"147670.0";"2.303454"
"147680.0";"2.425742"
"147690.0";"2.344219"
"147700.0";"2.385775"
"147710.0";"2.362377"
"147720.0";"2.41397"
"147730.0";"2.462507"
"147740.0";"2.383653"
"147750.0";"2.433364"
"147760.0";"2.385944"
"147770.0";"2.307931"
"147780.0";"2.362752"
"147790.0";"2.326841"
"147800.0";"2.41905"
"147810.0";"2.392144"
"147820.0";"2.321848"
"147830.0";"2.336011"
"147840.0";"2.299181"
"147850.0";"2.391692"
"147860.0";"2.384953"
"147870.0";"2.442675"
"147880.0";"2.466482"
"147890.0";"2.374454"
"147900.0";"2.394523"
"147910.0";"2.395765"
"147920.0";"2.332221"
"147930.0";"2.408166"
"147940.0";"2.349293"
"147950.0";"2.396361"
"147960.0";"2.299282"
"147970.0";"2.332847"
"147980.0";"2.388513"
"147990.0";"2.398155"
"148000.0";"2.375627"
"148010.0";"2.358642"
"148020.0";"2.393997"
"148030.0";"2.319921"
"148040.0";"2.343345"
"148050.0";"2.402708"
"148060.0";"2.383984"
"148070.0";"2.407719"
"148080.0";"2.34315"
"148090.0";"2.362191"
"148100.0";"2.364709"
"148110.0";"2.383957"
"148120.0";"2.324744"
"148130.0";"2.413481"
"148140.0";"2.376982"
"148150.0";"2.417015"
"148160.0";"2.39989"
"148170.0";"2.409603"
"148180.0";"2.345604"
"148190.0";"2.346989"
"148200.0";"2.427737"
"148210.0";"2.378733"
"148220.0";"2.36974"
"148230.0";"2.417251"
"148240.0";"2.377703"
"148250.0";"2.395912"
"148260.0";"2.300479"
"148270.0";"2.399857"
"148280.0";"2.346765"
"148290.0";"2.377867"
"148300.0";"2.376203"
"148310.0";"2.335929"
"148320.0";"2.386454"
"148330.0";"2.426006"
"148340.0";"2.361188"
"148350.0";"2.436858"
"148360.0";"2.399224"
"148370.0";"2.376117"
"148380.0";"2.351841"
"148390.0";"2.349325"
"148400.0";"2.377788"
"148410.0";"2.352472"
"148420.0";"2.399609"
"148430.0";"2.342966"
"148440.0";"2.360953"
"148450.0";"2.442768"
"148460.0";"2.39381"
"148470.0";"2.374581"
"148480.0";"2.381052"
"148490.0";"2.386641"
"148500.0";"2.36307"
"148510.0";"2.334306"
"148520.0";"2.398308"
"148530.0";"2.425609"
"148540.0";"2.437806"
"148550.0";"2.412836"
"148560.0";"2.431843"
"148570.0";"2.421967"
"148580.0";"2.387273"
"148590.0";"2.359069"
"148600.0";"2.394135"
"148610.0";"2.401285"
"148620.0";"2.360498"
"148630.0";"2.383789"
"148640.0";"2.387435"
"148650.0";"2.401076"
"148660.0";"2.468157"
"148670.0";"2.414659"
"148680.0";"2.412099"
"148690.0";"2.482889"
"148700.0";"2.485199"
"148710.0";"2.455423"
"148720.0";"2.422463"
"148730.0";"2.389195"
"148740.0";"2.476552"
"148750.0";"2.451098"
"148760.0";"2.532166"
"148770.0";"2.538164"
"148780.0";"2.385714"
"148790.0";"2.344231"
"148800.0";"2.396469"
"148810.0";"2.502573"
"148820.0";"2.377477"
"148830.0";"2.354641"
"148840.0";"2.417013"
"148850.0";"2.462379"
"148860.0";"2.508427"
"148870.0";"2.459887"
"148880.0";"2.436901"
"148890.0";"2.47977"
"148900.0";"2.472404"
"148910.0";"2.452986"
"148920.0";"2.415958"
"148930.0";"2.476329"
"148940.0";"2.43469"
"148950.0";"2.430542"
"148960.0";"2.335465"
"148970.0";"2.370862"
"148980.0";"2.42639"
"148990.0";"2.370472"
"149000.0";"2.470183"
"149010.0";"2.446395"
"149020.0";"2.461137"
"149030.0";"2.422828"
"149040.0";"2.400647"
"149050.0";"2.395194"
"149060.0";"2.402775"
"149070.0";"2.44283"
"149080.0";"2.43432"
"149090.0";"2.405075"
"149100.0";"2.457495"
"149110.0";"2.457548"
"149120.0";"2.478004"
"149130.0";"2.47753"
"149140.0";"2.510497"
"149150.0";"2.557009"
"149160.0";"2.436959"
"149170.0";"2.380415"
"149180.0";"2.398727"
"149190.0";"2.370732"
"149200.0";"2.394824"
"149210.0";"2.411709"
"149220.0";"2.399153"
"149230.0";"2.416879"
"149240.0";"2.416355"
"149250.0";"2.433813"
"149260.0";"2.394163"
"149270.0";"2.389414"
"149280.0";"2.459972"
"149290.0";"2.472186"
"149300.0";"2.566701"
"149310.0";"2.371843"
"149320.0";"2.498416"
"149330.0";"2.442395"
"149340.0";"2.402766"
"149350.0";"2.411906"
"149360.0";"2.417893"
"149370.0";"2.450449"
"149380.0";"2.434274"
"149390.0";"2.364354"
"149400.0";"2.417336"
"149410.0";"2.381018"
"149420.0";"2.380881"
"149430.0";"2.393169"
"149440.0";"2.450382"
"149450.0";"2.452298"
"149460.0";"2.451786"
"149470.0";"2.365631"
"149480.0";"2.463106"
"149490.0";"2.425908"
"149500.0";"2.460597"
"149510.0";"2.390091"
"149520.0";"2.412501"
"149530.0";"2.419065"
"149540.0";"2.344298"
"149550.0";"2.423072"
"149560.0";"2.436972"
"149570.0";"2.480763"
"149580.0";"2.40251"
"149590.0";"2.397351"
"149600.0";"2.358497"
"149610.0";"2.404966"
"149620.0";"2.391208"
"149630.0";"2.342944"
"149640.0";"2.371049"
"149650.0";"2.393837"
"149660.0";"2.38028"
"149670.0";"2.380826"
"149680.0";"2.370352"
"149690.0";"2.324379"
"149700.0";"2.425204"
"149710.0";"2.409312"
"149720.0";"2.406323"
"149730.0";"2.409223"
"149740.0";"2.391031"
"149750.0";"2.401298"
"149760.0";"2.357998"
"149770.0";"2.333263"
"149780.0";"2.381001"
"149790.0";"2.374919"
"149800.0";"2.433692"
"149810.0";"2.372538"
"149820.0";"2.412807"
"149830.0";"2.430007"
"149840.0";"2.398991"
"149850.0";"2.412381"
"149860.0";"2.361148"
"149870.0";"2.401549"
"149880.0";"2.403512"
"149890.0";"2.392604"
"149900.0";"2.406556"
"149910.0";"2.420771"
"149920.0";"2.389292"
"149930.0";"2.370399"
"149940.0";"2.487538"
"149950.0";"2.38464"
"149960.0";"2.351937"
"149970.0";"2.367951"
"149980.0";"2.401768"
"149990.0";"2.313421"
"150000.0";"2.361114"
"150010.0";"2.31814"
"150020.0";"2.34861"
"150030.0";"2.278789"
"150040.0";"2.371203"
"150050.0";"2.35121"
"150060.0";"2.377091"
"150070.0";"2.366568"
"150080.0";"2.2556"
"150090.0";"2.313014"
"150100.0";"2.357793"
"150110.0";"2.36699"
"150120.0";"2.326438"
"150130.0";"2.402713"
"150140.0";"2.349319"
"150150.0";"2.358805"
"150160.0";"2.33342"
"150170.0";"2.37736"
"150180.0";"2.350274"
"150190.0";"2.374475"
"150200.0";"2.329136"
"150210.0";"2.304683"
"150220.0";"2.295571"
"150230.0";"2.305228"
"150240.0";"2.302693"
"150250.0";"2.356328"
"150260.0";"2.402103"
"150270.0";"2.385826"
"150280.0";"2.360908"
"150290.0";"2.347878"
"150300.0";"2.365436"
"150310.0";"2.327143"
"150320.0";"2.379798"
"150330.0";"2.353193"
"150340.0";"2.408073"
"150350.0";"2.394658"
"150360.0";"2.357055"
"150370.0";"2.369959"
"150380.0";"2.340356"
"150390.0";"2.413327"
"150400.0";"2.372443"
"150410.0";"2.368454"
"150420.0";"2.34341"
"150430.0";"2.423308"
"150440.0";"2.371441"
"150450.0";"2.376261"
"150460.0";"2.398717"
"150470.0";"2.41125"
"150480.0";"2.386705"
"150490.0";"2.398203"
"150500.0";"2.332515"
"150510.0";"2.404382"
"150520.0";"2.358351"
"150530.0";"2.364276"
"150540.0";"2.390384"
"150550.0";"2.380407"
"150560.0";"2.338937"
"150570.0";"2.376511"
"150580.0";"2.41575"
"150590.0";"2.340373"
"150600.0";"2.422709"
"150610.0";"2.346887"
"150620.0";"2.363885"
"150630.0";"2.377186"
"150640.0";"2.395331"
"150650.0";"2.384235"
"150660.0";"2.329058"
"150670.0";"2.439138"
"150680.0";"2.419007"
"150690.0";"2.354641"
"150700.0";"2.350103"
"150710.0";"2.424478"
"150720.0";"2.419149"
"150730.0";"2.336812"
"150740.0";"2.371576"
"150750.0";"2.334247"
"150760.0";"2.343803"
"150770.0";"2.414488"
"150780.0";"2.412755"
"150790.0";"2.4229"
"150800.0";"2.375235"
"150810.0";"2.348035"
"150820.0";"2.324054"
"150830.0";"2.383008"
"150840.0";"2.371043"
"150850.0";"2.35843"
"150860.0";"2.418134"
"150870.0";"2.379732"
"150880.0";"2.378633"
"150890.0";"2.388014"
"150900.0";"2.412395"
"150910.0";"2.280476"
"150920.0";"2.383175"
"150930.0";"2.422183"
"150940.0";"2.345166"
"150950.0";"2.475067"
"150960.0";"2.342748"
"150970.0";"2.333821"
"150980.0";"2.316071"
"150990.0";"2.343974"
"151000.0";"2.349125"
"151010.0";"2.385825"
"151020.0";"2.322062"
"151030.0";"2.420442"
"151040.0";"2.364764"
"151050.0";"2.433316"
"151060.0";"2.392941"
"151070.0";"2.438895"
"151080.0";"2.442676"
"151090.0";"2.443497"
"151100.0";"2.3387"
"151110.0";"2.435221"
"151120.0";"2.446347"
"151130.0";"2.448795"
"151140.0";"2.364295"
"151150.0";"2.399482"
"151160.0";"2.411222"
"151170.0";"2.410804"
"151180.0";"2.434483"
"151190.0";"2.393922"
"151200.0";"2.395746"
"151210.0";"2.354465"
"151220.0";"2.446217"
"151230.0";"2.429018"
"151240.0";"2.373555"
"151250.0";"2.396308"
"151260.0";"2.399508"
"151270.0";"2.365906"
"151280.0";"2.405292"
"151290.0";"2.389981"
"151300.0";"2.383991"
"151310.0";"2.435883"
"151320.0";"2.367509"
"151330.0";"2.355856"
"151340.0";"2.405571"
"151350.0";"2.378902"
"151360.0";"2.405623"
"151370.0";"2.342267"
"151380.0";"2.425858"
"151390.0";"2.403399"
"151400.0";"2.404204"
"151410.0";"2.38268"
"151420.0";"2.40667"
"151430.0";"2.396651"
"151440.0";"2.391303"
"151450.0";"2.379883"
"151460.0";"2.33202"
"151470.0";"2.383521"
"151480.0";"2.398512"
"151490.0";"2.401354"
"151500.0";"2.383298"
"151510.0";"2.438987"
"151520.0";"2.390549"
"151530.0";"2.435265"
"151540.0";"2.463373"
"151550.0";"2.473433"
"151560.0";"2.417518"
"151570.0";"2.433844"
"151580.0";"2.434894"
"151590.0";"2.459358"
"151600.0";"2.488767"
"151610.0";"2.445979"
"151620.0";"2.398629"
"151630.0";"2.436573"
"151640.0";"2.395102"
"151650.0";"2.328453"
"151660.0";"2.387491"
"151670.0";"2.375211"
"151680.0";"2.420374"
"151690.0";"2.355548"
"151700.0";"2.349392"
"151710.0";"2.426509"
"151720.0";"2.397258"
"151730.0";"2.334721"
"151740.0";"2.365505"
"151750.0";"2.329356"
"151760.0";"2.33496"
"151770.0";"2.417803"
"151780.0";"2.350305"
"151790.0";"2.394071"
"151800.0";"2.340586"
"151810.0";"2.374819"
"151820.0";"2.407406"
"151830.0";"2.376662"
"151840.0";"2.340745"
"151850.0";"2.369768"
"151860.0";"2.396213"
"151870.0";"2.348088"
"151880.0";"2.345264"
"151890.0";"2.36297"
"151900.0";"2.350496"
"151910.0";"2.371839"
"151920.0";"2.340011"
"151930.0";"2.392958"
"151940.0";"2.345415"
"151950.0";"2.253912"
"151960.0";"2.31804"
"151970.0";"2.334327"
"151980.0";"2.323188"
"151990.0";"2.402866"
"152000.0";"2.356491"
"152010.0";"2.388762"
"152020.0";"2.344975"
"152030.0";"2.316076"
"152040.0";"2.267099"
"152050.0";"2.365045"
"152060.0";"2.387746"
"152070.0";"2.400645"
"152080.0";"2.305503"
"152090.0";"2.291945"
"152100.0";"2.311852"
"152110.0";"2.311691"
"152120.0";"2.373592"
"152130.0";"2.319014"
"152140.0";"2.413807"
"152150.0";"2.409997"
"152160.0";"2.318468"
"152170.0";"2.281018"
"152180.0";"2.299866"
"152190.0";"2.352399"
"152200.0";"2.368691"
"152210.0";"2.369087"
"152220.0";"2.373499"
"152230.0";"2.341594"
"152240.0";"2.312729"
"152250.0";"2.35231"
"152260.0";"2.362059"
"152270.0";"2.354208"
"152280.0";"2.337557"
"152290.0";"2.367457"
"152300.0";"2.361565"
"152310.0";"2.327618"
"152320.0";"2.342175"
"152330.0";"2.293425"
"152340.0";"2.33948"
"152350.0";"2.296013"
"152360.0";"2.311199"
"152370.0";"2.297979"
"152380.0";"2.343729"
"152390.0";"2.370738"
"152400.0";"2.28191"
"152410.0";"2.371146"
"152420.0";"2.324816"
"152430.0";"2.344258"
"152440.0";"2.386823"
"152450.0";"2.369342"
"152460.0";"2.390998"
"152470.0";"2.321128"
"152480.0";"2.344319"
"152490.0";"2.374107"
"152500.0";"2.364828"
"152510.0";"2.319337"
"152520.0";"2.287821"
"152530.0";"2.31286"
"152540.0";"2.312639"
"152550.0";"2.522007"
"152560.0";"2.35833"
"152570.0";"2.430629"
"152580.0";"2.315142"
"152590.0";"2.322341"
"152600.0";"2.344489"
"152610.0";"2.265744"
"152620.0";"2.296725"
"152630.0";"2.283663"
"152640.0";"2.32099"
"152650.0";"2.310392"
"152660.0";"2.347065"
"152670.0";"2.297383"
"152680.0";"2.283397"
"152690.0";"2.355073"
"152700.0";"2.337909"
"152710.0";"2.342368"
"152720.0";"2.41331"
"152730.0";"2.355187"
"152740.0";"2.306311"
"152750.0";"2.408643"
"152760.0";"2.307876"
"152770.0";"2.361839"
"152780.0";"2.327255"
"152790.0";"2.354118"
"152800.0";"2.297646"
"152810.0";"2.315094"
"152820.0";"2.322923"
"152830.0";"2.328558"
"152840.0";"2.339653"
"152850.0";"2.330284"
"152860.0";"2.311255"
"152870.0";"2.366326"
"152880.0";"2.344577"
"152890.0";"2.299493"
"152900.0";"2.382494"
"152910.0";"2.364001"
"152920.0";"2.38258"
"152930.0";"2.376992"
"152940.0";"2.349337"
"152950.0";"2.369465"
"152960.0";"2.358875"
"152970.0";"2.381791"
"152980.0";"2.355281"
"152990.0";"2.345497"
"153000.0";"2.296405"
"153010.0";"2.316961"
"153020.0";"2.32814"
"153030.0";"2.290229"
"153040.0";"2.321461"
"153050.0";"2.334173"
"153060.0";"2.394799"
"153070.0";"2.383951"
"153080.0";"2.316522"
"153090.0";"2.311141"
"153100.0";"2.281378"
"153110.0";"2.393946"
"153120.0";"2.322617"
"153130.0";"2.264319"
"153140.0";"2.394731"
"153150.0";"2.313397"
"153160.0";"2.307406"
"153170.0";"2.382678"
"153180.0";"2.323805"
"153190.0";"2.276667"
"153200.0";"2.289841"
"153210.0";"2.3279"
"153220.0";"2.342539"
"153230.0";"2.354789"
"153240.0";"2.348179"
"153250.0";"2.259993"
"153260.0";"2.306812"
"153270.0";"2.382684"
"153280.0";"2.343952"
"153290.0";"2.334426"
"153300.0";"2.404663"
"153310.0";"2.341894"
"153320.0";"2.364023"
"153330.0";"2.382501"
"153340.0";"2.331494"
"153350.0";"2.374965"
"153360.0";"2.362796"
"153370.0";"2.334749"
"153380.0";"2.382824"
"153390.0";"2.368"
"153400.0";"2.343019"
"153410.0";"2.377066"
"153420.0";"2.397013"
"153430.0";"2.426269"
"153440.0";"2.362947"
"153450.0";"2.358336"
"153460.0";"2.297883"
"153470.0";"2.396202"
"153480.0";"2.357573"
"153490.0";"2.399591"
"153500.0";"2.289703"
"153510.0";"2.353231"
"153520.0";"2.42395"
"153530.0";"2.408499"
"153540.0";"2.361035"
"153550.0";"2.335126"
"153560.0";"2.34525"
"153570.0";"2.342048"
"153580.0";"2.390403"
"153590.0";"2.341471"
"153600.0";"2.363617"
"153610.0";"2.369696"
"153620.0";"2.352989"
"153630.0";"2.361918"
"153640.0";"2.322376"
"153650.0";"2.345594"
"153660.0";"2.330797"
"153670.0";"2.294469"
"153680.0";"2.358841"
"153690.0";"2.346894"
"153700.0";"2.3179"
"153710.0";"2.359238"
"153720.0";"2.345386"
"153730.0";"2.357709"
"153740.0";"2.326848"
"153750.0";"2.335031"
"153760.0";"2.298658"
"153770.0";"2.370091"
"153780.0";"2.368924"
"153790.0";"2.316227"
"153800.0";"2.29639"
"153810.0";"2.311167"
"153820.0";"2.303941"
"153830.0";"2.316415"
"153840.0";"2.362509"
"153850.0";"2.351424"
"153860.0";"2.375059"
"153870.0";"2.257951"
"153880.0";"2.309638"
"153890.0";"2.323334"
"153900.0";"2.339912"
"153910.0";"2.323505"
"153920.0";"2.292868"
"153930.0";"2.35357"
"153940.0";"2.38064"
"153950.0";"2.414497"
"153960.0";"2.33545"
"153970.0";"2.319626"
"153980.0";"2.378354"
"153990.0";"2.413983"
"154000.0";"2.358102"
"154010.0";"2.395968"
"154020.0";"2.36695"
"154030.0";"2.335033"
"154040.0";"2.414956"
"154050.0";"2.366318"
"154060.0";"2.372678"
"154070.0";"2.309767"
"154080.0";"2.35232"
"154090.0";"2.384498"
"154100.0";"2.378593"
"154110.0";"2.371027"
"154120.0";"2.417872"
"154130.0";"2.352059"
"154140.0";"2.395001"
"154150.0";"2.392974"
"154160.0";"2.407298"
"154170.0";"2.35377"
"154180.0";"2.34481"
"154190.0";"2.400551"
"154200.0";"2.378556"
"154210.0";"2.363446"
"154220.0";"2.377332"
"154230.0";"2.376126"
"154240.0";"2.3952"
"154250.0";"2.419592"
"154260.0";"2.310094"
"154270.0";"2.387148"
"154280.0";"2.289565"
"154290.0";"2.362346"
"154300.0";"2.377885"
"154310.0";"2.387951"
"154320.0";"2.310811"
"154330.0";"2.38308"
"154340.0";"2.441174"
"154350.0";"2.344537"
"154360.0";"2.324236"
"154370.0";"2.394592"
"154380.0";"2.37048"
"154390.0";"2.33771"
"154400.0";"2.362269"
"154410.0";"2.374558"
"154420.0";"2.284747"
"154430.0";"2.377781"
"154440.0";"2.297441"
"154450.0";"2.366327"
"154460.0";"2.278181"
"154470.0";"2.34212"
"154480.0";"2.425724"
"154490.0";"2.345443"
"154500.0";"2.333213"
"154510.0";"2.399836"
"154520.0";"2.363703"
"154530.0";"2.388468"
"154540.0";"2.346734"
"154550.0";"2.297761"
"154560.0";"2.394923"
"154570.0";"2.368865"
"154580.0";"2.393858"
"154590.0";"2.379283"
"154600.0";"2.400836"
"154610.0";"2.364618"
"154620.0";"2.364562"
"154630.0";"2.360143"
"154640.0";"2.366234"
"154650.0";"2.317611"
"154660.0";"2.354061"
"154670.0";"2.3766"
"154680.0";"2.361477"
"154690.0";"2.357076"
"154700.0";"2.348348"
"154710.0";"2.348866"
"154720.0";"2.38153"
"154730.0";"2.35853"
"154740.0";"2.334282"
"154750.0";"2.321321"
"154760.0";"2.302024"
"154770.0";"2.358739"
"154780.0";"2.378674"
"154790.0";"2.365406"
"154800.0";"2.356986"
"154810.0";"2.329866"
"154820.0";"2.324739"
"154830.0";"2.360252"
"154840.0";"2.371877"
"154850.0";"2.382904"
"154860.0";"2.362583"
"154870.0";"2.322737"
"154880.0";"2.356558"
"154890.0";"2.303014"
"154900.0";"2.295653"
"154910.0";"2.396167"
"154920.0";"2.362613"
"154930.0";"2.340575"
"154940.0";"2.286155"
"154950.0";"2.340324"
"154960.0";"2.384018"
"154970.0";"2.278108"
"154980.0";"2.271744"
"154990.0";"2.333317"
"155000.0";"2.342009"
"155010.0";"2.354774"
"155020.0";"2.373764"
"155030.0";"2.429438"
"155040.0";"2.364506"
"155050.0";"2.40639"
"155060.0";"2.31218"
"155070.0";"2.367632"
"155080.0";"2.366251"
"155090.0";"2.354733"
"155100.0";"2.371331"
"155110.0";"2.325538"
"155120.0";"2.431589"
"155130.0";"2.325013"
"155140.0";"2.356687"
"155150.0";"2.34177"
"155160.0";"2.324445"
"155170.0";"2.327685"
"155180.0";"2.288938"
"155190.0";"2.300241"
"155200.0";"2.303134"
"155210.0";"2.386455"
"155220.0";"2.38512"
"155230.0";"2.353731"
"155240.0";"2.327518"
"155250.0";"2.276697"
"155260.0";"2.313812"
"155270.0";"2.356202"
"155280.0";"2.296233"
"155290.0";"2.298918"
"155300.0";"2.425749"
"155310.0";"2.371917"
"155320.0";"2.348174"
"155330.0";"2.31447"
"155340.0";"2.342565"
"155350.0";"2.304159"
"155360.0";"2.394321"
"155370.0";"2.39664"
"155380.0";"2.288357"
"155390.0";"2.294723"
"155400.0";"2.344492"
"155410.0";"2.419965"
"155420.0";"2.368613"
"155430.0";"2.377133"
"155440.0";"2.382574"
"155450.0";"2.354567"
"155460.0";"2.410372"
"155470.0";"2.374403"
"155480.0";"2.372066"
"155490.0";"2.355803"
"155500.0";"2.385439"
"155510.0";"2.355512"
"155520.0";"2.329399"
"155530.0";"2.432915"
"155540.0";"2.366484"
"155550.0";"2.297336"
"155560.0";"2.359942"
"155570.0";"2.403992"
"155580.0";"2.350329"
"155590.0";"2.411107"
"155600.0";"2.372191"
"155610.0";"2.365833"
"155620.0";"2.392905"
"155630.0";"2.35081"
"155640.0";"2.386934"
"155650.0";"2.41837"
"155660.0";"2.396503"
"155670.0";"2.380501"
"155680.0";"2.412956"
"155690.0";"2.389875"
"155700.0";"2.365096"
"155710.0";"2.337327"
"155720.0";"2.377197"
"155730.0";"2.413671"
"155740.0";"2.326787"
"155750.0";"2.395908"
"155760.0";"2.394975"
"155770.0";"2.351971"
"155780.0";"2.349744"
"155790.0";"2.326334"
"155800.0";"2.349432"
"155810.0";"2.363519"
"155820.0";"2.376364"
"155830.0";"2.378694"
"155840.0";"2.343348"
"155850.0";"2.410704"
"155860.0";"2.385321"
"155870.0";"2.392575"
"155880.0";"2.404297"
"155890.0";"2.414673"
"155900.0";"2.407964"
"155910.0";"2.349467"
"155920.0";"2.359585"
"155930.0";"2.419483"
"155940.0";"2.353995"
"155950.0";"2.362047"
"155960.0";"2.336915"
"155970.0";"2.35572"
"155980.0";"2.368748"
"155990.0";"2.339877"
"156000.0";"2.37383"
"156010.0";"2.378151"
"156020.0";"2.362286"
"156030.0";"2.390729"
"156040.0";"2.364227"
"156050.0";"2.409215"
"156060.0";"2.386001"
"156070.0";"2.382377"
"156080.0";"2.38457"
"156090.0";"2.2954"
"156100.0";"2.400724"
"156110.0";"2.407869"
"156120.0";"2.419171"
"156130.0";"2.368125"
"156140.0";"2.395283"
"156150.0";"2.418422"
"156160.0";"2.338893"
"156170.0";"2.337404"
"156180.0";"2.360557"
"156190.0";"2.43086"
"156200.0";"2.387794"
"156210.0";"2.383007"
"156220.0";"2.379493"
"156230.0";"2.378861"
"156240.0";"2.369864"
"156250.0";"2.415654"
"156260.0";"2.375085"
"156270.0";"2.399678"
"156280.0";"2.392677"
"156290.0";"2.395264"
"156300.0";"2.32165"
"156310.0";"2.305226"
"156320.0";"2.456497"
"156330.0";"2.411113"
"156340.0";"2.435977"
"156350.0";"2.487272"
"156360.0";"2.4927"
"156370.0";"2.429998"
"156380.0";"2.364697"
"156390.0";"2.42393"
"156400.0";"2.434499"
"156410.0";"2.403343"
"156420.0";"2.419761"
"156430.0";"2.350434"
"156440.0";"2.395428"
"156450.0";"2.38699"
"156460.0";"2.357265"
"156470.0";"2.409006"
"156480.0";"2.378217"
"156490.0";"2.313753"
"156500.0";"2.390003"
"156510.0";"2.314809"
"156520.0";"2.377208"
"156530.0";"2.365579"
"156540.0";"2.395911"
"156550.0";"2.381593"
"156560.0";"2.421128"
"156570.0";"2.421904"
"156580.0";"2.408948"
"156590.0";"2.382901"
"156600.0";"2.389764"
"156610.0";"2.428426"
"156620.0";"2.431513"
"156630.0";"2.387124"
"156640.0";"2.360776"
"156650.0";"2.372762"
"156660.0";"2.383917"
"156670.0";"2.443689"
"156680.0";"2.496194"
"156690.0";"2.467678"
"156700.0";"2.317834"
"156710.0";"2.379371"
"156720.0";"2.413989"
"156730.0";"2.431948"
"156740.0";"2.355927"
"156750.0";"2.413265"
"156760.0";"2.377751"
"156770.0";"2.412246"
"156780.0";"2.394596"
"156790.0";"2.504288"
"156800.0";"2.368685"
"156810.0";"2.469068"
"156820.0";"2.423996"
"156830.0";"2.373968"
"156840.0";"2.366961"
"156850.0";"2.420337"
"156860.0";"2.453031"
"156870.0";"2.401352"
"156880.0";"2.419264"
"156890.0";"2.351184"
"156900.0";"2.434455"
"156910.0";"2.364016"
"156920.0";"2.40415"
"156930.0";"2.515664"
"156940.0";"2.504081"
"156950.0";"2.433466"
"156960.0";"2.392517"
"156970.0";"2.476724"
"156980.0";"2.521614"
"156990.0";"2.52826"
"157000.0";"2.480682"
"157010.0";"2.495298"
"157020.0";"2.497272"
"157030.0";"2.477349"
"157040.0";"2.434405"
"157050.0";"2.512492"
"157060.0";"2.317185"
"157070.0";"2.390364"
"157080.0";"2.346757"
"157090.0";"2.462003"
"157100.0";"2.337485"
"157110.0";"2.363918"
"157120.0";"2.33149"
"157130.0";"2.350329"
"157140.0";"2.294012"
"157150.0";"2.424553"
"157160.0";"2.32925"
"157170.0";"2.374464"
"157180.0";"2.264274"
"157190.0";"2.281308"
"157200.0";"2.343496"
"157210.0";"2.354785"
"157220.0";"2.326398"
"157230.0";"2.364403"
"157240.0";"2.333894"
"157250.0";"2.379684"
"157260.0";"2.323411"
"157270.0";"2.318808"
"157280.0";"2.312476"
"157290.0";"2.339387"
"157300.0";"2.363555"
"157310.0";"2.351201"
"157320.0";"2.367884"
"157330.0";"2.41415"
"157340.0";"2.375929"
"157350.0";"2.450527"
"157360.0";"2.316154"
"157370.0";"2.358489"
"157380.0";"2.393744"
"157390.0";"2.389246"
"157400.0";"2.441649"
"157410.0";"2.442873"
"157420.0";"2.436744"
"157430.0";"2.513304"
"157440.0";"2.499059"
"157450.0";"2.45954"
"157460.0";"2.445456"
"157470.0";"2.470789"
"157480.0";"2.438712"
"157490.0";"2.377338"
"157500.0";"2.42468"
"157510.0";"2.428465"
"157520.0";"2.449043"
"157530.0";"2.438925"
"157540.0";"2.443047"
"157550.0";"2.392108"
"157560.0";"2.445322"
"157570.0";"2.451505"
"157580.0";"2.503336"
"157590.0";"2.42506"
"157600.0";"2.449494"
"157610.0";"2.398612"
"157620.0";"2.363904"
"157630.0";"2.362213"
"157640.0";"2.3359"
"157650.0";"2.275797"
"157660.0";"2.324"
"157670.0";"2.349874"
"157680.0";"2.382788"
"157690.0";"2.372224"
"157700.0";"2.327179"
"157710.0";"2.331799"
"157720.0";"2.348492"
"157730.0";"2.343753"
"157740.0";"2.342071"
"157750.0";"2.382859"
"157760.0";"2.379009"
"157770.0";"2.391076"
"157780.0";"2.377709"
"157790.0";"2.412281"
"157800.0";"2.467645"
"157810.0";"2.384777"
"157820.0";"2.367539"
"157830.0";"2.359138"
"157840.0";"2.366143"
"157850.0";"2.353372"
"157860.0";"2.393008"
"157870.0";"2.313614"
"157880.0";"2.369093"
"157890.0";"2.365483"
"157900.0";"2.374448"
"157910.0";"2.333657"
"157920.0";"2.347112"
"157930.0";"2.389342"
"157940.0";"2.361902"
"157950.0";"2.362797"
"157960.0";"2.281846"
"157970.0";"2.336099"
"157980.0";"2.319232"
"157990.0";"2.318277"
"158000.0";"2.395721"
"158010.0";"2.295476"
"158020.0";"2.38536"
"158030.0";"2.314358"
"158040.0";"2.330496"
"158050.0";"2.357261"
"158060.0";"2.375351"
"158070.0";"2.373178"
"158080.0";"2.328998"
"158090.0";"2.387913"
"158100.0";"2.385171"
"158110.0";"2.315847"
"158120.0";"2.335168"
"158130.0";"2.401655"
"158140.0";"2.32941"
"158150.0";"2.366773"
"158160.0";"2.367693"
"158170.0";"2.356034"
"158180.0";"2.346874"
"158190.0";"2.298085"
"158200.0";"2.310089"
"158210.0";"2.308548"
"158220.0";"2.386752"
"158230.0";"2.366987"
"158240.0";"2.368197"
"158250.0";"2.422179"
"158260.0";"2.364927"
"158270.0";"2.367227"
"158280.0";"2.392019"
"158290.0";"2.380178"
"158300.0";"2.390959"
"158310.0";"2.322896"
"158320.0";"2.336038"
"158330.0";"2.358366"
"158340.0";"2.345641"
"158350.0";"2.31368"
"158360.0";"2.401474"
"158370.0";"2.387274"
"158380.0";"2.39097"
"158390.0";"2.41235"
"158400.0";"2.281322"
"158410.0";"2.331772"
"158420.0";"2.422493"
"158430.0";"2.365265"
"158440.0";"2.402923"
"158450.0";"2.376032"
"158460.0";"2.386623"
"158470.0";"2.375217"
"158480.0";"2.459975"
"158490.0";"2.447944"
"158500.0";"2.45975"
"158510.0";"2.448988"
"158520.0";"2.382591"
"158530.0";"2.341212"
"158540.0";"2.360558"
"158550.0";"2.385877"
"158560.0";"2.411242"
"158570.0";"2.358124"
"158580.0";"2.410684"
"158590.0";"2.471126"
"158600.0";"2.416223"
"158610.0";"2.340734"
"158620.0";"2.331404"
"158630.0";"2.446991"
"158640.0";"2.36537"
"158650.0";"2.350799"
"158660.0";"2.389002"
"158670.0";"2.351583"
"158680.0";"2.317613"
"158690.0";"2.379239"
"158700.0";"2.340262"
"158710.0";"2.295657"
"158720.0";"2.42118"
"158730.0";"2.444374"
"158740.0";"2.431671"
"158750.0";"2.340692"
"158760.0";"2.354496"
"158770.0";"2.3961"
"158780.0";"2.417001"
"158790.0";"2.354793"
"158800.0";"2.339369"
"158810.0";"2.39749"
"158820.0";"2.328061"
"158830.0";"2.35849"
"158840.0";"2.37172"
"158850.0";"2.367728"
"158860.0";"2.373202"
"158870.0";"2.392764"
"158880.0";"2.413346"
"158890.0";"2.466915"
"158900.0";"2.423564"
"158910.0";"2.340486"
"158920.0";"2.426028"
"158930.0";"2.395752"
"158940.0";"2.431569"
"158950.0";"2.464918"
"158960.0";"2.362794"
"158970.0";"2.375512"
"158980.0";"2.410637"
"158990.0";"2.378567"
"159000.0";"2.373487"
"159010.0";"2.34951"
"159020.0";"2.435336"
"159030.0";"2.398571"
"159040.0";"2.38951"
"159050.0";"2.35487"
"159060.0";"2.380137"
"159070.0";"2.322496"
"159080.0";"2.347679"
"159090.0";"2.366278"
"159100.0";"2.375064"
"159110.0";"2.415088"
"159120.0";"2.333273"
"159130.0";"2.339742"
"159140.0";"2.42676"
"159150.0";"2.333679"
"159160.0";"2.45069"
"159170.0";"2.355077"
"159180.0";"2.375506"
"159190.0";"2.406551"
"159200.0";"2.336395"
"159210.0";"2.366399"
"159220.0";"2.381675"
"159230.0";"2.422823"
"159240.0";"2.385097"
"159250.0";"2.355872"
"159260.0";"2.365007"
"159270.0";"2.398134"
"159280.0";"2.362974"
"159290.0";"2.39666"
"159300.0";"2.370585"
"159310.0";"2.457521"
"159320.0";"2.386815"
"159330.0";"2.329033"
"159340.0";"2.322009"
"159350.0";"2.43544"
"159360.0";"2.438693"
"159370.0";"2.340016"
"159380.0";"2.427939"
"159390.0";"2.4329"
"159400.0";"2.364596"
"159410.0";"2.343689"
"159420.0";"2.353099"
"159430.0";"2.442023"
"159440.0";"2.350303"
"159450.0";"2.360752"
"159460.0";"2.3231"
"159470.0";"2.372685"
"159480.0";"2.381384"
"159490.0";"2.358278"
"159500.0";"2.386851"
"159510.0";"2.341636"
"159520.0";"2.376226"
"159530.0";"2.488518"
"159540.0";"2.429266"
"159550.0";"2.413148"
"159560.0";"2.38035"
"159570.0";"2.396142"
"159580.0";"2.378215"
"159590.0";"2.460185"
"159600.0";"2.472719"
"159610.0";"2.446666"
"159620.0";"2.375102"
"159630.0";"2.450213"
"159640.0";"2.416344"
"159650.0";"2.395523"
"159660.0";"2.416423"
"159670.0";"2.47035"
"159680.0";"2.465564"
"159690.0";"2.39024"
"159700.0";"2.422569"
"159710.0";"2.381016"
"159720.0";"2.42164"
"159730.0";"2.368178"
"159740.0";"2.343732"
"159750.0";"2.330688"
"159760.0";"2.419219"
"159770.0";"2.328831"
"159780.0";"2.302618"
"159790.0";"2.384385"
"159800.0";"2.306552"
"159810.0";"2.341765"
"159820.0";"2.344907"
"159830.0";"2.345369"
"159840.0";"2.358279"
"159850.0";"2.336714"
"159860.0";"2.33643"
"159870.0";"2.355623"
"159880.0";"2.361525"
"159890.0";"2.327946"
"159900.0";"2.333789"
"159910.0";"2.322267"
"159920.0";"2.305865"
"159930.0";"2.343008"
"159940.0";"2.27022"
"159950.0";"2.430557"
"159960.0";"2.447001"
"159970.0";"2.414202"
"159980.0";"2.342337"
"159990.0";"2.386613"
"160000.0";"2.380351"
"160010.0";"2.41646"
"160020.0";"2.409981"
"160030.0";"2.395415"
"160040.0";"2.261877"
"160050.0";"2.310417"
"160060.0";"2.282491"
"160070.0";"2.333819"
"160080.0";"2.304789"
"160090.0";"2.352846"
"160100.0";"2.326115"
"160110.0";"2.31625"
"160120.0";"2.379271"
"160130.0";"2.326478"
"160140.0";"2.402714"
"160150.0";"2.350116"
"160160.0";"2.369498"
"160170.0";"2.352198"
"160180.0";"2.376197"
"160190.0";"2.346619"
"160200.0";"2.328038"
"160210.0";"2.381978"
"160220.0";"2.417397"
"160230.0";"2.43961"
"160240.0";"2.378253"
"160250.0";"2.356612"
"160260.0";"2.327056"
"160270.0";"2.436228"
"160280.0";"2.389034"
"160290.0";"2.43615"
"160300.0";"2.361105"
"160310.0";"2.366594"
"160320.0";"2.392203"
"160330.0";"2.362589"
"160340.0";"2.40161"
"160350.0";"2.324245"
"160360.0";"2.41672"
"160370.0";"2.370379"
"160380.0";"2.370081"
"160390.0";"2.375915"
"160400.0";"2.33104"
"160410.0";"2.340294"
"160420.0";"2.370323"
"160430.0";"2.379811"
"160440.0";"2.352991"
"160450.0";"2.36184"
"160460.0";"2.385417"
"160470.0";"2.457557"
"160480.0";"2.409037"
"160490.0";"2.368332"
"160500.0";"2.378781"
"160510.0";"2.336113"
"160520.0";"2.277331"
"160530.0";"2.31918"
"160540.0";"2.246105"
"160550.0";"2.297071"
"160560.0";"2.344721"
"160570.0";"2.356411"
"160580.0";"2.346837"
"160590.0";"2.286512"
"160600.0";"2.313322"
"160610.0";"2.333334"
"160620.0";"2.395731"
"160630.0";"2.437505"
"160640.0";"2.350639"
"160650.0";"2.324774"
"160660.0";"2.392325"
"160670.0";"2.416785"
"160680.0";"2.350846"
"160690.0";"2.411867"
"160700.0";"2.31156"
"160710.0";"2.380451"
"160720.0";"2.338241"
"160730.0";"2.316582"
"160740.0";"2.302509"
"160750.0";"2.376049"
"160760.0";"2.37514"
"160770.0";"2.317073"
"160780.0";"2.334243"
"160790.0";"2.342076"
"160800.0";"2.372959"
"160810.0";"2.34399"
"160820.0";"2.401584"
"160830.0";"2.367038"
"160840.0";"2.410584"
"160850.0";"2.387452"
"160860.0";"2.296557"
"160870.0";"2.370418"
"160880.0";"2.394583"
"160890.0";"2.417306"
"160900.0";"2.3075"
"160910.0";"2.375097"
"160920.0";"2.314981"
"160930.0";"2.406235"
"160940.0";"2.400039"
"160950.0";"2.318383"
"160960.0";"2.391086"
"160970.0";"2.306448"
"160980.0";"2.394703"
"160990.0";"2.371442"
"161000.0";"2.340213"
"161010.0";"2.312999"
"161020.0";"2.359777"
"161030.0";"2.358808"
"161040.0";"2.401205"
"161050.0";"2.318053"
"161060.0";"2.376324"
"161070.0";"2.398329"
"161080.0";"2.35782"
"161090.0";"2.345344"
"161100.0";"2.374712"
"161110.0";"2.372545"
"161120.0";"2.275466"
"161130.0";"2.388245"
"161140.0";"2.349468"
"161150.0";"2.415746"
"161160.0";"2.369316"
"161170.0";"2.38775"
"161180.0";"2.361037"
"161190.0";"2.339422"
"161200.0";"2.336617"
"161210.0";"2.406394"
"161220.0";"2.341694"
"161230.0";"2.319374"
"161240.0";"2.35281"
"161250.0";"2.387815"
"161260.0";"2.31586"
"161270.0";"2.384092"
"161280.0";"2.394991"
"161290.0";"2.336432"
"161300.0";"2.379187"
"161310.0";"2.346776"
"161320.0";"2.436779"
"161330.0";"2.370273"
"161340.0";"2.348125"
"161350.0";"2.378258"
"161360.0";"2.436144"
"161370.0";"2.360881"
"161380.0";"2.391093"
"161390.0";"2.428759"
"161400.0";"2.35091"
"161410.0";"2.402177"
"161420.0";"2.401579"
"161430.0";"2.34729"
"161440.0";"2.299025"
"161450.0";"2.331187"
"161460.0";"2.370051"
"161470.0";"2.322524"
"161480.0";"2.28782"
"161490.0";"2.376213"
"161500.0";"2.330595"
"161510.0";"2.308708"
"161520.0";"2.320854"
"161530.0";"2.401103"
"161540.0";"2.357389"
"161550.0";"2.393632"
"161560.0";"2.304126"
"161570.0";"2.328484"
"161580.0";"2.372156"
"161590.0";"2.410881"
"161600.0";"2.408277"
"161610.0";"2.327517"
"161620.0";"2.362888"
"161630.0";"2.361941"
"161640.0";"2.366234"
"161650.0";"2.384605"
"161660.0";"2.35174"
"161670.0";"2.377646"
"161680.0";"2.363097"
"161690.0";"2.353065"
"161700.0";"2.372558"
"161710.0";"2.38541"
"161720.0";"2.400637"
"161730.0";"2.393577"
"161740.0";"2.344025"
"161750.0";"2.363021"
"161760.0";"2.328284"
"161770.0";"2.40605"
"161780.0";"2.382476"
"161790.0";"2.399764"
"161800.0";"2.343543"
"161810.0";"2.381702"
"161820.0";"2.342839"
"161830.0";"2.345551"
"161840.0";"2.376785"
"161850.0";"2.415457"
"161860.0";"2.42279"
"161870.0";"2.409546"
"161880.0";"2.341893"
"161890.0";"2.371154"
"161900.0";"2.411564"
"161910.0";"2.384612"
"161920.0";"2.335253"
"161930.0";"2.400081"
"161940.0";"2.346129"
"161950.0";"2.394005"
"161960.0";"2.366343"
"161970.0";"2.369723"
"161980.0";"2.359162"
"161990.0";"2.406436"
"162000.0";"2.368829"
"162010.0";"2.355471"
"162020.0";"2.335528"
"162030.0";"2.355929"
"162040.0";"2.331492"
"162050.0";"2.363102"
"162060.0";"2.326643"
"162070.0";"2.374185"
"162080.0";"2.321195"
"162090.0";"2.398407"
"162100.0";"2.378773"
"162110.0";"2.327342"
"162120.0";"2.303569"
"162130.0";"2.335196"
"162140.0";"2.34063"
"162150.0";"2.317908"
"162160.0";"2.328847"
"162170.0";"2.428558"
"162180.0";"2.352481"
"162190.0";"2.330037"
"162200.0";"2.350073"
"162210.0";"2.365152"
"162220.0";"2.364983"
"162230.0";"2.363704"
"162240.0";"2.402067"
"162250.0";"2.378329"
"162260.0";"2.402347"
"162270.0";"2.408453"
"162280.0";"2.275913"
"162290.0";"2.382812"
"162300.0";"2.394594"
"162310.0";"2.351995"
"162320.0";"2.398072"
"162330.0";"2.340476"
"162340.0";"2.356966"
"162350.0";"2.345421"
"162360.0";"2.397613"
"162370.0";"2.365941"
"162380.0";"2.383348"
"162390.0";"2.371245"
"162400.0";"2.389555"
"162410.0";"2.395393"
"162420.0";"2.371923"
"162430.0";"2.388802"
"162440.0";"2.336779"
"162450.0";"2.336053"
"162460.0";"2.315096"
"162470.0";"2.373489"
"162480.0";"2.378008"
"162490.0";"2.341289"
"162500.0";"2.319828"
"162510.0";"2.430096"
"162520.0";"2.451537"
"162530.0";"2.35594"
"162540.0";"2.345896"
"162550.0";"2.376876"
"162560.0";"2.40128"
"162570.0";"2.403606"
"162580.0";"2.406358"
"162590.0";"2.381927"
"162600.0";"2.315323"
"162610.0";"2.367532"
"162620.0";"2.353107"
"162630.0";"2.321739"
"162640.0";"2.375421"
"162650.0";"2.343832"
"162660.0";"2.326152"
"162670.0";"2.355585"
"162680.0";"2.338965"
"162690.0";"2.390113"
"162700.0";"2.349893"
"162710.0";"2.421433"
"162720.0";"2.397554"
"162730.0";"2.349999"
"162740.0";"2.350338"
"162750.0";"2.322802"
"162760.0";"2.347155"
"162770.0";"2.348958"
"162780.0";"2.35433"
"162790.0";"2.328139"
"162800.0";"2.380957"
"162810.0";"2.342412"
"162820.0";"2.351545"
"162830.0";"2.375159"
"162840.0";"2.397592"
"162850.0";"2.384181"
"162860.0";"2.301079"
"162870.0";"2.339727"
"162880.0";"2.353031"
"162890.0";"2.371022"
"162900.0";"2.395522"
"162910.0";"2.339399"
"162920.0";"2.371848"
"162930.0";"2.338509"
"162940.0";"2.377897"
"162950.0";"2.414291"
"162960.0";"2.355973"
"162970.0";"2.38651"
"162980.0";"2.335037"
"162990.0";"2.358482"
"163000.0";"2.342015"
"163010.0";"2.363963"
"163020.0";"2.38517"
"163030.0";"2.34001"
"163040.0";"2.321095"
"163050.0";"2.266747"
"163060.0";"2.295832"
"163070.0";"2.341411"
"163080.0";"2.328805"
"163090.0";"2.334795"
"163100.0";"2.318624"
"163110.0";"2.360514"
"163120.0";"2.348215"
"163130.0";"2.401331"
"163140.0";"2.393429"
"163150.0";"2.289409"
"163160.0";"2.33529"
"163170.0";"2.326388"
"163180.0";"2.397129"
"163190.0";"2.322746"
"163200.0";"2.327294"
"163210.0";"2.31679"
"163220.0";"2.361646"
"163230.0";"2.344098"
"163240.0";"2.334704"
"163250.0";"2.253829"
"163260.0";"2.366083"
"163270.0";"2.301436"
"163280.0";"2.326853"
"163290.0";"2.253079"
"163300.0";"2.359368"
"163310.0";"2.339173"
"163320.0";"2.297646"
"163330.0";"2.337638"
"163340.0";"2.399188"
"163350.0";"2.395626"
"163360.0";"2.446874"
"163370.0";"2.340385"
"163380.0";"2.335696"
"163390.0";"2.284624"
"163400.0";"2.31642"
"163410.0";"2.326574"
"163420.0";"2.400871"
"163430.0";"2.422926"
"163440.0";"2.389437"
"163450.0";"2.415439"
"163460.0";"2.411926"
"163470.0";"2.337321"
"163480.0";"2.393813"
"163490.0";"2.425556"
"163500.0";"2.302894"
"163510.0";"2.34179"
"163520.0";"2.377835"
"163530.0";"2.357943"
"163540.0";"2.38611"
"163550.0";"2.381755"
"163560.0";"2.387821"
"163570.0";"2.38353"
"163580.0";"2.39395"
"163590.0";"2.422264"
"163600.0";"2.35314"
"163610.0";"2.372782"
"163620.0";"2.318074"
"163630.0";"2.400245"
"163640.0";"2.346468"
"163650.0";"2.411524"
"163660.0";"2.354427"
"163670.0";"2.451663"
"163680.0";"2.380179"
"163690.0";"2.399996"
"163700.0";"2.317036"
"163710.0";"2.407304"
"163720.0";"2.343672"
"163730.0";"2.38911"
"163740.0";"2.344819"
"163750.0";"2.38484"
"163760.0";"2.366807"
"163770.0";"2.386751"
"163780.0";"2.393341"
"163790.0";"2.357588"
"163800.0";"2.334512"
"163810.0";"2.314902"
"163820.0";"2.37368"
"163830.0";"2.303017"
"163840.0";"2.31558"
"163850.0";"2.325714"
"163860.0";"2.356358"
"163870.0";"2.354309"
"163880.0";"2.399324"
"163890.0";"2.347415"
"163900.0";"2.380186"
"163910.0";"2.38124"
"163920.0";"2.370337"
"163930.0";"2.385994"
"163940.0";"2.311356"
"163950.0";"2.383454"
"163960.0";"2.337223"
"163970.0";"2.328886"
"163980.0";"2.327971"
"163990.0";"2.383099"
"164000.0";"2.374617"
"164010.0";"2.352048"
"164020.0";"2.311785"
"164030.0";"2.380724"
"164040.0";"2.330919"
"164050.0";"2.31249"
"164060.0";"2.341895"
"164070.0";"2.342783"
"164080.0";"2.299008"
"164090.0";"2.334133"
"164100.0";"2.297972"
"164110.0";"2.283782"
"164120.0";"2.372356"
"164130.0";"2.34741"
"164140.0";"2.372432"
"164150.0";"2.34893"
"164160.0";"2.276803"
"164170.0";"2.34265"
"164180.0";"2.374565"
"164190.0";"2.277696"
"164200.0";"2.342971"
"164210.0";"2.314737"
"164220.0";"2.40344"
"164230.0";"2.31969"
"164240.0";"2.392442"
"164250.0";"2.374902"
"164260.0";"2.399901"
"164270.0";"2.390011"
"164280.0";"2.389817"
"164290.0";"2.372381"
"164300.0";"2.402453"
"164310.0";"2.331845"
"164320.0";"2.343299"
"164330.0";"2.345674"
"164340.0";"2.292675"
"164350.0";"2.325212"
"164360.0";"2.34158"
"164370.0";"2.347534"
"164380.0";"2.303204"
"164390.0";"2.364609"
"164400.0";"2.350542"
"164410.0";"2.425642"
"164420.0";"2.285596"
"164430.0";"2.367661"
"164440.0";"2.319708"
"164450.0";"2.33361"
"164460.0";"2.324978"
"164470.0";"2.376101"
"164480.0";"2.330445"
"164490.0";"2.378036"
"164500.0";"2.3441"
"164510.0";"2.331791"
"164520.0";"2.390029"
"164530.0";"2.291294"
"164540.0";"2.369826"
"164550.0";"2.356432"
"164560.0";"2.339779"
"164570.0";"2.403"
"164580.0";"2.330072"
"164590.0";"2.34802"
"164600.0";"2.429243"
"164610.0";"2.40822"
"164620.0";"2.315354"
"164630.0";"2.397092"
"164640.0";"2.390374"
"164650.0";"2.42304"
"164660.0";"2.308753"
"164670.0";"2.368834"
"164680.0";"2.38236"
"164690.0";"2.360409"
"164700.0";"2.396191"
"164710.0";"2.409926"
"164720.0";"2.339055"
"164730.0";"2.421184"
"164740.0";"2.345484"
"164750.0";"2.340966"
"164760.0";"2.339219"
"164770.0";"2.349222"
"164780.0";"2.367846"
"164790.0";"2.413457"
"164800.0";"2.354047"
"164810.0";"2.410605"
"164820.0";"2.413889"
"164830.0";"2.266615"
"164840.0";"2.379003"
"164850.0";"2.345649"
"164860.0";"2.329076"
"164870.0";"2.297065"
"164880.0";"2.338527"
"164890.0";"2.366587"
"164900.0";"2.405615"
"164910.0";"2.30926"
"164920.0";"2.360611"
"164930.0";"2.301263"
"164940.0";"2.401329"
"164950.0";"2.392532"
"164960.0";"2.373219"
"164970.0";"2.354735"
"164980.0";"2.35994"
"164990.0";"2.333318"
"165000.0";"2.329675"
"165010.0";"2.344591"
"165020.0";"2.284254"
"165030.0";"2.331529"
"165040.0";"2.388207"
"165050.0";"2.384449"
"165060.0";"2.356789"
"165070.0";"2.340142"
"165080.0";"2.36647"
"165090.0";"2.257639"
"165100.0";"2.349968"
"165110.0";"2.284399"
"165120.0";"2.269674"
"165130.0";"2.316077"
"165140.0";"2.340749"
"165150.0";"2.345635"
"165160.0";"2.379148"
"165170.0";"2.367307"
"165180.0";"2.320308"
"165190.0";"2.414972"
"165200.0";"2.386126"
"165210.0";"2.373813"
"165220.0";"2.352377"
"165230.0";"2.384625"
"165240.0";"2.385941"
"165250.0";"2.38046"
"165260.0";"2.431286"
"165270.0";"2.373127"
"165280.0";"2.362345"
"165290.0";"2.348868"
"165300.0";"2.355395"
"165310.0";"2.367205"
"165320.0";"2.350778"
"165330.0";"2.376949"
"165340.0";"2.329371"
"165350.0";"2.385603"
"165360.0";"2.381768"
"165370.0";"2.392494"
"165380.0";"2.362688"
"165390.0";"2.43046"
"165400.0";"2.29662"
"165410.0";"2.268148"
"165420.0";"2.361534"
"165430.0";"2.416515"
"165440.0";"2.294004"
"165450.0";"2.326008"
"165460.0";"2.364278"
"165470.0";"2.412789"
"165480.0";"2.381292"
"165490.0";"2.393603"
"165500.0";"2.429147"
"165510.0";"2.325868"
"165520.0";"2.374572"
"165530.0";"2.35026"
"165540.0";"2.407471"
"165550.0";"2.398432"
"165560.0";"2.340496"
"165570.0";"2.328439"
"165580.0";"2.380598"
"165590.0";"2.33023"
"165600.0";"2.348835"
"165610.0";"2.405246"
"165620.0";"2.427719"
"165630.0";"2.45775"
"165640.0";"2.427944"
"165650.0";"2.326669"
"165660.0";"2.368627"
"165670.0";"2.408476"
"165680.0";"2.381166"
"165690.0";"2.390993"
"165700.0";"2.36436"
"165710.0";"2.396171"
"165720.0";"2.380678"
"165730.0";"2.38813"
"165740.0";"2.403206"
"165750.0";"2.32667"
"165760.0";"2.413021"
"165770.0";"2.381929"
"165780.0";"2.442851"
"165790.0";"2.332353"
"165800.0";"2.427371"
"165810.0";"2.388607"
"165820.0";"2.316268"
"165830.0";"2.425185"
"165840.0";"2.392919"
"165850.0";"2.403583"
"165860.0";"2.417433"
"165870.0";"2.487332"
"165880.0";"2.395286"
"165890.0";"2.385876"
"165900.0";"2.348985"
"165910.0";"2.373804"
"165920.0";"2.3887"
"165930.0";"2.374195"
"165940.0";"2.435085"
"165950.0";"2.349449"
"165960.0";"2.357573"
"165970.0";"2.386349"
"165980.0";"2.379889"
"165990.0";"2.358172"
"166000.0";"2.354982"
"166010.0";"2.399904"
"166020.0";"2.356472"
"166030.0";"2.389219"
"166040.0";"2.396441"
"166050.0";"2.360699"
"166060.0";"2.401467"
"166070.0";"2.38756"
"166080.0";"2.36273"
"166090.0";"2.386822"
"166100.0";"2.337655"
"166110.0";"2.343595"
"166120.0";"2.320248"
"166130.0";"2.409279"
"166140.0";"2.40129"
"166150.0";"2.38306"
"166160.0";"2.369292"
"166170.0";"2.413682"
"166180.0";"2.372299"
"166190.0";"2.453049"
"166200.0";"2.426909"
"166210.0";"2.435114"
"166220.0";"2.439026"
"166230.0";"2.373109"
"166240.0";"2.308129"
"166250.0";"2.449455"
"166260.0";"2.409076"
"166270.0";"2.445853"
"166280.0";"2.438311"
"166290.0";"2.402169"
"166300.0";"2.479808"
"166310.0";"2.374718"
"166320.0";"2.430963"
"166330.0";"2.433095"
"166340.0";"2.398341"
"166350.0";"2.367136"
"166360.0";"2.435272"
"166370.0";"2.32661"
"166380.0";"2.448572"
"166390.0";"2.385904"
"166400.0";"2.34795"
"166410.0";"2.371775"
"166420.0";"2.401886"
"166430.0";"2.465585"
"166440.0";"2.385953"
"166450.0";"2.45746"
"166460.0";"2.356354"
"166470.0";"2.372122"
"166480.0";"2.38357"
"166490.0";"2.325385"
"166500.0";"2.338446"
"166510.0";"2.321941"
"166520.0";"2.384647"
"166530.0";"2.409232"
"166540.0";"2.416335"
"166550.0";"2.398489"
"166560.0";"2.333664"
"166570.0";"2.404502"
"166580.0";"2.433467"
"166590.0";"2.367164"
"166600.0";"2.418642"
"166610.0";"2.429366"
"166620.0";"2.482219"
"166630.0";"2.417044"
"166640.0";"2.374091"
"166650.0";"2.452604"
"166660.0";"2.395867"
"166670.0";"2.418077"
"166680.0";"2.374073"
"166690.0";"2.375053"
"166700.0";"2.342612"
"166710.0";"2.328294"
"166720.0";"2.429718"
"166730.0";"2.381912"
"166740.0";"2.417647"
"166750.0";"2.423741"
"166760.0";"2.424259"
"166770.0";"2.431743"
"166780.0";"2.471217"
"166790.0";"2.455953"
"166800.0";"2.443748"
"166810.0";"2.419799"
"166820.0";"2.447148"
"166830.0";"2.388031"
"166840.0";"2.421648"
"166850.0";"2.461437"
"166860.0";"2.451741"
"166870.0";"2.367087"
"166880.0";"2.359228"
"166890.0";"2.380103"
"166900.0";"2.319372"
"166910.0";"2.387784"
"166920.0";"2.401011"
"166930.0";"2.385656"
"166940.0";"2.473748"
"166950.0";"2.478724"
"166960.0";"2.397983"
"166970.0";"2.434273"
"166980.0";"2.415192"
"166990.0";"2.38706"
"167000.0";"2.400059"
"167010.0";"2.36428"
"167020.0";"2.356843"
"167030.0";"2.260093"
"167040.0";"2.368171"
"167050.0";"2.26474"
"167060.0";"2.336873"
"167070.0";"2.424966"
"167080.0";"2.383662"
"167090.0";"2.360614"
"167100.0";"2.323658"
"167110.0";"2.269693"
"167120.0";"2.310924"
"167130.0";"2.340976"
"167140.0";"2.330176"
"167150.0";"2.319689"
"167160.0";"2.323176"
"167170.0";"2.381386"
"167180.0";"2.340717"
"167190.0";"2.294534"
"167200.0";"2.414619"
"167210.0";"2.329168"
"167220.0";"2.34485"
"167230.0";"2.4164"
"167240.0";"2.401834"
"167250.0";"2.338591"
"167260.0";"2.38187"
"167270.0";"2.351839"
"167280.0";"2.368535"
"167290.0";"2.362178"
"167300.0";"2.344079"
"167310.0";"2.367124"
"167320.0";"2.298623"
"167330.0";"2.366066"
"167340.0";"2.366077"
"167350.0";"2.421789"
"167360.0";"2.355551"
"167370.0";"2.322085"
"167380.0";"2.364623"
"167390.0";"2.401645"
"167400.0";"2.344507"
"167410.0";"2.357468"
"167420.0";"2.331155"
"167430.0";"2.359089"
"167440.0";"2.323619"
"167450.0";"2.36767"
"167460.0";"2.371794"
"167470.0";"2.311311"
"167480.0";"2.321894"
"167490.0";"2.345829"
"167500.0";"2.396652"
"167510.0";"2.378161"
"167520.0";"2.417973"
"167530.0";"2.398805"
"167540.0";"2.384078"
"167550.0";"2.429735"
"167560.0";"2.365792"
"167570.0";"2.357739"
"167580.0";"2.421011"
"167590.0";"2.408593"
"167600.0";"2.454225"
"167610.0";"2.382464"
"167620.0";"2.421517"
"167630.0";"2.445797"
"167640.0";"2.374327"
"167650.0";"2.363827"
"167660.0";"2.34045"
"167670.0";"2.380352"
"167680.0";"2.404987"
"167690.0";"2.439178"
"167700.0";"2.328429"
"167710.0";"2.339371"
"167720.0";"2.404264"
"167730.0";"2.438131"
"167740.0";"2.342695"
"167750.0";"2.343294"
"167760.0";"2.387168"
"167770.0";"2.404511"
"167780.0";"2.355789"
"167790.0";"2.391506"
"167800.0";"2.357175"
"167810.0";"2.411888"
"167820.0";"2.339736"
"167830.0";"2.439223"
"167840.0";"2.359987"
"167850.0";"2.418806"
"167860.0";"2.347717"
"167870.0";"2.365075"
"167880.0";"2.430733"
"167890.0";"2.32348"
"167900.0";"2.333341"
"167910.0";"2.432221"
"167920.0";"2.372492"
"167930.0";"2.376468"
"167940.0";"2.307599"
"167950.0";"2.383168"
"167960.0";"2.338296"
"167970.0";"2.43591"
"167980.0";"2.345268"
"167990.0";"2.420789"
"168000.0";"2.427701"
"168010.0";"2.363753"
"168020.0";"2.38702"
"168030.0";"2.341419"
"168040.0";"2.375215"
"168050.0";"2.448881"
"168060.0";"2.362568"
"168070.0";"2.385044"
"168080.0";"2.404956"
"168090.0";"2.335351"
"168100.0";"2.294165"
"168110.0";"2.381565"
"168120.0";"2.377073"
"168130.0";"2.344316"
"168140.0";"2.359818"
"168150.0";"2.365879"
"168160.0";"2.351464"
"168170.0";"2.33223"
"168180.0";"2.385304"
"168190.0";"2.444832"
"168200.0";"2.361833"
"168210.0";"2.408906"
"168220.0";"2.391429"
"168230.0";"2.377862"
"168240.0";"2.36118"
"168250.0";"2.430101"
"168260.0";"2.443844"
"168270.0";"2.398417"
"168280.0";"2.350929"
"168290.0";"2.369543"
"168300.0";"2.361111"
"168310.0";"2.347195"
"168320.0";"2.322257"
"168330.0";"2.383623"
"168340.0";"2.346626"
"168350.0";"2.403774"
"168360.0";"2.429246"
"168370.0";"2.444974"
"168380.0";"2.504088"
"168390.0";"2.394226"
"168400.0";"2.394066"
"168410.0";"2.369831"
"168420.0";"2.437494"
"168430.0";"2.385278"
"168440.0";"2.380407"
"168450.0";"2.41989"
"168460.0";"2.403512"
"168470.0";"2.408082"
"168480.0";"2.366944"
"168490.0";"2.428463"
"168500.0";"2.364175"
"168510.0";"2.397232"
"168520.0";"2.416018"
"168530.0";"2.404132"
"168540.0";"2.348481"
"168550.0";"2.364077"
"168560.0";"2.399265"
"168570.0";"2.378635"
"168580.0";"2.343941"
"168590.0";"2.370469"
"168600.0";"2.386052"
"168610.0";"2.361669"
"168620.0";"2.343163"
"168630.0";"2.346916"
"168640.0";"2.372304"
"168650.0";"2.418107"
"168660.0";"2.364783"
"168670.0";"2.411589"
"168680.0";"2.389265"
"168690.0";"2.350389"
"168700.0";"2.383866"
"168710.0";"2.393137"
"168720.0";"2.356044"
"168730.0";"2.390146"
"168740.0";"2.340064"
"168750.0";"2.366762"
"168760.0";"2.341755"
"168770.0";"2.375237"
"168780.0";"2.402484"
"168790.0";"2.402192"
"168800.0";"2.404058"
"168810.0";"2.387799"
"168820.0";"2.324253"
"168830.0";"2.370299"
"168840.0";"2.301801"
"168850.0";"2.376519"
"168860.0";"2.342016"
"168870.0";"2.427549"
"168880.0";"2.426406"
"168890.0";"2.417508"
"168900.0";"2.434809"
"168910.0";"2.404814"
"168920.0";"2.396915"
"168930.0";"2.391263"
"168940.0";"2.443587"
"168950.0";"2.425609"
"168960.0";"2.450894"
"168970.0";"2.426481"
"168980.0";"2.438164"
"168990.0";"2.432798"
"169000.0";"2.363879"
"169010.0";"2.320921"
"169020.0";"2.408272"
"169030.0";"2.432765"
"169040.0";"2.338367"
"169050.0";"2.380625"
"169060.0";"2.398541"
"169070.0";"2.445597"
"169080.0";"2.367184"
"169090.0";"2.466805"
"169100.0";"2.406758"
"169110.0";"2.427493"
"169120.0";"2.429698"
"169130.0";"2.389974"
"169140.0";"2.422728"
"169150.0";"2.345224"
"169160.0";"2.292737"
"169170.0";"2.295371"
"169180.0";"2.458492"
"169190.0";"2.383628"
"169200.0";"2.337496"
"169210.0";"2.323647"
"169220.0";"2.448272"
"169230.0";"2.370826"
"169240.0";"2.407407"
"169250.0";"2.36958"
"169260.0";"2.368043"
"169270.0";"2.456553"
"169280.0";"2.361124"
"169290.0";"2.422196"
"169300.0";"2.415594"
"169310.0";"2.338727"
"169320.0";"2.400322"
"169330.0";"2.395317"
"169340.0";"2.446969"
"169350.0";"2.425175"
"169360.0";"2.397682"
"169370.0";"2.44453"
"169380.0";"2.421333"
"169390.0";"2.448005"
"169400.0";"2.457983"
"169410.0";"2.438783"
"169420.0";"2.452107"
"169430.0";"2.508505"
"169440.0";"2.456732"
"169450.0";"2.421354"
"169460.0";"2.437649"
"169470.0";"2.435697"
"169480.0";"2.397426"
"169490.0";"2.417529"
"169500.0";"2.387244"
"169510.0";"2.426043"
"169520.0";"2.522626"
"169530.0";"2.44114"
"169540.0";"2.397286"
"169550.0";"2.382161"
"169560.0";"2.419003"
"169570.0";"2.519576"
"169580.0";"2.51213"
"169590.0";"2.42482"
"169600.0";"2.463624"
"169610.0";"2.487429"
"169620.0";"2.431252"
"169630.0";"2.445588"
"169640.0";"2.459477"
"169650.0";"2.424522"
"169660.0";"2.459094"
"169670.0";"2.412408"
"169680.0";"2.41506"
"169690.0";"2.442693"
"169700.0";"2.48224"
"169710.0";"2.448218"
"169720.0";"2.402076"
"169730.0";"2.375435"
"169740.0";"2.445549"
"169750.0";"2.427709"
"169760.0";"2.468664"
"169770.0";"2.452538"
"169780.0";"2.441864"
"169790.0";"2.346464"
"169800.0";"2.408194"
"169810.0";"2.493429"
"169820.0";"2.406187"
"169830.0";"2.526435"
"169840.0";"2.499941"
"169850.0";"2.446451"
"169860.0";"2.445143"
"169870.0";"2.489478"
"169880.0";"2.454229"
"169890.0";"2.380489"
"169900.0";"2.430856"
"169910.0";"2.370547"
"169920.0";"2.413636"
"169930.0";"2.389116"
"169940.0";"2.481468"
"169950.0";"2.491489"
"169960.0";"2.459257"
"169970.0";"2.436417"
"169980.0";"2.335631"
"169990.0";"2.400705"
"170000.0";"2.481112"
"170010.0";"2.442719"
"170020.0";"2.477751"
"170030.0";"2.419796"
"170040.0";"2.425121"
"170050.0";"2.474245"
"170060.0";"2.539527"
"170070.0";"2.483624"
"170080.0";"2.482153"
"170090.0";"2.394851"
"170100.0";"2.391897"
"170110.0";"2.378444"
"170120.0";"2.370994"
"170130.0";"2.435774"
"170140.0";"2.442813"
"170150.0";"2.36611"
"170160.0";"2.433937"
"170170.0";"2.50658"
"170180.0";"2.479527"
"170190.0";"2.42146"
"170200.0";"2.496555"
"170210.0";"2.424213"
"170220.0";"2.378723"
"170230.0";"2.427656"
"170240.0";"2.338058"
"170250.0";"2.417715"
"170260.0";"2.411183"
"170270.0";"2.397354"
"170280.0";"2.423297"
"170290.0";"2.412239"
"170300.0";"2.469105"
"170310.0";"2.401782"
"170320.0";"2.420324"
"170330.0";"2.355874"
"170340.0";"2.425507"
"170350.0";"2.375238"
"170360.0";"2.429409"
"170370.0";"2.392111"
"170380.0";"2.419091"
"170390.0";"2.406193"
"170400.0";"2.419075"
"170410.0";"2.444811"
"170420.0";"2.433879"
"170430.0";"2.405333"
"170440.0";"2.458192"
"170450.0";"2.476985"
"170460.0";"2.392178"
"170470.0";"2.451966"
"170480.0";"2.492494"
"170490.0";"2.448952"
"170500.0";"2.395807"
"170510.0";"2.384947"
"170520.0";"2.40125"
"170530.0";"2.447693"
"170540.0";"2.376079"
"170550.0";"2.460748"
"170560.0";"2.44182"
"170570.0";"2.376759"
"170580.0";"2.40479"
"170590.0";"2.468488"
"170600.0";"2.37338"
"170610.0";"2.432454"
"170620.0";"2.36945"
"170630.0";"2.337787"
"170640.0";"2.389002"
"170650.0";"2.427862"
"170660.0";"2.474269"
"170670.0";"2.456548"
"170680.0";"2.399876"
"170690.0";"2.452274"
"170700.0";"2.387955"
"170710.0";"2.440269"
"170720.0";"2.426389"
"170730.0";"2.454543"
"170740.0";"2.475652"
"170750.0";"2.403903"
"170760.0";"2.515566"
"170770.0";"2.338164"
"170780.0";"2.430958"
"170790.0";"2.458511"
"170800.0";"2.393171"
"170810.0";"2.439882"
"170820.0";"2.485868"
"170830.0";"2.399768"
"170840.0";"2.452444"
"170850.0";"2.451138"
"170860.0";"2.449825"
"170870.0";"2.460742"
"170880.0";"2.439205"
"170890.0";"2.38909"
"170900.0";"2.428025"
"170910.0";"2.456072"
"170920.0";"2.490971"
"170930.0";"2.458689"
"170940.0";"2.550157"
"170950.0";"2.471714"
"170960.0";"2.462284"
"170970.0";"2.408493"
"170980.0";"2.447211"
"170990.0";"2.493645"
"171000.0";"2.506731"
"171010.0";"2.513573"
"171020.0";"2.508455"
"171030.0";"2.542582"
"171040.0";"2.471802"
"171050.0";"2.492124"
"171060.0";"2.475229"
"171070.0";"2.547258"
"171080.0";"2.513372"
"171090.0";"2.527958"
"171100.0";"2.547023"
"171110.0";"2.494809"
"171120.0";"2.510324"
"171130.0";"2.484645"
"171140.0";"2.467309"
"171150.0";"2.539673"
"171160.0";"2.496952"
"171170.0";"2.523917"
"171180.0";"2.494095"
"171190.0";"2.522853"
"171200.0";"2.505862"
"171210.0";"2.487538"
"171220.0";"2.499548"
"171230.0";"2.48367"
"171240.0";"2.50351"
"171250.0";"2.480956"
"171260.0";"2.471688"
"171270.0";"2.439947"
"171280.0";"2.467758"
"171290.0";"2.458818"
"171300.0";"2.535715"
"171310.0";"2.504976"
"171320.0";"2.561005"
"171330.0";"2.524817"
"171340.0";"2.418349"
"171350.0";"2.419663"
"171360.0";"2.402109"
"171370.0";"2.51622"
"171380.0";"2.44178"
"171390.0";"2.394698"
"171400.0";"2.430266"
"171410.0";"2.477042"
"171420.0";"2.428765"
"171430.0";"2.411709"
"171440.0";"2.463201"
"171450.0";"2.461136"
"171460.0";"2.365749"
"171470.0";"2.444465"
"171480.0";"2.373795"
"171490.0";"2.376998"
"171500.0";"2.359639"
"171510.0";"2.467583"
"171520.0";"2.428456"
"171530.0";"2.414251"
"171540.0";"2.523121"
"171550.0";"2.456784"
"171560.0";"2.464892"
"171570.0";"2.496082"
"171580.0";"2.472489"
"171590.0";"2.447745"
"171600.0";"2.513015"
"171610.0";"2.429937"
"171620.0";"2.444767"
"171630.0";"2.472736"
"171640.0";"2.435235"
"171650.0";"2.452019"
"171660.0";"2.435451"
"171670.0";"2.417484"
"171680.0";"2.512733"
"171690.0";"2.452719"
"171700.0";"2.388191"
"171710.0";"2.45707"
"171720.0";"2.321338"
"171730.0";"2.327471"
"171740.0";"2.374612"
"171750.0";"2.367983"
"171760.0";"2.423471"
"171770.0";"2.372615"
"171780.0";"2.364372"
"171790.0";"2.415556"
"171800.0";"2.467076"
"171810.0";"2.421059"
"171820.0";"2.391559"
"171830.0";"2.471376"
"171840.0";"2.400843"
"171850.0";"2.449383"
"171860.0";"2.380356"
"171870.0";"2.378592"
"171880.0";"2.470738"
"171890.0";"2.383776"
"171900.0";"2.399111"
"171910.0";"2.382366"
"171920.0";"2.342626"
"171930.0";"2.421533"
"171940.0";"2.414341"
"171950.0";"2.442934"
"171960.0";"2.445918"
"171970.0";"2.446198"
"171980.0";"2.403383"
"171990.0";"2.371031"
"172000.0";"2.383489"
"172010.0";"2.383423"
"172020.0";"2.418808"
"172030.0";"2.34435"
"172040.0";"2.343491"
"172050.0";"2.338367"
"172060.0";"2.393336"
"172070.0";"2.371809"
"172080.0";"2.35801"
"172090.0";"2.333243"
"172100.0";"2.383627"
"172110.0";"2.349829"
"172120.0";"2.329164"
"172130.0";"2.364219"
"172140.0";"2.408123"
"172150.0";"2.392035"
"172160.0";"2.376611"
"172170.0";"2.327744"
"172180.0";"2.375138"
"172190.0";"2.352836"
"172200.0";"2.446394"
"172210.0";"2.364501"
"172220.0";"2.384089"
"172230.0";"2.374212"
"172240.0";"2.47752"
"172250.0";"2.397114"
"172260.0";"2.402048"
"172270.0";"2.33076"
"172280.0";"2.354016"
"172290.0";"2.341307"
"172300.0";"2.370625"
"172310.0";"2.404613"
"172320.0";"2.321943"
"172330.0";"2.316883"
"172340.0";"2.303466"
"172350.0";"2.342234"
"172360.0";"2.41126"
"172370.0";"2.392728"
"172380.0";"2.335943"
"172390.0";"2.295819"
"172400.0";"2.324885"
"172410.0";"2.367941"
"172420.0";"2.326664"
"172430.0";"2.357641"
"172440.0";"2.37689"
"172450.0";"2.367956"
"172460.0";"2.402666"
"172470.0";"2.339438"
"172480.0";"2.369902"
"172490.0";"2.395719"
"172500.0";"2.348546"
"172510.0";"2.3466"
"172520.0";"2.402167"
"172530.0";"2.319389"
"172540.0";"2.354013"
"172550.0";"2.371053"
"172560.0";"2.39345"
"172570.0";"2.367351"
"172580.0";"2.372276"
"172590.0";"2.343993"
"172600.0";"2.324979"
"172610.0";"2.359715"
"172620.0";"2.337216"
"172630.0";"2.352318"
"172640.0";"2.27892"
"172650.0";"2.358608"
"172660.0";"2.395169"
"172670.0";"2.356354"
"172680.0";"2.350241"
"172690.0";"2.397094"
"172700.0";"2.322007"
"172710.0";"2.365255"
"172720.0";"2.469541"
"172730.0";"2.30062"
"172740.0";"2.337076"
"172750.0";"2.354373"
"172760.0";"2.352594"
"172770.0";"2.417479"
"172780.0";"2.394216"
"172790.0";"2.407556"
"172800.0";"2.397327"
"172810.0";"2.407593"
"172820.0";"2.429659"
"172830.0";"2.42307"
"172840.0";"2.391904"
"172850.0";"2.434284"
"172860.0";"2.398572"
"172870.0";"2.436753"
"172880.0";"2.420856"
"172890.0";"2.392709"
"172900.0";"2.429499"
"172910.0";"2.347174"
"172920.0";"2.407577"
"172930.0";"2.412994"
"172940.0";"2.439978"
"172950.0";"2.39731"
"172960.0";"2.390907"
"172970.0";"2.371984"
"172980.0";"2.474728"
"172990.0";"2.45201"
"173000.0";"2.445859"
"173010.0";"2.38733"
"173020.0";"2.429912"
"173030.0";"2.378381"
"173040.0";"2.372562"
"173050.0";"2.32928"
"173060.0";"2.48927"
"173070.0";"2.426919"
"173080.0";"2.463197"
"173090.0";"2.403285"
"173100.0";"2.44313"
"173110.0";"2.469001"
"173120.0";"2.400223"
"173130.0";"2.435692"
"173140.0";"2.462578"
"173150.0";"2.445402"
"173160.0";"2.378828"
"173170.0";"2.350776"
"173180.0";"2.442392"
"173190.0";"2.436545"
"173200.0";"2.452344"
"173210.0";"2.468265"
"173220.0";"2.404022"
"173230.0";"2.373956"
"173240.0";"2.461937"
"173250.0";"2.451626"
"173260.0";"2.412535"
"173270.0";"2.38097"
"173280.0";"2.490543"
"173290.0";"2.426471"
"173300.0";"2.39795"
"173310.0";"2.350955"
"173320.0";"2.452692"
"173330.0";"2.471052"
"173340.0";"2.430693"
"173350.0";"2.350793"
"173360.0";"2.421511"
"173370.0";"2.427807"
"173380.0";"2.409757"
"173390.0";"2.430433"
"173400.0";"2.368465"
"173410.0";"2.347598"
"173420.0";"2.346328"
"173430.0";"2.335613"
"173440.0";"2.339053"
"173450.0";"2.267143"
"173460.0";"2.326153"
"173470.0";"2.357216"
"173480.0";"2.319055"
"173490.0";"2.361446"
"173500.0";"2.362061"
"173510.0";"2.30062"
"173520.0";"2.352436"
"173530.0";"2.35733"
"173540.0";"2.359273"
"173550.0";"2.374722"
"173560.0";"2.370841"
"173570.0";"2.307229"
"173580.0";"2.304049"
"173590.0";"2.357827"
"173600.0";"2.317467"
"173610.0";"2.407498"
"173620.0";"2.380204"
"173630.0";"2.379365"
"173640.0";"2.446942"
"173650.0";"2.360382"
"173660.0";"2.341017"
"173670.0";"2.332023"
"173680.0";"2.410295"
"173690.0";"2.378587"
"173700.0";"2.380918"
"173710.0";"2.360771"
"173720.0";"2.402845"
"173730.0";"2.447378"
"173740.0";"2.374597"
"173750.0";"2.373768"
"173760.0";"2.393361"
"173770.0";"2.440281"
"173780.0";"2.376911"
"173790.0";"2.387984"
"173800.0";"2.419025"
"173810.0";"2.342411"
"173820.0";"2.418247"
"173830.0";"2.336274"
"173840.0";"2.381164"
"173850.0";"2.376443"
"173860.0";"2.387316"
"173870.0";"2.398722"
"173880.0";"2.376207"
"173890.0";"2.348965"
"173900.0";"2.336873"
"173910.0";"2.314311"
"173920.0";"2.371344"
"173930.0";"2.437462"
"173940.0";"2.375435"
"173950.0";"2.429422"
"173960.0";"2.438581"
"173970.0";"2.457749"
"173980.0";"2.485081"
"173990.0";"2.320067"
"174000.0";"2.423014"
"174010.0";"2.405246"
"174020.0";"2.462607"
"174030.0";"2.359098"
"174040.0";"2.393228"
"174050.0";"2.379407"
"174060.0";"2.429235"
"174070.0";"2.481402"
"174080.0";"2.429126"
"174090.0";"2.457145"
"174100.0";"2.383767"
"174110.0";"2.442106"
"174120.0";"2.469161"
"174130.0";"2.286649"
"174140.0";"2.35364"
"174150.0";"2.338159"
"174160.0";"2.399127"
"174170.0";"2.40311"
"174180.0";"2.408212"
"174190.0";"2.424565"
"174200.0";"2.365122"
"174210.0";"2.414318"
"174220.0";"2.434799"
"174230.0";"2.355135"
"174240.0";"2.455929"
"174250.0";"2.372608"
"174260.0";"2.391845"
"174270.0";"2.375764"
"174280.0";"2.374495"
"174290.0";"2.39541"
"174300.0";"2.348876"
"174310.0";"2.316798"
"174320.0";"2.385184"
"174330.0";"2.336149"
"174340.0";"2.331033"
"174350.0";"2.364803"
"174360.0";"2.352801"
"174370.0";"2.399212"
"174380.0";"2.369569"
"174390.0";"2.42245"
"174400.0";"2.389389"
"174410.0";"2.375402"
"174420.0";"2.445415"
"174430.0";"2.373558"
"174440.0";"2.37622"
"174450.0";"2.359996"
"174460.0";"2.434556"
"174470.0";"2.382004"
"174480.0";"2.376623"
"174490.0";"2.395733"
"174500.0";"2.322378"
"174510.0";"2.411557"
"174520.0";"2.373781"
"174530.0";"2.321671"
"174540.0";"2.413116"
"174550.0";"2.393321"
"174560.0";"2.383482"
"174570.0";"2.332011"
"174580.0";"2.376244"
"174590.0";"2.408207"
"174600.0";"2.404863"
"174610.0";"2.32959"
"174620.0";"2.378299"
"174630.0";"2.300089"
"174640.0";"2.338216"
"174650.0";"2.323434"
"174660.0";"2.315285"
"174670.0";"2.375123"
"174680.0";"2.404292"
"174690.0";"2.355857"
"174700.0";"2.352672"
"174710.0";"2.430959"
"174720.0";"2.419986"
"174730.0";"2.300531"
"174740.0";"2.275499"
"174750.0";"2.345477"
"174760.0";"2.424586"
"174770.0";"2.376814"
"174780.0";"2.404278"
"174790.0";"2.41643"
"174800.0";"2.407471"
"174810.0";"2.403326"
"174820.0";"2.410851"
"174830.0";"2.417345"
"174840.0";"2.428828"
"174850.0";"2.339191"
"174860.0";"2.333479"
"174870.0";"2.429052"
"174880.0";"2.435809"
"174890.0";"2.388189"
"174900.0";"2.3971"
"174910.0";"2.356958"
"174920.0";"2.4344"
"174930.0";"2.410658"
"174940.0";"2.396065"
"174950.0";"2.412052"
"174960.0";"2.389748"
"174970.0";"2.412483"
"174980.0";"2.399335"
"174990.0";"2.393869"
"175000.0";"2.490232"
"175010.0";"2.390044"
"175020.0";"2.456131"
"175030.0";"2.390504"
"175040.0";"2.350259"
"175050.0";"2.378888"
"175060.0";"2.376645"
"175070.0";"2.372758"
"175080.0";"2.331204"
"175090.0";"2.333374"
"175100.0";"2.336181"
"175110.0";"2.336037"
"175120.0";"2.273935"
"175130.0";"2.332199"
"175140.0";"2.344629"
"175150.0";"2.332852"
"175160.0";"2.356339"
"175170.0";"2.391926"
"175180.0";"2.388696"
"175190.0";"2.379591"
"175200.0";"2.33912"
"175210.0";"2.426563"
"175220.0";"2.402838"
"175230.0";"2.349597"
"175240.0";"2.381379"
"175250.0";"2.310235"
"175260.0";"2.360612"
"175270.0";"2.435898"
"175280.0";"2.403643"
"175290.0";"2.384295"
"175300.0";"2.476256"
"175310.0";"2.458699"
"175320.0";"2.404538"
"175330.0";"2.399264"
"175340.0";"2.385121"
"175350.0";"2.406773"
"175360.0";"2.351189"
"175370.0";"2.370204"
"175380.0";"2.396153"
"175390.0";"2.388462"
"175400.0";"2.312994"
"175410.0";"2.414321"
"175420.0";"2.369825"
"175430.0";"2.374006"
"175440.0";"2.405007"
"175450.0";"2.388515"
"175460.0";"2.368163"
"175470.0";"2.377052"
"175480.0";"2.342677"
"175490.0";"2.371595"
"175500.0";"2.34672"
"175510.0";"2.337094"
"175520.0";"2.40557"
"175530.0";"2.361611"
"175540.0";"2.388236"
"175550.0";"2.43292"
"175560.0";"2.42036"
"175570.0";"2.378449"
"175580.0";"2.391995"
"175590.0";"2.292899"
"175600.0";"2.28528"
"175610.0";"2.355308"
"175620.0";"2.358638"
"175630.0";"2.3038"
"175640.0";"2.349371"
"175650.0";"2.32449"
"175660.0";"2.302013"
"175670.0";"2.42489"
"175680.0";"2.299763"
"175690.0";"2.329142"
"175700.0";"2.2917"
"175710.0";"2.405555"
"175720.0";"2.323603"
"175730.0";"2.398649"
"175740.0";"2.376367"
"175750.0";"2.371345"
"175760.0";"2.391842"
"175770.0";"2.398282"
"175780.0";"2.350451"
"175790.0";"2.385482"
"175800.0";"2.319705"
"175810.0";"2.396127"
"175820.0";"2.435494"
"175830.0";"2.394545"
"175840.0";"2.326409"
"175850.0";"2.334203"
"175860.0";"2.286219"
"175870.0";"2.385336"
"175880.0";"2.322775"
"175890.0";"2.371407"
"175900.0";"2.417821"
"175910.0";"2.352185"
"175920.0";"2.339969"
"175930.0";"2.389454"
"175940.0";"2.387079"
"175950.0";"2.316241"
"175960.0";"2.387054"
"175970.0";"2.414682"
"175980.0";"2.419096"
"175990.0";"2.369268"
"176000.0";"2.417366"
"176010.0";"2.448985"
"176020.0";"2.402522"
"176030.0";"2.409922"
"176040.0";"2.447025"
"176050.0";"2.422478"
"176060.0";"2.362224"
"176070.0";"2.392658"
"176080.0";"2.417293"
"176090.0";"2.402403"
"176100.0";"2.327475"
"176110.0";"2.454075"
"176120.0";"2.37399"
"176130.0";"2.327808"
"176140.0";"2.339086"
"176150.0";"2.384424"
"176160.0";"2.316385"
"176170.0";"2.378069"
"176180.0";"2.280855"
"176190.0";"2.373664"
"176200.0";"2.320229"
"176210.0";"2.341235"
"176220.0";"2.384188"
"176230.0";"2.34897"
"176240.0";"2.38009"
"176250.0";"2.407331"
"176260.0";"2.414134"
"176270.0";"2.425195"
"176280.0";"2.34875"
"176290.0";"2.390579"
"176300.0";"2.361511"
"176310.0";"2.370518"
"176320.0";"2.393241"
"176330.0";"2.388213"
"176340.0";"2.408201"
"176350.0";"2.492922"
"176360.0";"2.412659"
"176370.0";"2.339723"
"176380.0";"2.336836"
"176390.0";"2.386367"
"176400.0";"2.394052"
"176410.0";"2.355646"
"176420.0";"2.325032"
"176430.0";"2.28827"
"176440.0";"2.379316"
"176450.0";"2.318854"
"176460.0";"2.321742"
"176470.0";"2.318869"
"176480.0";"2.352838"
"176490.0";"2.327386"
"176500.0";"2.32313"
"176510.0";"2.344249"
"176520.0";"2.344419"
"176530.0";"2.339526"
"176540.0";"2.365873"
"176550.0";"2.318872"
"176560.0";"2.336141"
"176570.0";"2.313498"
"176580.0";"2.348714"
"176590.0";"2.343256"
"176600.0";"2.351312"
"176610.0";"2.361716"
"176620.0";"2.337933"
"176630.0";"2.341637"
"176640.0";"2.325356"
"176650.0";"2.363812"
"176660.0";"2.323314"
"176670.0";"2.335964"
"176680.0";"2.296887"
"176690.0";"2.280795"
"176700.0";"2.294173"
"176710.0";"2.316215"
"176720.0";"2.325678"
"176730.0";"2.325508"
"176740.0";"2.383417"
"176750.0";"2.385519"
"176760.0";"2.372018"
"176770.0";"2.366383"
"176780.0";"2.318414"
"176790.0";"2.336978"
"176800.0";"2.325176"
"176810.0";"2.347231"
"176820.0";"2.419019"
"176830.0";"2.399273"
"176840.0";"2.39687"
"176850.0";"2.429974"
"176860.0";"2.362289"
"176870.0";"2.421609"
"176880.0";"2.371653"
"176890.0";"2.38159"
"176900.0";"2.323199"
"176910.0";"2.326186"
"176920.0";"2.336446"
"176930.0";"2.276289"
"176940.0";"2.340662"
"176950.0";"2.348184"
"176960.0";"2.343176"
"176970.0";"2.363207"
"176980.0";"2.288648"
"176990.0";"2.299115"
"177000.0";"2.289127"
"177010.0";"2.311699"
"177020.0";"2.216865"
"177030.0";"2.252757"
"177040.0";"2.382062"
"177050.0";"2.339947"
"177060.0";"2.271308"
"177070.0";"2.169894"
"177080.0";"2.32652"
"177090.0";"2.407257"
"177100.0";"2.34375"
"177110.0";"2.387028"
"177120.0";"2.327795"
"177130.0";"2.388317"
"177140.0";"2.294573"
"177150.0";"2.41572"
"177160.0";"2.350574"
"177170.0";"2.302125"
"177180.0";"2.306257"
"177190.0";"2.429334"
"177200.0";"2.458177"
"177210.0";"2.473289"
"177220.0";"2.46576"
"177230.0";"2.560868"
"177240.0";"2.377384"
"177250.0";"2.319959"
"177260.0";"2.325147"
"177270.0";"2.226639"
"177280.0";"2.339113"
"177290.0";"2.299668"
"177300.0";"2.289434"
"177310.0";"2.265988"
"177320.0";"2.37229"
"177330.0";"2.27814"
"177340.0";"2.2774"
"177350.0";"2.296137"
"177360.0";"2.343951"
"177370.0";"2.283715"
"177380.0";"2.292537"
"177390.0";"2.406361"
"177400.0";"2.284755"
"177410.0";"2.324679"
"177420.0";"2.254375"
"177430.0";"2.340447"
"177440.0";"2.386128"
"177450.0";"2.401844"
"177460.0";"2.323666"
"177470.0";"2.28851"
"177480.0";"2.407013"
"177490.0";"2.35819"
"177500.0";"2.384343"
"177510.0";"2.395076"
"177520.0";"2.427451"
"177530.0";"2.338649"
"177540.0";"2.366354"
"177550.0";"2.332269"
"177560.0";"2.328209"
"177570.0";"2.252992"
"177580.0";"2.30168"
"177590.0";"2.321508"
"177600.0";"2.33651"
"177610.0";"2.360593"
"177620.0";"2.33677"
"177630.0";"2.356257"
"177640.0";"2.267595"
"177650.0";"2.363081"
"177660.0";"2.384628"
"177670.0";"2.298752"
"177680.0";"2.344348"
"177690.0";"2.274846"
"177700.0";"2.316416"
"177710.0";"2.344997"
"177720.0";"2.248938"
"177730.0";"2.235298"
"177740.0";"2.26768"
"177750.0";"2.248394"
"177760.0";"2.348582"
"177770.0";"2.269623"
"177780.0";"2.34058"
"177790.0";"2.279219"
"177800.0";"2.308631"
"177810.0";"2.230684"
"177820.0";"2.305845"
"177830.0";"2.276327"
"177840.0";"2.248406"
"177850.0";"2.324387"
"177860.0";"2.233016"
"177870.0";"2.330353"
"177880.0";"2.371696"
"177890.0";"2.237894"
"177900.0";"2.30807"
"177910.0";"2.404874"
"177920.0";"2.374896"
"177930.0";"2.280744"
"177940.0";"2.297316"
"177950.0";"2.40683"
"177960.0";"2.303033"
"177970.0";"2.2933"
"177980.0";"2.285357"
"177990.0";"2.295686"
"178000.0";"2.303831"
"178010.0";"2.393583"
"178020.0";"2.322908"
"178030.0";"2.335562"
"178040.0";"2.340666"
"178050.0";"2.343299"
"178060.0";"2.290078"
"178070.0";"2.355646"
"178080.0";"2.361735"
"178090.0";"2.302362"
"178100.0";"2.303091"
"178110.0";"2.397246"
"178120.0";"2.213852"
"178130.0";"2.407777"
"178140.0";"2.285279"
"178150.0";"2.23901"
"178160.0";"2.300365"
"178170.0";"2.247573"
"178180.0";"2.363503"
"178190.0";"2.302032"
"178200.0";"2.317622"
"178210.0";"2.281634"
"178220.0";"2.376812"
"178230.0";"2.279798"
"178240.0";"2.32523"
"178250.0";"2.288047"
"178260.0";"2.275338"
"178270.0";"2.325446"
"178280.0";"2.34889"
"178290.0";"2.222876"
"178300.0";"2.299936"
"178310.0";"2.314955"
"178320.0";"2.367666"
"178330.0";"2.278738"
"178340.0";"2.303866"
"178350.0";"2.317078"
"178360.0";"2.296083"
"178370.0";"2.395554"
"178380.0";"2.301521"
"178390.0";"2.411173"
"178400.0";"2.290143"
"178410.0";"2.332049"
"178420.0";"2.278414"
"178430.0";"2.315256"
"178440.0";"2.332068"
"178450.0";"2.284948"
"178460.0";"2.361239"
"178470.0";"2.218816"
"178480.0";"2.328402"
"178490.0";"2.316247"
"178500.0";"2.273241"
"178510.0";"2.358836"
"178520.0";"2.326879"
"178530.0";"2.388167"
"178540.0";"2.282439"
"178550.0";"2.319677"
"178560.0";"2.361848"
"178570.0";"2.284965"
"178580.0";"2.365593"
"178590.0";"2.305802"
"178600.0";"2.272821"
"178610.0";"2.377064"
"178620.0";"2.366224"
"178630.0";"2.32983"
"178640.0";"2.274184"
"178650.0";"2.234587"
"178660.0";"2.408235"
"178670.0";"2.336326"
"178680.0";"2.334121"
"178690.0";"2.366578"
"178700.0";"2.269191"
"178710.0";"2.262452"
"178720.0";"2.33674"
"178730.0";"2.156867"
"178740.0";"2.33946"
"178750.0";"2.312124"
"178760.0";"2.352651"
"178770.0";"2.355989"
"178780.0";"2.270243"
"178790.0";"2.285919"
"178800.0";"2.325908"
"178810.0";"2.352166"
"178820.0";"2.340432"
"178830.0";"2.234921"
"178840.0";"2.364117"
"178850.0";"2.33567"
"178860.0";"2.367697"
"178870.0";"2.358197"
"178880.0";"2.330692"
"178890.0";"2.352485"
"178900.0";"2.315068"
"178910.0";"2.427102"
"178920.0";"2.30917"
"178930.0";"2.308999"
"178940.0";"2.2876"
"178950.0";"2.311561"
"178960.0";"2.329554"
"178970.0";"2.394121"
"178980.0";"2.279002"
"178990.0";"2.383103"
"179000.0";"2.275126"
"179010.0";"2.205604"
"179020.0";"2.384681"
"179030.0";"2.239827"
"179040.0";"2.340387"
"179050.0";"2.287042"
"179060.0";"2.297"
"179070.0";"2.342513"
"179080.0";"2.338635"
"179090.0";"2.294535"
"179100.0";"2.397083"
"179110.0";"2.346328"
"179120.0";"2.260415"
"179130.0";"2.322462"
"179140.0";"2.320644"
"179150.0";"2.414659"
"179160.0";"2.41535"
"179170.0";"2.371433"
"179180.0";"2.393944"
"179190.0";"2.521144"
"179200.0";"2.349428"
"179210.0";"2.302973"
"179220.0";"2.374028"
"179230.0";"2.328034"
"179240.0";"2.419897"
"179250.0";"2.365199"
"179260.0";"2.340323"
"179270.0";"2.369327"
"179280.0";"2.355277"
"179290.0";"2.377784"
"179300.0";"2.234754"
"179310.0";"2.455498"
"179320.0";"2.327154"
"179330.0";"2.355404"
"179340.0";"2.372965"
"179350.0";"2.361353"
"179360.0";"2.376026"
"179370.0";"2.364558"
"179380.0";"2.387553"
"179390.0";"2.414922"
"179400.0";"2.390419"
"179410.0";"2.400037"
"179420.0";"2.370548"
"179430.0";"2.323431"
"179440.0";"2.353467"
"179450.0";"2.37417"
"179460.0";"2.355723"
"179470.0";"2.364875"
"179480.0";"2.424158"
"179490.0";"2.376174"
"179500.0";"2.39674"
"179510.0";"2.401259"
"179520.0";"2.387137"
"179530.0";"2.345889"
"179540.0";"2.325991"
"179550.0";"2.395582"
"179560.0";"2.31878"
"179570.0";"2.396156"
"179580.0";"2.315816"
"179590.0";"2.366619"
"179600.0";"2.373032"
"179610.0";"2.392451"
"179620.0";"2.299599"
"179630.0";"2.303302"
"179640.0";"2.33228"
"179650.0";"2.31755"
"179660.0";"2.338762"
"179670.0";"2.361609"
"179680.0";"2.385583"
"179690.0";"2.392228"
"179700.0";"2.324373"
"179710.0";"2.375542"
"179720.0";"2.306786"
"179730.0";"2.399372"
"179740.0";"2.396535"
"179750.0";"2.365448"
"179760.0";"2.401123"
"179770.0";"2.425855"
"179780.0";"2.399719"
"179790.0";"2.40797"
"179800.0";"2.481714"
"179810.0";"2.409353"
"179820.0";"2.425773"
"179830.0";"2.391916"
"179840.0";"2.377805"
"179850.0";"2.407942"
"179860.0";"2.389019"
"179870.0";"2.400729"
"179880.0";"2.331119"
"179890.0";"2.428328"
"179900.0";"2.379954"
"179910.0";"2.330426"
"179920.0";"2.259785"
"179930.0";"2.283252"
"179940.0";"2.276905"
"179950.0";"2.259959"
"179960.0";"2.348909"
"179970.0";"2.335885"
"179980.0";"2.359717"
"179990.0";"2.352311"
"180000.0";"2.385391"
"180010.0";"2.336164"
"180020.0";"2.254584"
"180030.0";"2.310284"
"180040.0";"2.235419"
"180050.0";"2.228146"
"180060.0";"2.31371"
"180070.0";"2.315964"
"180080.0";"2.31807"
"180090.0";"2.326323"
"180100.0";"2.339377"
"180110.0";"2.260582"
"180120.0";"2.301865"
"180130.0";"2.388175"
"180140.0";"2.311468"
"180150.0";"2.304658"
"180160.0";"2.247607"
"180170.0";"2.233487"
"180180.0";"2.321944"
"180190.0";"2.257321"
"180200.0";"2.350946"
"180210.0";"2.411747"
"180220.0";"2.325089"
"180230.0";"2.288736"
"180240.0";"2.37656"
"180250.0";"2.351952"
"180260.0";"2.292021"
"180270.0";"2.260518"
"180280.0";"2.306077"
"180290.0";"2.198274"
"180300.0";"2.314457"
"180310.0";"2.304149"
"180320.0";"2.35157"
"180330.0";"2.322692"
"180340.0";"2.303127"
"180350.0";"2.270473"
"180360.0";"2.26744"
"180370.0";"2.4311"
"180380.0";"2.350593"
"180390.0";"2.300009"
"180400.0";"2.375829"
"180410.0";"2.328518"
"180420.0";"2.360938"
"180430.0";"2.396285"
"180440.0";"2.353284"
"180450.0";"2.25374"
"180460.0";"2.304158"
"180470.0";"2.384701"
"180480.0";"2.276057"
"180490.0";"2.317778"
"180500.0";"2.291767"
"180510.0";"2.344063"
"180520.0";"2.332524"
"180530.0";"2.274936"
"180540.0";"2.411932"
"180550.0";"2.376179"
"180560.0";"2.370768"
"180570.0";"2.332767"
"180580.0";"2.342979"
"180590.0";"2.332703"
"180600.0";"2.405991"
"180610.0";"2.408111"
"180620.0";"2.401016"
"180630.0";"2.224873"
"180640.0";"2.349495"
"180650.0";"2.323811"
"180660.0";"2.31666"
"180670.0";"2.381414"
"180680.0";"2.334763"
"180690.0";"2.346217"
"180700.0";"2.404531"
"180710.0";"2.324529"
"180720.0";"2.312736"
"180730.0";"2.355655"
"180740.0";"2.290694"
"180750.0";"2.282131"
"180760.0";"2.346863"
"180770.0";"2.347665"
"180780.0";"2.335628"
"180790.0";"2.380344"
"180800.0";"2.259282"
"180810.0";"2.297966"
"180820.0";"2.429868"
"180830.0";"2.314295"
"180840.0";"2.281843"
"180850.0";"2.201648"
"180860.0";"2.287155"
"180870.0";"2.309175"
"180880.0";"2.223922"
"180890.0";"2.27166"
"180900.0";"2.413544"
"180910.0";"2.314226"
"180920.0";"2.28239"
"180930.0";"2.315966"
"180940.0";"2.331969"
"180950.0";"2.271971"
"180960.0";"2.180652"
"180970.0";"2.330842"
"180980.0";"2.282091"
"180990.0";"2.20558"
"181000.0";"2.304624"
"181010.0";"2.274545"
"181020.0";"2.287828"
"181030.0";"2.437406"
"181040.0";"2.296558"
"181050.0";"2.337945"
"181060.0";"2.366448"
"181070.0";"2.273762"
"181080.0";"2.27057"
"181090.0";"2.344988"
"181100.0";"2.376353"
"181110.0";"2.377383"
"181120.0";"2.335403"
"181130.0";"2.365611"
"181140.0";"2.402674"
"181150.0";"2.354508"
"181160.0";"2.342083"
"181170.0";"2.33029"
"181180.0";"2.362699"
"181190.0";"2.427856"
"181200.0";"2.291685"
"181210.0";"2.314127"
"181220.0";"2.352279"
"181230.0";"2.238477"
"181240.0";"2.346021"
"181250.0";"2.431778"
"181260.0";"2.340578"
"181270.0";"2.289046"
"181280.0";"2.388867"
"181290.0";"2.320327"
"181300.0";"2.325163"
"181310.0";"2.374351"
"181320.0";"2.352695"
"181330.0";"2.26409"
"181340.0";"2.403484"
"181350.0";"2.360291"
"181360.0";"2.391951"
"181370.0";"2.26398"
"181380.0";"2.321981"
"181390.0";"2.380141"
"181400.0";"2.30443"
"181410.0";"2.28321"
"181420.0";"2.276883"
"181430.0";"2.330706"
"181440.0";"2.256573"
"181450.0";"2.305608"
"181460.0";"2.289683"
"181470.0";"2.274081"
"181480.0";"2.288913"
"181490.0";"2.337889"
"181500.0";"2.247181"
"181510.0";"2.347273"
"181520.0";"2.287008"
"181530.0";"2.20798"
"181540.0";"2.302645"
"181550.0";"2.315594"
"181560.0";"2.284254"
"181570.0";"2.230411"
"181580.0";"2.286676"
"181590.0";"2.402947"
"181600.0";"2.294723"
"181610.0";"2.341997"
"181620.0";"2.366689"
"181630.0";"2.341523"
"181640.0";"2.251851"
"181650.0";"2.249187"
"181660.0";"2.298889"
"181670.0";"2.329583"
"181680.0";"2.361408"
"181690.0";"2.322407"
"181700.0";"2.361327"
"181710.0";"2.339565"
"181720.0";"2.367423"
"181730.0";"2.424541"
"181740.0";"2.306897"
"181750.0";"2.413647"
"181760.0";"2.438184"
"181770.0";"2.360779"
"181780.0";"2.29367"
"181790.0";"2.234306"
"181800.0";"2.314893"
"181810.0";"2.369159"
"181820.0";"2.351605"
"181830.0";"2.31308"
"181840.0";"2.285553"
"181850.0";"2.288679"
"181860.0";"2.349799"
"181870.0";"2.463733"
"181880.0";"2.36187"
"181890.0";"2.299465"
"181900.0";"2.301804"
"181910.0";"2.289334"
"181920.0";"2.36738"
"181930.0";"2.300368"
"181940.0";"2.228453"
"181950.0";"2.215132"
"181960.0";"2.330116"
"181970.0";"2.20352"
"181980.0";"2.246085"
"181990.0";"2.37065"
"182000.0";"2.184935"
"182010.0";"2.241444"
"182020.0";"2.283422"
"182030.0";"2.448903"
"182040.0";"2.435265"
"182050.0";"2.374977"
"182060.0";"2.428597"
"182070.0";"2.40704"
"182080.0";"2.274351"
"182090.0";"2.271019"
"182100.0";"2.354829"
"182110.0";"2.37711"
"182120.0";"2.339668"
"182130.0";"2.387253"
"182140.0";"2.254604"
"182150.0";"2.353868"
"182160.0";"2.405726"
"182170.0";"2.328863"
"182180.0";"2.354862"
"182190.0";"2.421648"
"182200.0";"2.305257"
"182210.0";"2.302244"
"182220.0";"2.251148"
"182230.0";"2.273884"
"182240.0";"2.266384"
"182250.0";"2.338824"
"182260.0";"2.252195"
"182270.0";"2.418519"
"182280.0";"2.230999"
"182290.0";"2.260651"
"182300.0";"2.298455"
"182310.0";"2.479254"
"182320.0";"2.399206"
"182330.0";"2.459846"
"182340.0";"2.409681"
"182350.0";"2.380071"
"182360.0";"2.367576"
"182370.0";"2.362199"
"182380.0";"2.283218"
"182390.0";"2.259398"
"182400.0";"2.36542"
"182410.0";"2.318303"
"182420.0";"2.279073"
"182430.0";"2.414056"
"182440.0";"2.321273"
"182450.0";"2.29299"
"182460.0";"2.253186"
"182470.0";"2.418525"
"182480.0";"2.252446"
"182490.0";"2.471826"
"182500.0";"2.404456"
"182510.0";"2.339679"
"182520.0";"2.239987"
"182530.0";"2.420357"
"182540.0";"2.438238"
"182550.0";"2.399172"
"182560.0";"2.399236"
"182570.0";"2.422578"
"182580.0";"2.447524"
"182590.0";"2.507622"
"182600.0";"2.370773"
"182610.0";"2.385529"
"182620.0";"2.414859"
"182630.0";"2.407063"
"182640.0";"2.497367"
"182650.0";"2.423564"
"182660.0";"2.487815"
"182670.0";"2.393841"
"182680.0";"2.446353"
"182690.0";"2.416993"
"182700.0";"2.474109"
"182710.0";"2.521468"
"182720.0";"2.482358"
"182730.0";"2.49141"
"182740.0";"2.40414"
"182750.0";"2.545764"
"182760.0";"2.545305"
"182770.0";"2.442707"
"182780.0";"2.447984"
"182790.0";"2.513755"
"182800.0";"2.504984"
"182810.0";"2.45154"
"182820.0";"2.369719"
"182830.0";"2.393709"
"182840.0";"2.355693"
"182850.0";"2.331196"
"182860.0";"2.385978"
"182870.0";"2.394083"
"182880.0";"2.460507"
"182890.0";"2.420291"
"182900.0";"2.50407"
"182910.0";"2.498567"
"182920.0";"2.52289"
"182930.0";"2.448006"
"182940.0";"2.475494"
"182950.0";"2.454941"
"182960.0";"2.445111"
"182970.0";"2.486951"
"182980.0";"2.534847"
"182990.0";"2.547013"
"183000.0";"2.429168"
"183010.0";"2.454403"
"183020.0";"2.512643"
"183030.0";"2.464354"
"183040.0";"2.476077"
"183050.0";"2.503858"
"183060.0";"2.419045"
"183070.0";"2.470098"
"183080.0";"2.497205"
"183090.0";"2.398078"
"183100.0";"2.412187"
"183110.0";"2.503794"
"183120.0";"2.476845"
"183130.0";"2.564421"
"183140.0";"2.49554"
"183150.0";"2.488195"
"183160.0";"2.46332"
"183170.0";"2.41996"
"183180.0";"2.500509"
"183190.0";"2.491685"
"183200.0";"2.488079"
"183210.0";"2.454161"
"183220.0";"2.468023"
"183230.0";"2.387445"
"183240.0";"2.435785"
"183250.0";"2.48203"
"183260.0";"2.505265"
"183270.0";"2.502853"
"183280.0";"2.46113"
"183290.0";"2.473062"
"183300.0";"2.442025"
"183310.0";"2.388949"
"183320.0";"2.483334"
"183330.0";"2.459019"
"183340.0";"2.422823"
"183350.0";"2.43601"
"183360.0";"2.477374"
"183370.0";"2.488963"
"183380.0";"2.476033"
"183390.0";"2.487356"
"183400.0";"2.423312"
"183410.0";"2.36843"
"183420.0";"2.497009"
"183430.0";"2.480621"
"183440.0";"2.453517"
"183450.0";"2.37334"
"183460.0";"2.424755"
"183470.0";"2.340717"
"183480.0";"2.463443"
"183490.0";"2.437972"
"183500.0";"2.349837"
"183510.0";"2.412097"
"183520.0";"2.439099"
"183530.0";"2.406944"
"183540.0";"2.381018"
"183550.0";"2.386333"
"183560.0";"2.475304"
"183570.0";"2.366358"
"183580.0";"2.480041"
"183590.0";"2.375183"
"183600.0";"2.452816"
"183610.0";"2.44172"
"183620.0";"2.419137"
"183630.0";"2.489845"
"183640.0";"2.436796"
"183650.0";"2.467884"
"183660.0";"2.388802"
"183670.0";"2.433822"
"183680.0";"2.429597"
"183690.0";"2.4147"
"183700.0";"2.475877"
"183710.0";"2.459452"
"183720.0";"2.413043"
"183730.0";"2.439427"
"183740.0";"2.384918"
"183750.0";"2.518288"
"183760.0";"2.423294"
"183770.0";"2.529488"
"183780.0";"2.439128"
"183790.0";"2.489594"
"183800.0";"2.454535"
"183810.0";"2.464088"
"183820.0";"2.44927"
"183830.0";"2.397377"
"183840.0";"2.410269"
"183850.0";"2.431454"
"183860.0";"2.376422"
"183870.0";"2.42811"
"183880.0";"2.461127"
"183890.0";"2.451058"
"183900.0";"2.466835"
"183910.0";"2.424849"
"183920.0";"2.380518"
"183930.0";"2.471692"
"183940.0";"2.436503"
"183950.0";"2.452756"
"183960.0";"2.410053"
"183970.0";"2.392061"
"183980.0";"2.290993"
"183990.0";"2.335006"
"184000.0";"2.298508"
"184010.0";"2.378356"
"184020.0";"2.374648"
"184030.0";"2.320678"
"184040.0";"2.325193"
"184050.0";"2.337149"
"184060.0";"2.282263"
"184070.0";"2.358636"
"184080.0";"2.260153"
"184090.0";"2.276428"
"184100.0";"2.319082"
"184110.0";"2.329612"
"184120.0";"2.32479"
"184130.0";"2.389239"
"184140.0";"2.412152"
"184150.0";"2.37993"
"184160.0";"2.404866"
"184170.0";"2.299822"
"184180.0";"2.326393"
"184190.0";"2.419392"
"184200.0";"2.389203"
"184210.0";"2.357236"
"184220.0";"2.439914"
"184230.0";"2.366179"
"184240.0";"2.406337"
"184250.0";"2.294182"
"184260.0";"2.410954"
"184270.0";"2.31641"
"184280.0";"2.305426"
"184290.0";"2.314316"
"184300.0";"2.304444"
"184310.0";"2.332205"
"184320.0";"2.306066"
"184330.0";"2.330958"
"184340.0";"2.383818"
"184350.0";"2.344593"
"184360.0";"2.31784"
"184370.0";"2.432676"
"184380.0";"2.37754"
"184390.0";"2.40046"
"184400.0";"2.476099"
"184410.0";"2.442161"
"184420.0";"2.346416"
"184430.0";"2.397711"
"184440.0";"2.382026"
"184450.0";"2.356202"
"184460.0";"2.34076"
"184470.0";"2.256927"
"184480.0";"2.301023"
"184490.0";"2.334299"
"184500.0";"2.399415"
"184510.0";"2.437458"
"184520.0";"2.503778"
"184530.0";"2.406304"
"184540.0";"2.430107"
"184550.0";"2.435695"
"184560.0";"2.332327"
"184570.0";"2.416859"
"184580.0";"2.327944"
"184590.0";"2.342999"
"184600.0";"2.392241"
"184610.0";"2.293429"
"184620.0";"2.418116"
"184630.0";"2.295331"
"184640.0";"2.407512"
"184650.0";"2.372617"
"184660.0";"2.374405"
"184670.0";"2.45269"
"184680.0";"2.431105"
"184690.0";"2.353074"
"184700.0";"2.358967"
"184710.0";"2.321064"
"184720.0";"2.271871"
"184730.0";"2.372066"
"184740.0";"2.405363"
"184750.0";"2.344612"
"184760.0";"2.35147"
"184770.0";"2.370624"
"184780.0";"2.445385"
"184790.0";"2.393184"
"184800.0";"2.336263"
"184810.0";"2.383468"
"184820.0";"2.328942"
"184830.0";"2.341321"
"184840.0";"2.429323"
"184850.0";"2.361473"
"184860.0";"2.459186"
"184870.0";"2.308662"
"184880.0";"2.375643"
"184890.0";"2.349409"
"184900.0";"2.349639"
"184910.0";"2.470206"
"184920.0";"2.409091"
"184930.0";"2.346263"
"184940.0";"2.284229"
"184950.0";"2.462318"
"184960.0";"2.391753"
"184970.0";"2.427553"
"184980.0";"2.419311"
"184990.0";"2.397567"
"185000.0";"2.342508"
"185010.0";"2.444014"
"185020.0";"2.396837"
"185030.0";"2.459644"
"185040.0";"2.466821"
"185050.0";"2.39507"
"185060.0";"2.296286"
"185070.0";"2.367884"
"185080.0";"2.352132"
"185090.0";"2.373881"
"185100.0";"2.414992"
"185110.0";"2.385412"
"185120.0";"2.33395"
"185130.0";"2.396373"
"185140.0";"2.421183"
"185150.0";"2.457891"
"185160.0";"2.417411"
"185170.0";"2.341749"
"185180.0";"2.435576"
"185190.0";"2.381177"
"185200.0";"2.37664"
"185210.0";"2.462117"
"185220.0";"2.441742"
"185230.0";"2.461071"
"185240.0";"2.441034"
"185250.0";"2.359001"
"185260.0";"2.470283"
"185270.0";"2.411868"
"185280.0";"2.406636"
"185290.0";"2.392113"
"185300.0";"2.370689"
"185310.0";"2.442488"
"185320.0";"2.400715"
"185330.0";"2.346162"
"185340.0";"2.438592"
"185350.0";"2.369511"
"185360.0";"2.294503"
"185370.0";"2.290478"
"185380.0";"2.252745"
"185390.0";"2.309824"
"185400.0";"2.378752"
"185410.0";"2.289911"
"185420.0";"2.365303"
"185430.0";"2.340403"
"185440.0";"2.395405"
"185450.0";"2.42194"
"185460.0";"2.425208"
"185470.0";"2.439873"
"185480.0";"2.327713"
"185490.0";"2.297975"
"185500.0";"2.296508"
"185510.0";"2.351281"
"185520.0";"2.435529"
"185530.0";"2.490007"
"185540.0";"2.356946"
"185550.0";"2.372678"
"185560.0";"2.406196"
"185570.0";"2.390501"
"185580.0";"2.354783"
"185590.0";"2.399737"
"185600.0";"2.346138"
"185610.0";"2.375659"
"185620.0";"2.431449"
"185630.0";"2.380946"
"185640.0";"2.363387"
"185650.0";"2.381114"
"185660.0";"2.440511"
"185670.0";"2.324998"
"185680.0";"2.364466"
"185690.0";"2.505646"
"185700.0";"2.391587"
"185710.0";"2.482643"
"185720.0";"2.408201"
"185730.0";"2.470136"
"185740.0";"2.288943"
"185750.0";"2.450873"
"185760.0";"2.476132"
"185770.0";"2.379723"
"185780.0";"2.332245"
"185790.0";"2.411347"
"185800.0";"2.384585"
"185810.0";"2.381103"
"185820.0";"2.462378"
"185830.0";"2.41209"
"185840.0";"2.409183"
"185850.0";"2.434078"
"185860.0";"2.27284"
"185870.0";"2.324396"
"185880.0";"2.261154"
"185890.0";"2.352967"
"185900.0";"2.406865"
"185910.0";"2.387527"
"185920.0";"2.269627"
"185930.0";"2.394281"
"185940.0";"2.40356"
"185950.0";"2.477824"
"185960.0";"2.46083"
"185970.0";"2.231216"
"185980.0";"2.331211"
"185990.0";"2.366468"
"186000.0";"2.36853"
"186010.0";"2.305178"
"186020.0";"2.439809"
"186030.0";"2.418376"
"186040.0";"2.282734"
"186050.0";"2.388154"
"186060.0";"2.361029"
"186070.0";"2.483579"
"186080.0";"2.403039"
"186090.0";"2.377077"
"186100.0";"2.419244"
"186110.0";"2.356937"
"186120.0";"2.453546"
"186130.0";"2.364173"
"186140.0";"2.448388"
"186150.0";"2.240219"
"186160.0";"2.285384"
"186170.0";"2.381115"
"186180.0";"2.380374"
"186190.0";"2.252315"
"186200.0";"2.310893"
"186210.0";"2.396146"
"186220.0";"2.365867"
"186230.0";"2.353752"
"186240.0";"2.345232"
"186250.0";"2.406527"
"186260.0";"2.419617"
"186270.0";"2.425791"
"186280.0";"2.338746"
"186290.0";"2.447994"
"186300.0";"2.498986"
"186310.0";"2.395674"
"186320.0";"2.333389"
"186330.0";"2.279934"
"186340.0";"2.353087"
"186350.0";"2.350653"
"186360.0";"2.349926"
"186370.0";"2.314919"
"186380.0";"2.33873"
"186390.0";"2.235747"
"186400.0";"2.391561"
"186410.0";"2.427629"
"186420.0";"2.421273"
"186430.0";"2.440259"
"186440.0";"2.432297"
"186450.0";"2.460334"
"186460.0";"2.454432"
"186470.0";"2.429255"
"186480.0";"2.357877"
"186490.0";"2.360918"
"186500.0";"2.34549"
"186510.0";"2.275941"
"186520.0";"2.288218"
"186530.0";"2.353785"
"186540.0";"2.41195"
"186550.0";"2.419879"
"186560.0";"2.437816"
"186570.0";"2.300689"
"186580.0";"2.44813"
"186590.0";"2.347834"
"186600.0";"2.363422"
"186610.0";"2.470645"
"186620.0";"2.420777"
"186630.0";"2.395898"
"186640.0";"2.450759"
"186650.0";"2.518046"
"186660.0";"2.460678"
"186670.0";"2.525836"
"186680.0";"2.363569"
"186690.0";"2.295107"
"186700.0";"2.477868"
"186710.0";"2.48953"
"186720.0";"2.397487"
"186730.0";"2.458056"
"186740.0";"2.39449"
"186750.0";"2.386426"
"186760.0";"2.394006"
"186770.0";"2.463277"
"186780.0";"2.417857"
"186790.0";"2.447252"
"186800.0";"2.35813"
"186810.0";"2.421614"
"186820.0";"2.415464"
"186830.0";"2.488975"
"186840.0";"2.50126"
"186850.0";"2.447207"
"186860.0";"2.421679"
"186870.0";"2.409064"
"186880.0";"2.447859"
"186890.0";"2.47643"
"186900.0";"2.515081"
"186910.0";"2.515466"
"186920.0";"2.424001"
"186930.0";"2.420577"
"186940.0";"2.474339"
"186950.0";"2.428753"
"186960.0";"2.435084"
"186970.0";"2.451865"
"186980.0";"2.526284"
"186990.0";"2.489907"
"187000.0";"2.449704"
"187010.0";"2.287187"
"187020.0";"2.444777"
"187030.0";"2.415198"
"187040.0";"2.462046"
"187050.0";"2.399143"
"187060.0";"2.415022"
"187070.0";"2.460776"
"187080.0";"2.422163"
"187090.0";"2.456014"
"187100.0";"2.484582"
"187110.0";"2.426008"
"187120.0";"2.508826"
"187130.0";"2.371283"
"187140.0";"2.382459"
"187150.0";"2.439271"
"187160.0";"2.403728"
"187170.0";"2.447104"
"187180.0";"2.529762"
"187190.0";"2.436711"
"187200.0";"2.420055"
"187210.0";"2.455834"
"187220.0";"2.447349"
"187230.0";"2.455932"
"187240.0";"2.372974"
"187250.0";"2.407486"
"187260.0";"2.477289"
"187270.0";"2.40305"
"187280.0";"2.374059"
"187290.0";"2.457402"
"187300.0";"2.331351"
"187310.0";"2.458607"
"187320.0";"2.392025"
"187330.0";"2.354485"
"187340.0";"2.402884"
"187350.0";"2.378367"
"187360.0";"2.464346"
"187370.0";"2.45287"
"187380.0";"2.438381"
"187390.0";"2.475371"
"187400.0";"2.432807"
"187410.0";"2.428675"
"187420.0";"2.377367"
"187430.0";"2.412604"
"187440.0";"2.310542"
"187450.0";"2.463362"
"187460.0";"2.3507"
"187470.0";"2.401542"
"187480.0";"2.361567"
"187490.0";"2.363028"
"187500.0";"2.480078"
"187510.0";"2.370827"
"187520.0";"2.389073"
"187530.0";"2.404954"
"187540.0";"2.404433"
"187550.0";"2.468369"
"187560.0";"2.322594"
"187570.0";"2.489662"
"187580.0";"2.471474"
"187590.0";"2.550004"
"187600.0";"2.485587"
"187610.0";"2.460647"
"187620.0";"2.473258"
"187630.0";"2.45601"
"187640.0";"2.388564"
"187650.0";"2.431761"
"187660.0";"2.371125"
"187670.0";"2.375369"
"187680.0";"2.359706"
"187690.0";"2.286922"
"187700.0";"2.490749"
"187710.0";"2.472128"
"187720.0";"2.417757"
"187730.0";"2.41001"
"187740.0";"2.478528"
"187750.0";"2.469059"
"187760.0";"2.377192"
"187770.0";"2.415845"
"187780.0";"2.437724"
"187790.0";"2.387146"
"187800.0";"2.372076"
"187810.0";"2.437252"
"187820.0";"2.379072"
"187830.0";"2.467645"
"187840.0";"2.440389"
"187850.0";"2.38037"
"187860.0";"2.446245"
"187870.0";"2.429512"
"187880.0";"2.398885"
"187890.0";"2.297523"
"187900.0";"2.342018"
"187910.0";"2.324696"
"187920.0";"2.340677"
"187930.0";"2.29891"
"187940.0";"2.448242"
"187950.0";"2.417418"
"187960.0";"2.426269"
"187970.0";"2.325801"
"187980.0";"2.360953"
"187990.0";"2.493278"
"188000.0";"2.352145"
"188010.0";"2.330173"
"188020.0";"2.298186"
"188030.0";"2.420948"
"188040.0";"2.438403"
"188050.0";"2.443405"
"188060.0";"2.337338"
"188070.0";"2.394338"
"188080.0";"2.309945"
"188090.0";"2.392304"
"188100.0";"2.373126"
"188110.0";"2.444368"
"188120.0";"2.410284"
"188130.0";"2.445847"
"188140.0";"2.325209"
"188150.0";"2.457637"
"188160.0";"2.321476"
"188170.0";"2.407389"
"188180.0";"2.353137"
"188190.0";"2.432308"
"188200.0";"2.483834"
"188210.0";"2.483369"
"188220.0";"2.370402"
"188230.0";"2.43638"
"188240.0";"2.440329"
"188250.0";"2.404366"
"188260.0";"2.430094"
"188270.0";"2.434329"
"188280.0";"2.360595"
"188290.0";"2.370854"
"188300.0";"2.442501"
"188310.0";"2.470193"
"188320.0";"2.468681"
"188330.0";"2.479934"
"188340.0";"2.437338"
"188350.0";"2.493671"
"188360.0";"2.359477"
"188370.0";"2.473226"
"188380.0";"2.349956"
"188390.0";"2.443212"
"188400.0";"2.446314"
"188410.0";"2.429056"
"188420.0";"2.425318"
"188430.0";"2.311822"
"188440.0";"2.35041"
"188450.0";"2.357514"
"188460.0";"2.488939"
"188470.0";"2.410407"
"188480.0";"2.360179"
"188490.0";"2.314045"
"188500.0";"2.429725"
"188510.0";"2.494709"
"188520.0";"2.326157"
"188530.0";"2.39817"
"188540.0";"2.394912"
"188550.0";"2.415854"
"188560.0";"2.374576"
"188570.0";"2.424464"
"188580.0";"2.255648"
"188590.0";"2.422745"
"188600.0";"2.350049"
"188610.0";"2.424586"
"188620.0";"2.419703"
"188630.0";"2.366323"
"188640.0";"2.322034"
"188650.0";"2.402872"
"188660.0";"2.295738"
"188670.0";"2.377874"
"188680.0";"2.391001"
"188690.0";"2.327487"
"188700.0";"2.359873"
"188710.0";"2.418246"
"188720.0";"2.339869"
"188730.0";"2.361898"
"188740.0";"2.334094"
"188750.0";"2.37516"
"188760.0";"2.387249"
"188770.0";"2.427578"
"188780.0";"2.463518"
"188790.0";"2.426822"
"188800.0";"2.367397"
"188810.0";"2.339571"
"188820.0";"2.315662"
"188830.0";"2.364336"
"188840.0";"2.4447"
"188850.0";"2.35167"
"188860.0";"2.429562"
"188870.0";"2.383341"
"188880.0";"2.27369"
"188890.0";"2.428113"
"188900.0";"2.412931"
"188910.0";"2.419787"
"188920.0";"2.425951"
"188930.0";"2.410327"
"188940.0";"2.421944"
"188950.0";"2.380296"
"188960.0";"2.380596"
"188970.0";"2.356445"
"188980.0";"2.369562"
"188990.0";"2.382718"
"189000.0";"2.392148"
"189010.0";"2.392164"
"189020.0";"2.354788"
"189030.0";"2.461685"
"189040.0";"2.359093"
"189050.0";"2.399199"
"189060.0";"2.472992"
"189070.0";"2.445552"
"189080.0";"2.394434"
"189090.0";"2.431621"
"189100.0";"2.470588"
"189110.0";"2.513063"
"189120.0";"2.406373"
"189130.0";"2.405362"
"189140.0";"2.297668"
"189150.0";"2.311739"
"189160.0";"2.393251"
"189170.0";"2.388585"
"189180.0";"2.41605"
"189190.0";"2.380639"
"189200.0";"2.410834"
"189210.0";"2.310831"
"189220.0";"2.285665"
"189230.0";"2.338706"
"189240.0";"2.334782"
"189250.0";"2.370633"
"189260.0";"2.375287"
"189270.0";"2.403939"
"189280.0";"2.355304"
"189290.0";"2.373415"
"189300.0";"2.386006"
"189310.0";"2.373094"
"189320.0";"2.431941"
"189330.0";"2.4515"
"189340.0";"2.311165"
"189350.0";"2.445068"
"189360.0";"2.268481"
"189370.0";"2.387309"
"189380.0";"2.374578"
"189390.0";"2.399341"
"189400.0";"2.459174"
"189410.0";"2.445808"
"189420.0";"2.396693"
"189430.0";"2.417852"
"189440.0";"2.396164"
"189450.0";"2.340001"
"189460.0";"2.360153"
"189470.0";"2.338467"
"189480.0";"2.452175"
"189490.0";"2.392761"
"189500.0";"2.450471"
"189510.0";"2.431979"
"189520.0";"2.435449"
"189530.0";"2.440871"
"189540.0";"2.436411"
"189550.0";"2.449522"
"189560.0";"2.395636"
"189570.0";"2.456802"
"189580.0";"2.436947"
"189590.0";"2.395589"
"189600.0";"2.49037"
"189610.0";"2.52102"
"189620.0";"2.367502"
"189630.0";"2.473941"
"189640.0";"2.407287"
"189650.0";"2.40285"
"189660.0";"2.426836"
"189670.0";"2.3492"
"189680.0";"2.483508"
"189690.0";"2.369779"
"189700.0";"2.507132"
"189710.0";"2.414934"
"189720.0";"2.450235"
"189730.0";"2.516128"
"189740.0";"2.507541"
"189750.0";"2.461272"
"189760.0";"2.485212"
"189770.0";"2.435154"
"189780.0";"2.569138"
"189790.0";"2.43567"
"189800.0";"2.479478"
"189810.0";"2.439152"
"189820.0";"2.463686"
"189830.0";"2.441871"
"189840.0";"2.429926"
"189850.0";"2.437598"
"189860.0";"2.416047"
"189870.0";"2.417422"
"189880.0";"2.36072"
"189890.0";"2.380972"
"189900.0";"2.496212"
"189910.0";"2.418047"
"189920.0";"2.472621"
"189930.0";"2.384859"
"189940.0";"2.439739"
"189950.0";"2.416888"
"189960.0";"2.374489"
"189970.0";"2.389397"
"189980.0";"2.424478"
"189990.0";"2.478693"
"190000.0";"2.482074"
"190010.0";"2.474993"
"190020.0";"2.409239"
"190030.0";"2.403798"
"190040.0";"2.446965"
"190050.0";"2.457975"
"190060.0";"2.390291"
"190070.0";"2.505765"
"190080.0";"2.417154"
"190090.0";"2.265654"
"190100.0";"2.336905"
"190110.0";"2.493056"
"190120.0";"2.438107"
"190130.0";"2.396966"
"190140.0";"2.450527"
"190150.0";"2.470235"
"190160.0";"2.438263"
"190170.0";"2.380028"
"190180.0";"2.407172"
"190190.0";"2.503036"
"190200.0";"2.489449"
"190210.0";"2.459414"
"190220.0";"2.445567"
"190230.0";"2.39595"
"190240.0";"2.520654"
"190250.0";"2.399871"
"190260.0";"2.356192"
"190270.0";"2.393112"
"190280.0";"2.431089"
"190290.0";"2.37446"
"190300.0";"2.286267"
"190310.0";"2.427411"
"190320.0";"2.469373"
"190330.0";"2.383896"
"190340.0";"2.328579"
"190350.0";"2.392058"
"190360.0";"2.45843"
"190370.0";"2.380771"
"190380.0";"2.455134"
"190390.0";"2.490546"
"190400.0";"2.514113"
"190410.0";"2.449214"
"190420.0";"2.465626"
"190430.0";"2.479219"
"190440.0";"2.492693"
"190450.0";"2.447444"
"190460.0";"2.404617"
"190470.0";"2.441926"
"190480.0";"2.500168"
"190490.0";"2.434852"
"190500.0";"2.331342"
"190510.0";"2.459772"
"190520.0";"2.417059"
"190530.0";"2.442213"
"190540.0";"2.422011"
"190550.0";"2.482424"
"190560.0";"2.432176"
"190570.0";"2.337478"
"190580.0";"2.452846"
"190590.0";"2.531599"
"190600.0";"2.426103"
"190610.0";"2.424757"
"190620.0";"2.473496"
"190630.0";"2.379871"
"190640.0";"2.511458"
"190650.0";"2.407863"
"190660.0";"2.411996"
"190670.0";"2.39624"
"190680.0";"2.48238"
"190690.0";"2.410931"
"190700.0";"2.395348"
"190710.0";"2.368927"
"190720.0";"2.474325"
"190730.0";"2.401102"
"190740.0";"2.360014"
"190750.0";"2.419569"
"190760.0";"2.480223"
"190770.0";"2.417732"
"190780.0";"2.472164"
"190790.0";"2.478129"
"190800.0";"2.427622"
"190810.0";"2.333788"
"190820.0";"2.45473"
"190830.0";"2.514235"
"190840.0";"2.411287"
"190850.0";"2.444248"
"190860.0";"2.463684"
"190870.0";"2.404194"
"190880.0";"2.391111"
"190890.0";"2.363798"
"190900.0";"2.388523"
"190910.0";"2.371869"
"190920.0";"2.39537"
"190930.0";"2.390224"
"190940.0";"2.506851"
"190950.0";"2.410378"
"190960.0";"2.361125"
"190970.0";"2.322812"
"190980.0";"2.372589"
"190990.0";"2.446165"
"191000.0";"2.392059"
"191010.0";"2.424507"
"191020.0";"2.50981"
"191030.0";"2.372297"
"191040.0";"2.354243"
"191050.0";"2.357268"
"191060.0";"2.443424"
"191070.0";"2.491202"
"191080.0";"2.415824"
"191090.0";"2.296784"
"191100.0";"2.434839"
"191110.0";"2.435848"
"191120.0";"2.372879"
"191130.0";"2.433202"
"191140.0";"2.464792"
"191150.0";"2.47657"
"191160.0";"2.461444"
"191170.0";"2.418998"
"191180.0";"2.346527"
"191190.0";"2.419111"
"191200.0";"2.393376"
"191210.0";"2.383503"
"191220.0";"2.268499"
"191230.0";"2.321176"
"191240.0";"2.380471"
"191250.0";"2.2949"
"191260.0";"2.355566"
"191270.0";"2.390225"
"191280.0";"2.432785"
"191290.0";"2.403105"
"191300.0";"2.42378"
"191310.0";"2.434654"
"191320.0";"2.356377"
"191330.0";"2.467185"
"191340.0";"2.443977"
"191350.0";"2.434502"
"191360.0";"2.358251"
"191370.0";"2.413847"
"191380.0";"2.459514"
"191390.0";"2.447907"
"191400.0";"2.430055"
"191410.0";"2.473412"
"191420.0";"2.482147"
"191430.0";"2.50648"
"191440.0";"2.503734"
"191450.0";"2.442981"
"191460.0";"2.380819"
"191470.0";"2.446281"
"191480.0";"2.485059"
"191490.0";"2.320617"
"191500.0";"2.360531"
"191510.0";"2.31798"
"191520.0";"2.320133"
"191530.0";"2.30586"
"191540.0";"2.360877"
"191550.0";"2.500397"
"191560.0";"2.245457"
"191570.0";"2.409685"
"191580.0";"2.332592"
"191590.0";"2.353643"
"191600.0";"2.3672"
"191610.0";"2.364148"
"191620.0";"2.37095"
"191630.0";"2.498461"
"191640.0";"2.421492"
"191650.0";"2.422971"
"191660.0";"2.432863"
"191670.0";"2.335364"
"191680.0";"2.40703"
"191690.0";"2.426975"
"191700.0";"2.451036"
"191710.0";"2.422994"
"191720.0";"2.355874"
"191730.0";"2.472786"
"191740.0";"2.423534"
"191750.0";"2.502006"
"191760.0";"2.405393"
"191770.0";"2.4357"
"191780.0";"2.372779"
"191790.0";"2.359389"
"191800.0";"2.313221"
"191810.0";"2.355687"
"191820.0";"2.360769"
"191830.0";"2.451014"
"191840.0";"2.519278"
"191850.0";"2.416486"
"191860.0";"2.443684"
"191870.0";"2.355609"
"191880.0";"2.33254"
"191890.0";"2.383949"
"191900.0";"2.259503"
"191910.0";"2.395142"
"191920.0";"2.38808"
"191930.0";"2.370107"
"191940.0";"2.268017"
"191950.0";"2.416386"
"191960.0";"2.395318"
"191970.0";"2.348318"
"191980.0";"2.404581"
"191990.0";"2.431997"
"192000.0";"2.364871"
"192010.0";"2.468944"
"192020.0";"2.316819"
"192030.0";"2.38383"
"192040.0";"2.351616"
"192050.0";"2.495182"
"192060.0";"2.417456"
"192070.0";"2.47614"
"192080.0";"2.424313"
"192090.0";"2.328846"
"192100.0";"2.503196"
"192110.0";"2.314788"
"192120.0";"2.334547"
"192130.0";"2.371893"
"192140.0";"2.484696"
"192150.0";"2.278783"
"192160.0";"2.50483"
"192170.0";"2.42969"
"192180.0";"2.343769"
"192190.0";"2.410391"
"192200.0";"2.330609"
"192210.0";"2.382573"
"192220.0";"2.29142"
"192230.0";"2.366863"
"192240.0";"2.452228"
"192250.0";"2.465086"
"192260.0";"2.276303"
"192270.0";"2.43488"
"192280.0";"2.498631"
"192290.0";"2.473489"
"192300.0";"2.442729"
"192310.0";"2.407521"
"192320.0";"2.450678"
"192330.0";"2.41102"
"192340.0";"2.366597"
"192350.0";"2.372203"
"192360.0";"2.456733"
"192370.0";"2.320104"
"192380.0";"2.430328"
"192390.0";"2.440204"
"192400.0";"2.414716"
"192410.0";"2.431328"
"192420.0";"2.351007"
"192430.0";"2.365478"
"192440.0";"2.361915"
"192450.0";"2.348461"
"192460.0";"2.364463"
"192470.0";"2.379717"
"192480.0";"2.405724"
"192490.0";"2.283169"
"192500.0";"2.306942"
"192510.0";"2.324041"
"192520.0";"2.375434"
"192530.0";"2.339723"
"192540.0";"2.456068"
"192550.0";"2.369063"
"192560.0";"2.32652"
"192570.0";"2.333699"
"192580.0";"2.352486"
"192590.0";"2.419991"
"192600.0";"2.316422"
"192610.0";"2.347734"
"192620.0";"2.382596"
"192630.0";"2.31785"
"192640.0";"2.444545"
"192650.0";"2.373147"
"192660.0";"2.304556"
"192670.0";"2.325169"
"192680.0";"2.439873"
"192690.0";"2.4599"
"192700.0";"2.368201"
"192710.0";"2.39421"
"192720.0";"2.337157"
"192730.0";"2.414811"
"192740.0";"2.342191"
"192750.0";"2.342231"
"192760.0";"2.41512"
"192770.0";"2.37135"
"192780.0";"2.372287"
"192790.0";"2.298005"
"192800.0";"2.312988"
"192810.0";"2.330764"
"192820.0";"2.426135"
"192830.0";"2.424786"
"192840.0";"2.462853"
"192850.0";"2.430258"
"192860.0";"2.376484"
"192870.0";"2.411889"
"192880.0";"2.424384"
"192890.0";"2.426847"
"192900.0";"2.4005"
"192910.0";"2.378047"
"192920.0";"2.372555"
"192930.0";"2.331811"
"192940.0";"2.365077"
"192950.0";"2.338804"
"192960.0";"2.302095"
"192970.0";"2.375728"
"192980.0";"2.391989"
"192990.0";"2.321566"
"193000.0";"2.376494"
"193010.0";"2.302828"
"193020.0";"2.276056"
"193030.0";"2.353739"
"193040.0";"2.302975"
"193050.0";"2.272202"
"193060.0";"2.347134"
"193070.0";"2.264857"
"193080.0";"2.327512"
"193090.0";"2.349614"
"193100.0";"2.287612"
"193110.0";"2.386858"
"193120.0";"2.252218"
"193130.0";"2.31143"
"193140.0";"2.317493"
"193150.0";"2.284973"
"193160.0";"2.281462"
"193170.0";"2.394749"
"193180.0";"2.393995"
"193190.0";"2.310605"
"193200.0";"2.290533"
"193210.0";"2.347744"
"193220.0";"2.319046"
"193230.0";"2.351987"
"193240.0";"2.276863"
"193250.0";"2.316437"
"193260.0";"2.353099"
"193270.0";"2.320243"
"193280.0";"2.323423"
"193290.0";"2.349662"
"193300.0";"2.267271"
"193310.0";"2.31846"
"193320.0";"2.304584"
"193330.0";"2.331298"
"193340.0";"2.262113"
"193350.0";"2.335901"
"193360.0";"2.431818"
"193370.0";"2.295253"
"193380.0";"2.269992"
"193390.0";"2.265077"
"193400.0";"2.312869"
"193410.0";"2.358189"
"193420.0";"2.290169"
"193430.0";"2.342658"
"193440.0";"2.315107"
"193450.0";"2.296995"
"193460.0";"2.298955"
"193470.0";"2.32554"
"193480.0";"2.430939"
"193490.0";"2.457847"
"193500.0";"2.260131"
"193510.0";"2.248594"
"193520.0";"2.300859"
"193530.0";"2.352964"
"193540.0";"2.194499"
"193550.0";"2.3053"
"193560.0";"2.380401"
"193570.0";"2.297535"
"193580.0";"2.328418"
"193590.0";"2.317654"
"193600.0";"2.324318"
"193610.0";"2.44738"
"193620.0";"2.370921"
"193630.0";"2.337383"
"193640.0";"2.328516"
"193650.0";"2.462578"
"193660.0";"2.462597"
"193670.0";"2.411647"
"193680.0";"2.434691"
"193690.0";"2.548804"
"193700.0";"2.486557"
"193710.0";"2.401973"
"193720.0";"2.415944"
"193730.0";"2.458323"
"193740.0";"2.319283"
"193750.0";"2.428718"
"193760.0";"2.454211"
"193770.0";"2.446839"
"193780.0";"2.382381"
"193790.0";"2.418272"
"193800.0";"2.474468"
"193810.0";"2.427233"
"193820.0";"2.498558"
"193830.0";"2.451306"
"193840.0";"2.425061"
"193850.0";"2.476819"
"193860.0";"2.4646"
"193870.0";"2.336535"
"193880.0";"2.253936"
"193890.0";"2.415954"
"193900.0";"2.419062"
"193910.0";"2.504817"
"193920.0";"2.308048"
"193930.0";"2.37876"
"193940.0";"2.435665"
"193950.0";"2.518245"
"193960.0";"2.482653"
"193970.0";"2.386515"
"193980.0";"2.456089"
"193990.0";"2.411465"
"194000.0";"2.358855"
"194010.0";"2.384661"
"194020.0";"2.429873"
"194030.0";"2.425774"
"194040.0";"2.43768"
"194050.0";"2.377829"
"194060.0";"2.420689"
"194070.0";"2.409618"
"194080.0";"2.486995"
"194090.0";"2.39494"
"194100.0";"2.32769"
"194110.0";"2.500666"
"194120.0";"2.378303"
"194130.0";"2.477085"
"194140.0";"2.431274"
"194150.0";"2.400696"
"194160.0";"2.380177"
"194170.0";"2.364162"
"194180.0";"2.432805"
"194190.0";"2.388473"
"194200.0";"2.353929"
"194210.0";"2.46229"
"194220.0";"2.439476"
"194230.0";"2.463303"
"194240.0";"2.402322"
"194250.0";"2.328068"
"194260.0";"2.503788"
"194270.0";"2.502333"
"194280.0";"2.353253"
"194290.0";"2.462494"
"194300.0";"2.4548"
"194310.0";"2.406194"
"194320.0";"2.439314"
"194330.0";"2.360582"
"194340.0";"2.308962"
"194350.0";"2.296432"
"194360.0";"2.298737"
"194370.0";"2.409369"
"194380.0";"2.453328"
"194390.0";"2.365227"
"194400.0";"2.511533"
"194410.0";"2.46481"
"194420.0";"2.450541"
"194430.0";"2.386504"
"194440.0";"2.464072"
"194450.0";"2.469389"
"194460.0";"2.420946"
"194470.0";"2.450372"
"194480.0";"2.419926"
"194490.0";"2.396945"
"194500.0";"2.496449"
"194510.0";"2.434119"
"194520.0";"2.350241"
"194530.0";"2.327026"
"194540.0";"2.388583"
"194550.0";"2.357471"
"194560.0";"2.273369"
"194570.0";"2.336426"
"194580.0";"2.419552"
"194590.0";"2.290781"
"194600.0";"2.399808"
"194610.0";"2.425209"
"194620.0";"2.476127"
"194630.0";"2.50396"
"194640.0";"2.36341"
"194650.0";"2.493222"
"194660.0";"2.468185"
"194670.0";"2.460201"
"194680.0";"2.485906"
"194690.0";"2.451624"
"194700.0";"2.431691"
"194710.0";"2.494408"
"194720.0";"2.449175"
"194730.0";"2.427826"
"194740.0";"2.44246"
"194750.0";"2.450356"
"194760.0";"2.475302"
"194770.0";"2.319429"
"194780.0";"2.425423"
"194790.0";"2.362292"
"194800.0";"2.336757"
"194810.0";"2.379053"
"194820.0";"2.461329"
"194830.0";"2.484191"
"194840.0";"2.433752"
"194850.0";"2.420214"
"194860.0";"2.473156"
"194870.0";"2.35902"
"194880.0";"2.486678"
"194890.0";"2.462403"
"194900.0";"2.49789"
"194910.0";"2.494864"
"194920.0";"2.463553"
"194930.0";"2.398666"
"194940.0";"2.407283"
"194950.0";"2.461011"
"194960.0";"2.457376"
"194970.0";"2.390421"
"194980.0";"2.480699"
"194990.0";"2.487145"
"195000.0";"2.390012"
"195010.0";"2.43878"
"195020.0";"2.417021"
"195030.0";"2.467048"
"195040.0";"2.458475"
"195050.0";"2.353404"
"195060.0";"2.45101"
"195070.0";"2.512938"
"195080.0";"2.469572"
"195090.0";"2.416277"
"195100.0";"2.488465"
"195110.0";"2.416795"
"195120.0";"2.430134"
"195130.0";"2.449788"
"195140.0";"2.391583"
"195150.0";"2.384019"
"195160.0";"2.377321"
"195170.0";"2.405273"
"195180.0";"2.420907"
"195190.0";"2.493591"
"195200.0";"2.338378"
"195210.0";"2.388186"
"195220.0";"2.295604"
"195230.0";"2.357173"
"195240.0";"2.439674"
"195250.0";"2.466036"
"195260.0";"2.466706"
"195270.0";"2.327428"
"195280.0";"2.400077"
"195290.0";"2.357732"
"195300.0";"2.444006"
"195310.0";"2.39536"
"195320.0";"2.383394"
"195330.0";"2.473"
"195340.0";"2.412693"
"195350.0";"2.393943"
"195360.0";"2.399851"
"195370.0";"2.41995"
"195380.0";"2.482344"
"195390.0";"2.403629"
"195400.0";"2.464147"
"195410.0";"2.431666"
"195420.0";"2.44765"
"195430.0";"2.357825"
"195440.0";"2.484916"
"195450.0";"2.439995"
"195460.0";"2.411628"
"195470.0";"2.392956"
"195480.0";"2.441812"
"195490.0";"2.37045"
"195500.0";"2.412563"
"195510.0";"2.341896"
"195520.0";"2.368231"
"195530.0";"2.350934"
"195540.0";"2.409347"
"195550.0";"2.311796"
"195560.0";"2.401857"
"195570.0";"2.448658"
"195580.0";"2.354514"
"195590.0";"2.452649"
"195600.0";"2.392707"
"195610.0";"2.336702"
"195620.0";"2.364319"
"195630.0";"2.40046"
"195640.0";"2.395663"
"195650.0";"2.403719"
"195660.0";"2.400161"
"195670.0";"2.391798"
"195680.0";"2.326617"
"195690.0";"2.330581"
"195700.0";"2.427132"
"195710.0";"2.355795"
"195720.0";"2.477731"
"195730.0";"2.321098"
"195740.0";"2.34314"
"195750.0";"2.445588"
"195760.0";"2.380451"
"195770.0";"2.52198"
"195780.0";"2.529071"
"195790.0";"2.429371"
"195800.0";"2.450206"
"195810.0";"2.420659"
"195820.0";"2.465397"
"195830.0";"2.553249"
"195840.0";"2.418647"
"195850.0";"2.471139"
"195860.0";"2.390405"
"195870.0";"2.38464"
"195880.0";"2.465386"
"195890.0";"2.452833"
"195900.0";"2.461985"
"195910.0";"2.462914"
"195920.0";"2.350487"
"195930.0";"2.437793"
"195940.0";"2.451634"
"195950.0";"2.468771"
"195960.0";"2.378139"
"195970.0";"2.494523"
"195980.0";"2.410737"
"195990.0";"2.435927"
"196000.0";"2.469383"
"196010.0";"2.522041"
"196020.0";"2.444263"
"196030.0";"2.42735"
"196040.0";"2.457424"
"196050.0";"2.418899"
"196060.0";"2.498149"
"196070.0";"2.496576"
"196080.0";"2.44036"
"196090.0";"2.467643"
"196100.0";"2.500516"
"196110.0";"2.510636"
"196120.0";"2.514187"
"196130.0";"2.475468"
"196140.0";"2.441194"
"196150.0";"2.415775"
"196160.0";"2.506532"
"196170.0";"2.43803"
"196180.0";"2.383221"
"196190.0";"2.464865"
"196200.0";"2.525789"
"196210.0";"2.436217"
"196220.0";"2.470443"
"196230.0";"2.464358"
"196240.0";"2.448394"
"196250.0";"2.354069"
"196260.0";"2.539093"
"196270.0";"2.431499"
"196280.0";"2.432319"
"196290.0";"2.468072"
"196300.0";"2.42701"
"196310.0";"2.419739"
"196320.0";"2.475026"
"196330.0";"2.426541"
"196340.0";"2.504176"
"196350.0";"2.389149"
"196360.0";"2.397633"
"196370.0";"2.49786"
"196380.0";"2.490803"
"196390.0";"2.477031"
"196400.0";"2.424281"
"196410.0";"2.429438"
"196420.0";"2.465681"
"196430.0";"2.447647"
"196440.0";"2.56097"
"196450.0";"2.455867"
"196460.0";"2.464701"
"196470.0";"2.440762"
"196480.0";"2.467484"
"196490.0";"2.370736"
"196500.0";"2.500052"
"196510.0";"2.403515"
"196520.0";"2.367021"
"196530.0";"2.413054"
"196540.0";"2.421306"
"196550.0";"2.467802"
"196560.0";"2.499193"
"196570.0";"2.458404"
"196580.0";"2.43958"
"196590.0";"2.436891"
"196600.0";"2.392746"
"196610.0";"2.457322"
"196620.0";"2.477138"
"196630.0";"2.506935"
"196640.0";"2.402218"
"196650.0";"2.381195"
"196660.0";"2.533639"
"196670.0";"2.43027"
"196680.0";"2.445298"
"196690.0";"2.419916"
"196700.0";"2.32665"
"196710.0";"2.387563"
"196720.0";"2.444224"
"196730.0";"2.408034"
"196740.0";"2.446868"
"196750.0";"2.431743"
"196760.0";"2.467422"
"196770.0";"2.372616"
"196780.0";"2.502277"
"196790.0";"2.374382"
"196800.0";"2.429166"
"196810.0";"2.388052"
"196820.0";"2.336061"
"196830.0";"2.344221"
"196840.0";"2.453987"
"196850.0";"2.449334"
"196860.0";"2.459225"
"196870.0";"2.466553"
"196880.0";"2.474446"
"196890.0";"2.447207"
"196900.0";"2.452788"
"196910.0";"2.434829"
"196920.0";"2.460164"
"196930.0";"2.398917"
"196940.0";"2.427817"
"196950.0";"2.330762"
"196960.0";"2.397192"
"196970.0";"2.461225"
"196980.0";"2.514396"
"196990.0";"2.423674"
"197000.0";"2.490047"
"197010.0";"2.47741"
"197020.0";"2.389914"
"197030.0";"2.445254"
"197040.0";"2.429245"
"197050.0";"2.464013"
"197060.0";"2.519319"
"197070.0";"2.459818"
"197080.0";"2.447089"
"197090.0";"2.438193"
"197100.0";"2.342756"
"197110.0";"2.327684"
"197120.0";"2.415253"
"197130.0";"2.424744"
"197140.0";"2.390868"
"197150.0";"2.372506"
"197160.0";"2.319869"
"197170.0";"2.197383"
"197180.0";"2.351318"
"197190.0";"2.23999"
"197200.0";"2.291196"
"197210.0";"2.344733"
"197220.0";"2.304283"
"197230.0";"2.451471"
"197240.0";"2.403652"
"197250.0";"2.379712"
"197260.0";"2.334033"
"197270.0";"2.478348"
"197280.0";"2.399708"
"197290.0";"2.4547"
"197300.0";"2.286044"
"197310.0";"2.362691"
"197320.0";"2.400514"
"197330.0";"2.387936"
"197340.0";"2.283149"
"197350.0";"2.2904"
"197360.0";"2.405123"
"197370.0";"2.482134"
"197380.0";"2.356449"
"197390.0";"2.373818"
"197400.0";"2.370732"
"197410.0";"2.410252"
"197420.0";"2.378928"
"197430.0";"2.383032"
"197440.0";"2.484256"
"197450.0";"2.459437"
"197460.0";"2.473038"
"197470.0";"2.34747"
"197480.0";"2.34157"
"197490.0";"2.428315"
"197500.0";"2.401409"
"197510.0";"2.351929"
"197520.0";"2.335471"
"197530.0";"2.347564"
"197540.0";"2.381942"
"197550.0";"2.427299"
"197560.0";"2.361556"
"197570.0";"2.376658"
"197580.0";"2.361352"
"197590.0";"2.383832"
"197600.0";"2.354711"
"197610.0";"2.468568"
"197620.0";"2.40662"
"197630.0";"2.45917"
"197640.0";"2.302712"
"197650.0";"2.455496"
"197660.0";"2.326668"
"197670.0";"2.464188"
"197680.0";"2.374834"
"197690.0";"2.355183"
"197700.0";"2.358512"
"197710.0";"2.459869"
"197720.0";"2.479602"
"197730.0";"2.439239"
"197740.0";"2.452199"
"197750.0";"2.484917"
"197760.0";"2.444708"
"197770.0";"2.485498"
"197780.0";"2.476851"
"197790.0";"2.523516"
"197800.0";"2.454631"
"197810.0";"2.454802"
"197820.0";"2.460856"
"197830.0";"2.491061"
"197840.0";"2.36782"
"197850.0";"2.448982"
"197860.0";"2.400813"
"197870.0";"2.432576"
"197880.0";"2.389127"
"197890.0";"2.31451"
"197900.0";"2.423385"
"197910.0";"2.360834"
"197920.0";"2.454649"
"197930.0";"2.364043"
"197940.0";"2.378661"
"197950.0";"2.265486"
"197960.0";"2.219255"
"197970.0";"2.249847"
"197980.0";"2.201864"
"197990.0";"2.30941"
"198000.0";"2.325773"
"198010.0";"2.333275"
"198020.0";"2.387033"
"198030.0";"2.356063"
"198040.0";"2.329239"
"198050.0";"2.360299"
"198060.0";"2.277503"
"198070.0";"2.398263"
"198080.0";"2.360511"
"198090.0";"2.325732"
"198100.0";"2.357184"
"198110.0";"2.340538"
"198120.0";"2.474211"
"198130.0";"2.341489"
"198140.0";"2.36056"
"198150.0";"2.353399"
"198160.0";"2.294673"
"198170.0";"2.259403"
"198180.0";"2.2493"
"198190.0";"2.293714"
"198200.0";"2.482494"
"198210.0";"2.383221"
"198220.0";"2.373476"
"198230.0";"2.385443"
"198240.0";"2.473452"
"198250.0";"2.367534"
"198260.0";"2.384716"
"198270.0";"2.428432"
"198280.0";"2.37711"
"198290.0";"2.497032"
"198300.0";"2.385198"
"198310.0";"2.4143"
"198320.0";"2.451059"
"198330.0";"2.353347"
"198340.0";"2.409629"
"198350.0";"2.358426"
"198360.0";"2.333046"
"198370.0";"2.440147"
"198380.0";"2.41541"
"198390.0";"2.32532"
"198400.0";"2.442889"
"198410.0";"2.408122"
"198420.0";"2.400619"
"198430.0";"2.420383"
"198440.0";"2.504171"
"198450.0";"2.361371"
"198460.0";"2.391819"
"198470.0";"2.309433"
"198480.0";"2.339852"
"198490.0";"2.371974"
"198500.0";"2.487455"
"198510.0";"2.403884"
"198520.0";"2.494488"
"198530.0";"2.407362"
"198540.0";"2.394159"
"198550.0";"2.335235"
"198560.0";"2.394781"
"198570.0";"2.296779"
"198580.0";"2.305552"
"198590.0";"2.306706"
"198600.0";"2.400288"
"198610.0";"2.32747"
"198620.0";"2.332847"
"198630.0";"2.439784"
"198640.0";"2.438987"
"198650.0";"2.437432"
"198660.0";"2.377413"
"198670.0";"2.500178"
"198680.0";"2.348743"
"198690.0";"2.378521"
"198700.0";"2.31247"
"198710.0";"2.31048"
"198720.0";"2.33694"
"198730.0";"2.304385"
"198740.0";"2.340084"
"198750.0";"2.42641"
"198760.0";"2.339639"
"198770.0";"2.357549"
"198780.0";"2.491872"
"198790.0";"2.28487"
"198800.0";"2.342651"
"198810.0";"2.364494"
"198820.0";"2.398986"
"198830.0";"2.33465"
"198840.0";"2.476452"
"198850.0";"2.392513"
"198860.0";"2.458935"
"198870.0";"2.477642"
"198880.0";"2.404664"
"198890.0";"2.464789"
"198900.0";"2.299392"
"198910.0";"2.437632"
"198920.0";"2.36224"
"198930.0";"2.43955"
"198940.0";"2.380629"
"198950.0";"2.331063"
"198960.0";"2.342998"
"198970.0";"2.280333"
"198980.0";"2.367674"
"198990.0";"2.314706"
"199000.0";"2.261465"
"199010.0";"2.244335"
"199020.0";"2.361767"
"199030.0";"2.305427"
"199040.0";"2.373425"
"199050.0";"2.371442"
"199060.0";"2.326921"
"199070.0";"2.457449"
"199080.0";"2.370894"
"199090.0";"2.376024"
"199100.0";"2.479257"
"199110.0";"2.33429"
"199120.0";"2.334945"
"199130.0";"2.388885"
"199140.0";"2.250743"
"199150.0";"2.290864"
"199160.0";"2.403686"
"199170.0";"2.38376"
"199180.0";"2.417917"
"199190.0";"2.317123"
"199200.0";"2.364666"
"199210.0";"2.278464"
"199220.0";"2.346853"
"199230.0";"2.382479"
"199240.0";"2.501449"
"199250.0";"2.378481"
"199260.0";"2.431711"
"199270.0";"2.414985"
"199280.0";"2.373766"
"199290.0";"2.498378"
"199300.0";"2.467309"
"199310.0";"2.378933"
"199320.0";"2.423132"
"199330.0";"2.451501"
"199340.0";"2.40438"
"199350.0";"2.496085"
"199360.0";"2.323097"
"199370.0";"2.330355"
"199380.0";"2.385779"
"199390.0";"2.485167"
"199400.0";"2.411937"
"199410.0";"2.362845"
"199420.0";"2.429144"
"199430.0";"2.417728"
"199440.0";"2.397645"
"199450.0";"2.462099"
"199460.0";"2.331717"
"199470.0";"2.404616"
"199480.0";"2.393719"
"199490.0";"2.337936"
"199500.0";"2.328084"
"199510.0";"2.371861"
"199520.0";"2.445666"
"199530.0";"2.457235"
"199540.0";"2.434069"
"199550.0";"2.3018"
"199560.0";"2.341599"
"199570.0";"2.344121"
"199580.0";"2.512237"
"199590.0";"2.457219"
"199600.0";"2.444449"
"199610.0";"2.471967"
"199620.0";"2.424864"
"199630.0";"2.433235"
"199640.0";"2.450122"
"199650.0";"2.480397"
"199660.0";"2.305766"
"199670.0";"2.285721"
"199680.0";"2.314065"
"199690.0";"2.291375"
"199700.0";"2.363212"
"199710.0";"2.385292"
"199720.0";"2.357643"
"199730.0";"2.288107"
"199740.0";"2.398027"
"199750.0";"2.287305"
"199760.0";"2.301116"
"199770.0";"2.419525"
"199780.0";"2.430688"
"199790.0";"2.391335"
"199800.0";"2.45268"
"199810.0";"2.454171"
"199820.0";"2.434863"
"199830.0";"2.490831"
"199840.0";"2.421912"
"199850.0";"2.465778"
"199860.0";"2.361596"
"199870.0";"2.319018"
"199880.0";"2.381273"
"199890.0";"2.244156"
"199900.0";"2.374193"
"199910.0";"2.4231"
"199920.0";"2.38687"
"199930.0";"2.403786"
"199940.0";"2.426223"
"199950.0";"2.458475"
"199960.0";"2.39289"
"199970.0";"2.425018"
"199980.0";"2.408979"
"199990.0";"2.470386"
"200000.0";"2.481894"
"200010.0";"2.552773"
"200020.0";"2.290643"
"200030.0";"2.343939"
"200040.0";"2.268482"
"200050.0";"2.352441"
"200060.0";"2.470311"
"200070.0";"2.48824"
"200080.0";"2.490317"
"200090.0";"2.449691"
"200100.0";"2.420588"
"200110.0";"2.428932"
"200120.0";"2.501004"
"200130.0";"2.481996"
"200140.0";"2.504135"
"200150.0";"2.408124"
"200160.0";"2.355904"
"200170.0";"2.449673"
"200180.0";"2.448302"
"200190.0";"2.519064"
"200200.0";"2.427126"
"200210.0";"2.452132"
"200220.0";"2.487314"
"200230.0";"2.409934"
"200240.0";"2.450347"
"200250.0";"2.475595"
"200260.0";"2.36967"
"200270.0";"2.439294"
"200280.0";"2.457104"
"200290.0";"2.459922"
"200300.0";"2.441241"
"200310.0";"2.411988"
"200320.0";"2.408109"
"200330.0";"2.527906"
"200340.0";"2.460377"
"200350.0";"2.490283"
"200360.0";"2.469346"
"200370.0";"2.41929"
"200380.0";"2.455502"
"200390.0";"2.46962"
"200400.0";"2.392116"
"200410.0";"2.420829"
"200420.0";"2.434244"
"200430.0";"2.488467"
"200440.0";"2.521881"
"200450.0";"2.41915"
"200460.0";"2.352745"
"200470.0";"2.394168"
"200480.0";"2.382666"
"200490.0";"2.445951"
"200500.0";"2.407077"
"200510.0";"2.449847"
"200520.0";"2.450076"
"200530.0";"2.461383"
"200540.0";"2.393867"
"200550.0";"2.458349"
"200560.0";"2.455101"
"200570.0";"2.526044"
"200580.0";"2.365835"
"200590.0";"2.371901"
"200600.0";"2.417857"
"200610.0";"2.348633"
"200620.0";"2.419989"
"200630.0";"2.482539"
"200640.0";"2.331671"
"200650.0";"2.353857"
"200660.0";"2.401987"
"200670.0";"2.272428"
"200680.0";"2.433798"
"200690.0";"2.459544"
"200700.0";"2.459047"
"200710.0";"2.402861"
"200720.0";"2.402724"
"200730.0";"2.438071"
"200740.0";"2.485932"
"200750.0";"2.451992"
"200760.0";"2.38515"
"200770.0";"2.436694"
"200780.0";"2.477153"
"200790.0";"2.436513"
"200800.0";"2.391408"
"200810.0";"2.456188"
"200820.0";"2.448142"
"200830.0";"2.499575"
"200840.0";"2.439953"
"200850.0";"2.457397"
"200860.0";"2.452203"
"200870.0";"2.415766"
"200880.0";"2.466218"
"200890.0";"2.450076"
"200900.0";"2.457954"
"200910.0";"2.384945"
"200920.0";"2.537765"
"200930.0";"2.447654"
"200940.0";"2.477208"
"200950.0";"2.454101"
"200960.0";"2.419399"
"200970.0";"2.451828"
"200980.0";"2.444335"
"200990.0";"2.483491"
"201000.0";"2.403485"
"201010.0";"2.429114"
"201020.0";"2.409251"
"201030.0";"2.440119"
"201040.0";"2.511273"
"201050.0";"2.458827"
"201060.0";"2.399304"
"201070.0";"2.405162"
"201080.0";"2.388922"
"201090.0";"2.389554"
"201100.0";"2.482219"
"201110.0";"2.397888"
"201120.0";"2.413493"
"201130.0";"2.517307"
"201140.0";"2.47342"
"201150.0";"2.480344"
"201160.0";"2.525565"
"201170.0";"2.444567"
"201180.0";"2.485707"
"201190.0";"2.498487"
"201200.0";"2.351088"
"201210.0";"2.452255"
"201220.0";"2.478797"
"201230.0";"2.414173"
"201240.0";"2.370422"
"201250.0";"2.423493"
"201260.0";"2.28148"
"201270.0";"2.387924"
"201280.0";"2.439783"
"201290.0";"2.456072"
"201300.0";"2.388377"
"201310.0";"2.317258"
"201320.0";"2.325429"
"201330.0";"2.460872"
"201340.0";"2.429802"
"201350.0";"2.420541"
"201360.0";"2.353618"
"201370.0";"2.38131"
"201380.0";"2.344038"
"201390.0";"2.471183"
"201400.0";"2.354959"
"201410.0";"2.416616"
"201420.0";"2.473195"
"201430.0";"2.26122"
"201440.0";"2.373719"
"201450.0";"2.485098"
"201460.0";"2.280524"
"201470.0";"2.445679"
"201480.0";"2.367491"
"201490.0";"2.422208"
"201500.0";"2.39534"
"201510.0";"2.321237"
"201520.0";"2.444555"
"201530.0";"2.401267"
"201540.0";"2.456137"
"201550.0";"2.470289"
"201560.0";"2.433779"
"201570.0";"2.361479"
"201580.0";"2.224752"
"201590.0";"2.291032"
"201600.0";"2.286445"
"201610.0";"2.457324"
"201620.0";"2.373215"
"201630.0";"2.418915"
"201640.0";"2.354442"
"201650.0";"2.372655"
"201660.0";"2.413021"
"201670.0";"2.31181"
"201680.0";"2.327066"
"201690.0";"2.466964"
"201700.0";"2.403629"
"201710.0";"2.485684"
"201720.0";"2.429613"
"201730.0";"2.439737"
"201740.0";"2.344582"
"201750.0";"2.432458"
"201760.0";"2.380911"
"201770.0";"2.410866"
"201780.0";"2.461991"
"201790.0";"2.383046"
"201800.0";"2.426223"
"201810.0";"2.430236"
"201820.0";"2.429183"
"201830.0";"2.29663"
"201840.0";"2.400371"
"201850.0";"2.414794"
"201860.0";"2.446644"
"201870.0";"2.409586"
"201880.0";"2.339229"
"201890.0";"2.399145"
"201900.0";"2.417783"
"201910.0";"2.351652"
"201920.0";"2.385649"
"201930.0";"2.407223"
"201940.0";"2.421535"
"201950.0";"2.354113"
"201960.0";"2.456053"
"201970.0";"2.457637"
"201980.0";"2.412255"
"201990.0";"2.420512"
"202000.0";"2.392522"
"202010.0";"2.428699"
"202020.0";"2.431131"
"202030.0";"2.49286"
"202040.0";"2.409361"
"202050.0";"2.38066"
"202060.0";"2.432152"
"202070.0";"2.444726"
"202080.0";"2.48048"
"202090.0";"2.27945"
"202100.0";"2.38972"
"202110.0";"2.393155"
"202120.0";"2.434808"
"202130.0";"2.365731"
"202140.0";"2.336661"
"202150.0";"2.381883"
"202160.0";"2.41511"
"202170.0";"2.324813"
"202180.0";"2.257252"
"202190.0";"2.446818"
"202200.0";"2.41192"
"202210.0";"2.355773"
"202220.0";"2.291787"
"202230.0";"2.369123"
"202240.0";"2.423946"
"202250.0";"2.397634"
"202260.0";"2.425018"
"202270.0";"2.375388"
"202280.0";"2.340456"
"202290.0";"2.453753"
"202300.0";"2.371071"
"202310.0";"2.304691"
"202320.0";"2.460194"
"202330.0";"2.461139"
"202340.0";"2.405191"
"202350.0";"2.407374"
"202360.0";"2.472322"
"202370.0";"2.456692"
"202380.0";"2.51895"
"202390.0";"2.505993"
"202400.0";"2.429309"
"202410.0";"2.417723"
"202420.0";"2.361247"
"202430.0";"2.369657"
"202440.0";"2.37506"
"202450.0";"2.274707"
"202460.0";"2.397985"
"202470.0";"2.379637"
"202480.0";"2.364978"
"202490.0";"2.378099"
"202500.0";"2.467421"
"202510.0";"2.43607"
"202520.0";"2.361066"
"202530.0";"2.409319"
"202540.0";"2.472505"
"202550.0";"2.41882"
"202560.0";"2.407199"
"202570.0";"2.389457"
"202580.0";"2.325052"
"202590.0";"2.431202"
"202600.0";"2.443615"
"202610.0";"2.419307"
"202620.0";"2.417529"
"202630.0";"2.458586"
"202640.0";"2.409336"
"202650.0";"2.392467"
"202660.0";"2.452124"
"202670.0";"2.443245"
"202680.0";"2.436748"
"202690.0";"2.480127"
"202700.0";"2.463362"
"202710.0";"2.452575"
"202720.0";"2.414559"
"202730.0";"2.387483"
"202740.0";"2.494909"
"202750.0";"2.400863"
"202760.0";"2.453599"
"202770.0";"2.384469"
"202780.0";"2.40129"
"202790.0";"2.424337"
"202800.0";"2.417554"
"202810.0";"2.397366"
"202820.0";"2.485271"
"202830.0";"2.48996"
"202840.0";"2.427071"
"202850.0";"2.527307"
"202860.0";"2.425227"
"202870.0";"2.416426"
"202880.0";"2.476058"
"202890.0";"2.466466"
"202900.0";"2.341031"
"202910.0";"2.347238"
"202920.0";"2.425153"
"202930.0";"2.303797"
"202940.0";"2.401295"
"202950.0";"2.45737"
"202960.0";"2.356813"
"202970.0";"2.46443"
"202980.0";"2.467408"
"202990.0";"2.474425"
"203000.0";"2.425998"
"203010.0";"2.339718"
"203020.0";"2.395204"
"203030.0";"2.453285"
"203040.0";"2.436534"
"203050.0";"2.450134"
"203060.0";"2.403816"
"203070.0";"2.450061"
"203080.0";"2.415377"
"203090.0";"2.415043"
"203100.0";"2.366123"
"203110.0";"2.363859"
"203120.0";"2.420961"
"203130.0";"2.396634"
"203140.0";"2.424464"
"203150.0";"2.460757"
"203160.0";"2.423658"
"203170.0";"2.383555"
"203180.0";"2.431891"
"203190.0";"2.44328"
"203200.0";"2.453232"
"203210.0";"2.419298"
"203220.0";"2.501605"
"203230.0";"2.416932"
"203240.0";"2.401695"
"203250.0";"2.405508"
"203260.0";"2.464767"
"203270.0";"2.473348"
"203280.0";"2.420138"
"203290.0";"2.447736"
"203300.0";"2.487149"
"203310.0";"2.43138"
"203320.0";"2.441642"
"203330.0";"2.444138"
"203340.0";"2.362286"
"203350.0";"2.426338"
"203360.0";"2.498695"
"203370.0";"2.457285"
"203380.0";"2.386009"
"203390.0";"2.432424"
"203400.0";"2.458151"
"203410.0";"2.38861"
"203420.0";"2.27519"
"203430.0";"2.357049"
"203440.0";"2.404403"
"203450.0";"2.384302"
"203460.0";"2.381185"
"203470.0";"2.383244"
"203480.0";"2.320377"
"203490.0";"2.41277"
"203500.0";"2.25626"
"203510.0";"2.391788"
"203520.0";"2.432997"
"203530.0";"2.394732"
"203540.0";"2.377993"
"203550.0";"2.378874"
"203560.0";"2.339596"
"203570.0";"2.339683"
"203580.0";"2.409916"
"203590.0";"2.319374"
"203600.0";"2.329955"
"203610.0";"2.256337"
"203620.0";"2.364338"
"203630.0";"2.429268"
"203640.0";"2.388494"
"203650.0";"2.269734"
"203660.0";"2.380384"
"203670.0";"2.35789"
"203680.0";"2.333824"
"203690.0";"2.271694"
"203700.0";"2.303251"
"203710.0";"2.346181"
"203720.0";"2.323474"
"203730.0";"2.327314"
"203740.0";"2.418472"
"203750.0";"2.388418"
"203760.0";"2.323044"
"203770.0";"2.400286"
"203780.0";"2.383476"
"203790.0";"2.328847"
"203800.0";"2.358589"
"203810.0";"2.403215"
"203820.0";"2.348036"
"203830.0";"2.449018"
"203840.0";"2.386374"
"203850.0";"2.432718"
"203860.0";"2.408581"
"203870.0";"2.396544"
"203880.0";"2.466377"
"203890.0";"2.371247"
"203900.0";"2.368053"
"203910.0";"2.450442"
"203920.0";"2.279588"
"203930.0";"2.32271"
"203940.0";"2.313801"
"203950.0";"2.297935"
"203960.0";"2.354439"
"203970.0";"2.400166"
"203980.0";"2.420143"
"203990.0";"2.442285"
"204000.0";"2.34193"
"204010.0";"2.388337"
"204020.0";"2.355707"
"204030.0";"2.385854"
"204040.0";"2.433431"
"204050.0";"2.425879"
"204060.0";"2.399406"
"204070.0";"2.453708"
"204080.0";"2.506404"
"204090.0";"2.323785"
"204100.0";"2.342799"
"204110.0";"2.378812"
"204120.0";"2.38846"
"204130.0";"2.410744"
"204140.0";"2.446253"
"204150.0";"2.451235"
"204160.0";"2.44383"
"204170.0";"2.423217"
"204180.0";"2.389601"
"204190.0";"2.36977"
"204200.0";"2.404427"
"204210.0";"2.304113"
"204220.0";"2.388053"
"204230.0";"2.443346"
"204240.0";"2.358185"
"204250.0";"2.36509"
"204260.0";"2.394748"
"204270.0";"2.390659"
"204280.0";"2.286833"
"204290.0";"2.451526"
"204300.0";"2.50931"
"204310.0";"2.396001"
"204320.0";"2.4864"
"204330.0";"2.537894"
"204340.0";"2.497211"
"204350.0";"2.416373"
"204360.0";"2.397914"
"204370.0";"2.502402"
"204380.0";"2.476115"
"204390.0";"2.446369"
"204400.0";"2.451946"
"204410.0";"2.393732"
"204420.0";"2.415359"
"204430.0";"2.479598"
"204440.0";"2.375862"
"204450.0";"2.3847"
"204460.0";"2.494084"
"204470.0";"2.361551"
"204480.0";"2.49504"
"204490.0";"2.440363"
"204500.0";"2.398406"
"204510.0";"2.433115"
"204520.0";"2.412948"
"204530.0";"2.298269"
"204540.0";"2.408299"
"204550.0";"2.446069"
"204560.0";"2.468827"
"204570.0";"2.555716"
"204580.0";"2.546552"
"204590.0";"2.379551"
"204600.0";"2.451161"
"204610.0";"2.495954"
"204620.0";"2.504338"
"204630.0";"2.505985"
"204640.0";"2.448042"
"204650.0";"2.462731"
"204660.0";"2.524616"
"204670.0";"2.418689"
"204680.0";"2.51308"
"204690.0";"2.493169"
"204700.0";"2.482001"
"204710.0";"2.372216"
"204720.0";"2.472459"
"204730.0";"2.328451"
"204740.0";"2.275298"
"204750.0";"2.487677"
"204760.0";"2.438205"
"204770.0";"2.381597"
"204780.0";"2.532075"
"204790.0";"2.463145"
"204800.0";"2.46136"
"204810.0";"2.452624"
"204820.0";"2.479586"
"204830.0";"2.405567"
"204840.0";"2.395215"
"204850.0";"2.441855"
"204860.0";"2.387133"
"204870.0";"2.455735"
"204880.0";"2.439586"
"204890.0";"2.433804"
"204900.0";"2.460108"
"204910.0";"2.415898"
"204920.0";"2.494342"
"204930.0";"2.4275"
"204940.0";"2.472891"
"204950.0";"2.409378"
"204960.0";"2.407414"
"204970.0";"2.469644"
"204980.0";"2.420178"
"204990.0";"2.506918"
"205000.0";"2.366023"
"205010.0";"2.325866"
"205020.0";"2.278127"
"205030.0";"2.299084"
"205040.0";"2.383925"
"205050.0";"2.421226"
"205060.0";"2.321403"
"205070.0";"2.49993"
"205080.0";"2.45922"
"205090.0";"2.459179"
"205100.0";"2.55322"
"205110.0";"2.505296"
"205120.0";"2.428231"
"205130.0";"2.568365"
"205140.0";"2.456626"
"205150.0";"2.474338"
"205160.0";"2.469837"
"205170.0";"2.51417"
"205180.0";"2.499527"
"205190.0";"2.442088"
"205200.0";"2.511641"
"205210.0";"2.382998"
"205220.0";"2.456167"
"205230.0";"2.516951"
"205240.0";"2.36952"
"205250.0";"2.435405"
"205260.0";"2.411872"
"205270.0";"2.234868"
"205280.0";"2.460516"
"205290.0";"2.364833"
"205300.0";"2.270619"
"205310.0";"2.250684"
"205320.0";"2.388745"
"205330.0";"2.436904"
"205340.0";"2.276665"
"205350.0";"2.39788"
"205360.0";"2.303449"
"205370.0";"2.337615"
"205380.0";"2.430451"
"205390.0";"2.393039"
"205400.0";"2.423018"
"205410.0";"2.335391"
"205420.0";"2.397543"
"205430.0";"2.347784"
"205440.0";"2.304408"
"205450.0";"2.340499"
"205460.0";"2.394484"
"205470.0";"2.299132"
"205480.0";"2.292692"
"205490.0";"2.355065"
"205500.0";"2.315216"
"205510.0";"2.26826"
"205520.0";"2.280632"
"205530.0";"2.309963"
"205540.0";"2.292477"
"205550.0";"2.421002"
"205560.0";"2.386623"
"205570.0";"2.270893"
"205580.0";"2.256308"
"205590.0";"2.28564"
"205600.0";"2.313175"
"205610.0";"2.359814"
"205620.0";"2.313599"
"205630.0";"2.384789"
"205640.0";"2.333376"
"205650.0";"2.336273"
"205660.0";"2.317806"
"205670.0";"2.332703"
"205680.0";"2.308275"
"205690.0";"2.365361"
"205700.0";"2.346778"
"205710.0";"2.466146"
"205720.0";"2.458008"
"205730.0";"2.410237"
"205740.0";"2.345522"
"205750.0";"2.364752"
"205760.0";"2.481039"
"205770.0";"2.308495"
"205780.0";"2.354042"
"205790.0";"2.258965"
"205800.0";"2.345606"
"205810.0";"2.339523"
"205820.0";"2.302326"
"205830.0";"2.39965"
"205840.0";"2.317647"
"205850.0";"2.349647"
"205860.0";"2.372117"
"205870.0";"2.333152"
"205880.0";"2.345124"
"205890.0";"2.375485"
"205900.0";"2.270371"
"205910.0";"2.466439"
"205920.0";"2.41716"
"205930.0";"2.344666"
"205940.0";"2.368306"
"205950.0";"2.394407"
"205960.0";"2.431671"
"205970.0";"2.300332"
"205980.0";"2.356683"
"205990.0";"2.352221"
"206000.0";"2.349444"
"206010.0";"2.301937"
"206020.0";"2.410373"
"206030.0";"2.294067"
"206040.0";"2.344478"
"206050.0";"2.389905"
"206060.0";"2.306289"
"206070.0";"2.386776"
"206080.0";"2.372877"
"206090.0";"2.342007"
"206100.0";"2.274971"
"206110.0";"2.29386"
"206120.0";"2.359152"
"206130.0";"2.222335"
"206140.0";"2.304274"
"206150.0";"2.263025"
"206160.0";"2.345464"
"206170.0";"2.267896"
"206180.0";"2.399844"
"206190.0";"2.311481"
"206200.0";"2.378952"
"206210.0";"2.359656"
"206220.0";"2.350343"
"206230.0";"2.355896"
"206240.0";"2.369513"
"206250.0";"2.356592"
"206260.0";"2.335419"
"206270.0";"2.427096"
"206280.0";"2.410055"
"206290.0";"2.368759"
"206300.0";"2.350671"
"206310.0";"2.41233"
"206320.0";"2.437558"
"206330.0";"2.357484"
"206340.0";"2.350588"
"206350.0";"2.280864"
"206360.0";"2.369928"
"206370.0";"2.248629"
"206380.0";"2.376654"
"206390.0";"2.42833"
"206400.0";"2.442112"
"206410.0";"2.319393"
"206420.0";"2.391462"
"206430.0";"2.464136"
"206440.0";"2.358439"
"206450.0";"2.420516"
"206460.0";"2.474931"
"206470.0";"2.427424"
"206480.0";"2.445188"
"206490.0";"2.351856"
"206500.0";"2.452296"
"206510.0";"2.425446"
"206520.0";"2.309931"
"206530.0";"2.478118"
"206540.0";"2.292225"
"206550.0";"2.360399"
"206560.0";"2.43002"
"206570.0";"2.323303"
"206580.0";"2.266"
"206590.0";"2.337565"
"206600.0";"2.349142"
"206610.0";"2.396722"
"206620.0";"2.394686"
"206630.0";"2.376806"
"206640.0";"2.323834"
"206650.0";"2.32226"
"206660.0";"2.277076"
"206670.0";"2.438771"
"206680.0";"2.365504"
"206690.0";"2.389068"
"206700.0";"2.372599"
"206710.0";"2.428615"
"206720.0";"2.426301"
"206730.0";"2.397647"
"206740.0";"2.343237"
"206750.0";"2.311979"
"206760.0";"2.410166"
"206770.0";"2.414296"
"206780.0";"2.371541"
"206790.0";"2.422664"
"206800.0";"2.464399"
"206810.0";"2.371163"
"206820.0";"2.446829"
"206830.0";"2.293727"
"206840.0";"2.304804"
"206850.0";"2.399164"
"206860.0";"2.378757"
"206870.0";"2.329528"
"206880.0";"2.345662"
"206890.0";"2.426154"
"206900.0";"2.39348"
"206910.0";"2.418859"
"206920.0";"2.322596"
"206930.0";"2.329863"
"206940.0";"2.300653"
"206950.0";"2.340176"
"206960.0";"2.337809"
"206970.0";"2.338555"
"206980.0";"2.268462"
"206990.0";"2.354143"
"207000.0";"2.312137"
"207010.0";"2.307395"
"207020.0";"2.332303"
"207030.0";"2.31875"
"207040.0";"2.33036"
"207050.0";"2.24836"
"207060.0";"2.33081"
"207070.0";"2.349644"
"207080.0";"2.342924"
"207090.0";"2.289152"
"207100.0";"2.362274"
"207110.0";"2.328931"
"207120.0";"2.277308"
"207130.0";"2.352215"
"207140.0";"2.472658"
"207150.0";"2.291631"
"207160.0";"2.295258"
"207170.0";"2.33259"
"207180.0";"2.331452"
"207190.0";"2.253948"
"207200.0";"2.298653"
"207210.0";"2.239365"
"207220.0";"2.278738"
"207230.0";"2.317112"
"207240.0";"2.277095"
"207250.0";"2.29988"
"207260.0";"2.316717"
"207270.0";"2.282138"
"207280.0";"2.350496"
"207290.0";"2.34252"
"207300.0";"2.260653"
"207310.0";"2.260722"
"207320.0";"2.387431"
"207330.0";"2.290245"
"207340.0";"2.263379"
"207350.0";"2.30295"
"207360.0";"2.337411"
"207370.0";"2.266982"
"207380.0";"2.365403"
"207390.0";"2.302523"
"207400.0";"2.174178"
"207410.0";"2.430221"
"207420.0";"2.371772"
"207430.0";"2.304294"
"207440.0";"2.267059"
"207450.0";"2.352671"
"207460.0";"2.301698"
"207470.0";"2.2644"
"207480.0";"2.458011"
"207490.0";"2.38983"
"207500.0";"2.210581"
"207510.0";"2.235543"
"207520.0";"2.256119"
"207530.0";"2.310017"
"207540.0";"2.42621"
"207550.0";"2.321766"
"207560.0";"2.295003"
"207570.0";"2.329169"
"207580.0";"2.305074"
"207590.0";"2.246542"
"207600.0";"2.280818"
"207610.0";"2.317467"
"207620.0";"2.304724"
"207630.0";"2.27608"
"207640.0";"2.262729"
"207650.0";"2.290125"
"207660.0";"2.307051"
"207670.0";"2.403131"
"207680.0";"2.316883"
"207690.0";"2.313656"
"207700.0";"2.390056"
"207710.0";"2.261098"
"207720.0";"2.232998"
"207730.0";"2.260067"
"207740.0";"2.301918"
"207750.0";"2.23886"
"207760.0";"2.227737"
"207770.0";"2.291592"
"207780.0";"2.225595"
"207790.0";"2.219949"
"207800.0";"2.185449"
"207810.0";"2.365264"
"207820.0";"2.321777"
"207830.0";"2.280812"
"207840.0";"2.368039"
"207850.0";"2.263008"
"207860.0";"2.288462"
"207870.0";"2.295071"
"207880.0";"2.327179"
"207890.0";"2.343917"
"207900.0";"2.26908"
"207910.0";"2.422132"
"207920.0";"2.263571"
"207930.0";"2.319116"
"207940.0";"2.256431"
"207950.0";"2.34122"
"207960.0";"2.40238"
"207970.0";"2.258768"
"207980.0";"2.390146"
"207990.0";"2.277665"
"208000.0";"2.428619"
"208010.0";"2.33737"
"208020.0";"2.339479"
"208030.0";"2.358573"
"208040.0";"2.357483"
"208050.0";"2.381841"
"208060.0";"2.334762"
"208070.0";"2.39787"
"208080.0";"2.439151"
"208090.0";"2.363302"
"208100.0";"2.347254"
"208110.0";"2.351638"
"208120.0";"2.306301"
"208130.0";"2.361948"
"208140.0";"2.415392"
"208150.0";"2.410333"
"208160.0";"2.347809"
"208170.0";"2.370193"
"208180.0";"2.414287"
"208190.0";"2.326154"
"208200.0";"2.429013"
"208210.0";"2.315639"
"208220.0";"2.404345"
"208230.0";"2.308199"
"208240.0";"2.417785"
"208250.0";"2.410944"
"208260.0";"2.363715"
"208270.0";"2.436417"
"208280.0";"2.309198"
"208290.0";"2.425234"
"208300.0";"2.441358"
"208310.0";"2.466026"
"208320.0";"2.365821"
"208330.0";"2.357607"
"208340.0";"2.378097"
"208350.0";"2.347652"
"208360.0";"2.312007"
"208370.0";"2.442557"
"208380.0";"2.36579"
"208390.0";"2.463353"
"208400.0";"2.383512"
"208410.0";"2.400479"
"208420.0";"2.376156"
"208430.0";"2.290861"
"208440.0";"2.337946"
"208450.0";"2.465334"
"208460.0";"2.342599"
"208470.0";"2.375848"
"208480.0";"2.346549"
"208490.0";"2.388215"
"208500.0";"2.341276"
"208510.0";"2.356253"
"208520.0";"2.46481"
"208530.0";"2.454114"
"208540.0";"2.439757"
"208550.0";"2.404653"
"208560.0";"2.42235"
"208570.0";"2.363064"
"208580.0";"2.3821"
"208590.0";"2.482634"
"208600.0";"2.358329"
"208610.0";"2.436291"
"208620.0";"2.334911"
"208630.0";"2.289862"
"208640.0";"2.406832"
"208650.0";"2.396383"
"208660.0";"2.342418"
"208670.0";"2.303065"
"208680.0";"2.389699"
"208690.0";"2.348393"
"208700.0";"2.353212"
"208710.0";"2.349183"
"208720.0";"2.365512"
"208730.0";"2.410712"
"208740.0";"2.470464"
"208750.0";"2.403018"
"208760.0";"2.440731"
"208770.0";"2.489092"
"208780.0";"2.395531"
"208790.0";"2.308474"
"208800.0";"2.377755"
"208810.0";"2.380691"
"208820.0";"2.363995"
"208830.0";"2.407773"
"208840.0";"2.46663"
"208850.0";"2.339868"
"208860.0";"2.343229"
"208870.0";"2.296047"
"208880.0";"2.41441"
"208890.0";"2.406361"
"208900.0";"2.378953"
"208910.0";"2.405026"
"208920.0";"2.493682"
"208930.0";"2.399747"
"208940.0";"2.463288"
"208950.0";"2.34806"
"208960.0";"2.321147"
"208970.0";"2.453285"
"208980.0";"2.467966"
"208990.0";"2.572746"
"209000.0";"2.424307"
"209010.0";"2.421814"
"209020.0";"2.412719"
"209030.0";"2.594352"
"209040.0";"2.377277"
"209050.0";"2.312719"
"209060.0";"2.409797"
"209070.0";"2.493427"
"209080.0";"2.45371"
"209090.0";"2.448022"
"209100.0";"2.433528"
"209110.0";"2.37127"
"209120.0";"2.388649"
"209130.0";"2.38548"
"209140.0";"2.422599"
"209150.0";"2.491203"
"209160.0";"2.405605"
"209170.0";"2.441103"
"209180.0";"2.408793"
"209190.0";"2.470636"
"209200.0";"2.428877"
"209210.0";"2.428096"
"209220.0";"2.355463"
"209230.0";"2.370687"
"209240.0";"2.404585"
"209250.0";"2.431145"
"209260.0";"2.536026"
"209270.0";"2.361442"
"209280.0";"2.39132"
"209290.0";"2.385047"
"209300.0";"2.387118"
"209310.0";"2.431768"
"209320.0";"2.313886"
"209330.0";"2.348098"
"209340.0";"2.416626"
"209350.0";"2.410368"
"209360.0";"2.43795"
"209370.0";"2.354527"
"209380.0";"2.342179"
"209390.0";"2.417853"
"209400.0";"2.429167"
"209410.0";"2.36009"
"209420.0";"2.454256"
"209430.0";"2.393274"
"209440.0";"2.35981"
"209450.0";"2.418526"
"209460.0";"2.430156"
"209470.0";"2.344902"
"209480.0";"2.352224"
"209490.0";"2.390766"
"209500.0";"2.332666"
"209510.0";"2.33338"
"209520.0";"2.359931"
"209530.0";"2.352436"
"209540.0";"2.418224"
"209550.0";"2.266855"
"209560.0";"2.345969"
"209570.0";"2.416288"
"209580.0";"2.498402"
"209590.0";"2.339739"
"209600.0";"2.400131"
"209610.0";"2.390787"
"209620.0";"2.441467"
"209630.0";"2.400715"
"209640.0";"2.341734"
"209650.0";"2.445383"
"209660.0";"2.354037"
"209670.0";"2.32949"
"209680.0";"2.370049"
"209690.0";"2.341235"
"209700.0";"2.393689"
"209710.0";"2.390388"
"209720.0";"2.336561"
"209730.0";"2.474818"
"209740.0";"2.47865"
"209750.0";"2.462261"
"209760.0";"2.457431"
"209770.0";"2.479576"
"209780.0";"2.466174"
"209790.0";"2.38663"
"209800.0";"2.40711"
"209810.0";"2.301012"
"209820.0";"2.396378"
"209830.0";"2.450765"
"209840.0";"2.399506"
"209850.0";"2.374924"
"209860.0";"2.205336"
"209870.0";"2.318728"
"209880.0";"2.266998"
"209890.0";"2.39312"
"209900.0";"2.331303"
"209910.0";"2.315408"
"209920.0";"2.246046"
"209930.0";"2.277742"
"209940.0";"2.273025"
"209950.0";"2.378787"
"209960.0";"2.194096"
"209970.0";"2.276893"
"209980.0";"2.300441"
"209990.0";"2.309962"
"210000.0";"2.289681"
"210010.0";"2.333002"
"210020.0";"2.254851"
"210030.0";"2.351787"
"210040.0";"2.316373"
"210050.0";"2.240522"
"210060.0";"2.353839"
"210070.0";"2.298349"
"210080.0";"2.358633"
"210090.0";"2.355377"
"210100.0";"2.327031"
"210110.0";"2.323039"
"210120.0";"2.266463"
"210130.0";"2.273279"
"210140.0";"2.264847"
"210150.0";"2.369734"
"210160.0";"2.255794"
"210170.0";"2.336543"
"210180.0";"2.223895"
"210190.0";"2.272156"
"210200.0";"2.290299"
"210210.0";"2.363993"
"210220.0";"2.319936"
"210230.0";"2.301119"
"210240.0";"2.312263"
"210250.0";"2.340034"
"210260.0";"2.325227"
"210270.0";"2.283349"
"210280.0";"2.32439"
"210290.0";"2.314341"
"210300.0";"2.360194"
"210310.0";"2.33389"
"210320.0";"2.290002"
"210330.0";"2.278534"
"210340.0";"2.349369"
"210350.0";"2.2718"
"210360.0";"2.231736"
"210370.0";"2.404413"
"210380.0";"2.275834"
"210390.0";"2.271798"
"210400.0";"2.283482"
"210410.0";"2.324196"
"210420.0";"2.236147"
"210430.0";"2.358157"
"210440.0";"2.298672"
"210450.0";"2.28036"
"210460.0";"2.40661"
"210470.0";"2.37123"
"210480.0";"2.360687"
"210490.0";"2.337372"
"210500.0";"2.355133"
"210510.0";"2.26255"
"210520.0";"2.403385"
"210530.0";"2.372807"
"210540.0";"2.287838"
"210550.0";"2.307987"
"210560.0";"2.372703"
"210570.0";"2.319572"
"210580.0";"2.326879"
"210590.0";"2.370321"
"210600.0";"2.314915"
"210610.0";"2.289464"
"210620.0";"2.310582"
"210630.0";"2.301525"
"210640.0";"2.274334"
"210650.0";"2.271141"
"210660.0";"2.354754"
"210670.0";"2.291505"
"210680.0";"2.309007"
"210690.0";"2.343808"
"210700.0";"2.36181"
"210710.0";"2.346326"
"210720.0";"2.360642"
"210730.0";"2.294796"
"210740.0";"2.301395"
"210750.0";"2.316279"
"210760.0";"2.347976"
"210770.0";"2.357627"
"210780.0";"2.355752"
"210790.0";"2.235397"
"210800.0";"2.268674"
"210810.0";"2.396903"
"210820.0";"2.328734"
"210830.0";"2.319468"
"210840.0";"2.28416"
"210850.0";"2.367774"
"210860.0";"2.324419"
"210870.0";"2.334062"
"210880.0";"2.292864"
"210890.0";"2.282793"
"210900.0";"2.299518"
"210910.0";"2.272355"
"210920.0";"2.32303"
"210930.0";"2.349057"
"210940.0";"2.279048"
"210950.0";"2.281731"
"210960.0";"2.232556"
"210970.0";"2.288375"
"210980.0";"2.27292"
"210990.0";"2.339937"
"211000.0";"2.342876"
"211010.0";"2.426933"
"211020.0";"2.267769"
"211030.0";"2.242239"
"211040.0";"2.228586"
"211050.0";"2.36551"
"211060.0";"2.324558"
"211070.0";"2.322104"
"211080.0";"2.286784"
"211090.0";"2.318706"
"211100.0";"2.215827"
"211110.0";"2.296418"
"211120.0";"2.277019"
"211130.0";"2.360168"
"211140.0";"2.337361"
"211150.0";"2.34378"
"211160.0";"2.280062"
"211170.0";"2.325825"
"211180.0";"2.286258"
"211190.0";"2.336856"
"211200.0";"2.331127"
"211210.0";"2.364043"
"211220.0";"2.397734"
"211230.0";"2.243909"
"211240.0";"2.336025"
"211250.0";"2.239381"
"211260.0";"2.30145"
"211270.0";"2.343806"
"211280.0";"2.315333"
"211290.0";"2.262765"
"211300.0";"2.249224"
"211310.0";"2.303926"
"211320.0";"2.303265"
"211330.0";"2.317405"
"211340.0";"2.279581"
"211350.0";"2.326522"
"211360.0";"2.312953"
"211370.0";"2.399224"
"211380.0";"2.317929"
"211390.0";"2.314528"
"211400.0";"2.271305"
"211410.0";"2.348315"
"211420.0";"2.244015"
"211430.0";"2.302088"
"211440.0";"2.351952"
"211450.0";"2.269085"
"211460.0";"2.267512"
"211470.0";"2.238792"
"211480.0";"2.313453"
"211490.0";"2.282026"
"211500.0";"2.307963"
"211510.0";"2.345367"
"211520.0";"2.368409"
"211530.0";"2.443091"
"211540.0";"2.334483"
"211550.0";"2.302026"
"211560.0";"2.30635"
"211570.0";"2.357934"
"211580.0";"2.262933"
"211590.0";"2.329823"
"211600.0";"2.467968"
"211610.0";"2.337921"
"211620.0";"2.356399"
"211630.0";"2.335557"
"211640.0";"2.328816"
"211650.0";"2.415402"
"211660.0";"2.365"
"211670.0";"2.291192"
"211680.0";"2.183528"
"211690.0";"2.298469"
"211700.0";"2.315498"
"211710.0";"2.271426"
"211720.0";"2.387317"
"211730.0";"2.292929"
"211740.0";"2.330901"
"211750.0";"2.36217"
"211760.0";"2.337823"
"211770.0";"2.319366"
"211780.0";"2.334391"
"211790.0";"2.259945"
"211800.0";"2.314631"
"211810.0";"2.386771"
"211820.0";"2.278257"
"211830.0";"2.374195"
"211840.0";"2.335439"
"211850.0";"2.322732"
"211860.0";"2.324935"
"211870.0";"2.369607"
"211880.0";"2.327004"
"211890.0";"2.272088"
"211900.0";"2.341032"
"211910.0";"2.317718"
"211920.0";"2.26687"
"211930.0";"2.375442"
"211940.0";"2.300821"
"211950.0";"2.290775"
"211960.0";"2.275482"
"211970.0";"2.324927"
"211980.0";"2.271071"
"211990.0";"2.3252"
"212000.0";"2.327491"
"212010.0";"2.374309"
"212020.0";"2.344292"
"212030.0";"2.276947"
"212040.0";"2.307366"
"212050.0";"2.30848"
"212060.0";"2.316646"
"212070.0";"2.355909"
"212080.0";"2.309187"
"212090.0";"2.341271"
"212100.0";"2.380441"
"212110.0";"2.326261"
"212120.0";"2.270038"
"212130.0";"2.329977"
"212140.0";"2.344032"
"212150.0";"2.407492"
"212160.0";"2.253916"
"212170.0";"2.313196"
"212180.0";"2.311639"
"212190.0";"2.346221"
"212200.0";"2.257853"
"212210.0";"2.242835"
"212220.0";"2.302698"
"212230.0";"2.258489"
"212240.0";"2.323952"
"212250.0";"2.334733"
"212260.0";"2.310778"
"212270.0";"2.28698"
"212280.0";"2.306933"
"212290.0";"2.31014"
"212300.0";"2.290782"
"212310.0";"2.284776"
"212320.0";"2.381045"
"212330.0";"2.294013"
"212340.0";"2.324344"
"212350.0";"2.3273"
"212360.0";"2.334686"
"212370.0";"2.298601"
"212380.0";"2.330581"
"212390.0";"2.291141"
"212400.0";"2.334733"
"212410.0";"2.238469"
"212420.0";"2.246602"
"212430.0";"2.312919"
"212440.0";"2.360426"
"212450.0";"2.318818"
"212460.0";"2.327319"
"212470.0";"2.435331"
"212480.0";"2.37889"
"212490.0";"2.284913"
"212500.0";"2.291939"
"212510.0";"2.332731"
"212520.0";"2.360495"
"212530.0";"2.297775"
"212540.0";"2.256144"
"212550.0";"2.314635"
"212560.0";"2.389378"
"212570.0";"2.324968"
"212580.0";"2.379652"
"212590.0";"2.320083"
"212600.0";"2.300384"
"212610.0";"2.293813"
"212620.0";"2.259767"
"212630.0";"2.369237"
"212640.0";"2.231017"
"212650.0";"2.31908"
"212660.0";"2.309937"
"212670.0";"2.363525"
"212680.0";"2.34057"
"212690.0";"2.308199"
"212700.0";"2.293933"
"212710.0";"2.316357"
"212720.0";"2.289027"
"212730.0";"2.250961"
"212740.0";"2.330767"
"212750.0";"2.263022"
"212760.0";"2.247526"
"212770.0";"2.267712"
"212780.0";"2.354174"
"212790.0";"2.298835"
"212800.0";"2.286891"
"212810.0";"2.384815"
"212820.0";"2.346982"
"212830.0";"2.41182"
"212840.0";"2.353849"
"212850.0";"2.333583"
"212860.0";"2.257749"
"212870.0";"2.283553"
"212880.0";"2.274703"
"212890.0";"2.312387"
"212900.0";"2.315057"
"212910.0";"2.316615"
"212920.0";"2.309054"
"212930.0";"2.400214"
"212940.0";"2.329672"
"212950.0";"2.287836"
"212960.0";"2.299994"
"212970.0";"2.353858"
"212980.0";"2.232989"
"212990.0";"2.439902"
"213000.0";"2.354391"
"213010.0";"2.297821"
"213020.0";"2.31898"
"213030.0";"2.339008"
"213040.0";"2.267647"
"213050.0";"2.289661"
"213060.0";"2.298524"
"213070.0";"2.261031"
"213080.0";"2.286339"
"213090.0";"2.262989"
"213100.0";"2.209232"
"213110.0";"2.265281"
"213120.0";"2.304985"
"213130.0";"2.285492"
"213140.0";"2.289301"
"213150.0";"2.322252"
"213160.0";"2.280771"
"213170.0";"2.301893"
"213180.0";"2.341502"
"213190.0";"2.368106"
"213200.0";"2.199254"
"213210.0";"2.289946"
"213220.0";"2.315346"
"213230.0";"2.245818"
"213240.0";"2.247921"
"213250.0";"2.291839"
"213260.0";"2.255517"
"213270.0";"2.314827"
"213280.0";"2.364757"
"213290.0";"2.306627"
"213300.0";"2.21926"
"213310.0";"2.399755"
"213320.0";"2.338859"
"213330.0";"2.200619"
"213340.0";"2.349873"
"213350.0";"2.320055"
"213360.0";"2.283873"
"213370.0";"2.337464"
"213380.0";"2.280676"
"213390.0";"2.251175"
"213400.0";"2.322777"
"213410.0";"2.274795"
"213420.0";"2.362321"
"213430.0";"2.328831"
"213440.0";"2.292577"
"213450.0";"2.239151"
"213460.0";"2.302606"
"213470.0";"2.339959"
"213480.0";"2.310123"
"213490.0";"2.359514"
"213500.0";"2.324914"
"213510.0";"2.293104"
"213520.0";"2.365142"
"213530.0";"2.274225"
"213540.0";"2.302593"
"213550.0";"2.285939"
"213560.0";"2.367833"
"213570.0";"2.373455"
"213580.0";"2.227453"
"213590.0";"2.311097"
"213600.0";"2.282928"
"213610.0";"2.361864"
"213620.0";"2.254541"
"213630.0";"2.304676"
"213640.0";"2.316321"
"213650.0";"2.307652"
"213660.0";"2.249939"
"213670.0";"2.318892"
"213680.0";"2.293111"
"213690.0";"2.264815"
"213700.0";"2.298342"
"213710.0";"2.282526"
"213720.0";"2.420433"
"213730.0";"2.301768"
"213740.0";"2.258389"
"213750.0";"2.242023"
"213760.0";"2.365716"
"213770.0";"2.374602"
"213780.0";"2.309386"
"213790.0";"2.276342"
"213800.0";"2.25074"
"213810.0";"2.283298"
"213820.0";"2.288204"
"213830.0";"2.241654"
"213840.0";"2.338341"
"213850.0";"2.326898"
"213860.0";"2.38786"
"213870.0";"2.316049"
"213880.0";"2.334602"
"213890.0";"2.306773"
"213900.0";"2.344588"
"213910.0";"2.342424"
"213920.0";"2.310126"
"213930.0";"2.292423"
"213940.0";"2.316311"
"213950.0";"2.276067"
"213960.0";"2.275621"
"213970.0";"2.291655"
"213980.0";"2.335975"
"213990.0";"2.305713"
"214000.0";"2.277407"
"214010.0";"2.250786"
"214020.0";"2.250171"
"214030.0";"2.293024"
"214040.0";"2.342007"
"214050.0";"2.32388"
"214060.0";"2.240314"
"214070.0";"2.335295"
"214080.0";"2.320406"
"214090.0";"2.257851"
"214100.0";"2.358507"
"214110.0";"2.388857"
"214120.0";"2.320376"
"214130.0";"2.316508"
"214140.0";"2.295999"
"214150.0";"2.315849"
"214160.0";"2.255693"
"214170.0";"2.274204"
"214180.0";"2.335867"
"214190.0";"2.290644"
"214200.0";"2.312998"
"214210.0";"2.234081"
"214220.0";"2.235085"
"214230.0";"2.304317"
"214240.0";"2.286361"
"214250.0";"2.286231"
"214260.0";"2.333328"
"214270.0";"2.310199"
"214280.0";"2.290156"
"214290.0";"2.24429"
"214300.0";"2.359401"
"214310.0";"2.314669"
"214320.0";"2.184047"
"214330.0";"2.345589"
"214340.0";"2.253132"
"214350.0";"2.28048"
"214360.0";"2.330963"
"214370.0";"2.267327"
"214380.0";"2.297065"
"214390.0";"2.293465"
"214400.0";"2.276047"
"214410.0";"2.374343"
"214420.0";"2.286443"
"214430.0";"2.384359"
"214440.0";"2.321082"
"214450.0";"2.316158"
"214460.0";"2.336404"
"214470.0";"2.293967"
"214480.0";"2.351743"
"214490.0";"2.223814"
"214500.0";"2.216886"
"214510.0";"2.249479"
"214520.0";"2.283989"
"214530.0";"2.270396"
"214540.0";"2.273938"
"214550.0";"2.316911"
"214560.0";"2.278298"
"214570.0";"2.259509"
"214580.0";"2.185604"
"214590.0";"2.184209"
"214600.0";"2.320207"
"214610.0";"2.281616"
"214620.0";"2.228301"
"214630.0";"2.294757"
"214640.0";"2.264552"
"214650.0";"2.243859"
"214660.0";"2.390027"
"214670.0";"2.245258"
"214680.0";"2.267138"
"214690.0";"2.266666"
"214700.0";"2.258253"
"214710.0";"2.27065"
"214720.0";"2.274496"
"214730.0";"2.285801"
"214740.0";"2.22969"
"214750.0";"2.288529"
"214760.0";"2.315096"
"214770.0";"2.279103"
"214780.0";"2.325777"
"214790.0";"2.248699"
"214800.0";"2.282413"
"214810.0";"2.280334"
"214820.0";"2.273679"
"214830.0";"2.365609"
"214840.0";"2.271439"
"214850.0";"2.199569"
"214860.0";"2.236133"
"214870.0";"2.277861"
"214880.0";"2.276989"
"214890.0";"2.348328"
"214900.0";"2.312891"
"214910.0";"2.28555"
"214920.0";"2.262053"
"214930.0";"2.368126"
"214940.0";"2.331297"
"214950.0";"2.282743"
"214960.0";"2.275572"
"214970.0";"2.373906"
"214980.0";"2.252478"
"214990.0";"2.378248"
"215000.0";"2.39133"
"215010.0";"2.215306"
"215020.0";"2.236909"
"215030.0";"2.239535"
"215040.0";"2.312842"
"215050.0";"2.351063"
"215060.0";"2.317652"
"215070.0";"2.302818"
"215080.0";"2.283014"
"215090.0";"2.310664"
"215100.0";"2.241797"
"215110.0";"2.296062"
"215120.0";"2.255995"
"215130.0";"2.266489"
"215140.0";"2.24471"
"215150.0";"2.189632"
"215160.0";"2.228404"
"215170.0";"2.289197"
"215180.0";"2.310169"
"215190.0";"2.273058"
"215200.0";"2.30625"
"215210.0";"2.238088"
"215220.0";"2.262502"
"215230.0";"2.232958"
"215240.0";"2.347051"
"215250.0";"2.28431"
"215260.0";"2.267752"
"215270.0";"2.2538"
"215280.0";"2.344681"
"215290.0";"2.293306"
"215300.0";"2.298365"
"215310.0";"2.241171"
"215320.0";"2.361564"
"215330.0";"2.331384"
"215340.0";"2.349782"
"215350.0";"2.248104"
"215360.0";"2.282752"
"215370.0";"2.313683"
"215380.0";"2.252746"
"215390.0";"2.237124"
"215400.0";"2.264374"
"215410.0";"2.285515"
"215420.0";"2.309748"
"215430.0";"2.268583"
"215440.0";"2.296093"
"215450.0";"2.288038"
"215460.0";"2.365962"
"215470.0";"2.300375"
"215480.0";"2.279695"
"215490.0";"2.216578"
"215500.0";"2.393006"
"215510.0";"2.285557"
"215520.0";"2.256489"
"215530.0";"2.324781"
"215540.0";"2.422344"
"215550.0";"2.265881"
"215560.0";"2.285958"
"215570.0";"2.375608"
"215580.0";"2.295676"
"215590.0";"2.246054"
"215600.0";"2.208954"
"215610.0";"2.224004"
"215620.0";"2.271103"
"215630.0";"2.315376"
"215640.0";"2.314617"
"215650.0";"2.302718"
"215660.0";"2.293865"
"215670.0";"2.262131"
"215680.0";"2.367442"
"215690.0";"2.279218"
"215700.0";"2.294871"
"215710.0";"2.26706"
"215720.0";"2.314816"
"215730.0";"2.326596"
"215740.0";"2.288174"
"215750.0";"2.275537"
"215760.0";"2.249604"
"215770.0";"2.288218"
"215780.0";"2.267089"
"215790.0";"2.259834"
"215800.0";"2.248741"
"215810.0";"2.380266"
"215820.0";"2.392835"
"215830.0";"2.369465"
"215840.0";"2.32059"
"215850.0";"2.290287"
"215860.0";"2.273513"
"215870.0";"2.274754"
"215880.0";"2.274777"
"215890.0";"2.259255"
"215900.0";"2.285712"
"215910.0";"2.347493"
"215920.0";"2.284964"
"215930.0";"2.313129"
"215940.0";"2.297635"
"215950.0";"2.234147"
"215960.0";"2.276826"
"215970.0";"2.252873"
"215980.0";"2.326633"
"215990.0";"2.24471"
"216000.0";"2.202969"
"216010.0";"2.317156"
"216020.0";"2.272876"
"216030.0";"2.39108"
"216040.0";"2.329925"
"216050.0";"2.355852"
"216060.0";"2.3023"
"216070.0";"2.373922"
"216080.0";"2.34354"
"216090.0";"2.229069"
"216100.0";"2.358365"
"216110.0";"2.276347"
"216120.0";"2.220119"
"216130.0";"2.357521"
"216140.0";"2.26879"
"216150.0";"2.268688"
"216160.0";"2.263903"
"216170.0";"2.296572"
"216180.0";"2.331172"
"216190.0";"2.240841"
"216200.0";"2.309384"
"216210.0";"2.274372"
"216220.0";"2.250196"
"216230.0";"2.314618"
"216240.0";"2.300543"
"216250.0";"2.301912"
"216260.0";"2.280318"
"216270.0";"2.320486"
"216280.0";"2.348081"
"216290.0";"2.24724"
"216300.0";"2.218625"
"216310.0";"2.274464"
"216320.0";"2.306885"
"216330.0";"2.31478"
"216340.0";"2.323908"
"216350.0";"2.372719"
"216360.0";"2.270138"
"216370.0";"2.378441"
"216380.0";"2.445007"
"216390.0";"2.376668"
"216400.0";"2.238952"
"216410.0";"2.410727"
"216420.0";"2.315602"
"216430.0";"2.299982"
"216440.0";"2.306182"
"216450.0";"2.270046"
"216460.0";"2.327177"
"216470.0";"2.31724"
"216480.0";"2.286672"
"216490.0";"2.268141"
"216500.0";"2.318434"
"216510.0";"2.247121"
"216520.0";"2.342473"
"216530.0";"2.367045"
"216540.0";"2.322188"
"216550.0";"2.272401"
"216560.0";"2.303899"
"216570.0";"2.355344"
"216580.0";"2.289842"
"216590.0";"2.216944"
"216600.0";"2.265435"
"216610.0";"2.31386"
"216620.0";"2.287313"
"216630.0";"2.26162"
"216640.0";"2.286691"
"216650.0";"2.255661"
"216660.0";"2.217973"
"216670.0";"2.299541"
"216680.0";"2.369772"
"216690.0";"2.238478"
"216700.0";"2.261603"
"216710.0";"2.301135"
"216720.0";"2.249735"
"216730.0";"2.290375"
"216740.0";"2.30955"
"216750.0";"2.316443"
"216760.0";"2.342155"
"216770.0";"2.375397"
"216780.0";"2.346778"
"216790.0";"2.267558"
"216800.0";"2.257292"
"216810.0";"2.336384"
"216820.0";"2.351453"
"216830.0";"2.318218"
"216840.0";"2.372965"
"216850.0";"2.360259"
"216860.0";"2.332729"
"216870.0";"2.338388"
"216880.0";"2.326771"
"216890.0";"2.251297"
"216900.0";"2.205032"
"216910.0";"2.31599"
"216920.0";"2.329886"
"216930.0";"2.259823"
"216940.0";"2.314862"
"216950.0";"2.293789"
"216960.0";"2.282093"
"216970.0";"2.251809"
"216980.0";"2.3393"
"216990.0";"2.267321"
"217000.0";"2.348011"
"217010.0";"2.350172"
"217020.0";"2.298465"
"217030.0";"2.32958"
"217040.0";"2.316122"
"217050.0";"2.329417"
"217060.0";"2.246033"
"217070.0";"2.390458"
"217080.0";"2.254175"
"217090.0";"2.243392"
"217100.0";"2.262133"
"217110.0";"2.310591"
"217120.0";"2.314553"
"217130.0";"2.274249"
"217140.0";"2.246519"
"217150.0";"2.289834"
"217160.0";"2.22794"
"217170.0";"2.198458"
"217180.0";"2.324571"
"217190.0";"2.26123"
"217200.0";"2.278921"
"217210.0";"2.304601"
"217220.0";"2.321405"
"217230.0";"2.348639"
"217240.0";"2.344887"
"217250.0";"2.271741"
"217260.0";"2.312483"
"217270.0";"2.322196"
"217280.0";"2.303465"
"217290.0";"2.237879"
"217300.0";"2.375597"
"217310.0";"2.302158"
"217320.0";"2.283304"
"217330.0";"2.290955"
"217340.0";"2.391574"
"217350.0";"2.367392"
"217360.0";"2.289472"
"217370.0";"2.262785"
"217380.0";"2.353452"
"217390.0";"2.270537"
"217400.0";"2.379806"
"217410.0";"2.311939"
"217420.0";"2.27817"
"217430.0";"2.24864"
"217440.0";"2.234492"
"217450.0";"2.257896"
"217460.0";"2.321426"
"217470.0";"2.310165"
"217480.0";"2.226742"
"217490.0";"2.315074"
"217500.0";"2.203097"
"217510.0";"2.227664"
"217520.0";"2.234215"
"217530.0";"2.285338"
"217540.0";"2.376451"
"217550.0";"2.3274"
"217560.0";"2.303123"
"217570.0";"2.278872"
"217580.0";"2.331882"
"217590.0";"2.339978"
"217600.0";"2.22133"
"217610.0";"2.36887"
"217620.0";"2.276505"
"217630.0";"2.229802"
"217640.0";"2.308503"
"217650.0";"2.279398"
"217660.0";"2.249481"
"217670.0";"2.277947"
"217680.0";"2.269668"
"217690.0";"2.278737"
"217700.0";"2.325302"
"217710.0";"2.284221"
"217720.0";"2.281678"
"217730.0";"2.340203"
"217740.0";"2.263604"
"217750.0";"2.370288"
"217760.0";"2.255427"
"217770.0";"2.290489"
"217780.0";"2.316909"
"217790.0";"2.370779"
"217800.0";"2.345854"
"217810.0";"2.2702"
"217820.0";"2.325548"
"217830.0";"2.221146"
"217840.0";"2.244779"
"217850.0";"2.250056"
"217860.0";"2.297168"
"217870.0";"2.265762"
"217880.0";"2.261187"
"217890.0";"2.308293"
"217900.0";"2.280103"
"217910.0";"2.324912"
"217920.0";"2.306329"
"217930.0";"2.266807"
"217940.0";"2.268418"
"217950.0";"2.394836"
"217960.0";"2.316867"
"217970.0";"2.376258"
"217980.0";"2.233673"
"217990.0";"2.319404"
"218000.0";"2.321311"
"218010.0";"2.22057"
"218020.0";"2.350476"
"218030.0";"2.385147"
"218040.0";"2.318168"
"218050.0";"2.27646"
"218060.0";"2.23122"
"218070.0";"2.260298"
"218080.0";"2.30165"
"218090.0";"2.353346"
"218100.0";"2.2489"
"218110.0";"2.25307"
"218120.0";"2.364554"
"218130.0";"2.274628"
"218140.0";"2.230075"
"218150.0";"2.213961"
"218160.0";"2.273747"
"218170.0";"2.296921"
"218180.0";"2.344509"
"218190.0";"2.3743"
"218200.0";"2.269749"
"218210.0";"2.328122"
"218220.0";"2.298666"
"218230.0";"2.256377"
"218240.0";"2.346226"
"218250.0";"2.201906"
"218260.0";"2.201137"
"218270.0";"2.293726"
"218280.0";"2.23463"
"218290.0";"2.237995"
"218300.0";"2.3261"
"218310.0";"2.261733"
"218320.0";"2.245462"
"218330.0";"2.295502"
"218340.0";"2.331946"
"218350.0";"2.306628"
"218360.0";"2.363311"
"218370.0";"2.343916"
"218380.0";"2.313389"
"218390.0";"2.228182"
"218400.0";"2.248739"
"218410.0";"2.243147"
"218420.0";"2.299533"
"218430.0";"2.268329"
"218440.0";"2.29492"
"218450.0";"2.308022"
"218460.0";"2.347012"
"218470.0";"2.265924"
"218480.0";"2.424001"
"218490.0";"2.249228"
"218500.0";"2.338436"
"218510.0";"2.311001"
"218520.0";"2.236027"
"218530.0";"2.258274"
"218540.0";"2.285415"
"218550.0";"2.266279"
"218560.0";"2.297733"
"218570.0";"2.275527"
"218580.0";"2.323609"
"218590.0";"2.274838"
"218600.0";"2.402724"
"218610.0";"2.333054"
"218620.0";"2.301473"
"218630.0";"2.327444"
"218640.0";"2.345295"
"218650.0";"2.271626"
"218660.0";"2.343409"
"218670.0";"2.353781"
"218680.0";"2.344767"
"218690.0";"2.317882"
"218700.0";"2.282471"
"218710.0";"2.307981"
"218720.0";"2.246965"
"218730.0";"2.299495"
"218740.0";"2.311835"
"218750.0";"2.332517"
"218760.0";"2.230521"
"218770.0";"2.298998"
"218780.0";"2.28094"
"218790.0";"2.20272"
"218800.0";"2.308394"
"218810.0";"2.31137"
"218820.0";"2.289335"
"218830.0";"2.284296"
"218840.0";"2.274849"
"218850.0";"2.291781"
"218860.0";"2.299375"
"218870.0";"2.352812"
"218880.0";"2.231853"
"218890.0";"2.33926"
"218900.0";"2.320149"
"218910.0";"2.26029"
"218920.0";"2.291925"
"218930.0";"2.251416"
"218940.0";"2.446399"
"218950.0";"2.295445"
"218960.0";"2.364994"
"218970.0";"2.312508"
"218980.0";"2.285355"
"218990.0";"2.312072"
"219000.0";"2.256107"
"219010.0";"2.295079"
"219020.0";"2.31853"
"219030.0";"2.257237"
"219040.0";"2.32238"
"219050.0";"2.27986"
"219060.0";"2.354948"
"219070.0";"2.31465"
"219080.0";"2.332913"
"219090.0";"2.285807"
"219100.0";"2.266695"
"219110.0";"2.35867"
"219120.0";"2.310298"
"219130.0";"2.276297"
"219140.0";"2.360055"
"219150.0";"2.325881"
"219160.0";"2.26464"
"219170.0";"2.384329"
"219180.0";"2.307884"
"219190.0";"2.300426"
"219200.0";"2.278164"
"219210.0";"2.312408"
"219220.0";"2.266728"
"219230.0";"2.279056"
"219240.0";"2.238019"
"219250.0";"2.273206"
"219260.0";"2.340248"
"219270.0";"2.296174"
"219280.0";"2.288283"
"219290.0";"2.351632"
"219300.0";"2.199574"
"219310.0";"2.227387"
"219320.0";"2.263061"
"219330.0";"2.309244"
"219340.0";"2.266522"
"219350.0";"2.27034"
"219360.0";"2.299459"
"219370.0";"2.262562"
"219380.0";"2.298064"
"219390.0";"2.370774"
"219400.0";"2.303077"
"219410.0";"2.245284"
"219420.0";"2.336005"
"219430.0";"2.240572"
"219440.0";"2.251176"
"219450.0";"2.253524"
"219460.0";"2.267185"
"219470.0";"2.300335"
"219480.0";"2.312908"
"219490.0";"2.348783"
"219500.0";"2.318518"
"219510.0";"2.244512"
"219520.0";"2.313128"
"219530.0";"2.270282"
"219540.0";"2.269663"
"219550.0";"2.20634"
"219560.0";"2.260754"
"219570.0";"2.270186"
"219580.0";"2.277135"
"219590.0";"2.351683"
"219600.0";"2.2386"
"219610.0";"2.309119"
"219620.0";"2.337056"
"219630.0";"2.213468"
"219640.0";"2.308023"
"219650.0";"2.300591"
"219660.0";"2.281545"
"219670.0";"2.329097"
"219680.0";"2.31278"
"219690.0";"2.28551"
"219700.0";"2.249936"
"219710.0";"2.315038"
"219720.0";"2.319586"
"219730.0";"2.255652"
"219740.0";"2.346981"
"219750.0";"2.321733"
"219760.0";"2.236999"
"219770.0";"2.205774"
"219780.0";"2.290228"
"219790.0";"2.221212"
"219800.0";"2.247314"
"219810.0";"2.198364"
"219820.0";"2.356386"
"219830.0";"2.322194"
"219840.0";"2.241368"
"219850.0";"2.187464"
"219860.0";"2.230869"
"219870.0";"2.28193"
"219880.0";"2.20613"
"219890.0";"2.244236"
"219900.0";"2.296066"
"219910.0";"2.288422"
"219920.0";"2.25401"
"219930.0";"2.270585"
"219940.0";"2.236203"
"219950.0";"2.323564"
"219960.0";"2.251767"
"219970.0";"2.300732"
"219980.0";"2.317469"
"219990.0";"2.321817"
"220000.0";"2.256888"
"220010.0";"2.318346"
"220020.0";"2.257502"
"220030.0";"2.307036"
"220040.0";"2.193248"
"220050.0";"2.367305"
"220060.0";"2.27826"
"220070.0";"2.282997"
"220080.0";"2.167057"
"220090.0";"2.299584"
"220100.0";"2.296935"
"220110.0";"2.277658"
"220120.0";"2.25957"
"220130.0";"2.307958"
"220140.0";"2.300429"
"220150.0";"2.386062"
"220160.0";"2.27628"
"220170.0";"2.413322"
"220180.0";"2.325309"
"220190.0";"2.257147"
"220200.0";"2.303522"
"220210.0";"2.33852"
"220220.0";"2.280847"
"220230.0";"2.342297"
"220240.0";"2.252597"
"220250.0";"2.344189"
"220260.0";"2.276249"
"220270.0";"2.310063"
"220280.0";"2.274159"
"220290.0";"2.40688"
"220300.0";"2.369576"
"220310.0";"2.303892"
"220320.0";"2.254279"
"220330.0";"2.335077"
"220340.0";"2.295982"
"220350.0";"2.222788"
"220360.0";"2.305259"
"220370.0";"2.298123"
"220380.0";"2.255742"
"220390.0";"2.301881"
"220400.0";"2.25335"
"220410.0";"2.381516"
"220420.0";"2.289529"
"220430.0";"2.248026"
"220440.0";"2.286321"
"220450.0";"2.328913"
"220460.0";"2.328343"
"220470.0";"2.309765"
"220480.0";"2.216783"
"220490.0";"2.287386"
"220500.0";"2.282122"
"220510.0";"2.28764"
"220520.0";"2.276597"
"220530.0";"2.308116"
"220540.0";"2.291028"
"220550.0";"2.293791"
"220560.0";"2.195266"
"220570.0";"2.31371"
"220580.0";"2.311936"
"220590.0";"2.354367"
"220600.0";"2.341122"
"220610.0";"2.335083"
"220620.0";"2.348729"
"220630.0";"2.378889"
"220640.0";"2.24795"
"220650.0";"2.312062"
"220660.0";"2.311197"
"220670.0";"2.293823"
"220680.0";"2.298545"
"220690.0";"2.322776"
"220700.0";"2.373463"
"220710.0";"2.353715"
"220720.0";"2.323289"
"220730.0";"2.368484"
"220740.0";"2.300857"
"220750.0";"2.267681"
"220760.0";"2.369332"
"220770.0";"2.34246"
"220780.0";"2.335823"
"220790.0";"2.298097"
"220800.0";"2.285524"
"220810.0";"2.302091"
"220820.0";"2.244889"
"220830.0";"2.268051"
"220840.0";"2.310489"
"220850.0";"2.31537"
"220860.0";"2.3125"
"220870.0";"2.305199"
"220880.0";"2.321254"
"220890.0";"2.27461"
"220900.0";"2.28876"
"220910.0";"2.299211"
"220920.0";"2.330809"
"220930.0";"2.352379"
"220940.0";"2.242707"
"220950.0";"2.316988"
"220960.0";"2.266865"
"220970.0";"2.308196"
"220980.0";"2.328373"
"220990.0";"2.359072"
"221000.0";"2.359844"
"221010.0";"2.2499"
"221020.0";"2.291317"
"221030.0";"2.378037"
"221040.0";"2.368888"
"221050.0";"2.335387"
"221060.0";"2.350342"
"221070.0";"2.33979"
"221080.0";"2.303942"
"221090.0";"2.250736"
"221100.0";"2.325162"
"221110.0";"2.400477"
"221120.0";"2.351096"
"221130.0";"2.2498"
"221140.0";"2.253508"
"221150.0";"2.298509"
"221160.0";"2.276862"
"221170.0";"2.264628"
"221180.0";"2.365327"
"221190.0";"2.322657"
"221200.0";"2.25349"
"221210.0";"2.296143"
"221220.0";"2.325483"
"221230.0";"2.257249"
"221240.0";"2.411216"
"221250.0";"2.31811"
"221260.0";"2.39698"
"221270.0";"2.313626"
"221280.0";"2.307813"
"221290.0";"2.319953"
"221300.0";"2.38105"
"221310.0";"2.314379"
"221320.0";"2.258727"
"221330.0";"2.317138"
"221340.0";"2.311648"
"221350.0";"2.348325"
"221360.0";"2.409711"
"221370.0";"2.400842"
"221380.0";"2.354456"
"221390.0";"2.309578"
"221400.0";"2.289279"
"221410.0";"2.337395"
"221420.0";"2.283946"
"221430.0";"2.322172"
"221440.0";"2.283906"
"221450.0";"2.200716"
"221460.0";"2.330873"
"221470.0";"2.370258"
"221480.0";"2.30312"
"221490.0";"2.255768"
"221500.0";"2.261349"
"221510.0";"2.345827"
"221520.0";"2.241456"
"221530.0";"2.29142"
"221540.0";"2.26607"
"221550.0";"2.326072"
"221560.0";"2.277954"
"221570.0";"2.376222"
"221580.0";"2.279282"
"221590.0";"2.344279"
"221600.0";"2.258446"
"221610.0";"2.336466"
"221620.0";"2.340014"
"221630.0";"2.279634"
"221640.0";"2.267604"
"221650.0";"2.435454"
"221660.0";"2.372148"
"221670.0";"2.339014"
"221680.0";"2.25249"
"221690.0";"2.309637"
"221700.0";"2.205568"
"221710.0";"2.274165"
"221720.0";"2.321926"
"221730.0";"2.334057"
"221740.0";"2.277494"
"221750.0";"2.272035"
"221760.0";"2.296339"
"221770.0";"2.426085"
"221780.0";"2.298613"
"221790.0";"2.34525"
"221800.0";"2.314542"
"221810.0";"2.349327"
"221820.0";"2.340869"
"221830.0";"2.253896"
"221840.0";"2.374537"
"221850.0";"2.266256"
"221860.0";"2.267773"
"221870.0";"2.365029"
"221880.0";"2.208549"
"221890.0";"2.333654"
"221900.0";"2.374264"
"221910.0";"2.342249"
"221920.0";"2.265971"
"221930.0";"2.298314"
"221940.0";"2.290231"
"221950.0";"2.387458"
"221960.0";"2.235295"
"221970.0";"2.326129"
"221980.0";"2.376461"
"221990.0";"2.289322"
"222000.0";"2.326635"
"222010.0";"2.334968"
"222020.0";"2.34866"
"222030.0";"2.329762"
"222040.0";"2.268513"
"222050.0";"2.301211"
"222060.0";"2.169994"
"222070.0";"2.344589"
"222080.0";"2.357413"
"222090.0";"2.307217"
"222100.0";"2.228245"
"222110.0";"2.267882"
"222120.0";"2.279085"
"222130.0";"2.314585"
"222140.0";"2.251162"
"222150.0";"2.308843"
"222160.0";"2.258129"
"222170.0";"2.247344"
"222180.0";"2.344136"
"222190.0";"2.269806"
"222200.0";"2.209154"
"222210.0";"2.251085"
"222220.0";"2.277364"
"222230.0";"2.34176"
"222240.0";"2.35093"
"222250.0";"2.26115"
"222260.0";"2.296655"
"222270.0";"2.354484"
"222280.0";"2.274401"
"222290.0";"2.360043"
"222300.0";"2.291647"
"222310.0";"2.281168"
"222320.0";"2.273454"
"222330.0";"2.252972"
"222340.0";"2.252764"
"222350.0";"2.354306"
"222360.0";"2.313059"
"222370.0";"2.27271"
"222380.0";"2.250595"
"222390.0";"2.20654"
"222400.0";"2.265499"
"222410.0";"2.265856"
"222420.0";"2.375906"
"222430.0";"2.304118"
"222440.0";"2.294165"
"222450.0";"2.360137"
"222460.0";"2.307266"
"222470.0";"2.287058"
"222480.0";"2.293888"
"222490.0";"2.275684"
"222500.0";"2.315392"
"222510.0";"2.351867"
"222520.0";"2.234571"
"222530.0";"2.340241"
"222540.0";"2.276571"
"222550.0";"2.360247"
"222560.0";"2.258103"
"222570.0";"2.220567"
"222580.0";"2.271083"
"222590.0";"2.271367"
"222600.0";"2.344802"
"222610.0";"2.265388"
"222620.0";"2.286468"
"222630.0";"2.255625"
"222640.0";"2.215285"
"222650.0";"2.294519"
"222660.0";"2.317045"
"222670.0";"2.275455"
"222680.0";"2.291561"
"222690.0";"2.241818"
"222700.0";"2.251299"
"222710.0";"2.250163"
"222720.0";"2.33721"
"222730.0";"2.343915"
"222740.0";"2.237957"
"222750.0";"2.27952"
"222760.0";"2.301066"
"222770.0";"2.30812"
"222780.0";"2.214425"
"222790.0";"2.311379"
"222800.0";"2.331145"
"222810.0";"2.332538"
"222820.0";"2.347511"
"222830.0";"2.271259"
"222840.0";"2.347768"
"222850.0";"2.394532"
"222860.0";"2.261739"
"222870.0";"2.274493"
"222880.0";"2.229821"
"222890.0";"2.236893"
"222900.0";"2.288582"
"222910.0";"2.292468"
"222920.0";"2.289594"
"222930.0";"2.237807"
"222940.0";"2.329881"
"222950.0";"2.320312"
"222960.0";"2.360373"
"222970.0";"2.246156"
"222980.0";"2.284073"
"222990.0";"2.316964"
"223000.0";"2.311507"
"223010.0";"2.279434"
"223020.0";"2.331614"
"223030.0";"2.252575"
"223040.0";"2.260183"
"223050.0";"2.306679"
"223060.0";"2.305913"
"223070.0";"2.304769"
"223080.0";"2.298298"
"223090.0";"2.394361"
"223100.0";"2.361455"
"223110.0";"2.260526"
"223120.0";"2.287812"
"223130.0";"2.321102"
"223140.0";"2.374108"
"223150.0";"2.325572"
"223160.0";"2.342949"
"223170.0";"2.348042"
"223180.0";"2.24968"
"223190.0";"2.251397"
"223200.0";"2.302257"
"223210.0";"2.26331"
"223220.0";"2.33824"
"223230.0";"2.269785"
"223240.0";"2.377632"
"223250.0";"2.283328"
"223260.0";"2.345603"
"223270.0";"2.269526"
"223280.0";"2.304173"
"223290.0";"2.304368"
"223300.0";"2.278071"
"223310.0";"2.395092"
"223320.0";"2.301404"
"223330.0";"2.344537"
"223340.0";"2.338386"
"223350.0";"2.337633"
"223360.0";"2.318875"
"223370.0";"2.30853"
"223380.0";"2.257729"
"223390.0";"2.289529"
"223400.0";"2.24358"
"223410.0";"2.269168"
"223420.0";"2.326321"
"223430.0";"2.321188"
"223440.0";"2.265501"
"223450.0";"2.31482"
"223460.0";"2.204448"
"223470.0";"2.270035"
"223480.0";"2.256923"
"223490.0";"2.327519"
"223500.0";"2.241479"
"223510.0";"2.263318"
"223520.0";"2.286808"
"223530.0";"2.326583"
"223540.0";"2.314325"
"223550.0";"2.311694"
"223560.0";"2.303904"
"223570.0";"2.227401"
"223580.0";"2.313265"
"223590.0";"2.26495"
"223600.0";"2.301145"
"223610.0";"2.264758"
"223620.0";"2.316803"
"223630.0";"2.284876"
"223640.0";"2.264574"
"223650.0";"2.268049"
"223660.0";"2.297709"
"223670.0";"2.226549"
"223680.0";"2.302574"
"223690.0";"2.264516"
"223700.0";"2.316358"
"223710.0";"2.2608"
"223720.0";"2.283125"
"223730.0";"2.230865"
"223740.0";"2.253901"
"223750.0";"2.217186"
"223760.0";"2.27461"
"223770.0";"2.2239"
"223780.0";"2.341215"
"223790.0";"2.29011"
"223800.0";"2.268253"
"223810.0";"2.34023"
"223820.0";"2.25931"
"223830.0";"2.244764"
"223840.0";"2.221182"
"223850.0";"2.239617"
"223860.0";"2.2619"
"223870.0";"2.316058"
"223880.0";"2.250684"
"223890.0";"2.272722"
"223900.0";"2.321001"
"223910.0";"2.241193"
"223920.0";"2.344299"
"223930.0";"2.278006"
"223940.0";"2.264072"
"223950.0";"2.262288"
"223960.0";"2.301574"
"223970.0";"2.347472"
"223980.0";"2.243396"
"223990.0";"2.287486"
"224000.0";"2.292528"
"224010.0";"2.242083"
"224020.0";"2.269494"
"224030.0";"2.337461"
"224040.0";"2.289507"
"224050.0";"2.288695"
"224060.0";"2.367853"
"224070.0";"2.335269"
"224080.0";"2.24588"
"224090.0";"2.259586"
"224100.0";"2.31203"
"224110.0";"2.23443"
"224120.0";"2.268442"
"224130.0";"2.386771"
"224140.0";"2.232857"
"224150.0";"2.246569"
"224160.0";"2.338838"
"224170.0";"2.303019"
"224180.0";"2.309776"
"224190.0";"2.310699"
"224200.0";"2.288605"
"224210.0";"2.29893"
"224220.0";"2.327262"
"224230.0";"2.363846"
"224240.0";"2.30342"
"224250.0";"2.320641"
"224260.0";"2.311085"
"224270.0";"2.327456"
"224280.0";"2.240227"
"224290.0";"2.298523"
"224300.0";"2.269361"
"224310.0";"2.296239"
"224320.0";"2.289075"
"224330.0";"2.330423"
"224340.0";"2.295158"
"224350.0";"2.248888"
"224360.0";"2.27179"
"224370.0";"2.285026"
"224380.0";"2.22657"
"224390.0";"2.256177"
"224400.0";"2.37942"
"224410.0";"2.269675"
"224420.0";"2.269414"
"224430.0";"2.265143"
"224440.0";"2.262456"
"224450.0";"2.381049"
"224460.0";"2.332636"
"224470.0";"2.272886"
"224480.0";"2.308853"
"224490.0";"2.357585"
"224500.0";"2.221056"
"224510.0";"2.23963"
"224520.0";"2.323482"
"224530.0";"2.282316"
"224540.0";"2.243324"
"224550.0";"2.382694"
"224560.0";"2.277578"
"224570.0";"2.371085"
"224580.0";"2.290156"
"224590.0";"2.329904"
"224600.0";"2.333101"
"224610.0";"2.292305"
"224620.0";"2.228357"
"224630.0";"2.319876"
"224640.0";"2.311122"
"224650.0";"2.262789"
"224660.0";"2.238645"
"224670.0";"2.286298"
"224680.0";"2.299203"
"224690.0";"2.309714"
"224700.0";"2.245957"
"224710.0";"2.35162"
"224720.0";"2.263883"
"224730.0";"2.254428"
"224740.0";"2.33979"
"224750.0";"2.302438"
"224760.0";"2.262825"
"224770.0";"2.262822"
"224780.0";"2.267523"
"224790.0";"2.333727"
"224800.0";"2.321314"
"224810.0";"2.301724"
"224820.0";"2.300316"
"224830.0";"2.245105"
"224840.0";"2.274486"
"224850.0";"2.258619"
"224860.0";"2.259035"
"224870.0";"2.26452"
"224880.0";"2.312099"
"224890.0";"2.278191"
"224900.0";"2.248734"
"224910.0";"2.239511"
"224920.0";"2.319774"
"224930.0";"2.278176"
"224940.0";"2.316681"
"224950.0";"2.325813"
"224960.0";"2.309222"
"224970.0";"2.294917"
"224980.0";"2.286359"
"224990.0";"2.313782"
"225000.0";"2.427555"
"225010.0";"2.307221"
"225020.0";"2.309199"
"225030.0";"2.299145"
"225040.0";"2.350061"
"225050.0";"2.322921"
"225060.0";"2.324248"
"225070.0";"2.369357"
"225080.0";"2.298828"
"225090.0";"2.347693"
"225100.0";"2.311146"
"225110.0";"2.289382"
"225120.0";"2.309621"
"225130.0";"2.378156"
"225140.0";"2.334284"
"225150.0";"2.262692"
"225160.0";"2.361812"
"225170.0";"2.295638"
"225180.0";"2.241781"
"225190.0";"2.320415"
"225200.0";"2.36679"
"225210.0";"2.322707"
"225220.0";"2.329815"
"225230.0";"2.270707"
"225240.0";"2.297827"
"225250.0";"2.318347"
"225260.0";"2.235039"
"225270.0";"2.357407"
"225280.0";"2.347997"
"225290.0";"2.293417"
"225300.0";"2.278239"
"225310.0";"2.289092"
"225320.0";"2.254588"
"225330.0";"2.243119"
"225340.0";"2.257734"
"225350.0";"2.279682"
"225360.0";"2.292914"
"225370.0";"2.320544"
"225380.0";"2.216686"
"225390.0";"2.342041"
"225400.0";"2.281399"
"225410.0";"2.271521"
"225420.0";"2.303509"
"225430.0";"2.31322"
"225440.0";"2.28506"
"225450.0";"2.266015"
"225460.0";"2.318757"
"225470.0";"2.322024"
"225480.0";"2.228701"
"225490.0";"2.384665"
"225500.0";"2.261015"
"225510.0";"2.284702"
"225520.0";"2.278009"
"225530.0";"2.353233"
"225540.0";"2.408294"
"225550.0";"2.270302"
"225560.0";"2.248124"
"225570.0";"2.232574"
"225580.0";"2.239616"
"225590.0";"2.271924"
"225600.0";"2.342385"
"225610.0";"2.347008"
"225620.0";"2.407851"
"225630.0";"2.283156"
"225640.0";"2.308799"
"225650.0";"2.323956"
"225660.0";"2.300355"
"225670.0";"2.396071"
"225680.0";"2.229859"
"225690.0";"2.260056"
"225700.0";"2.299181"
"225710.0";"2.272958"
"225720.0";"2.309306"
"225730.0";"2.324085"
"225740.0";"2.2966"
"225750.0";"2.270246"
"225760.0";"2.315772"
"225770.0";"2.241317"
"225780.0";"2.281245"
"225790.0";"2.199825"
"225800.0";"2.26167"
"225810.0";"2.320466"
"225820.0";"2.270315"
"225830.0";"2.268869"
"225840.0";"2.295572"
"225850.0";"2.29167"
"225860.0";"2.304938"
"225870.0";"2.330572"
"225880.0";"2.360395"
"225890.0";"2.315998"
"225900.0";"2.369336"
"225910.0";"2.322667"
"225920.0";"2.298263"
"225930.0";"2.364708"
"225940.0";"2.220814"
"225950.0";"2.324701"
"225960.0";"2.284427"
"225970.0";"2.32758"
"225980.0";"2.265083"
"225990.0";"2.336917"
"226000.0";"2.293781"
"226010.0";"2.278764"
"226020.0";"2.270627"
"226030.0";"2.340542"
"226040.0";"2.293024"
"226050.0";"2.301242"
"226060.0";"2.37265"
"226070.0";"2.235235"
"226080.0";"2.329877"
"226090.0";"2.219256"
"226100.0";"2.285198"
"226110.0";"2.331451"
"226120.0";"2.234501"
"226130.0";"2.316195"
"226140.0";"2.261035"
"226150.0";"2.322419"
"226160.0";"2.261366"
"226170.0";"2.2552"
"226180.0";"2.280003"
"226190.0";"2.228585"
"226200.0";"2.27685"
"226210.0";"2.268936"
"226220.0";"2.24501"
"226230.0";"2.295358"
"226240.0";"2.276107"
"226250.0";"2.289651"
"226260.0";"2.380409"
"226270.0";"2.320011"
"226280.0";"2.329333"
"226290.0";"2.289899"
"226300.0";"2.276574"
"226310.0";"2.278319"
"226320.0";"2.276399"
"226330.0";"2.261828"
"226340.0";"2.290473"
"226350.0";"2.234846"
"226360.0";"2.345455"
"226370.0";"2.281158"
"226380.0";"2.304896"
"226390.0";"2.280296"
"226400.0";"2.233187"
"226410.0";"2.321826"
"226420.0";"2.273466"
"226430.0";"2.364642"
"226440.0";"2.290144"
"226450.0";"2.322555"
"226460.0";"2.362028"
"226470.0";"2.346835"
"226480.0";"2.287317"
"226490.0";"2.301697"
"226500.0";"2.317865"
"226510.0";"2.274015"
"226520.0";"2.325518"
"226530.0";"2.269098"
"226540.0";"2.321333"
"226550.0";"2.324816"
"226560.0";"2.232987"
"226570.0";"2.254217"
"226580.0";"2.232296"
"226590.0";"2.317749"
"226600.0";"2.272156"
"226610.0";"2.301157"
"226620.0";"2.326808"
"226630.0";"2.248756"
"226640.0";"2.223294"
"226650.0";"2.309555"
"226660.0";"2.293536"
"226670.0";"2.333191"
"226680.0";"2.241009"
"226690.0";"2.226045"
"226700.0";"2.224846"
"226710.0";"2.295613"
"226720.0";"2.263531"
"226730.0";"2.323468"
"226740.0";"2.327078"
"226750.0";"2.232581"
"226760.0";"2.33217"
"226770.0";"2.346419"
"226780.0";"2.373734"
"226790.0";"2.330066"
"226800.0";"2.212855"
"226810.0";"2.323755"
"226820.0";"2.351936"
"226830.0";"2.327327"
"226840.0";"2.304393"
"226850.0";"2.333399"
"226860.0";"2.406397"
"226870.0";"2.288582"
"226880.0";"2.391775"
"226890.0";"2.304043"
"226900.0";"2.256728"
"226910.0";"2.261498"
"226920.0";"2.283291"
"226930.0";"2.261297"
"226940.0";"2.259599"
"226950.0";"2.242074"
"226960.0";"2.286237"
"226970.0";"2.338061"
"226980.0";"2.298567"
"226990.0";"2.206872"
"227000.0";"2.347036"
"227010.0";"2.228624"
"227020.0";"2.255077"
"227030.0";"2.263934"
"227040.0";"2.21582"
"227050.0";"2.314397"
"227060.0";"2.267041"
"227070.0";"2.265596"
"227080.0";"2.227953"
"227090.0";"2.261475"
"227100.0";"2.279549"
"227110.0";"2.27702"
"227120.0";"2.302509"
"227130.0";"2.242288"
"227140.0";"2.315502"
"227150.0";"2.246421"
"227160.0";"2.324469"
"227170.0";"2.283549"
"227180.0";"2.350599"
"227190.0";"2.311328"
"227200.0";"2.295529"
"227210.0";"2.393807"
"227220.0";"2.296414"
"227230.0";"2.321589"
"227240.0";"2.201776"
"227250.0";"2.279818"
"227260.0";"2.289858"
"227270.0";"2.276282"
"227280.0";"2.257575"
"227290.0";"2.351247"
"227300.0";"2.312798"
"227310.0";"2.254084"
"227320.0";"2.300165"
"227330.0";"2.295115"
"227340.0";"2.330058"
"227350.0";"2.353345"
"227360.0";"2.302011"
"227370.0";"2.299826"
"227380.0";"2.276998"
"227390.0";"2.322382"
"227400.0";"2.347859"
"227410.0";"2.264411"
"227420.0";"2.309836"
"227430.0";"2.340776"
"227440.0";"2.236099"
"227450.0";"2.254553"
"227460.0";"2.251874"
"227470.0";"2.256478"
"227480.0";"2.295912"
"227490.0";"2.328345"
"227500.0";"2.340876"
"227510.0";"2.248587"
"227520.0";"2.256965"
"227530.0";"2.279254"
"227540.0";"2.304567"
"227550.0";"2.221133"
"227560.0";"2.239733"
"227570.0";"2.312765"
"227580.0";"2.287489"
"227590.0";"2.283032"
"227600.0";"2.406331"
"227610.0";"2.328758"
"227620.0";"2.354926"
"227630.0";"2.298952"
"227640.0";"2.364442"
"227650.0";"2.326919"
"227660.0";"2.247259"
"227670.0";"2.184227"
"227680.0";"2.36799"
"227690.0";"2.231516"
"227700.0";"2.243885"
"227710.0";"2.28762"
"227720.0";"2.223867"
"227730.0";"2.337369"
"227740.0";"2.296998"
"227750.0";"2.329965"
"227760.0";"2.389945"
"227770.0";"2.358694"
"227780.0";"2.224061"
"227790.0";"2.258579"
"227800.0";"2.262885"
"227810.0";"2.423889"
"227820.0";"2.250758"
"227830.0";"2.20505"
"227840.0";"2.202694"
"227850.0";"2.25383"
"227860.0";"2.359469"
"227870.0";"2.262587"
"227880.0";"2.224122"
"227890.0";"2.295687"
"227900.0";"2.320474"
"227910.0";"2.228667"
"227920.0";"2.253908"
"227930.0";"2.339089"
"227940.0";"2.246984"
"227950.0";"2.310517"
"227960.0";"2.324127"
"227970.0";"2.335678"
"227980.0";"2.242228"
"227990.0";"2.228612"
"228000.0";"2.253215"
"228010.0";"2.342063"
"228020.0";"2.270674"
"228030.0";"2.377385"
"228040.0";"2.292566"
"228050.0";"2.247826"
"228060.0";"2.30362"
"228070.0";"2.323334"
"228080.0";"2.250297"
"228090.0";"2.308296"
"228100.0";"2.310205"
"228110.0";"2.33232"
"228120.0";"2.295178"
"228130.0";"2.278716"
"228140.0";"2.389423"
"228150.0";"2.349237"
"228160.0";"2.272102"
"228170.0";"2.260799"
"228180.0";"2.312562"
"228190.0";"2.280757"
"228200.0";"2.250858"
"228210.0";"2.33346"
"228220.0";"2.299523"
"228230.0";"2.308547"
"228240.0";"2.357758"
"228250.0";"2.291305"
"228260.0";"2.257911"
"228270.0";"2.353986"
"228280.0";"2.304475"
"228290.0";"2.234381"
"228300.0";"2.265379"
"228310.0";"2.230914"
"228320.0";"2.256509"
"228330.0";"2.32492"
"228340.0";"2.298956"
"228350.0";"2.317212"
"228360.0";"2.301767"
"228370.0";"2.344255"
"228380.0";"2.301999"
"228390.0";"2.240953"
"228400.0";"2.32835"
"228410.0";"2.249163"
"228420.0";"2.233224"
"228430.0";"2.337009"
"228440.0";"2.3145"
"228450.0";"2.277892"
"228460.0";"2.313606"
"228470.0";"2.310488"
"228480.0";"2.311576"
"228490.0";"2.290852"
"228500.0";"2.21866"
"228510.0";"2.219851"
"228520.0";"2.235198"
"228530.0";"2.248286"
"228540.0";"2.293869"
"228550.0";"2.399496"
"228560.0";"2.352095"
"228570.0";"2.176261"
"228580.0";"2.307492"
"228590.0";"2.28856"
"228600.0";"2.273062"
"228610.0";"2.184626"
"228620.0";"2.268861"
"228630.0";"2.281307"
"228640.0";"2.288665"
"228650.0";"2.316703"
"228660.0";"2.274365"
"228670.0";"2.328615"
"228680.0";"2.295507"
"228690.0";"2.296922"
"228700.0";"2.25431"
"228710.0";"2.288632"
"228720.0";"2.280397"
"228730.0";"2.253224"
"228740.0";"2.304441"
"228750.0";"2.305261"
"228760.0";"2.232633"
"228770.0";"2.294532"
"228780.0";"2.248413"
"228790.0";"2.268318"
"228800.0";"2.280676"
"228810.0";"2.251215"
"228820.0";"2.316127"
"228830.0";"2.282411"
"228840.0";"2.342923"
"228850.0";"2.317986"
"228860.0";"2.376096"
"228870.0";"2.268295"
"228880.0";"2.326607"
"228890.0";"2.280105"
"228900.0";"2.317593"
"228910.0";"2.293629"
"228920.0";"2.276325"
"228930.0";"2.331265"
"228940.0";"2.29843"
"228950.0";"2.401508"
"228960.0";"2.390208"
"228970.0";"2.35079"
"228980.0";"2.311782"
"228990.0";"2.323394"
"229000.0";"2.327089"
"229010.0";"2.275063"
"229020.0";"2.230129"
"229030.0";"2.289416"
"229040.0";"2.344517"
"229050.0";"2.237991"
"229060.0";"2.381775"
"229070.0";"2.34048"
"229080.0";"2.286114"
"229090.0";"2.285546"
"229100.0";"2.222805"
"229110.0";"2.284821"
"229120.0";"2.287843"
"229130.0";"2.222601"
"229140.0";"2.238647"
"229150.0";"2.240841"
"229160.0";"2.267189"
"229170.0";"2.232008"
"229180.0";"2.266504"
"229190.0";"2.295353"
"229200.0";"2.3299"
"229210.0";"2.265337"
"229220.0";"2.292247"
"229230.0";"2.270622"
"229240.0";"2.272465"
"229250.0";"2.276991"
"229260.0";"2.196728"
"229270.0";"2.313695"
"229280.0";"2.379932"
"229290.0";"2.284923"
"229300.0";"2.309809"
"229310.0";"2.238474"
"229320.0";"2.247831"
"229330.0";"2.404789"
"229340.0";"2.230007"
"229350.0";"2.353809"
"229360.0";"2.277637"
"229370.0";"2.297189"
"229380.0";"2.3014"
"229390.0";"2.282994"
"229400.0";"2.337391"
"229410.0";"2.293791"
"229420.0";"2.315764"
"229430.0";"2.344197"
"229440.0";"2.360669"
"229450.0";"2.274633"
"229460.0";"2.349019"
"229470.0";"2.329599"
"229480.0";"2.275405"
"229490.0";"2.312898"
"229500.0";"2.346931"
"229510.0";"2.262198"
"229520.0";"2.262389"
"229530.0";"2.279826"
"229540.0";"2.344776"
"229550.0";"2.278877"
"229560.0";"2.436601"
"229570.0";"2.513593"
"229580.0";"2.361316"
"229590.0";"2.493002"
"229600.0";"2.478047"
"229610.0";"2.236021"
"229620.0";"2.263542"
"229630.0";"2.315198"
"229640.0";"2.30408"
"229650.0";"2.378026"
"229660.0";"2.266363"
"229670.0";"2.4298"
"229680.0";"2.349335"
"229690.0";"2.207291"
"229700.0";"2.336574"
"229710.0";"2.271651"
"229720.0";"2.357108"
"229730.0";"2.314994"
"229740.0";"2.272128"
"229750.0";"2.283918"
"229760.0";"2.391497"
"229770.0";"2.357195"
"229780.0";"2.363507"
"229790.0";"2.370728"
"229800.0";"2.325646"
"229810.0";"2.326736"
"229820.0";"2.305584"
"229830.0";"2.386935"
"229840.0";"2.314588"
"229850.0";"2.274833"
"229860.0";"2.30957"
"229870.0";"2.310119"
"229880.0";"2.237755"
"229890.0";"2.339344"
"229900.0";"2.400142"
"229910.0";"2.275866"
"229920.0";"2.332725"
"229930.0";"2.372622"
"229940.0";"2.234974"
"229950.0";"2.298996"
"229960.0";"2.293773"
"229970.0";"2.379896"
"229980.0";"2.290512"
"229990.0";"2.294728"
"230000.0";"2.230127"
"230010.0";"2.352154"
"230020.0";"2.291619"
"230030.0";"2.257119"
"230040.0";"2.191003"
"230050.0";"2.229202"
"230060.0";"2.364475"
"230070.0";"2.21094"
"230080.0";"2.362709"
"230090.0";"2.318033"
"230100.0";"2.280523"
"230110.0";"2.337423"
"230120.0";"2.427291"
"230130.0";"2.271359"
"230140.0";"2.342588"
"230150.0";"2.399491"
"230160.0";"2.265341"
"230170.0";"2.209513"
"230180.0";"2.359422"
"230190.0";"2.329797"
"230200.0";"2.265364"
"230210.0";"2.382149"
"230220.0";"2.286353"
"230230.0";"2.351446"
"230240.0";"2.238849"
"230250.0";"2.244369"
"230260.0";"2.281621"
"230270.0";"2.405188"
"230280.0";"2.267194"
"230290.0";"2.334755"
"230300.0";"2.400599"
"230310.0";"2.279865"
"230320.0";"2.378474"
"230330.0";"2.27469"
"230340.0";"2.352958"
"230350.0";"2.285618"
"230360.0";"2.225618"
"230370.0";"2.291125"
"230380.0";"2.323491"
"230390.0";"2.294924"
"230400.0";"2.265796"
"230410.0";"2.332841"
"230420.0";"2.338374"
"230430.0";"2.319835"
"230440.0";"2.308114"
"230450.0";"2.355587"
"230460.0";"2.204444"
"230470.0";"2.348309"
"230480.0";"2.342093"
"230490.0";"2.360041"
"230500.0";"2.2172"
"230510.0";"2.26726"
"230520.0";"2.306975"
"230530.0";"2.354945"
"230540.0";"2.282076"
"230550.0";"2.350915"
"230560.0";"2.393672"
"230570.0";"2.310329"
"230580.0";"2.301367"
"230590.0";"2.410439"
"230600.0";"2.317884"
"230610.0";"2.280943"
"230620.0";"2.328174"
"230630.0";"2.353862"
"230640.0";"2.329036"
"230650.0";"2.355984"
"230660.0";"2.361289"
"230670.0";"2.325542"
"230680.0";"2.357416"
"230690.0";"2.389795"
"230700.0";"2.258915"
"230710.0";"2.352975"
"230720.0";"2.327204"
"230730.0";"2.352437"
"230740.0";"2.3252"
"230750.0";"2.338639"
"230760.0";"2.289005"
"230770.0";"2.293785"
"230780.0";"2.276861"
"230790.0";"2.320838"
"230800.0";"2.213444"
"230810.0";"2.248993"
"230820.0";"2.337522"
"230830.0";"2.330697"
"230840.0";"2.346357"
"230850.0";"2.294177"
"230860.0";"2.235208"
"230870.0";"2.321125"
"230880.0";"2.247008"
"230890.0";"2.339406"
"230900.0";"2.237278"
"230910.0";"2.262375"
"230920.0";"2.270615"
"230930.0";"2.349525"
"230940.0";"2.303228"
"230950.0";"2.38515"
"230960.0";"2.301386"
"230970.0";"2.329466"
"230980.0";"2.381749"
"230990.0";"2.355683"
"231000.0";"2.340767"
"231010.0";"2.367151"
"231020.0";"2.314096"
"231030.0";"2.292517"
"231040.0";"2.394516"
"231050.0";"2.395647"
"231060.0";"2.294807"
"231070.0";"2.321345"
"231080.0";"2.346098"
"231090.0";"2.390785"
"231100.0";"2.256156"
"231110.0";"2.268142"
"231120.0";"2.287573"
"231130.0";"2.393373"
"231140.0";"2.333579"
"231150.0";"2.234895"
"231160.0";"2.323709"
"231170.0";"2.424634"
"231180.0";"2.158965"
"231190.0";"2.274049"
"231200.0";"2.272232"
"231210.0";"2.396146"
"231220.0";"2.321033"
"231230.0";"2.342829"
"231240.0";"2.296233"
"231250.0";"2.28256"
"231260.0";"2.287509"
"231270.0";"2.333098"
"231280.0";"2.245522"
"231290.0";"2.269659"
"231300.0";"2.182842"
"231310.0";"2.304015"
"231320.0";"2.346732"
"231330.0";"2.216617"
"231340.0";"2.333587"
"231350.0";"2.25246"
"231360.0";"2.283123"
"231370.0";"2.255459"
"231380.0";"2.318621"
"231390.0";"2.386852"
"231400.0";"2.339479"
"231410.0";"2.34217"
"231420.0";"2.319999"
"231430.0";"2.313669"
"231440.0";"2.260811"
"231450.0";"2.296275"
"231460.0";"2.229913"
"231470.0";"2.3915"
"231480.0";"2.279987"
"231490.0";"2.242369"
"231500.0";"2.34956"
"231510.0";"2.322896"
"231520.0";"2.280535"
"231530.0";"2.322797"
"231540.0";"2.291453"
"231550.0";"2.439321"
"231560.0";"2.283864"
"231570.0";"2.345449"
"231580.0";"2.249465"
"231590.0";"2.326062"
"231600.0";"2.333914"
"231610.0";"2.366262"
"231620.0";"2.348797"
"231630.0";"2.382152"
"231640.0";"2.384448"
"231650.0";"2.390132"
"231660.0";"2.292744"
"231670.0";"2.287352"
"231680.0";"2.412159"
"231690.0";"2.349317"
"231700.0";"2.253893"
"231710.0";"2.406463"
"231720.0";"2.233497"
"231730.0";"2.311165"
"231740.0";"2.317867"
"231750.0";"2.365954"
"231760.0";"2.311923"
"231770.0";"2.261616"
"231780.0";"2.323334"
"231790.0";"2.327662"
"231800.0";"2.255517"
"231810.0";"2.331654"
"231820.0";"2.333906"
"231830.0";"2.291283"
"231840.0";"2.312061"
"231850.0";"2.252352"
"231860.0";"2.297704"
"231870.0";"2.313706"
"231880.0";"2.400816"
"231890.0";"2.259688"
"231900.0";"2.260834"
"231910.0";"2.25742"
"231920.0";"2.297353"
"231930.0";"2.311054"
"231940.0";"2.380805"
"231950.0";"2.362071"
"231960.0";"2.370324"
"231970.0";"2.332662"
"231980.0";"2.386869"
"231990.0";"2.35283"
"232000.0";"2.478212"
"232010.0";"2.291893"
"232020.0";"2.339066"
"232030.0";"2.441093"
"232040.0";"2.41623"
"232050.0";"2.364737"
"232060.0";"2.196685"
"232070.0";"2.309508"
"232080.0";"2.271056"
"232090.0";"2.248501"
"232100.0";"2.165879"
"232110.0";"2.280454"
"232120.0";"2.337426"
"232130.0";"2.270469"
"232140.0";"2.318203"
"232150.0";"2.328145"
"232160.0";"2.265962"
"232170.0";"2.368846"
"232180.0";"2.383373"
"232190.0";"2.431898"
"232200.0";"2.316873"
"232210.0";"2.339945"
"232220.0";"2.354998"
"232230.0";"2.382453"
"232240.0";"2.342234"
"232250.0";"2.321777"
"232260.0";"2.30591"
"232270.0";"2.345598"
"232280.0";"2.341582"
"232290.0";"2.333216"
"232300.0";"2.345526"
"232310.0";"2.262491"
"232320.0";"2.333766"
"232330.0";"2.238112"
"232340.0";"2.348185"
"232350.0";"2.335248"
"232360.0";"2.310118"
"232370.0";"2.368464"
"232380.0";"2.246898"
"232390.0";"2.24211"
"232400.0";"2.221699"
"232410.0";"2.275277"
"232420.0";"2.259823"
"232430.0";"2.317297"
"232440.0";"2.344067"
"232450.0";"2.230848"
"232460.0";"2.315779"
"232470.0";"2.286925"
"232480.0";"2.270673"
"232490.0";"2.313588"
"232500.0";"2.309086"
"232510.0";"2.275129"
"232520.0";"2.363185"
"232530.0";"2.375445"
"232540.0";"2.36751"
"232550.0";"2.322417"
"232560.0";"2.321613"
"232570.0";"2.300037"
"232580.0";"2.242952"
"232590.0";"2.38597"
"232600.0";"2.382519"
"232610.0";"2.397969"
"232620.0";"2.297095"
"232630.0";"2.280182"
"232640.0";"2.320987"
"232650.0";"2.347382"
"232660.0";"2.347549"
"232670.0";"2.308185"
"232680.0";"2.387255"
"232690.0";"2.296276"
"232700.0";"2.303238"
"232710.0";"2.269594"
"232720.0";"2.284028"
"232730.0";"2.370037"
"232740.0";"2.301049"
"232750.0";"2.387805"
"232760.0";"2.219072"
"232770.0";"2.317775"
"232780.0";"2.309523"
"232790.0";"2.298372"
"232800.0";"2.308795"
"232810.0";"2.319337"
"232820.0";"2.322962"
"232830.0";"2.215925"
"232840.0";"2.263214"
"232850.0";"2.306919"
"232860.0";"2.281279"
"232870.0";"2.253346"
"232880.0";"2.291482"
"232890.0";"2.313279"
"232900.0";"2.309208"
"232910.0";"2.289456"
"232920.0";"2.419846"
"232930.0";"2.279219"
"232940.0";"2.275014"
"232950.0";"2.320287"
"232960.0";"2.381544"
"232970.0";"2.303124"
"232980.0";"2.441287"
"232990.0";"2.360457"
"233000.0";"2.243014"
"233010.0";"2.342755"
"233020.0";"2.348008"
"233030.0";"2.279687"
"233040.0";"2.400336"
"233050.0";"2.323149"
"233060.0";"2.374166"
"233070.0";"2.248563"
"233080.0";"2.352478"
"233090.0";"2.32875"
"233100.0";"2.313933"
"233110.0";"2.346823"
"233120.0";"2.32965"
"233130.0";"2.279467"
"233140.0";"2.28779"
"233150.0";"2.302306"
"233160.0";"2.264282"
"233170.0";"2.246043"
"233180.0";"2.323884"
"233190.0";"2.334051"
"233200.0";"2.340042"
"233210.0";"2.278785"
"233220.0";"2.269937"
"233230.0";"2.344151"
"233240.0";"2.22557"
"233250.0";"2.330103"
"233260.0";"2.319608"
"233270.0";"2.356819"
"233280.0";"2.352448"
"233290.0";"2.364835"
"233300.0";"2.36982"
"233310.0";"2.229973"
"233320.0";"2.314425"
"233330.0";"2.343341"
"233340.0";"2.352791"
"233350.0";"2.288425"
"233360.0";"2.272628"
"233370.0";"2.319998"
"233380.0";"2.353518"
"233390.0";"2.370419"
"233400.0";"2.372598"
"233410.0";"2.338733"
"233420.0";"2.383172"
"233430.0";"2.369648"
"233440.0";"2.356539"
"233450.0";"2.408443"
"233460.0";"2.315873"
"233470.0";"2.384315"
"233480.0";"2.371689"
"233490.0";"2.334061"
"233500.0";"2.33694"
"233510.0";"2.281353"
"233520.0";"2.349777"
"233530.0";"2.329395"
"233540.0";"2.297611"
"233550.0";"2.345788"
"233560.0";"2.278981"
"233570.0";"2.352538"
"233580.0";"2.26197"
"233590.0";"2.289447"
"233600.0";"2.331728"
"233610.0";"2.254867"
"233620.0";"2.426175"
"233630.0";"2.366238"
"233640.0";"2.330941"
"233650.0";"2.296904"
"233660.0";"2.259356"
"233670.0";"2.40194"
"233680.0";"2.291146"
"233690.0";"2.318603"
"233700.0";"2.370319"
"233710.0";"2.346304"
"233720.0";"2.306206"
"233730.0";"2.374127"
"233740.0";"2.279699"
"233750.0";"2.320286"
"233760.0";"2.283048"
"233770.0";"2.260892"
"233780.0";"2.280528"
"233790.0";"2.310282"
"233800.0";"2.269208"
"233810.0";"2.356604"
"233820.0";"2.269477"
"233830.0";"2.217456"
"233840.0";"2.314798"
"233850.0";"2.454431"
"233860.0";"2.277808"
"233870.0";"2.296387"
"233880.0";"2.275209"
"233890.0";"2.256722"
"233900.0";"2.329999"
"233910.0";"2.401635"
"233920.0";"2.36655"
"233930.0";"2.253632"
"233940.0";"2.302052"
"233950.0";"2.307648"
"233960.0";"2.272148"
"233970.0";"2.317278"
"233980.0";"2.31503"
"233990.0";"2.308677"
"234000.0";"2.285212"
"234010.0";"2.347024"
"234020.0";"2.38287"
"234030.0";"2.264673"
"234040.0";"2.302259"
"234050.0";"2.191543"
"234060.0";"2.292936"
"234070.0";"2.338305"
"234080.0";"2.215911"
"234090.0";"2.294189"
"234100.0";"2.347633"
"234110.0";"2.390255"
"234120.0";"2.280499"
"234130.0";"2.344248"
"234140.0";"2.269247"
"234150.0";"2.320746"
"234160.0";"2.27483"
"234170.0";"2.280699"
"234180.0";"2.285473"
"234190.0";"2.426337"
"234200.0";"2.355488"
"234210.0";"2.31261"
"234220.0";"2.324158"
"234230.0";"2.23909"
"234240.0";"2.315927"
"234250.0";"2.355276"
"234260.0";"2.344313"
"234270.0";"2.283078"
"234280.0";"2.322166"
"234290.0";"2.337816"
"234300.0";"2.266416"
"234310.0";"2.307063"
"234320.0";"2.34403"
"234330.0";"2.435512"
"234340.0";"2.298279"
"234350.0";"2.317278"
"234360.0";"2.354616"
"234370.0";"2.297887"
"234380.0";"2.240482"
"234390.0";"2.331604"
"234400.0";"2.366233"
"234410.0";"2.36777"
"234420.0";"2.356916"
"234430.0";"2.323888"
"234440.0";"2.32021"
"234450.0";"2.333104"
"234460.0";"2.331152"
"234470.0";"2.30604"
"234480.0";"2.303378"
"234490.0";"2.285443"
"234500.0";"2.308196"
"234510.0";"2.343849"
"234520.0";"2.347406"
"234530.0";"2.415704"
"234540.0";"2.35207"
"234550.0";"2.309051"
"234560.0";"2.304217"
"234570.0";"2.327052"
"234580.0";"2.3742"
"234590.0";"2.390298"
"234600.0";"2.288821"
"234610.0";"2.296016"
"234620.0";"2.3347"
"234630.0";"2.312198"
"234640.0";"2.261724"
"234650.0";"2.287972"
"234660.0";"2.301111"
"234670.0";"2.350675"
"234680.0";"2.323324"
"234690.0";"2.260552"
"234700.0";"2.320693"
"234710.0";"2.368254"
"234720.0";"2.312192"
"234730.0";"2.313348"
"234740.0";"2.286887"
"234750.0";"2.290097"
"234760.0";"2.354803"
"234770.0";"2.306689"
"234780.0";"2.290273"
"234790.0";"2.370827"
"234800.0";"2.274995"
"234810.0";"2.332195"
"234820.0";"2.251301"
"234830.0";"2.338446"
"234840.0";"2.334898"
"234850.0";"2.363521"
"234860.0";"2.327803"
"234870.0";"2.357029"
"234880.0";"2.412635"
"234890.0";"2.316601"
"234900.0";"2.350425"
"234910.0";"2.309994"
"234920.0";"2.339332"
"234930.0";"2.388167"
"234940.0";"2.383639"
"234950.0";"2.367635"
"234960.0";"2.349273"
"234970.0";"2.312646"
"234980.0";"2.31538"
"234990.0";"2.265022"
"235000.0";"2.368403"
"235010.0";"2.345574"
"235020.0";"2.305452"
"235030.0";"2.313795"
"235040.0";"2.334499"
"235050.0";"2.291181"
"235060.0";"2.404405"
"235070.0";"2.369231"
"235080.0";"2.258284"
"235090.0";"2.257165"
"235100.0";"2.292975"
"235110.0";"2.290882"
"235120.0";"2.280483"
"235130.0";"2.224701"
"235140.0";"2.394224"
"235150.0";"2.363314"
"235160.0";"2.384838"
"235170.0";"2.376578"
"235180.0";"2.262125"
"235190.0";"2.29776"
"235200.0";"2.349482"
"235210.0";"2.307908"
"235220.0";"2.368723"
"235230.0";"2.326263"
"235240.0";"2.326017"
"235250.0";"2.379815"
"235260.0";"2.260923"
"235270.0";"2.363974"
"235280.0";"2.25778"
"235290.0";"2.294942"
"235300.0";"2.337176"
"235310.0";"2.278781"
"235320.0";"2.357569"
"235330.0";"2.316843"
"235340.0";"2.328697"
"235350.0";"2.404173"
"235360.0";"2.346993"
"235370.0";"2.358349"
"235380.0";"2.337757"
"235390.0";"2.280449"
"235400.0";"2.370657"
"235410.0";"2.379318"
"235420.0";"2.300736"
"235430.0";"2.352027"
"235440.0";"2.405952"
"235450.0";"2.420161"
"235460.0";"2.37215"
"235470.0";"2.436471"
"235480.0";"2.241517"
"235490.0";"2.322684"
"235500.0";"2.368831"
"235510.0";"2.370251"
"235520.0";"2.375678"
"235530.0";"2.332706"
"235540.0";"2.366728"
"235550.0";"2.24581"
"235560.0";"2.234071"
"235570.0";"2.29223"
"235580.0";"2.354473"
"235590.0";"2.33038"
"235600.0";"2.337839"
"235610.0";"2.304479"
"235620.0";"2.376844"
"235630.0";"2.364399"
"235640.0";"2.301785"
"235650.0";"2.286638"
"235660.0";"2.289455"
"235670.0";"2.334424"
"235680.0";"2.343016"
"235690.0";"2.358182"
"235700.0";"2.338944"
"235710.0";"2.29398"
"235720.0";"2.389683"
"235730.0";"2.405967"
"235740.0";"2.241728"
"235750.0";"2.347816"
"235760.0";"2.320699"
"235770.0";"2.294232"
"235780.0";"2.284509"
"235790.0";"2.422441"
"235800.0";"2.341608"
"235810.0";"2.278485"
"235820.0";"2.380601"
"235830.0";"2.318663"
"235840.0";"2.311889"
"235850.0";"2.383496"
"235860.0";"2.240512"
"235870.0";"2.346168"
"235880.0";"2.297148"
"235890.0";"2.349082"
"235900.0";"2.295377"
"235910.0";"2.325186"
"235920.0";"2.394697"
"235930.0";"2.38483"
"235940.0";"2.290138"
"235950.0";"2.343032"
"235960.0";"2.311024"
"235970.0";"2.315343"
"235980.0";"2.342654"
"235990.0";"2.340382"
"236000.0";"2.389917"
"236010.0";"2.457199"
"236020.0";"2.342839"
"236030.0";"2.300659"
"236040.0";"2.322102"
"236050.0";"2.324402"
"236060.0";"2.361064"
"236070.0";"2.328212"
"236080.0";"2.31023"
"236090.0";"2.373921"
"236100.0";"2.290148"
"236110.0";"2.329646"
"236120.0";"2.307921"
"236130.0";"2.277445"
"236140.0";"2.334072"
"236150.0";"2.29897"
"236160.0";"2.308651"
"236170.0";"2.337253"
"236180.0";"2.315545"
"236190.0";"2.200135"
"236200.0";"2.309106"
"236210.0";"2.307547"
"236220.0";"2.389198"
"236230.0";"2.350309"
"236240.0";"2.370468"
"236250.0";"2.331897"
"236260.0";"2.273516"
"236270.0";"2.33625"
"236280.0";"2.316807"
"236290.0";"2.285152"
"236300.0";"2.331697"
"236310.0";"2.263496"
"236320.0";"2.399378"
"236330.0";"2.278355"
"236340.0";"2.288517"
"236350.0";"2.327829"
"236360.0";"2.25521"
"236370.0";"2.254185"
"236380.0";"2.349558"
"236390.0";"2.257398"
"236400.0";"2.273563"
"236410.0";"2.252982"
"236420.0";"2.294453"
"236430.0";"2.246292"
"236440.0";"2.370547"
"236450.0";"2.300147"
"236460.0";"2.253478"
"236470.0";"2.234233"
"236480.0";"2.289414"
"236490.0";"2.332061"
"236500.0";"2.318672"
"236510.0";"2.333721"
"236520.0";"2.311597"
"236530.0";"2.30965"
"236540.0";"2.226709"
"236550.0";"2.278301"
"236560.0";"2.295313"
"236570.0";"2.344542"
"236580.0";"2.324317"
"236590.0";"2.302571"
"236600.0";"2.257775"
"236610.0";"2.332671"
"236620.0";"2.277217"
"236630.0";"2.299305"
"236640.0";"2.28933"
"236650.0";"2.370093"
"236660.0";"2.40418"
"236670.0";"2.306381"
"236680.0";"2.272009"
"236690.0";"2.392537"
"236700.0";"2.334737"
"236710.0";"2.354901"
"236720.0";"2.252012"
"236730.0";"2.394943"
"236740.0";"2.322422"
"236750.0";"2.297203"
"236760.0";"2.348891"
"236770.0";"2.334581"
"236780.0";"2.317607"
"236790.0";"2.278468"
"236800.0";"2.347265"
"236810.0";"2.392547"
"236820.0";"2.383641"
"236830.0";"2.266286"
"236840.0";"2.3292"
"236850.0";"2.268988"
"236860.0";"2.307138"
"236870.0";"2.345122"
"236880.0";"2.3194"
"236890.0";"2.338552"
"236900.0";"2.357826"
"236910.0";"2.168673"
"236920.0";"2.314615"
"236930.0";"2.307209"
"236940.0";"2.254989"
"236950.0";"2.232496"
"236960.0";"2.372918"
"236970.0";"2.328262"
"236980.0";"2.295574"
"236990.0";"2.267458"
"237000.0";"2.341458"
"237010.0";"2.39139"
"237020.0";"2.389778"
"237030.0";"2.310588"
"237040.0";"2.372486"
"237050.0";"2.369963"
"237060.0";"2.319844"
"237070.0";"2.303194"
"237080.0";"2.272771"
"237090.0";"2.177879"
"237100.0";"2.299697"
"237110.0";"2.259296"
"237120.0";"2.359197"
"237130.0";"2.242182"
"237140.0";"2.301017"
"237150.0";"2.273002"
"237160.0";"2.430128"
"237170.0";"2.293844"
"237180.0";"2.313986"
"237190.0";"2.289536"
"237200.0";"2.300375"
"237210.0";"2.303832"
"237220.0";"2.263618"
"237230.0";"2.286829"
"237240.0";"2.389967"
"237250.0";"2.288988"
"237260.0";"2.321593"
"237270.0";"2.2528"
"237280.0";"2.268632"
"237290.0";"2.313163"
"237300.0";"2.334476"
"237310.0";"2.297883"
"237320.0";"2.294541"
"237330.0";"2.271839"
"237340.0";"2.255953"
"237350.0";"2.278227"
"237360.0";"2.294276"
"237370.0";"2.342678"
"237380.0";"2.230683"
"237390.0";"2.241813"
"237400.0";"2.339425"
"237410.0";"2.324346"
"237420.0";"2.219505"
"237430.0";"2.205137"
"237440.0";"2.281733"
"237450.0";"2.280972"
"237460.0";"2.30834"
"237470.0";"2.289061"
"237480.0";"2.317917"
"237490.0";"2.323416"
"237500.0";"2.314721"
"237510.0";"2.240741"
"237520.0";"2.372458"
"237530.0";"2.332668"
"237540.0";"2.322859"
"237550.0";"2.211043"
"237560.0";"2.295687"
"237570.0";"2.288918"
"237580.0";"2.288083"
"237590.0";"2.302991"
"237600.0";"2.329487"
"237610.0";"2.216783"
"237620.0";"2.301007"
"237630.0";"2.36808"
"237640.0";"2.302733"
"237650.0";"2.363846"
"237660.0";"2.324509"
"237670.0";"2.392593"
"237680.0";"2.311299"
"237690.0";"2.32766"
"237700.0";"2.338759"
"237710.0";"2.332312"
"237720.0";"2.28741"
"237730.0";"2.355742"
"237740.0";"2.299734"
"237750.0";"2.307874"
"237760.0";"2.309119"
"237770.0";"2.288163"
"237780.0";"2.304171"
"237790.0";"2.346502"
"237800.0";"2.328516"
"237810.0";"2.291146"
"237820.0";"2.348152"
"237830.0";"2.357493"
"237840.0";"2.317663"
"237850.0";"2.36665"
"237860.0";"2.303004"
"237870.0";"2.245748"
"237880.0";"2.384455"
"237890.0";"2.325494"
"237900.0";"2.241321"
"237910.0";"2.286648"
"237920.0";"2.309654"
"237930.0";"2.380872"
"237940.0";"2.360749"
"237950.0";"2.301231"
"237960.0";"2.322553"
"237970.0";"2.389135"
"237980.0";"2.359835"
"237990.0";"2.322912"
"238000.0";"2.242169"
"238010.0";"2.352113"
"238020.0";"2.369828"
"238030.0";"2.293881"
"238040.0";"2.355996"
"238050.0";"2.249402"
"238060.0";"2.335556"
"238070.0";"2.306698"
"238080.0";"2.332892"
"238090.0";"2.283725"
"238100.0";"2.374931"
"238110.0";"2.341496"
"238120.0";"2.359126"
"238130.0";"2.26674"
"238140.0";"2.26228"
"238150.0";"2.343705"
"238160.0";"2.366185"
"238170.0";"2.309704"
"238180.0";"2.238688"
"238190.0";"2.384085"
"238200.0";"2.226105"
"238210.0";"2.373125"
"238220.0";"2.250932"
"238230.0";"2.323244"
"238240.0";"2.296416"
"238250.0";"2.335869"
"238260.0";"2.370292"
"238270.0";"2.268956"
"238280.0";"2.283443"
"238290.0";"2.320016"
"238300.0";"2.322042"
"238310.0";"2.264075"
"238320.0";"2.298463"
"238330.0";"2.331913"
"238340.0";"2.358892"
"238350.0";"2.331014"
"238360.0";"2.422657"
"238370.0";"2.364886"
"238380.0";"2.368144"
"238390.0";"2.365899"
"238400.0";"2.271261"
"238410.0";"2.368936"
"238420.0";"2.371855"
"238430.0";"2.375805"
"238440.0";"2.332078"
"238450.0";"2.34827"
"238460.0";"2.391145"
"238470.0";"2.370963"
"238480.0";"2.317778"
"238490.0";"2.336317"
"238500.0";"2.390062"
"238510.0";"2.301943"
"238520.0";"2.259767"
"238530.0";"2.394647"
"238540.0";"2.277956"
"238550.0";"2.313069"
"238560.0";"2.310622"
"238570.0";"2.344284"
"238580.0";"2.299218"
"238590.0";"2.321807"
"238600.0";"2.350495"
"238610.0";"2.355634"
"238620.0";"2.409281"
"238630.0";"2.275964"
"238640.0";"2.284867"
"238650.0";"2.344735"
"238660.0";"2.31683"
"238670.0";"2.34764"
"238680.0";"2.359959"
"238690.0";"2.357821"
"238700.0";"2.268771"
"238710.0";"2.226004"
"238720.0";"2.315364"
"238730.0";"2.301762"
"238740.0";"2.332692"
"238750.0";"2.281422"
"238760.0";"2.260775"
"238770.0";"2.354807"
"238780.0";"2.259726"
"238790.0";"2.348611"
"238800.0";"2.350747"
"238810.0";"2.238771"
"238820.0";"2.364684"
"238830.0";"2.326406"
"238840.0";"2.403886"
"238850.0";"2.372894"
"238860.0";"2.38687"
"238870.0";"2.311788"
"238880.0";"2.33561"
"238890.0";"2.298175"
"238900.0";"2.341319"
"238910.0";"2.414713"
"238920.0";"2.311116"
"238930.0";"2.315551"
"238940.0";"2.273139"
"238950.0";"2.273546"
"238960.0";"2.303256"
"238970.0";"2.310209"
"238980.0";"2.218587"
"238990.0";"2.341042"
"239000.0";"2.380273"
"239010.0";"2.322156"
"239020.0";"2.241336"
"239030.0";"2.265682"
"239040.0";"2.26579"
"239050.0";"2.24596"
"239060.0";"2.266405"
"239070.0";"2.26916"
"239080.0";"2.275333"
"239090.0";"2.373181"
"239100.0";"2.370261"
"239110.0";"2.240262"
"239120.0";"2.366731"
"239130.0";"2.268447"
"239140.0";"2.293155"
"239150.0";"2.325062"
"239160.0";"2.315661"
"239170.0";"2.312218"
"239180.0";"2.349608"
"239190.0";"2.333049"
"239200.0";"2.294667"
"239210.0";"2.279581"
"239220.0";"2.367764"
"239230.0";"2.294476"
"239240.0";"2.343013"
"239250.0";"2.313144"
"239260.0";"2.306403"
"239270.0";"2.256802"
"239280.0";"2.320258"
"239290.0";"2.241488"
"239300.0";"2.334323"
"239310.0";"2.330434"
"239320.0";"2.349447"
"239330.0";"2.25003"
"239340.0";"2.30496"
"239350.0";"2.283699"
"239360.0";"2.315492"
"239370.0";"2.252365"
"239380.0";"2.291416"
"239390.0";"2.234182"
"239400.0";"2.286129"
"239410.0";"2.339236"
"239420.0";"2.231671"
"239430.0";"2.247449"
"239440.0";"2.307993"
"239450.0";"2.261395"
"239460.0";"2.298421"
"239470.0";"2.376312"
"239480.0";"2.272934"
"239490.0";"2.320695"
"239500.0";"2.27858"
"239510.0";"2.250578"
"239520.0";"2.280143"
"239530.0";"2.315649"
"239540.0";"2.249398"
"239550.0";"2.207829"
"239560.0";"2.357665"
"239570.0";"2.277023"
"239580.0";"2.230749"
"239590.0";"2.388052"
"239600.0";"2.29311"
"239610.0";"2.362233"
"239620.0";"2.313113"
"239630.0";"2.307709"
"239640.0";"2.291904"
"239650.0";"2.233209"
"239660.0";"2.373525"
"239670.0";"2.341895"
"239680.0";"2.318034"
"239690.0";"2.244883"
"239700.0";"2.341124"
"239710.0";"2.340869"
"239720.0";"2.27413"
"239730.0";"2.313993"
"239740.0";"2.384687"
"239750.0";"2.278938"
"239760.0";"2.279729"
"239770.0";"2.288585"
"239780.0";"2.236115"
"239790.0";"2.354805"
"239800.0";"2.282862"
"239810.0";"2.257827"
"239820.0";"2.262742"
"239830.0";"2.337874"
"239840.0";"2.301308"
"239850.0";"2.345342"
"239860.0";"2.281329"
"239870.0";"2.308781"
"239880.0";"2.358736"
"239890.0";"2.304678"
"239900.0";"2.295505"
"239910.0";"2.235105"
"239920.0";"2.298704"
"239930.0";"2.304506"
"239940.0";"2.318707"
"239950.0";"2.265431"
"239960.0";"2.370116"
"239970.0";"2.294629"
"239980.0";"2.38954"
"239990.0";"2.27927"
"240000.0";"2.298568"
"240010.0";"2.271725"
"240020.0";"2.341558"
"240030.0";"2.347991"
"240040.0";"2.287603"
"240050.0";"2.251736"
"240060.0";"2.333093"
"240070.0";"2.305341"
"240080.0";"2.368267"
"240090.0";"2.211964"
"240100.0";"2.27038"
"240110.0";"2.228207"
"240120.0";"2.373922"
"240130.0";"2.44792"
"240140.0";"2.530739"
"240150.0";"2.424392"
"240160.0";"2.297263"
"240170.0";"2.316286"
"240180.0";"2.263577"
"240190.0";"2.321517"
"240200.0";"2.242139"
"240210.0";"2.248574"
"240220.0";"2.351463"
"240230.0";"2.328281"
"240240.0";"2.334699"
"240250.0";"2.305314"
"240260.0";"2.2656"
"240270.0";"2.346639"
"240280.0";"2.311919"
"240290.0";"2.318913"
"240300.0";"2.357559"
"240310.0";"2.354761"
"240320.0";"2.222641"
"240330.0";"2.309814"
"240340.0";"2.349006"
"240350.0";"2.277611"
"240360.0";"2.320257"
"240370.0";"2.318562"
"240380.0";"2.336575"
"240390.0";"2.203548"
"240400.0";"2.304041"
"240410.0";"2.221251"
"240420.0";"2.36743"
"240430.0";"2.352879"
"240440.0";"2.308208"
"240450.0";"2.208234"
"240460.0";"2.251211"
"240470.0";"2.256553"
"240480.0";"2.308719"
"240490.0";"2.295809"
"240500.0";"2.260361"
"240510.0";"2.27013"
"240520.0";"2.26572"
"240530.0";"2.350265"
"240540.0";"2.294105"
"240550.0";"2.39112"
"240560.0";"2.314157"
"240570.0";"2.310723"
"240580.0";"2.269192"
"240590.0";"2.290812"
"240600.0";"2.292469"
"240610.0";"2.288554"
"240620.0";"2.343171"
"240630.0";"2.321694"
"240640.0";"2.307092"
"240650.0";"2.310254"
"240660.0";"2.288774"
"240670.0";"2.270145"
"240680.0";"2.272563"
"240690.0";"2.329687"
"240700.0";"2.283184"
"240710.0";"2.269616"
"240720.0";"2.34033"
"240730.0";"2.323136"
"240740.0";"2.373265"
"240750.0";"2.317897"
"240760.0";"2.236328"
"240770.0";"2.268279"
"240780.0";"2.291143"
"240790.0";"2.276585"
"240800.0";"2.35991"
"240810.0";"2.329762"
"240820.0";"2.287025"
"240830.0";"2.335764"
"240840.0";"2.311568"
"240850.0";"2.204378"
"240860.0";"2.299855"
"240870.0";"2.248607"
"240880.0";"2.347407"
"240890.0";"2.231131"
"240900.0";"2.255099"
"240910.0";"2.347777"
"240920.0";"2.272275"
"240930.0";"2.260165"
"240940.0";"2.381725"
"240950.0";"2.322263"
"240960.0";"2.278793"
"240970.0";"2.27464"
"240980.0";"2.418285"
"240990.0";"2.322443"
"241000.0";"2.26345"
"241010.0";"2.32568"
"241020.0";"2.318631"
"241030.0";"2.339844"
"241040.0";"2.238754"
"241050.0";"2.315228"
"241060.0";"2.301566"
"241070.0";"2.279583"
"241080.0";"2.34654"
"241090.0";"2.377609"
"241100.0";"2.323469"
"241110.0";"2.342674"
"241120.0";"2.352965"
"241130.0";"2.290015"
"241140.0";"2.283049"
"241150.0";"2.274093"
"241160.0";"2.2919"
"241170.0";"2.322439"
"241180.0";"2.229146"
"241190.0";"2.243246"
"241200.0";"2.273299"
"241210.0";"2.348099"
"241220.0";"2.302745"
"241230.0";"2.322308"
"241240.0";"2.349928"
"241250.0";"2.339194"
"241260.0";"2.421252"
"241270.0";"2.333124"
"241280.0";"2.371299"
"241290.0";"2.314096"
"241300.0";"2.267174"
"241310.0";"2.247161"
"241320.0";"2.293305"
"241330.0";"2.356255"
"241340.0";"2.3884"
"241350.0";"2.326358"
"241360.0";"2.332482"
"241370.0";"2.34307"
"241380.0";"2.231842"
"241390.0";"2.424266"
"241400.0";"2.355165"
"241410.0";"2.324592"
"241420.0";"2.255296"
"241430.0";"2.261919"
"241440.0";"2.436996"
"241450.0";"2.428759"
"241460.0";"2.333871"
"241470.0";"2.296774"
"241480.0";"2.356713"
"241490.0";"2.342955"
"241500.0";"2.305501"
"241510.0";"2.371889"
"241520.0";"2.405439"
"241530.0";"2.264893"
"241540.0";"2.294476"
"241550.0";"2.407387"
"241560.0";"2.255307"
"241570.0";"2.326458"
"241580.0";"2.284823"
"241590.0";"2.305161"
"241600.0";"2.364166"
"241610.0";"2.332075"
"241620.0";"2.351196"
"241630.0";"2.297473"
"241640.0";"2.312125"
"241650.0";"2.382565"
"241660.0";"2.290076"
"241670.0";"2.295649"
"241680.0";"2.248381"
"241690.0";"2.400236"
"241700.0";"2.252301"
"241710.0";"2.284042"
"241720.0";"2.338388"
"241730.0";"2.266724"
"241740.0";"2.332292"
"241750.0";"2.382384"
"241760.0";"2.32765"
"241770.0";"2.308373"
"241780.0";"2.349853"
"241790.0";"2.330057"
"241800.0";"2.308808"
"241810.0";"2.390244"
"241820.0";"2.347093"
"241830.0";"2.289535"
"241840.0";"2.386587"
"241850.0";"2.335021"
"241860.0";"2.276689"
"241870.0";"2.329516"
"241880.0";"2.2868"
"241890.0";"2.339208"
"241900.0";"2.399133"
"241910.0";"2.404599"
"241920.0";"2.387363"
"241930.0";"2.478143"
"241940.0";"2.433835"
"241950.0";"2.362378"
"241960.0";"2.349984"
"241970.0";"2.363737"
"241980.0";"2.496777"
"241990.0";"2.366427"
"242000.0";"2.323531"
"242010.0";"2.34012"
"242020.0";"2.229454"
"242030.0";"2.332068"
"242040.0";"2.342487"
"242050.0";"2.288707"
"242060.0";"2.329158"
"242070.0";"2.33136"
"242080.0";"2.287816"
"242090.0";"2.307994"
"242100.0";"2.279499"
"242110.0";"2.358383"
"242120.0";"2.287398"
"242130.0";"2.303098"
"242140.0";"2.413866"
"242150.0";"2.275646"
"242160.0";"2.286744"
"242170.0";"2.31983"
"242180.0";"2.296099"
"242190.0";"2.221497"
"242200.0";"2.392553"
"242210.0";"2.369819"
"242220.0";"2.294012"
"242230.0";"2.259688"
"242240.0";"2.3283"
"242250.0";"2.293216"
"242260.0";"2.253297"
"242270.0";"2.300133"
"242280.0";"2.329928"
"242290.0";"2.311175"
"242300.0";"2.229563"
"242310.0";"2.25963"
"242320.0";"2.293904"
"242330.0";"2.275481"
"242340.0";"2.232681"
"242350.0";"2.293808"
"242360.0";"2.324793"
"242370.0";"2.296924"
"242380.0";"2.220098"
"242390.0";"2.2672"
"242400.0";"2.296849"
"242410.0";"2.388693"
"242420.0";"2.263028"
"242430.0";"2.34093"
"242440.0";"2.289128"
"242450.0";"2.276139"
"242460.0";"2.303703"
"242470.0";"2.248375"
"242480.0";"2.271715"
"242490.0";"2.373758"
"242500.0";"2.403455"
"242510.0";"2.343905"
"242520.0";"2.307548"
"242530.0";"2.234687"
"242540.0";"2.332636"
"242550.0";"2.27691"
"242560.0";"2.323276"
"242570.0";"2.348955"
"242580.0";"2.327471"
"242590.0";"2.307387"
"242600.0";"2.282295"
"242610.0";"2.372371"
"242620.0";"2.268756"
"242630.0";"2.292163"
"242640.0";"2.359715"
"242650.0";"2.319726"
"242660.0";"2.338396"
"242670.0";"2.274599"
"242680.0";"2.314389"
"242690.0";"2.374974"
"242700.0";"2.348641"
"242710.0";"2.305851"
"242720.0";"2.304779"
"242730.0";"2.316494"
"242740.0";"2.27671"
"242750.0";"2.343493"
"242760.0";"2.357292"
"242770.0";"2.264747"
"242780.0";"2.328866"
"242790.0";"2.326832"
"242800.0";"2.340343"
"242810.0";"2.349041"
"242820.0";"2.315322"
"242830.0";"2.322231"
"242840.0";"2.366773"
"242850.0";"2.294319"
"242860.0";"2.303264"
"242870.0";"2.311681"
"242880.0";"2.316378"
"242890.0";"2.2854"
"242900.0";"2.359501"
"242910.0";"2.327692"
"242920.0";"2.254506"
"242930.0";"2.334774"
"242940.0";"2.295599"
"242950.0";"2.417137"
"242960.0";"2.357957"
"242970.0";"2.326268"
"242980.0";"2.315362"
"242990.0";"2.226388"
"243000.0";"2.28301"
"243010.0";"2.332071"
"243020.0";"2.253245"
"243030.0";"2.297955"
"243040.0";"2.355839"
"243050.0";"2.33746"
"243060.0";"2.361758"
"243070.0";"2.367593"
"243080.0";"2.351875"
"243090.0";"2.31279"
"243100.0";"2.240698"
"243110.0";"2.25874"
"243120.0";"2.366825"
"243130.0";"2.338942"
"243140.0";"2.291252"
"243150.0";"2.312582"
"243160.0";"2.362666"
"243170.0";"2.393543"
"243180.0";"2.324423"
"243190.0";"2.352351"
"243200.0";"2.414257"
"243210.0";"2.394545"
"243220.0";"2.320187"
"243230.0";"2.327616"
"243240.0";"2.389158"
"243250.0";"2.281475"
"243260.0";"2.33629"
"243270.0";"2.384284"
"243280.0";"2.280377"
"243290.0";"2.368647"
"243300.0";"2.336467"
"243310.0";"2.331241"
"243320.0";"2.280932"
"243330.0";"2.292717"
"243340.0";"2.290019"
"243350.0";"2.350335"
"243360.0";"2.325682"
"243370.0";"2.287666"
"243380.0";"2.274203"
"243390.0";"2.351767"
"243400.0";"2.384603"
"243410.0";"2.292265"
"243420.0";"2.434215"
"243430.0";"2.335371"
"243440.0";"2.434094"
"243450.0";"2.194752"
"243460.0";"2.306579"
"243470.0";"2.348234"
"243480.0";"2.410692"
"243490.0";"2.311925"
"243500.0";"2.315769"
"243510.0";"2.283162"
"243520.0";"2.30672"
"243530.0";"2.246529"
"243540.0";"2.268233"
"243550.0";"2.2374"
"243560.0";"2.280274"
"243570.0";"2.330644"
"243580.0";"2.285266"
"243590.0";"2.299867"
"243600.0";"2.362628"
"243610.0";"2.251215"
"243620.0";"2.247693"
"243630.0";"2.365285"
"243640.0";"2.400168"
"243650.0";"2.273743"
"243660.0";"2.314259"
"243670.0";"2.347921"
"243680.0";"2.309747"
"243690.0";"2.269333"
"243700.0";"2.347856"
"243710.0";"2.380816"
"243720.0";"2.344733"
"243730.0";"2.285206"
"243740.0";"2.348059"
"243750.0";"2.34848"
"243760.0";"2.314826"
"243770.0";"2.309876"
"243780.0";"2.392703"
"243790.0";"2.407213"
"243800.0";"2.328764"
"243810.0";"2.335087"
"243820.0";"2.347039"
"243830.0";"2.241309"
"243840.0";"2.257754"
"243850.0";"2.244788"
"243860.0";"2.275951"
"243870.0";"2.290406"
"243880.0";"2.254067"
"243890.0";"2.231093"
"243900.0";"2.277993"
"243910.0";"2.309361"
"243920.0";"2.358367"
"243930.0";"2.332738"
"243940.0";"2.294868"
"243950.0";"2.282658"
"243960.0";"2.273181"
"243970.0";"2.300402"
"243980.0";"2.281247"
"243990.0";"2.295624"
"244000.0";"2.359857"
"244010.0";"2.330992"
"244020.0";"2.353146"
"244030.0";"2.386886"
"244040.0";"2.294248"
"244050.0";"2.297299"
"244060.0";"2.307764"
"244070.0";"2.217558"
"244080.0";"2.337543"
"244090.0";"2.358422"
"244100.0";"2.280987"
"244110.0";"2.342568"
"244120.0";"2.253885"
"244130.0";"2.318718"
"244140.0";"2.272839"
"244150.0";"2.222465"
"244160.0";"2.225141"
"244170.0";"2.301718"
"244180.0";"2.301761"
"244190.0";"2.385941"
"244200.0";"2.322294"
"244210.0";"2.248284"
"244220.0";"2.392487"
"244230.0";"2.32933"
"244240.0";"2.303329"
"244250.0";"2.32709"
"244260.0";"2.323347"
"244270.0";"2.289874"
"244280.0";"2.276623"
"244290.0";"2.292226"
"244300.0";"2.304991"
"244310.0";"2.299884"
"244320.0";"2.290031"
"244330.0";"2.294351"
"244340.0";"2.294621"
"244350.0";"2.334168"
"244360.0";"2.277289"
"244370.0";"2.351393"
"244380.0";"2.323339"
"244390.0";"2.24514"
"244400.0";"2.284814"
"244410.0";"2.306817"
"244420.0";"2.323874"
"244430.0";"2.300624"
"244440.0";"2.25232"
"244450.0";"2.363922"
"244460.0";"2.355136"
"244470.0";"2.320788"
"244480.0";"2.25471"
"244490.0";"2.257728"
"244500.0";"2.294046"
"244510.0";"2.268248"
"244520.0";"2.334959"
"244530.0";"2.283432"
"244540.0";"2.279493"
"244550.0";"2.318627"
"244560.0";"2.246064"
"244570.0";"2.314931"
"244580.0";"2.264562"
"244590.0";"2.362781"
"244600.0";"2.350915"
"244610.0";"2.361928"
"244620.0";"2.322527"
"244630.0";"2.302211"
"244640.0";"2.231485"
"244650.0";"2.300331"
"244660.0";"2.256979"
"244670.0";"2.287021"
"244680.0";"2.274556"
"244690.0";"2.291852"
"244700.0";"2.384121"
"244710.0";"2.272938"
"244720.0";"2.301542"
"244730.0";"2.222305"
"244740.0";"2.295042"
"244750.0";"2.317104"
"244760.0";"2.322788"
"244770.0";"2.294832"
"244780.0";"2.353007"
"244790.0";"2.270293"
"244800.0";"2.243985"
"244810.0";"2.272398"
"244820.0";"2.315206"
"244830.0";"2.327594"
"244840.0";"2.288632"
"244850.0";"2.222465"
"244860.0";"2.287465"
"244870.0";"2.259273"
"244880.0";"2.343015"
"244890.0";"2.312791"
"244900.0";"2.304173"
"244910.0";"2.284591"
"244920.0";"2.222602"
"244930.0";"2.321208"
"244940.0";"2.237001"
"244950.0";"2.304987"
"244960.0";"2.273283"
"244970.0";"2.211512"
"244980.0";"2.320249"
"244990.0";"2.276954"
"245000.0";"2.231076"
"245010.0";"2.282677"
"245020.0";"2.311987"
"245030.0";"2.244803"
"245040.0";"2.362426"
"245050.0";"2.290689"
"245060.0";"2.317147"
"245070.0";"2.377932"
"245080.0";"2.289322"
"245090.0";"2.280521"
"245100.0";"2.333239"
"245110.0";"2.23741"
"245120.0";"2.308049"
"245130.0";"2.332204"
"245140.0";"2.310167"
"245150.0";"2.283603"
"245160.0";"2.291763"
"245170.0";"2.329258"
"245180.0";"2.358383"
"245190.0";"2.372048"
"245200.0";"2.390378"
"245210.0";"2.307588"
"245220.0";"2.233444"
"245230.0";"2.344299"
"245240.0";"2.370647"
"245250.0";"2.288813"
"245260.0";"2.332359"
"245270.0";"2.374362"
"245280.0";"2.246913"
"245290.0";"2.245394"
"245300.0";"2.256619"
"245310.0";"2.330043"
"245320.0";"2.355268"
"245330.0";"2.26925"
"245340.0";"2.325117"
"245350.0";"2.237429"
"245360.0";"2.280005"
"245370.0";"2.334714"
"245380.0";"2.30975"
"245390.0";"2.265147"
"245400.0";"2.333513"
"245410.0";"2.238816"
"245420.0";"2.321769"
"245430.0";"2.387861"
"245440.0";"2.335213"
"245450.0";"2.362178"
"245460.0";"2.287506"
"245470.0";"2.294943"
"245480.0";"2.295034"
"245490.0";"2.233963"
"245500.0";"2.276983"
"245510.0";"2.234148"
"245520.0";"2.215757"
"245530.0";"2.257735"
"245540.0";"2.31819"
"245550.0";"2.318064"
"245560.0";"2.274091"
"245570.0";"2.38145"
"245580.0";"2.306929"
"245590.0";"2.257244"
"245600.0";"2.279288"
"245610.0";"2.290297"
"245620.0";"2.363877"
"245630.0";"2.285352"
"245640.0";"2.379141"
"245650.0";"2.328239"
"245660.0";"2.327971"
"245670.0";"2.372488"
"245680.0";"2.371711"
"245690.0";"2.224689"
"245700.0";"2.323985"
"245710.0";"2.230764"
"245720.0";"2.261659"
"245730.0";"2.207385"
"245740.0";"2.265434"
"245750.0";"2.303776"
"245760.0";"2.310831"
"245770.0";"2.233803"
"245780.0";"2.2582"
"245790.0";"2.299073"
"245800.0";"2.367035"
"245810.0";"2.30254"
"245820.0";"2.276592"
"245830.0";"2.204232"
"245840.0";"2.317879"
"245850.0";"2.333137"
"245860.0";"2.299022"
"245870.0";"2.389315"
"245880.0";"2.301803"
"245890.0";"2.32586"
"245900.0";"2.298926"
"245910.0";"2.258319"
"245920.0";"2.272944"
"245930.0";"2.341812"
"245940.0";"2.327553"
"245950.0";"2.365173"
"245960.0";"2.285614"
"245970.0";"2.281189"
"245980.0";"2.290747"
"245990.0";"2.428972"
"246000.0";"2.335051"
"246010.0";"2.27502"
"246020.0";"2.394454"
"246030.0";"2.341993"
"246040.0";"2.368796"
"246050.0";"2.287079"
"246060.0";"2.251966"
"246070.0";"2.253337"
"246080.0";"2.33826"
"246090.0";"2.393871"
"246100.0";"2.288075"
"246110.0";"2.348852"
"246120.0";"2.283446"
"246130.0";"2.312092"
"246140.0";"2.332306"
"246150.0";"2.323142"
"246160.0";"2.347376"
"246170.0";"2.311443"
"246180.0";"2.254965"
"246190.0";"2.342658"
"246200.0";"2.265697"
"246210.0";"2.298996"
"246220.0";"2.374929"
"246230.0";"2.294414"
"246240.0";"2.358906"
"246250.0";"2.241938"
"246260.0";"2.266512"
"246270.0";"2.29538"
"246280.0";"2.363539"
"246290.0";"2.333943"
"246300.0";"2.320329"
"246310.0";"2.24496"
"246320.0";"2.376496"
"246330.0";"2.324668"
"246340.0";"2.317241"
"246350.0";"2.360956"
"246360.0";"2.27425"
"246370.0";"2.354202"
"246380.0";"2.337893"
"246390.0";"2.389788"
"246400.0";"2.384188"
"246410.0";"2.366879"
"246420.0";"2.362346"
"246430.0";"2.349535"
"246440.0";"2.302306"
"246450.0";"2.304401"
"246460.0";"2.304054"
"246470.0";"2.316275"
"246480.0";"2.386866"
"246490.0";"2.279878"
"246500.0";"2.265001"
"246510.0";"2.264616"
"246520.0";"2.321597"
"246530.0";"2.347684"
"246540.0";"2.347115"
"246550.0";"2.280202"
"246560.0";"2.327312"
"246570.0";"2.29583"
"246580.0";"2.325875"
"246590.0";"2.264534"
"246600.0";"2.265633"
"246610.0";"2.329035"
"246620.0";"2.31766"
"246630.0";"2.298678"
"246640.0";"2.21056"
"246650.0";"2.317604"
"246660.0";"2.281802"
"246670.0";"2.218172"
"246680.0";"2.336372"
"246690.0";"2.313307"
"246700.0";"2.269397"
"246710.0";"2.271619"
"246720.0";"2.345751"
"246730.0";"2.355473"
"246740.0";"2.258224"
"246750.0";"2.217371"
"246760.0";"2.265047"
"246770.0";"2.312791"
"246780.0";"2.292825"
"246790.0";"2.342023"
"246800.0";"2.328648"
"246810.0";"2.277687"
"246820.0";"2.237869"
"246830.0";"2.301139"
"246840.0";"2.291558"
"246850.0";"2.249491"
"246860.0";"2.232895"
"246870.0";"2.364867"
"246880.0";"2.195529"
"246890.0";"2.296074"
"246900.0";"2.255829"
"246910.0";"2.344197"
"246920.0";"2.261026"
"246930.0";"2.34228"
"246940.0";"2.31326"
"246950.0";"2.338255"
"246960.0";"2.367442"
"246970.0";"2.359811"
"246980.0";"2.285583"
"246990.0";"2.352348"
"247000.0";"2.368862"
"247010.0";"2.374863"
"247020.0";"2.265755"
"247030.0";"2.378472"
"247040.0";"2.310964"
"247050.0";"2.326926"
"247060.0";"2.261943"
"247070.0";"2.291362"
"247080.0";"2.286033"
"247090.0";"2.296304"
"247100.0";"2.322721"
"247110.0";"2.346735"
"247120.0";"2.334661"
"247130.0";"2.308292"
"247140.0";"2.302829"
"247150.0";"2.248393"
"247160.0";"2.233186"
"247170.0";"2.25177"
"247180.0";"2.378853"
"247190.0";"2.221294"
"247200.0";"2.286141"
"247210.0";"2.370439"
"247220.0";"2.346309"
"247230.0";"2.307616"
"247240.0";"2.228013"
"247250.0";"2.310287"
"247260.0";"2.297856"
"247270.0";"2.300823"
"247280.0";"2.353225"
"247290.0";"2.288912"
"247300.0";"2.372091"
"247310.0";"2.328019"
"247320.0";"2.25257"
"247330.0";"2.316335"
"247340.0";"2.355146"
"247350.0";"2.34231"
"247360.0";"2.326796"
"247370.0";"2.309697"
"247380.0";"2.299893"
"247390.0";"2.315373"
"247400.0";"2.21382"
"247410.0";"2.336367"
"247420.0";"2.286195"
"247430.0";"2.322724"
"247440.0";"2.302326"
"247450.0";"2.354686"
"247460.0";"2.260345"
"247470.0";"2.257135"
"247480.0";"2.274739"
"247490.0";"2.340448"
"247500.0";"2.293746"
"247510.0";"2.318076"
"247520.0";"2.289814"
"247530.0";"2.262015"
"247540.0";"2.320513"
"247550.0";"2.307024"
"247560.0";"2.286489"
"247570.0";"2.32086"
"247580.0";"2.275603"
"247590.0";"2.230877"
"247600.0";"2.281197"
"247610.0";"2.29178"
"247620.0";"2.224426"
"247630.0";"2.314512"
"247640.0";"2.288198"
"247650.0";"2.324472"
"247660.0";"2.270197"
"247670.0";"2.28784"
"247680.0";"2.294592"
"247690.0";"2.279252"
"247700.0";"2.25559"
"247710.0";"2.32059"
"247720.0";"2.259798"
"247730.0";"2.251324"
"247740.0";"2.233868"
"247750.0";"2.268244"
"247760.0";"2.269912"
"247770.0";"2.320354"
"247780.0";"2.246706"
"247790.0";"2.265624"
"247800.0";"2.256148"
"247810.0";"2.219957"
"247820.0";"2.181152"
"247830.0";"2.328223"
"247840.0";"2.265694"
"247850.0";"2.187993"
"247860.0";"2.272119"
"247870.0";"2.259884"
"247880.0";"2.304821"
"247890.0";"2.229054"
"247900.0";"2.277633"
"247910.0";"2.302849"
"247920.0";"2.263834"
"247930.0";"2.27359"
"247940.0";"2.321869"
"247950.0";"2.272863"
"247960.0";"2.308572"
"247970.0";"2.373772"
"247980.0";"2.205682"
"247990.0";"2.349513"
"248000.0";"2.330255"
"248010.0";"2.288364"
"248020.0";"2.326492"
"248030.0";"2.311701"
"248040.0";"2.347483"
"248050.0";"2.299881"
"248060.0";"2.337875"
"248070.0";"2.297311"
"248080.0";"2.232406"
"248090.0";"2.34945"
"248100.0";"2.255708"
"248110.0";"2.29377"
"248120.0";"2.298843"
"248130.0";"2.245126"
"248140.0";"2.252238"
"248150.0";"2.283163"
"248160.0";"2.32025"
"248170.0";"2.277943"
"248180.0";"2.258858"
"248190.0";"2.216177"
"248200.0";"2.288457"
"248210.0";"2.281639"
"248220.0";"2.25855"
"248230.0";"2.326218"
"248240.0";"2.33284"
"248250.0";"2.241983"
"248260.0";"2.274851"
"248270.0";"2.309964"
"248280.0";"2.296732"
"248290.0";"2.33916"
"248300.0";"2.296477"
"248310.0";"2.304683"
"248320.0";"2.249728"
"248330.0";"2.260889"
"248340.0";"2.219902"
"248350.0";"2.289903"
"248360.0";"2.268628"
"248370.0";"2.373088"
"248380.0";"2.397548"
"248390.0";"2.240138"
"248400.0";"2.316903"
"248410.0";"2.343809"
"248420.0";"2.226446"
"248430.0";"2.256098"
"248440.0";"2.272323"
"248450.0";"2.235798"
"248460.0";"2.204666"
"248470.0";"2.264925"
"248480.0";"2.260965"
"248490.0";"2.353855"
"248500.0";"2.32239"
"248510.0";"2.246073"
"248520.0";"2.298503"
"248530.0";"2.32525"
"248540.0";"2.249247"
"248550.0";"2.235122"
"248560.0";"2.255493"
"248570.0";"2.203774"
"248580.0";"2.274607"
"248590.0";"2.285805"
"248600.0";"2.174803"
"248610.0";"2.333248"
"248620.0";"2.264136"
"248630.0";"2.376193"
"248640.0";"2.266585"
"248650.0";"2.256533"
"248660.0";"2.27163"
"248670.0";"2.286079"
"248680.0";"2.304674"
"248690.0";"2.315336"
"248700.0";"2.289182"
"248710.0";"2.263473"
"248720.0";"2.291594"
"248730.0";"2.336102"
"248740.0";"2.200671"
"248750.0";"2.303225"
"248760.0";"2.32534"
"248770.0";"2.33846"
"248780.0";"2.306102"
"248790.0";"2.328395"
"248800.0";"2.227557"
"248810.0";"2.323476"
"248820.0";"2.299146"
"248830.0";"2.448393"
"248840.0";"2.334759"
"248850.0";"2.274178"
"248860.0";"2.262613"
"248870.0";"2.324349"
"248880.0";"2.268408"
"248890.0";"2.315581"
"248900.0";"2.209886"
"248910.0";"2.264332"
"248920.0";"2.30923"
"248930.0";"2.303187"
"248940.0";"2.188739"
"248950.0";"2.291917"
"248960.0";"2.281158"
"248970.0";"2.248525"
"248980.0";"2.317642"
"248990.0";"2.227654"
"249000.0";"2.229229"
"249010.0";"2.353467"
"249020.0";"2.258799"
"249030.0";"2.299666"
"249040.0";"2.264384"
"249050.0";"2.264444"
"249060.0";"2.27047"
"249070.0";"2.264746"
"249080.0";"2.277533"
"249090.0";"2.238799"
"249100.0";"2.215234"
"249110.0";"2.285698"
"249120.0";"2.229698"
"249130.0";"2.309709"
"249140.0";"2.324831"
"249150.0";"2.28047"
"249160.0";"2.237317"
"249170.0";"2.319074"
"249180.0";"2.29835"
"249190.0";"2.254114"
"249200.0";"2.265009"
"249210.0";"2.307468"
"249220.0";"2.275805"
"249230.0";"2.364579"
"249240.0";"2.24276"
"249250.0";"2.303001"
"249260.0";"2.364675"
"249270.0";"2.325122"
"249280.0";"2.235305"
"249290.0";"2.297052"
"249300.0";"2.340222"
"249310.0";"2.228081"
"249320.0";"2.246723"
"249330.0";"2.354837"
"249340.0";"2.27132"
"249350.0";"2.287182"
"249360.0";"2.258618"
"249370.0";"2.313272"
"249380.0";"2.298469"
"249390.0";"2.30851"
"249400.0";"2.310508"
"249410.0";"2.266651"
"249420.0";"2.261152"
"249430.0";"2.28441"
"249440.0";"2.282238"
"249450.0";"2.258199"
"249460.0";"2.258996"
"249470.0";"2.289065"
"249480.0";"2.292643"
"249490.0";"2.322809"
"249500.0";"2.21258"
"249510.0";"2.289308"
"249520.0";"2.235106"
"249530.0";"2.234804"
"249540.0";"2.206563"
"249550.0";"2.27529"
"249560.0";"2.293686"
"249570.0";"2.274328"
"249580.0";"2.228692"
"249590.0";"2.266927"
"249600.0";"2.300947"
"249610.0";"2.324827"
"249620.0";"2.294394"
"249630.0";"2.367819"
"249640.0";"2.246042"
"249650.0";"2.342987"
"249660.0";"2.309585"
"249670.0";"2.283024"
"249680.0";"2.271567"
"249690.0";"2.256888"
"249700.0";"2.260262"
"249710.0";"2.276967"
"249720.0";"2.353995"
"249730.0";"2.227607"
"249740.0";"2.347137"
"249750.0";"2.310695"
"249760.0";"2.266397"
"249770.0";"2.289942"
"249780.0";"2.302354"
"249790.0";"2.319856"
"249800.0";"2.284069"
"249810.0";"2.290741"
"249820.0";"2.306719"
"249830.0";"2.296494"
"249840.0";"2.274121"
"249850.0";"2.261778"
"249860.0";"2.38287"
"249870.0";"2.241609"
"249880.0";"2.322191"
"249890.0";"2.268918"
"249900.0";"2.347182"
"249910.0";"2.311956"
"249920.0";"2.279437"
"249930.0";"2.328739"
"249940.0";"2.285941"
"249950.0";"2.340099"
"249960.0";"2.31677"
"249970.0";"2.234837"
"249980.0";"2.252587"
"249990.0";"2.372226"
"250000.0";"2.232714"
"250010.0";"2.285159"
"250020.0";"2.290682"
"250030.0";"2.258862"
"250040.0";"2.263822"
"250050.0";"2.265397"
"250060.0";"2.23687"
"250070.0";"2.269248"
"250080.0";"2.261124"
"250090.0";"2.377738"
"250100.0";"2.280927"
"250110.0";"2.32882"
"250120.0";"2.214356"
"250130.0";"2.318249"
"250140.0";"2.35728"
"250150.0";"2.289576"
"250160.0";"2.231416"
"250170.0";"2.32061"
"250180.0";"2.244693"
"250190.0";"2.276678"
"250200.0";"2.351208"
"250210.0";"2.328176"
"250220.0";"2.334965"
"250230.0";"2.207348"
"250240.0";"2.364403"
"250250.0";"2.241674"
"250260.0";"2.291991"
"250270.0";"2.332413"
"250280.0";"2.279559"
"250290.0";"2.315737"
"250300.0";"2.329278"
"250310.0";"2.272236"
"250320.0";"2.36184"
"250330.0";"2.350618"
"250340.0";"2.31438"
"250350.0";"2.281765"
"250360.0";"2.262325"
"250370.0";"2.285291"
"250380.0";"2.275286"
"250390.0";"2.353259"
"250400.0";"2.350331"
"250410.0";"2.323854"
"250420.0";"2.288598"
"250430.0";"2.271353"
"250440.0";"2.307173"
"250450.0";"2.293834"
"250460.0";"2.26455"
"250470.0";"2.269841"
"250480.0";"2.298823"
"250490.0";"2.231166"
"250500.0";"2.235692"
"250510.0";"2.329596"
"250520.0";"2.293353"
"250530.0";"2.370942"
"250540.0";"2.321533"
"250550.0";"2.289161"
"250560.0";"2.313966"
"250570.0";"2.368433"
"250580.0";"2.351464"
"250590.0";"2.347229"
"250600.0";"2.287653"
"250610.0";"2.330061"
"250620.0";"2.309052"
"250630.0";"2.262169"
"250640.0";"2.260617"
"250650.0";"2.325684"
"250660.0";"2.364909"
"250670.0";"2.398912"
"250680.0";"2.311884"
"250690.0";"2.211004"
"250700.0";"2.273825"
"250710.0";"2.281361"
"250720.0";"2.285981"
"250730.0";"2.381534"
"250740.0";"2.276965"
"250750.0";"2.301148"
"250760.0";"2.258207"
"250770.0";"2.371861"
"250780.0";"2.330312"
"250790.0";"2.233875"
"250800.0";"2.327083"
"250810.0";"2.228221"
"250820.0";"2.296966"
"250830.0";"2.276654"
"250840.0";"2.302846"
"250850.0";"2.285802"
"250860.0";"2.336103"
"250870.0";"2.302771"
"250880.0";"2.310455"
"250890.0";"2.315177"
"250900.0";"2.324963"
"250910.0";"2.273656"
"250920.0";"2.30291"
"250930.0";"2.304922"
"250940.0";"2.323791"
"250950.0";"2.243462"
"250960.0";"2.238948"
"250970.0";"2.317811"
"250980.0";"2.269019"
"250990.0";"2.278624"
"251000.0";"2.324275"
"251010.0";"2.316986"
"251020.0";"2.304032"
"251030.0";"2.275178"
"251040.0";"2.311766"
"251050.0";"2.320529"
"251060.0";"2.29707"
"251070.0";"2.385529"
"251080.0";"2.289799"
"251090.0";"2.288481"
"251100.0";"2.321104"
"251110.0";"2.263617"
"251120.0";"2.225853"
"251130.0";"2.286322"
"251140.0";"2.365456"
"251150.0";"2.333461"
"251160.0";"2.315994"
"251170.0";"2.421311"
"251180.0";"2.364399"
"251190.0";"2.262551"
"251200.0";"2.352838"
"251210.0";"2.345345"
"251220.0";"2.326676"
"251230.0";"2.297761"
"251240.0";"2.297502"
"251250.0";"2.314526"
"251260.0";"2.342196"
"251270.0";"2.270032"
"251280.0";"2.352635"
"251290.0";"2.286415"
"251300.0";"2.371585"
"251310.0";"2.332352"
"251320.0";"2.323237"
"251330.0";"2.312549"
"251340.0";"2.318073"
"251350.0";"2.272579"
"251360.0";"2.27564"
"251370.0";"2.278919"
"251380.0";"2.337842"
"251390.0";"2.276144"
"251400.0";"2.350101"
"251410.0";"2.272983"
"251420.0";"2.327523"
"251430.0";"2.29909"
"251440.0";"2.362007"
"251450.0";"2.339898"
"251460.0";"2.393105"
"251470.0";"2.331045"
"251480.0";"2.404393"
"251490.0";"2.311586"
"251500.0";"2.254395"
"251510.0";"2.325797"
"251520.0";"2.365271"
"251530.0";"2.391524"
"251540.0";"2.301163"
"251550.0";"2.302122"
"251560.0";"2.269968"
"251570.0";"2.30776"
"251580.0";"2.365624"
"251590.0";"2.26079"
"251600.0";"2.259255"
"251610.0";"2.364728"
"251620.0";"2.398519"
"251630.0";"2.316886"
"251640.0";"2.359845"
"251650.0";"2.342322"
"251660.0";"2.327878"
"251670.0";"2.325232"
"251680.0";"2.330974"
"251690.0";"2.269433"
"251700.0";"2.252113"
"251710.0";"2.387689"
"251720.0";"2.334898"
"251730.0";"2.301188"
"251740.0";"2.228278"
"251750.0";"2.272138"
"251760.0";"2.223957"
"251770.0";"2.175129"
"251780.0";"2.281721"
"251790.0";"2.265072"
"251800.0";"2.28095"
"251810.0";"2.301127"
"251820.0";"2.278922"
"251830.0";"2.17356"
"251840.0";"2.24819"
"251850.0";"2.320721"
"251860.0";"2.335025"
"251870.0";"2.281583"
"251880.0";"2.241725"
"251890.0";"2.334638"
"251900.0";"2.259497"
"251910.0";"2.370031"
"251920.0";"2.328604"
"251930.0";"2.323145"
"251940.0";"2.282015"
"251950.0";"2.343562"
"251960.0";"2.31739"
"251970.0";"2.408431"
"251980.0";"2.266506"
"251990.0";"2.261018"
"252000.0";"2.308762"
"252010.0";"2.33527"
"252020.0";"2.26447"
"252030.0";"2.300565"
"252040.0";"2.374121"
"252050.0";"2.211022"
"252060.0";"2.267149"
"252070.0";"2.270999"
"252080.0";"2.252198"
"252090.0";"2.271084"
"252100.0";"2.264249"
"252110.0";"2.269585"
"252120.0";"2.296396"
"252130.0";"2.391224"
"252140.0";"2.348398"
"252150.0";"2.30946"
"252160.0";"2.260166"
"252170.0";"2.3165"
"252180.0";"2.362466"
"252190.0";"2.255163"
"252200.0";"2.282199"
"252210.0";"2.300435"
"252220.0";"2.310237"
"252230.0";"2.311746"
"252240.0";"2.310776"
"252250.0";"2.296664"
"252260.0";"2.305321"
"252270.0";"2.240303"
"252280.0";"2.37678"
"252290.0";"2.248045"
"252300.0";"2.282859"
"252310.0";"2.301178"
"252320.0";"2.323382"
"252330.0";"2.330989"
"252340.0";"2.294363"
"252350.0";"2.245341"
"252360.0";"2.29507"
"252370.0";"2.247734"
"252380.0";"2.290425"
"252390.0";"2.263269"
"252400.0";"2.230682"
"252410.0";"2.267451"
"252420.0";"2.273405"
"252430.0";"2.279409"
"252440.0";"2.299549"
"252450.0";"2.206732"
"252460.0";"2.260274"
"252470.0";"2.406723"
"252480.0";"2.280636"
"252490.0";"2.301636"
"252500.0";"2.325461"
"252510.0";"2.326523"
"252520.0";"2.341074"
"252530.0";"2.338421"
"252540.0";"2.369455"
"252550.0";"2.263608"
"252560.0";"2.262492"
"252570.0";"2.308967"
"252580.0";"2.192312"
"252590.0";"2.291874"
"252600.0";"2.412641"
"252610.0";"2.316272"
"252620.0";"2.356133"
"252630.0";"2.344894"
"252640.0";"2.301158"
"252650.0";"2.280043"
"252660.0";"2.309018"
"252670.0";"2.253417"
"252680.0";"2.301205"
"252690.0";"2.263507"
"252700.0";"2.28722"
"252710.0";"2.29865"
"252720.0";"2.266701"
"252730.0";"2.288002"
"252740.0";"2.334452"
"252750.0";"2.430445"
"252760.0";"2.254467"
"252770.0";"2.328194"
"252780.0";"2.323116"
"252790.0";"2.358958"
"252800.0";"2.32524"
"252810.0";"2.328003"
"252820.0";"2.300986"
"252830.0";"2.293136"
"252840.0";"2.347517"
"252850.0";"2.265331"
"252860.0";"2.31517"
"252870.0";"2.257403"
"252880.0";"2.284627"
"252890.0";"2.368655"
"252900.0";"2.367175"
"252910.0";"2.385987"
"252920.0";"2.363408"
"252930.0";"2.359028"
"252940.0";"2.365239"
"252950.0";"2.343511"
"252960.0";"2.279749"
"252970.0";"2.285145"
"252980.0";"2.368617"
"252990.0";"2.27398"
"253000.0";"2.369825"
"253010.0";"2.292178"
"253020.0";"2.410816"
"253030.0";"2.201647"
"253040.0";"2.337411"
"253050.0";"2.285269"
"253060.0";"2.352827"
"253070.0";"2.355333"
"253080.0";"2.286731"
"253090.0";"2.292712"
"253100.0";"2.278039"
"253110.0";"2.365303"
"253120.0";"2.293034"
"253130.0";"2.391669"
"253140.0";"2.292886"
"253150.0";"2.300375"
"253160.0";"2.355812"
"253170.0";"2.282681"
"253180.0";"2.412845"
"253190.0";"2.371413"
"253200.0";"2.300301"
"253210.0";"2.335978"
"253220.0";"2.351473"
"253230.0";"2.40538"
"253240.0";"2.331821"
"253250.0";"2.301041"
"253260.0";"2.371017"
"253270.0";"2.324412"
"253280.0";"2.320797"
"253290.0";"2.350007"
"253300.0";"2.248567"
"253310.0";"2.3365"
"253320.0";"2.302126"
"253330.0";"2.311728"
"253340.0";"2.341203"
"253350.0";"2.247772"
"253360.0";"2.238561"
"253370.0";"2.342102"
"253380.0";"2.314323"
"253390.0";"2.367198"
"253400.0";"2.357971"
"253410.0";"2.345262"
"253420.0";"2.301075"
"253430.0";"2.360796"
"253440.0";"2.244654"
"253450.0";"2.330301"
"253460.0";"2.309698"
"253470.0";"2.335087"
"253480.0";"2.343885"
"253490.0";"2.27134"
"253500.0";"2.28277"
"253510.0";"2.379323"
"253520.0";"2.410256"
"253530.0";"2.233911"
"253540.0";"2.291556"
"253550.0";"2.331349"
"253560.0";"2.331396"
"253570.0";"2.39066"
"253580.0";"2.314595"
"253590.0";"2.342671"
"253600.0";"2.415605"
"253610.0";"2.364285"
"253620.0";"2.341273"
"253630.0";"2.255994"
"253640.0";"2.282011"
"253650.0";"2.345908"
"253660.0";"2.318773"
"253670.0";"2.365447"
"253680.0";"2.38825"
"253690.0";"2.337324"
"253700.0";"2.316478"
"253710.0";"2.406626"
"253720.0";"2.399414"
"253730.0";"2.377689"
"253740.0";"2.402369"
"253750.0";"2.411875"
"253760.0";"2.454673"
"253770.0";"2.444599"
"253780.0";"2.36481"
"253790.0";"2.335191"
"253800.0";"2.365305"
"253810.0";"2.389652"
"253820.0";"2.38622"
"253830.0";"2.402688"
"253840.0";"2.331538"
"253850.0";"2.257752"
"253860.0";"2.402283"
"253870.0";"2.358263"
"253880.0";"2.387466"
"253890.0";"2.403833"
"253900.0";"2.382726"
"253910.0";"2.341643"
"253920.0";"2.383504"
"253930.0";"2.345218"
"253940.0";"2.351142"
"253950.0";"2.337021"
"253960.0";"2.417219"
"253970.0";"2.424275"
"253980.0";"2.472558"
"253990.0";"2.337829"
"254000.0";"2.370334"
"254010.0";"2.313918"
"254020.0";"2.333373"
"254030.0";"2.400266"
"254040.0";"2.274806"
"254050.0";"2.246373"
"254060.0";"2.334219"
"254070.0";"2.377081"
"254080.0";"2.26353"
"254090.0";"2.34843"
"254100.0";"2.293595"
"254110.0";"2.34401"
"254120.0";"2.352938"
"254130.0";"2.317338"
"254140.0";"2.406205"
"254150.0";"2.452066"
"254160.0";"2.381447"
"254170.0";"2.469655"
"254180.0";"2.45854"
"254190.0";"2.415276"
"254200.0";"2.487481"
"254210.0";"2.348478"
"254220.0";"2.352453"
"254230.0";"2.337154"
"254240.0";"2.341754"
"254250.0";"2.32884"
"254260.0";"2.412481"
"254270.0";"2.427413"
"254280.0";"2.322006"
"254290.0";"2.298431"
"254300.0";"2.376451"
"254310.0";"2.264426"
"254320.0";"2.371842"
"254330.0";"2.286596"
"254340.0";"2.386952"
"254350.0";"2.341647"
"254360.0";"2.389802"
"254370.0";"2.413475"
"254380.0";"2.311086"
"254390.0";"2.383241"
"254400.0";"2.405568"
"254410.0";"2.335173"
"254420.0";"2.357444"
"254430.0";"2.415247"
"254440.0";"2.460767"
"254450.0";"2.281149"
"254460.0";"2.36806"
"254470.0";"2.340414"
"254480.0";"2.373128"
"254490.0";"2.339579"
"254500.0";"2.312169"
"254510.0";"2.411796"
"254520.0";"2.308951"
"254530.0";"2.291985"
"254540.0";"2.487068"
"254550.0";"2.312842"
"254560.0";"2.283812"
"254570.0";"2.302029"
"254580.0";"2.353726"
"254590.0";"2.252015"
"254600.0";"2.288678"
"254610.0";"2.292276"
"254620.0";"2.289443"
"254630.0";"2.251736"
"254640.0";"2.289145"
"254650.0";"2.354156"
"254660.0";"2.2136"
"254670.0";"2.243854"
"254680.0";"2.245777"
"254690.0";"2.271719"
"254700.0";"2.30029"
"254710.0";"2.264466"
"254720.0";"2.262075"
"254730.0";"2.293064"
"254740.0";"2.256278"
"254750.0";"2.296999"
"254760.0";"2.346281"
"254770.0";"2.321946"
"254780.0";"2.326021"
"254790.0";"2.319103"
"254800.0";"2.348141"
"254810.0";"2.355198"
"254820.0";"2.335714"
"254830.0";"2.371103"
"254840.0";"2.372052"
"254850.0";"2.435817"
"254860.0";"2.338848"
"254870.0";"2.348267"
"254880.0";"2.317577"
"254890.0";"2.344369"
"254900.0";"2.380312"
"254910.0";"2.429699"
"254920.0";"2.36274"
"254930.0";"2.268034"
"254940.0";"2.289119"
"254950.0";"2.359118"
"254960.0";"2.342062"
"254970.0";"2.382791"
"254980.0";"2.323113"
"254990.0";"2.36029"
"255000.0";"2.426286"
"255010.0";"2.421805"
"255020.0";"2.413932"
"255030.0";"2.346986"
"255040.0";"2.429078"
"255050.0";"2.305459"
"255060.0";"2.351333"
"255070.0";"2.408638"
"255080.0";"2.405995"
"255090.0";"2.425929"
"255100.0";"2.391678"
"255110.0";"2.333483"
"255120.0";"2.394887"
"255130.0";"2.332256"
"255140.0";"2.311491"
"255150.0";"2.318792"
"255160.0";"2.345341"
"255170.0";"2.318807"
"255180.0";"2.32086"
"255190.0";"2.30458"
"255200.0";"2.356575"
"255210.0";"2.285982"
"255220.0";"2.313914"
"255230.0";"2.381874"
"255240.0";"2.318331"
"255250.0";"2.362583"
"255260.0";"2.399829"
"255270.0";"2.434638"
"255280.0";"2.394623"
"255290.0";"2.383942"
"255300.0";"2.400884"
"255310.0";"2.394903"
"255320.0";"2.377965"
"255330.0";"2.428616"
"255340.0";"2.361902"
"255350.0";"2.388308"
"255360.0";"2.410108"
"255370.0";"2.414257"
"255380.0";"2.347178"
"255390.0";"2.426811"
"255400.0";"2.53354"
"255410.0";"2.367343"
"255420.0";"2.287213"
"255430.0";"2.414584"
"255440.0";"2.397359"
"255450.0";"2.416455"
"255460.0";"2.434227"
"255470.0";"2.377283"
"255480.0";"2.365913"
"255490.0";"2.349203"
"255500.0";"2.389964"
"255510.0";"2.414961"
"255520.0";"2.301997"
"255530.0";"2.37558"
"255540.0";"2.413433"
"255550.0";"2.333058"
"255560.0";"2.325911"
"255570.0";"2.345509"
"255580.0";"2.37371"
"255590.0";"2.359928"
"255600.0";"2.37075"
"255610.0";"2.34403"
"255620.0";"2.422208"
"255630.0";"2.446709"
"255640.0";"2.271276"
"255650.0";"2.37105"
"255660.0";"2.310662"
"255670.0";"2.278433"
"255680.0";"2.305667"
"255690.0";"2.363346"
"255700.0";"2.415076"
"255710.0";"2.361443"
"255720.0";"2.300722"
"255730.0";"2.369034"
"255740.0";"2.336268"
"255750.0";"2.307449"
"255760.0";"2.379577"
"255770.0";"2.37286"
"255780.0";"2.365785"
"255790.0";"2.323638"
"255800.0";"2.359003"
"255810.0";"2.366197"
"255820.0";"2.308547"
"255830.0";"2.347938"
"255840.0";"2.327098"
"255850.0";"2.355264"
"255860.0";"2.335881"
"255870.0";"2.348971"
"255880.0";"2.368295"
"255890.0";"2.317094"
"255900.0";"2.304605"
"255910.0";"2.248967"
"255920.0";"2.338082"
"255930.0";"2.374241"
"255940.0";"2.436198"
"255950.0";"2.315493"
"255960.0";"2.34546"
"255970.0";"2.369712"
"255980.0";"2.234615"
"255990.0";"2.313464"
"256000.0";"2.245948"
"256010.0";"2.29956"
"256020.0";"2.288817"
"256030.0";"2.346369"
"256040.0";"2.311692"
"256050.0";"2.398035"
"256060.0";"2.381402"
"256070.0";"2.387639"
"256080.0";"2.346833"
"256090.0";"2.408803"
"256100.0";"2.402847"
"256110.0";"2.279569"
"256120.0";"2.300415"
"256130.0";"2.333743"
"256140.0";"2.395768"
"256150.0";"2.321887"
"256160.0";"2.380105"
"256170.0";"2.349813"
"256180.0";"2.335382"
"256190.0";"2.404527"
"256200.0";"2.365592"
"256210.0";"2.40334"
"256220.0";"2.343465"
"256230.0";"2.335821"
"256240.0";"2.39496"
"256250.0";"2.310078"
"256260.0";"2.377567"
"256270.0";"2.306783"
"256280.0";"2.310305"
"256290.0";"2.39223"
"256300.0";"2.309503"
"256310.0";"2.34108"
"256320.0";"2.336288"
"256330.0";"2.473994"
"256340.0";"2.31999"
"256350.0";"2.373212"
"256360.0";"2.355551"
"256370.0";"2.351848"
"256380.0";"2.352246"
"256390.0";"2.305508"
"256400.0";"2.372625"
"256410.0";"2.375812"
"256420.0";"2.380621"
"256430.0";"2.395002"
"256440.0";"2.301768"
"256450.0";"2.316723"
"256460.0";"2.309307"
"256470.0";"2.379339"
"256480.0";"2.343188"
"256490.0";"2.304741"
"256500.0";"2.346569"
"256510.0";"2.326986"
"256520.0";"2.295294"
"256530.0";"2.323162"
"256540.0";"2.326858"
"256550.0";"2.280756"
"256560.0";"2.34815"
"256570.0";"2.31594"
"256580.0";"2.329155"
"256590.0";"2.32472"
"256600.0";"2.369371"
"256610.0";"2.319333"
"256620.0";"2.276043"
"256630.0";"2.380769"
"256640.0";"2.350623"
"256650.0";"2.306906"
"256660.0";"2.299267"
"256670.0";"2.347527"
"256680.0";"2.305233"
"256690.0";"2.366006"
"256700.0";"2.317249"
"256710.0";"2.284351"
"256720.0";"2.365705"
"256730.0";"2.341014"
"256740.0";"2.325682"
"256750.0";"2.30565"
"256760.0";"2.362453"
"256770.0";"2.391359"
"256780.0";"2.2792"
"256790.0";"2.370226"
"256800.0";"2.401181"
"256810.0";"2.325746"
"256820.0";"2.349924"
"256830.0";"2.372651"
"256840.0";"2.362173"
"256850.0";"2.358283"
"256860.0";"2.30163"
"256870.0";"2.313909"
"256880.0";"2.294036"
"256890.0";"2.286815"
"256900.0";"2.288663"
"256910.0";"2.40552"
"256920.0";"2.295526"
"256930.0";"2.332524"
"256940.0";"2.342654"
"256950.0";"2.40423"
"256960.0";"2.329586"
"256970.0";"2.326053"
"256980.0";"2.253289"
"256990.0";"2.237685"
"257000.0";"2.335196"
"257010.0";"2.351072"
"257020.0";"2.34917"
"257030.0";"2.342642"
"257040.0";"2.368925"
"257050.0";"2.398212"
"257060.0";"2.338823"
"257070.0";"2.369796"
"257080.0";"2.351289"
"257090.0";"2.343923"
"257100.0";"2.380748"
"257110.0";"2.416568"
"257120.0";"2.263451"
"257130.0";"2.352152"
"257140.0";"2.282825"
"257150.0";"2.308687"
"257160.0";"2.338471"
"257170.0";"2.362427"
"257180.0";"2.375918"
"257190.0";"2.397026"
"257200.0";"2.322316"
"257210.0";"2.289627"
"257220.0";"2.338641"
"257230.0";"2.373961"
"257240.0";"2.341025"
"257250.0";"2.371455"
"257260.0";"2.322411"
"257270.0";"2.336461"
"257280.0";"2.371804"
"257290.0";"2.330351"
"257300.0";"2.419565"
"257310.0";"2.308722"
"257320.0";"2.37042"
"257330.0";"2.384766"
"257340.0";"2.370402"
"257350.0";"2.344867"
"257360.0";"2.365812"
"257370.0";"2.370004"
"257380.0";"2.319036"
"257390.0";"2.357875"
"257400.0";"2.315501"
"257410.0";"2.369642"
"257420.0";"2.2688"
"257430.0";"2.312697"
"257440.0";"2.318069"
"257450.0";"2.391215"
"257460.0";"2.363199"
"257470.0";"2.354091"
"257480.0";"2.382351"
"257490.0";"2.336696"
"257500.0";"2.395155"
"257510.0";"2.422088"
"257520.0";"2.403954"
"257530.0";"2.354694"
"257540.0";"2.403471"
"257550.0";"2.455539"
"257560.0";"2.429717"
"257570.0";"2.435951"
"257580.0";"2.369195"
"257590.0";"2.324827"
"257600.0";"2.371762"
"257610.0";"2.33218"
"257620.0";"2.377228"
"257630.0";"2.322644"
"257640.0";"2.387883"
"257650.0";"2.340487"
"257660.0";"2.304801"
"257670.0";"2.355189"
"257680.0";"2.299739"
"257690.0";"2.314652"
"257700.0";"2.389672"
"257710.0";"2.382888"
"257720.0";"2.366252"
"257730.0";"2.308065"
"257740.0";"2.300095"
"257750.0";"2.356825"
"257760.0";"2.342752"
"257770.0";"2.364353"
"257780.0";"2.316058"
"257790.0";"2.263053"
"257800.0";"2.373174"
"257810.0";"2.392905"
"257820.0";"2.360309"
"257830.0";"2.297818"
"257840.0";"2.300615"
"257850.0";"2.354921"
"257860.0";"2.288006"
"257870.0";"2.336668"
"257880.0";"2.370776"
"257890.0";"2.364062"
"257900.0";"2.34396"
"257910.0";"2.371742"
"257920.0";"2.317396"
"257930.0";"2.325786"
"257940.0";"2.317484"
"257950.0";"2.259276"
"257960.0";"2.311004"
"257970.0";"2.320067"
"257980.0";"2.392835"
"257990.0";"2.295061"
"258000.0";"2.307812"
"258010.0";"2.366073"
"258020.0";"2.290019"
"258030.0";"2.336403"
"258040.0";"2.347716"
"258050.0";"2.333861"
"258060.0";"2.26639"
"258070.0";"2.317356"
"258080.0";"2.303686"
"258090.0";"2.323678"
"258100.0";"2.327609"
"258110.0";"2.316508"
"258120.0";"2.292636"
"258130.0";"2.263944"
"258140.0";"2.278514"
"258150.0";"2.330599"
"258160.0";"2.332999"
"258170.0";"2.342307"
"258180.0";"2.255691"
"258190.0";"2.259084"
"258200.0";"2.31809"
"258210.0";"2.270381"
"258220.0";"2.35853"
"258230.0";"2.308777"
"258240.0";"2.302013"
"258250.0";"2.274973"
"258260.0";"2.269778"
"258270.0";"2.312824"
"258280.0";"2.30729"
"258290.0";"2.346066"
"258300.0";"2.281293"
"258310.0";"2.270723"
"258320.0";"2.269104"
"258330.0";"2.381775"
"258340.0";"2.273739"
"258350.0";"2.317"
"258360.0";"2.282037"
"258370.0";"2.301358"
"258380.0";"2.244176"
"258390.0";"2.304116"
"258400.0";"2.287683"
"258410.0";"2.305357"
"258420.0";"2.262699"
"258430.0";"2.289653"
"258440.0";"2.254185"
"258450.0";"2.368529"
"258460.0";"2.259853"
"258470.0";"2.334265"
"258480.0";"2.270434"
"258490.0";"2.25408"
"258500.0";"2.340291"
"258510.0";"2.362545"
"258520.0";"2.326606"
"258530.0";"2.315518"
"258540.0";"2.315445"
"258550.0";"2.30742"
"258560.0";"2.335544"
"258570.0";"2.258383"
"258580.0";"2.298872"
"258590.0";"2.246502"
"258600.0";"2.319302"
"258610.0";"2.287067"
"258620.0";"2.226998"
"258630.0";"2.276558"
"258640.0";"2.267488"
"258650.0";"2.253427"
"258660.0";"2.315643"
"258670.0";"2.320536"
"258680.0";"2.243913"
"258690.0";"2.264795"
"258700.0";"2.325618"
"258710.0";"2.30713"
"258720.0";"2.294973"
"258730.0";"2.279086"
"258740.0";"2.281656"
"258750.0";"2.328099"
"258760.0";"2.286587"
"258770.0";"2.304598"
"258780.0";"2.288065"
"258790.0";"2.269435"
"258800.0";"2.341305"
"258810.0";"2.3221"
"258820.0";"2.325585"
"258830.0";"2.270877"
"258840.0";"2.320031"
"258850.0";"2.301381"
"258860.0";"2.304639"
"258870.0";"2.196627"
"258880.0";"2.267906"
"258890.0";"2.298984"
"258900.0";"2.200033"
"258910.0";"2.276411"
"258920.0";"2.245389"
"258930.0";"2.310615"
"258940.0";"2.335281"
"258950.0";"2.277495"
"258960.0";"2.341501"
"258970.0";"2.292295"
"258980.0";"2.303899"
"258990.0";"2.264495"
"259000.0";"2.30814"
"259010.0";"2.302402"
"259020.0";"2.293387"
"259030.0";"2.37165"
"259040.0";"2.308677"
"259050.0";"2.352977"
"259060.0";"2.25873"
"259070.0";"2.280001"
"259080.0";"2.31567"
"259090.0";"2.318225"
"259100.0";"2.370286"
"259110.0";"2.407521"
"259120.0";"2.302001"
"259130.0";"2.281454"
"259140.0";"2.317633"
"259150.0";"2.331435"
"259160.0";"2.30422"
"259170.0";"2.301018"
"259180.0";"2.37382"
"259190.0";"2.361749"
"259200.0";"2.389517"
"259210.0";"2.353929"
"259220.0";"2.402209"
"259230.0";"2.371539"
"259240.0";"2.321056"
"259250.0";"2.367506"
"259260.0";"2.364383"
"259270.0";"2.292973"
"259280.0";"2.322707"
"259290.0";"2.346421"
"259300.0";"2.352642"
"259310.0";"2.335323"
"259320.0";"2.319835"
"259330.0";"2.398717"
"259340.0";"2.332873"
"259350.0";"2.405139"
"259360.0";"2.306705"
"259370.0";"2.398487"
"259380.0";"2.30633"
"259390.0";"2.28001"
"259400.0";"2.308195"
"259410.0";"2.304766"
"259420.0";"2.312001"
"259430.0";"2.336128"
"259440.0";"2.295233"
"259450.0";"2.285825"
"259460.0";"2.33076"
"259470.0";"2.330892"
"259480.0";"2.286486"
"259490.0";"2.337462"
"259500.0";"2.352757"
"259510.0";"2.3167"
"259520.0";"2.295472"
"259530.0";"2.344106"
"259540.0";"2.29605"
"259550.0";"2.376526"
"259560.0";"2.361387"
"259570.0";"2.328172"
"259580.0";"2.370078"
"259590.0";"2.366423"
"259600.0";"2.288908"
"259610.0";"2.328512"
"259620.0";"2.273044"
"259630.0";"2.248481"
"259640.0";"2.297088"
"259650.0";"2.219372"
"259660.0";"2.31485"
"259670.0";"2.217484"
"259680.0";"2.193128"
"259690.0";"2.232679"
"259700.0";"2.304186"
"259710.0";"2.309619"
"259720.0";"2.291529"
"259730.0";"2.316148"
"259740.0";"2.330204"
"259750.0";"2.307202"
"259760.0";"2.332094"
"259770.0";"2.258975"
"259780.0";"2.269585"
"259790.0";"2.278463"
"259800.0";"2.304534"
"259810.0";"2.275268"
"259820.0";"2.33312"
"259830.0";"2.383324"
"259840.0";"2.29943"
"259850.0";"2.270944"
"259860.0";"2.362425"
"259870.0";"2.35002"
"259880.0";"2.328554"
"259890.0";"2.325008"
"259900.0";"2.364009"
"259910.0";"2.33586"
"259920.0";"2.35494"
"259930.0";"2.284639"
"259940.0";"2.390642"
"259950.0";"2.318098"
"259960.0";"2.293323"
"259970.0";"2.241192"
"259980.0";"2.294487"
"259990.0";"2.337941"
"260000.0";"2.283391"
"260010.0";"2.280769"
"260020.0";"2.208229"
"260030.0";"2.234785"
"260040.0";"2.249764"
"260050.0";"2.275346"
"260060.0";"2.305063"
"260070.0";"2.358214"
"260080.0";"2.355724"
"260090.0";"2.351911"
"260100.0";"2.200421"
"260110.0";"2.249184"
"260120.0";"2.279011"
"260130.0";"2.284614"
"260140.0";"2.336655"
"260150.0";"2.313563"
"260160.0";"2.327066"
"260170.0";"2.282865"
"260180.0";"2.305906"
"260190.0";"2.293428"
"260200.0";"2.278993"
"260210.0";"2.243587"
"260220.0";"2.283389"
"260230.0";"2.297328"
"260240.0";"2.27635"
"260250.0";"2.283452"
"260260.0";"2.222616"
"260270.0";"2.29664"
"260280.0";"2.257794"
"260290.0";"2.229412"
"260300.0";"2.342522"
"260310.0";"2.357436"
"260320.0";"2.30067"
"260330.0";"2.275049"
"260340.0";"2.235457"
"260350.0";"2.316885"
"260360.0";"2.445896"
"260370.0";"2.465374"
"260380.0";"2.40006"
"260390.0";"2.400316"
"260400.0";"2.37869"
"260410.0";"2.371744"
"260420.0";"2.387589"
"260430.0";"2.309548"
"260440.0";"2.243676"
"260450.0";"2.330739"
"260460.0";"2.249938"
"260470.0";"2.306096"
"260480.0";"2.32367"
"260490.0";"2.336151"
"260500.0";"2.272898"
"260510.0";"2.297517"
"260520.0";"2.297002"
"260530.0";"2.292234"
"260540.0";"2.299189"
"260550.0";"2.278608"
"260560.0";"2.338744"
"260570.0";"2.276336"
"260580.0";"2.304136"
"260590.0";"2.269238"
"260600.0";"2.343895"
"260610.0";"2.323206"
"260620.0";"2.290786"
"260630.0";"2.293358"
"260640.0";"2.350694"
"260650.0";"2.275613"
"260660.0";"2.343416"
"260670.0";"2.317563"
"260680.0";"2.38043"
"260690.0";"2.25948"
"260700.0";"2.242869"
"260710.0";"2.350697"
"260720.0";"2.326565"
"260730.0";"2.275318"
"260740.0";"2.304939"
"260750.0";"2.323315"
"260760.0";"2.299343"
"260770.0";"2.339652"
"260780.0";"2.276192"
"260790.0";"2.270211"
"260800.0";"2.295377"
"260810.0";"2.305389"
"260820.0";"2.298739"
"260830.0";"2.310482"
"260840.0";"2.289972"
"260850.0";"2.386277"
"260860.0";"2.393397"
"260870.0";"2.264952"
"260880.0";"2.222521"
"260890.0";"2.271855"
"260900.0";"2.211428"
"260910.0";"2.304015"
"260920.0";"2.304612"
"260930.0";"2.25684"
"260940.0";"2.251578"
"260950.0";"2.279319"
"260960.0";"2.257671"
"260970.0";"2.283318"
"260980.0";"2.321994"
"260990.0";"2.314166"
"261000.0";"2.355115"
"261010.0";"2.397251"
"261020.0";"2.369953"
"261030.0";"2.303963"
"261040.0";"2.282858"
"261050.0";"2.367285"
"261060.0";"2.335738"
"261070.0";"2.336101"
"261080.0";"2.33587"
"261090.0";"2.30612"
"261100.0";"2.344886"
"261110.0";"2.27731"
"261120.0";"2.270257"
"261130.0";"2.281954"
"261140.0";"2.287669"
"261150.0";"2.330701"
"261160.0";"2.322054"
"261170.0";"2.311661"
"261180.0";"2.317767"
"261190.0";"2.330182"
"261200.0";"2.319082"
"261210.0";"2.291347"
"261220.0";"2.360196"
"261230.0";"2.300526"
"261240.0";"2.303676"
"261250.0";"2.374324"
"261260.0";"2.380768"
"261270.0";"2.268111"
"261280.0";"2.308436"
"261290.0";"2.28652"
"261300.0";"2.359661"
"261310.0";"2.282217"
"261320.0";"2.365074"
"261330.0";"2.333728"
"261340.0";"2.246608"
"261350.0";"2.288274"
"261360.0";"2.354731"
"261370.0";"2.310182"
"261380.0";"2.311951"
"261390.0";"2.328555"
"261400.0";"2.314422"
"261410.0";"2.360309"
"261420.0";"2.265386"
"261430.0";"2.379352"
"261440.0";"2.322172"
"261450.0";"2.325583"
"261460.0";"2.356639"
"261470.0";"2.289409"
"261480.0";"2.369299"
"261490.0";"2.294314"
"261500.0";"2.337874"
"261510.0";"2.25764"
"261520.0";"2.364481"
"261530.0";"2.314405"
"261540.0";"2.340682"
"261550.0";"2.294809"
"261560.0";"2.303474"
"261570.0";"2.335974"
"261580.0";"2.374337"
"261590.0";"2.34531"
"261600.0";"2.336288"
"261610.0";"2.326514"
"261620.0";"2.313635"
"261630.0";"2.34791"
"261640.0";"2.346997"
"261650.0";"2.382357"
"261660.0";"2.284024"
"261670.0";"2.388148"
"261680.0";"2.317529"
"261690.0";"2.340065"
"261700.0";"2.300179"
"261710.0";"2.331984"
"261720.0";"2.359858"
"261730.0";"2.399839"
"261740.0";"2.294847"
"261750.0";"2.361458"
"261760.0";"2.396562"
"261770.0";"2.283594"
"261780.0";"2.336793"
"261790.0";"2.330229"
"261800.0";"2.370128"
"261810.0";"2.380743"
"261820.0";"2.303461"
"261830.0";"2.303305"
"261840.0";"2.367996"
"261850.0";"2.340758"
"261860.0";"2.384396"
"261870.0";"2.457202"
"261880.0";"2.420298"
"261890.0";"2.411047"
"261900.0";"2.400268"
"261910.0";"2.295907"
"261920.0";"2.379778"
"261930.0";"2.472474"
"261940.0";"2.3564"
"261950.0";"2.468117"
"261960.0";"2.425819"
"261970.0";"2.378554"
"261980.0";"2.366669"
"261990.0";"2.353272"
"262000.0";"2.353114"
"262010.0";"2.323513"
"262020.0";"2.32361"
"262030.0";"2.324392"
"262040.0";"2.350924"
"262050.0";"2.294461"
"262060.0";"2.314278"
"262070.0";"2.431261"
"262080.0";"2.374579"
"262090.0";"2.414173"
"262100.0";"2.405622"
"262110.0";"2.342712"
"262120.0";"2.370129"
"262130.0";"2.421795"
"262140.0";"2.443278"
"262150.0";"2.342222"
"262160.0";"2.346699"
"262170.0";"2.335212"
"262180.0";"2.341657"
"262190.0";"2.291533"
"262200.0";"2.363554"
"262210.0";"2.296469"
"262220.0";"2.397211"
"262230.0";"2.290176"
"262240.0";"2.331159"
"262250.0";"2.401321"
"262260.0";"2.29513"
"262270.0";"2.327301"
"262280.0";"2.36073"
"262290.0";"2.347446"
"262300.0";"2.352151"
"262310.0";"2.364727"
"262320.0";"2.387957"
"262330.0";"2.446165"
"262340.0";"2.403513"
"262350.0";"2.400858"
"262360.0";"2.407699"
"262370.0";"2.322596"
"262380.0";"2.279812"
"262390.0";"2.328793"
"262400.0";"2.299902"
"262410.0";"2.348409"
"262420.0";"2.305682"
"262430.0";"2.363893"
"262440.0";"2.33672"
"262450.0";"2.353101"
"262460.0";"2.34924"
"262470.0";"2.348825"
"262480.0";"2.412745"
"262490.0";"2.194155"
"262500.0";"2.325221"
"262510.0";"2.399279"
"262520.0";"2.343004"
"262530.0";"2.385334"
"262540.0";"2.336066"
"262550.0";"2.477196"
"262560.0";"2.438511"
"262570.0";"2.421851"
"262580.0";"2.401891"
"262590.0";"2.428658"
"262600.0";"2.379314"
"262610.0";"2.426051"
"262620.0";"2.378379"
"262630.0";"2.393795"
"262640.0";"2.335665"
"262650.0";"2.332826"
"262660.0";"2.331666"
"262670.0";"2.379198"
"262680.0";"2.385455"
"262690.0";"2.337899"
"262700.0";"2.383391"
"262710.0";"2.359354"
"262720.0";"2.300605"
"262730.0";"2.40395"
"262740.0";"2.336784"
"262750.0";"2.390254"
"262760.0";"2.346982"
"262770.0";"2.404842"
"262780.0";"2.366311"
"262790.0";"2.439126"
"262800.0";"2.375611"
"262810.0";"2.39932"
"262820.0";"2.38304"
"262830.0";"2.540111"
"262840.0";"2.561691"
"262850.0";"2.472225"
"262860.0";"2.422126"
"262870.0";"2.375021"
"262880.0";"2.354671"
"262890.0";"2.294629"
"262900.0";"2.297493"
"262910.0";"2.303029"
"262920.0";"2.35318"
"262930.0";"2.374868"
"262940.0";"2.453827"
"262950.0";"2.435601"
"262960.0";"2.341547"
"262970.0";"2.385337"
"262980.0";"2.376281"
"262990.0";"2.427391"
"263000.0";"2.397597"
"263010.0";"2.395253"
"263020.0";"2.302456"
"263030.0";"2.254931"
"263040.0";"2.359663"
"263050.0";"2.307637"
"263060.0";"2.392638"
"263070.0";"2.325351"
"263080.0";"2.365453"
"263090.0";"2.383395"
"263100.0";"2.302225"
"263110.0";"2.333969"
"263120.0";"2.347415"
"263130.0";"2.42949"
"263140.0";"2.336938"
"263150.0";"2.321562"
"263160.0";"2.338975"
"263170.0";"2.259078"
"263180.0";"2.273341"
"263190.0";"2.253387"
"263200.0";"2.296827"
"263210.0";"2.270536"
"263220.0";"2.326668"
"263230.0";"2.293202"
"263240.0";"2.36811"
"263250.0";"2.272288"
"263260.0";"2.328056"
"263270.0";"2.328731"
"263280.0";"2.220987"
"263290.0";"2.270846"
"263300.0";"2.229838"
"263310.0";"2.266001"
"263320.0";"2.323763"
"263330.0";"2.295451"
"263340.0";"2.191814"
"263350.0";"2.172768"
"263360.0";"2.286784"
"263370.0";"2.339037"
"263380.0";"2.307444"
"263390.0";"2.20985"
"263400.0";"2.30424"
"263410.0";"2.273525"
"263420.0";"2.271162"
"263430.0";"2.357725"
"263440.0";"2.383419"
"263450.0";"2.375314"
"263460.0";"2.302442"
"263470.0";"2.332964"
"263480.0";"2.401577"
"263490.0";"2.348168"
"263500.0";"2.301073"
"263510.0";"2.348917"
"263520.0";"2.458654"
"263530.0";"2.265478"
"263540.0";"2.322095"
"263550.0";"2.329832"
"263560.0";"2.349895"
"263570.0";"2.307448"
"263580.0";"2.338237"
"263590.0";"2.29202"
"263600.0";"2.306956"
"263610.0";"2.363067"
"263620.0";"2.351862"
"263630.0";"2.374873"
"263640.0";"2.297299"
"263650.0";"2.284931"
"263660.0";"2.288053"
"263670.0";"2.303538"
"263680.0";"2.314302"
"263690.0";"2.256362"
"263700.0";"2.252283"
"263710.0";"2.262848"
"263720.0";"2.219504"
"263730.0";"2.236635"
"263740.0";"2.269931"
"263750.0";"2.263518"
"263760.0";"2.29178"
"263770.0";"2.316281"
"263780.0";"2.291133"
"263790.0";"2.24121"
"263800.0";"2.336632"
"263810.0";"2.276024"
"263820.0";"2.279118"
"263830.0";"2.240258"
"263840.0";"2.354783"
"263850.0";"2.272205"
"263860.0";"2.346475"
"263870.0";"2.305552"
"263880.0";"2.320682"
"263890.0";"2.338845"
"263900.0";"2.309233"
"263910.0";"2.262847"
"263920.0";"2.29173"
"263930.0";"2.266721"
"263940.0";"2.306056"
"263950.0";"2.347418"
"263960.0";"2.365815"
"263970.0";"2.315399"
"263980.0";"2.249781"
"263990.0";"2.357219"
"264000.0";"2.322473"
"264010.0";"2.385716"
"264020.0";"2.270367"
"264030.0";"2.282914"
"264040.0";"2.301259"
"264050.0";"2.339019"
"264060.0";"2.335274"
"264070.0";"2.285697"
"264080.0";"2.271684"
"264090.0";"2.238436"
"264100.0";"2.200468"
"264110.0";"2.380666"
"264120.0";"2.360801"
"264130.0";"2.309469"
"264140.0";"2.317849"
"264150.0";"2.295654"
"264160.0";"2.371825"
"264170.0";"2.255324"
"264180.0";"2.388685"
"264190.0";"2.2828"
"264200.0";"2.306497"
"264210.0";"2.298284"
"264220.0";"2.282009"
"264230.0";"2.326121"
"264240.0";"2.240164"
"264250.0";"2.285382"
"264260.0";"2.304011"
"264270.0";"2.378146"
"264280.0";"2.278855"
"264290.0";"2.322255"
"264300.0";"2.296564"
"264310.0";"2.235425"
"264320.0";"2.369287"
"264330.0";"2.315298"
"264340.0";"2.330893"
"264350.0";"2.293833"
"264360.0";"2.385402"
"264370.0";"2.325636"
"264380.0";"2.378666"
"264390.0";"2.310925"
"264400.0";"2.283537"
"264410.0";"2.353223"
"264420.0";"2.394464"
"264430.0";"2.362229"
"264440.0";"2.312274"
"264450.0";"2.423731"
"264460.0";"2.359837"
"264470.0";"2.323558"
"264480.0";"2.326387"
"264490.0";"2.312081"
"264500.0";"2.345041"
"264510.0";"2.306518"
"264520.0";"2.338445"
"264530.0";"2.357129"
"264540.0";"2.350212"
"264550.0";"2.314168"
"264560.0";"2.386896"
"264570.0";"2.316623"
"264580.0";"2.359942"
"264590.0";"2.339972"
"264600.0";"2.312685"
"264610.0";"2.2985"
"264620.0";"2.290725"
"264630.0";"2.298155"
"264640.0";"2.240772"
"264650.0";"2.270923"
"264660.0";"2.329659"
"264670.0";"2.257961"
"264680.0";"2.292026"
"264690.0";"2.309758"
"264700.0";"2.32377"
"264710.0";"2.353863"
"264720.0";"2.303513"
"264730.0";"2.340291"
"264740.0";"2.279938"
"264750.0";"2.31146"
"264760.0";"2.242624"
"264770.0";"2.282673"
"264780.0";"2.267953"
"264790.0";"2.23827"
"264800.0";"2.345709"
"264810.0";"2.288172"
"264820.0";"2.263686"
"264830.0";"2.278716"
"264840.0";"2.296278"
"264850.0";"2.336823"
"264860.0";"2.381566"
"264870.0";"2.287227"
"264880.0";"2.31781"
"264890.0";"2.315729"
"264900.0";"2.415646"
"264910.0";"2.355065"
"264920.0";"2.380961"
"264930.0";"2.332304"
"264940.0";"2.387615"
"264950.0";"2.369369"
"264960.0";"2.393326"
"264970.0";"2.397904"
"264980.0";"2.313213"
"264990.0";"2.282181"
"265000.0";"2.343788"
"265010.0";"2.286875"
"265020.0";"2.325022"
"265030.0";"2.373513"
"265040.0";"2.379601"
"265050.0";"2.455274"
"265060.0";"2.378755"
"265070.0";"2.402156"
"265080.0";"2.408419"
"265090.0";"2.321381"
"265100.0";"2.308866"
"265110.0";"2.387054"
"265120.0";"2.275133"
"265130.0";"2.295047"
"265140.0";"2.333914"
"265150.0";"2.262166"
"265160.0";"2.23268"
"265170.0";"2.286987"
"265180.0";"2.315965"
"265190.0";"2.310701"
"265200.0";"2.322834"
"265210.0";"2.228702"
"265220.0";"2.295326"
"265230.0";"2.34529"
"265240.0";"2.302812"
"265250.0";"2.293021"
"265260.0";"2.325129"
"265270.0";"2.252249"
"265280.0";"2.267532"
"265290.0";"2.33002"
"265300.0";"2.302694"
"265310.0";"2.320278"
"265320.0";"2.376947"
"265330.0";"2.252245"
"265340.0";"2.297157"
"265350.0";"2.320457"
"265360.0";"2.238079"
"265370.0";"2.336981"
"265380.0";"2.334183"
"265390.0";"2.352776"
"265400.0";"2.350811"
"265410.0";"2.276718"
"265420.0";"2.269355"
"265430.0";"2.391041"
"265440.0";"2.232958"
"265450.0";"2.304784"
"265460.0";"2.295453"
"265470.0";"2.304026"
"265480.0";"2.286536"
"265490.0";"2.359469"
"265500.0";"2.286746"
"265510.0";"2.284374"
"265520.0";"2.345766"
"265530.0";"2.306347"
"265540.0";"2.2641"
"265550.0";"2.327572"
"265560.0";"2.4089"
"265570.0";"2.292076"
"265580.0";"2.297063"
"265590.0";"2.332893"
"265600.0";"2.343423"
"265610.0";"2.267708"
"265620.0";"2.341068"
"265630.0";"2.308593"
"265640.0";"2.3082"
"265650.0";"2.280103"
"265660.0";"2.382535"
"265670.0";"2.367042"
"265680.0";"2.345776"
"265690.0";"2.289253"
"265700.0";"2.337569"
"265710.0";"2.284389"
"265720.0";"2.372059"
"265730.0";"2.408515"
"265740.0";"2.395692"
"265750.0";"2.373106"
"265760.0";"2.240699"
"265770.0";"2.394116"
"265780.0";"2.397284"
"265790.0";"2.309326"
"265800.0";"2.207224"
"265810.0";"2.274563"
"265820.0";"2.251587"
"265830.0";"2.326519"
"265840.0";"2.291965"
"265850.0";"2.367884"
"265860.0";"2.23705"
"265870.0";"2.257529"
"265880.0";"2.309075"
"265890.0";"2.292969"
"265900.0";"2.288782"
"265910.0";"2.405213"
"265920.0";"2.361086"
"265930.0";"2.307657"
"265940.0";"2.372486"
"265950.0";"2.282159"
"265960.0";"2.371487"
"265970.0";"2.297735"
"265980.0";"2.286548"
"265990.0";"2.284214"
"266000.0";"2.274998"
"266010.0";"2.224874"
"266020.0";"2.239631"
"266030.0";"2.277174"
"266040.0";"2.264601"
"266050.0";"2.420174"
"266060.0";"2.217474"
"266070.0";"2.242169"
"266080.0";"2.281645"
"266090.0";"2.311236"
"266100.0";"2.286114"
"266110.0";"2.279855"
"266120.0";"2.207957"
"266130.0";"2.271356"
"266140.0";"2.304555"
"266150.0";"2.29063"
"266160.0";"2.288888"
"266170.0";"2.313193"
"266180.0";"2.380407"
"266190.0";"2.273438"
"266200.0";"2.355962"
"266210.0";"2.332189"
"266220.0";"2.439705"
"266230.0";"2.300269"
"266240.0";"2.37846"
"266250.0";"2.306185"
"266260.0";"2.256752"
"266270.0";"2.381493"
"266280.0";"2.3759"
"266290.0";"2.335987"
"266300.0";"2.248779"
"266310.0";"2.319874"
"266320.0";"2.303697"
"266330.0";"2.333981"
"266340.0";"2.396603"
"266350.0";"2.321795"
"266360.0";"2.377975"
"266370.0";"2.310795"
"266380.0";"2.334419"
"266390.0";"2.311461"
"266400.0";"2.33054"
"266410.0";"2.359459"
"266420.0";"2.307019"
"266430.0";"2.363584"
"266440.0";"2.287232"
"266450.0";"2.337595"
"266460.0";"2.264706"
"266470.0";"2.305063"
"266480.0";"2.338373"
"266490.0";"2.334954"
"266500.0";"2.314447"
"266510.0";"2.360255"
"266520.0";"2.352884"
"266530.0";"2.292102"
"266540.0";"2.337991"
"266550.0";"2.295713"
"266560.0";"2.264686"
"266570.0";"2.375736"
"266580.0";"2.313027"
"266590.0";"2.338105"
"266600.0";"2.327338"
"266610.0";"2.287469"
"266620.0";"2.289842"
"266630.0";"2.391239"
"266640.0";"2.29535"
"266650.0";"2.33479"
"266660.0";"2.28709"
"266670.0";"2.342207"
"266680.0";"2.280675"
"266690.0";"2.344583"
"266700.0";"2.237954"
"266710.0";"2.255682"
"266720.0";"2.325058"
"266730.0";"2.294858"
"266740.0";"2.395892"
"266750.0";"2.389096"
"266760.0";"2.379439"
"266770.0";"2.378899"
"266780.0";"2.336688"
"266790.0";"2.310643"
"266800.0";"2.342513"
"266810.0";"2.265033"
"266820.0";"2.315565"
"266830.0";"2.307888"
"266840.0";"2.345341"
"266850.0";"2.233799"
"266860.0";"2.244624"
"266870.0";"2.317644"
"266880.0";"2.302616"
"266890.0";"2.302727"
"266900.0";"2.313048"
"266910.0";"2.229251"
"266920.0";"2.219908"
"266930.0";"2.293483"
"266940.0";"2.248643"
"266950.0";"2.25369"
"266960.0";"2.318581"
"266970.0";"2.229239"
"266980.0";"2.286177"
"266990.0";"2.298579"
"267000.0";"2.349838"
"267010.0";"2.224128"
"267020.0";"2.301208"
"267030.0";"2.370737"
"267040.0";"2.353903"
"267050.0";"2.278583"
"267060.0";"2.310391"
"267070.0";"2.303727"
"267080.0";"2.260203"
"267090.0";"2.251761"
"267100.0";"2.348149"
"267110.0";"2.296619"
"267120.0";"2.28804"
"267130.0";"2.285998"
"267140.0";"2.23305"
"267150.0";"2.343206"
"267160.0";"2.247103"
"267170.0";"2.246312"
"267180.0";"2.316437"
"267190.0";"2.335302"
"267200.0";"2.281349"
"267210.0";"2.302459"
"267220.0";"2.231168"
"267230.0";"2.296669"
"267240.0";"2.317128"
"267250.0";"2.258652"
"267260.0";"2.306074"
"267270.0";"2.372611"
"267280.0";"2.253285"
"267290.0";"2.323484"
"267300.0";"2.323838"
"267310.0";"2.288454"
"267320.0";"2.359162"
"267330.0";"2.336478"
"267340.0";"2.27206"
"267350.0";"2.38782"
"267360.0";"2.311244"
"267370.0";"2.250227"
"267380.0";"2.351854"
"267390.0";"2.301867"
"267400.0";"2.354047"
"267410.0";"2.263469"
"267420.0";"2.251818"
"267430.0";"2.310046"
"267440.0";"2.208815"
"267450.0";"2.226175"
"267460.0";"2.265736"
"267470.0";"2.299254"
"267480.0";"2.275768"
"267490.0";"2.35628"
"267500.0";"2.317336"
"267510.0";"2.363177"
"267520.0";"2.32058"
"267530.0";"2.36432"
"267540.0";"2.354046"
"267550.0";"2.388696"
"267560.0";"2.360686"
"267570.0";"2.308058"
"267580.0";"2.219389"
"267590.0";"2.348394"
"267600.0";"2.377453"
"267610.0";"2.281023"
"267620.0";"2.296024"
"267630.0";"2.277824"
"267640.0";"2.26456"
"267650.0";"2.370652"
"267660.0";"2.434309"
"267670.0";"2.265148"
"267680.0";"2.337416"
"267690.0";"2.21739"
"267700.0";"2.338557"
"267710.0";"2.269636"
"267720.0";"2.280762"
"267730.0";"2.239314"
"267740.0";"2.331888"
"267750.0";"2.268362"
"267760.0";"2.23682"
"267770.0";"2.288114"
"267780.0";"2.308959"
"267790.0";"2.339953"
"267800.0";"2.281857"
"267810.0";"2.311646"
"267820.0";"2.225918"
"267830.0";"2.227098"
"267840.0";"2.264116"
"267850.0";"2.276395"
"267860.0";"2.280489"
"267870.0";"2.255259"
"267880.0";"2.284533"
"267890.0";"2.351415"
"267900.0";"2.379839"
"267910.0";"2.293682"
"267920.0";"2.328607"
"267930.0";"2.370439"
"267940.0";"2.214094"
"267950.0";"2.307382"
"267960.0";"2.255812"
"267970.0";"2.252509"
"267980.0";"2.29724"
"267990.0";"2.310913"
"268000.0";"2.279143"
"268010.0";"2.315359"
"268020.0";"2.225392"
"268030.0";"2.308705"
"268040.0";"2.180725"
"268050.0";"2.306692"
"268060.0";"2.32922"
"268070.0";"2.270495"
"268080.0";"2.315972"
"268090.0";"2.302976"
"268100.0";"2.344137"
"268110.0";"2.365489"
"268120.0";"2.440798"
"268130.0";"2.31598"
"268140.0";"2.30021"
"268150.0";"2.36613"
"268160.0";"2.371038"
"268170.0";"2.375798"
"268180.0";"2.429142"
"268190.0";"2.357028"
"268200.0";"2.393701"
"268210.0";"2.311695"
"268220.0";"2.326631"
"268230.0";"2.290912"
"268240.0";"2.346698"
"268250.0";"2.344879"
"268260.0";"2.284185"
"268270.0";"2.305051"
"268280.0";"2.375988"
"268290.0";"2.340065"
"268300.0";"2.23335"
"268310.0";"2.333117"
"268320.0";"2.323835"
"268330.0";"2.294389"
"268340.0";"2.378249"
"268350.0";"2.22092"
"268360.0";"2.32981"
"268370.0";"2.344171"
"268380.0";"2.299577"
"268390.0";"2.378763"
"268400.0";"2.355975"
"268410.0";"2.262343"
"268420.0";"2.24967"
"268430.0";"2.307122"
"268440.0";"2.35562"
"268450.0";"2.316075"
"268460.0";"2.318784"
"268470.0";"2.264699"
"268480.0";"2.299812"
"268490.0";"2.332825"
"268500.0";"2.347132"
"268510.0";"2.28783"
"268520.0";"2.343434"
"268530.0";"2.36344"
"268540.0";"2.330513"
"268550.0";"2.232816"
"268560.0";"2.230473"
"268570.0";"2.319493"
"268580.0";"2.348085"
"268590.0";"2.284974"
"268600.0";"2.273426"
"268610.0";"2.36252"
"268620.0";"2.332305"
"268630.0";"2.300774"
"268640.0";"2.282168"
"268650.0";"2.249502"
"268660.0";"2.278549"
"268670.0";"2.382606"
"268680.0";"2.388247"
"268690.0";"2.305414"
"268700.0";"2.322258"
"268710.0";"2.348397"
"268720.0";"2.346916"
"268730.0";"2.2924"
"268740.0";"2.33496"
"268750.0";"2.348989"
"268760.0";"2.259427"
"268770.0";"2.314403"
"268780.0";"2.317499"
"268790.0";"2.304529"
"268800.0";"2.336149"
"268810.0";"2.328501"
"268820.0";"2.344465"
"268830.0";"2.29964"
"268840.0";"2.301769"
"268850.0";"2.305039"
"268860.0";"2.363586"
"268870.0";"2.378026"
"268880.0";"2.235271"
"268890.0";"2.290299"
"268900.0";"2.309821"
"268910.0";"2.297074"
"268920.0";"2.344656"
"268930.0";"2.350473"
"268940.0";"2.360517"
"268950.0";"2.32432"
"268960.0";"2.368631"
"268970.0";"2.350529"
"268980.0";"2.32435"
"268990.0";"2.368759"
"269000.0";"2.331937"
"269010.0";"2.301636"
"269020.0";"2.379143"
"269030.0";"2.260073"
"269040.0";"2.243812"
"269050.0";"2.339372"
"269060.0";"2.375582"
"269070.0";"2.321276"
"269080.0";"2.352804"
"269090.0";"2.404837"
"269100.0";"2.250842"
"269110.0";"2.313828"
"269120.0";"2.301905"
"269130.0";"2.270955"
"269140.0";"2.352766"
"269150.0";"2.346603"
"269160.0";"2.276836"
"269170.0";"2.314238"
"269180.0";"2.30683"
"269190.0";"2.261895"
"269200.0";"2.269393"
"269210.0";"2.26798"
"269220.0";"2.347706"
"269230.0";"2.262375"
"269240.0";"2.275021"
"269250.0";"2.369618"
"269260.0";"2.360638"
"269270.0";"2.304726"
"269280.0";"2.240222"
"269290.0";"2.33353"
"269300.0";"2.347792"
"269310.0";"2.359822"
"269320.0";"2.331912"
"269330.0";"2.316599"
"269340.0";"2.27049"
"269350.0";"2.301468"
"269360.0";"2.276575"
"269370.0";"2.312379"
"269380.0";"2.193886"
"269390.0";"2.31152"
"269400.0";"2.292664"
"269410.0";"2.289376"
"269420.0";"2.250385"
"269430.0";"2.238705"
"269440.0";"2.286816"
"269450.0";"2.377763"
"269460.0";"2.285135"
"269470.0";"2.275752"
"269480.0";"2.346916"
"269490.0";"2.317991"
"269500.0";"2.319404"
"269510.0";"2.363458"
"269520.0";"2.326544"
"269530.0";"2.282226"
"269540.0";"2.29435"
"269550.0";"2.309373"
"269560.0";"2.388633"
"269570.0";"2.374683"
"269580.0";"2.281657"
"269590.0";"2.363508"
"269600.0";"2.363566"
"269610.0";"2.246523"
"269620.0";"2.258251"
"269630.0";"2.327387"
"269640.0";"2.337711"
"269650.0";"2.250317"
"269660.0";"2.228944"
"269670.0";"2.27335"
"269680.0";"2.34025"
"269690.0";"2.4075"
"269700.0";"2.250155"
"269710.0";"2.361685"
"269720.0";"2.380456"
"269730.0";"2.356598"
"269740.0";"2.301875"
"269750.0";"2.291692"
"269760.0";"2.266858"
"269770.0";"2.313661"
"269780.0";"2.348335"
"269790.0";"2.304697"
"269800.0";"2.321623"
"269810.0";"2.247603"
"269820.0";"2.314994"
"269830.0";"2.314506"
"269840.0";"2.288037"
"269850.0";"2.3383"
"269860.0";"2.284048"
"269870.0";"2.356599"
"269880.0";"2.247477"
"269890.0";"2.320003"
"269900.0";"2.359659"
"269910.0";"2.290556"
"269920.0";"2.365458"
"269930.0";"2.321618"
"269940.0";"2.268294"
"269950.0";"2.317379"
"269960.0";"2.308127"
"269970.0";"2.351056"
"269980.0";"2.339224"
"269990.0";"2.413777"
"270000.0";"2.324213"
"270010.0";"2.283461"
"270020.0";"2.325655"
"270030.0";"2.421145"
"270040.0";"2.412122"
"270050.0";"2.370056"
"270060.0";"2.36329"
"270070.0";"2.362196"
"270080.0";"2.350233"
"270090.0";"2.316921"
"270100.0";"2.34468"
"270110.0";"2.357248"
"270120.0";"2.404258"
"270130.0";"2.328437"
"270140.0";"2.307616"
"270150.0";"2.339522"
"270160.0";"2.344091"
"270170.0";"2.312582"
"270180.0";"2.338973"
"270190.0";"2.364274"
"270200.0";"2.334209"
"270210.0";"2.390604"
"270220.0";"2.455686"
"270230.0";"2.424078"
"270240.0";"2.377163"
"270250.0";"2.282421"
"270260.0";"2.419825"
"270270.0";"2.287143"
"270280.0";"2.371459"
"270290.0";"2.259577"
"270300.0";"2.311081"
"270310.0";"2.315856"
"270320.0";"2.261032"
"270330.0";"2.329879"
"270340.0";"2.26719"
"270350.0";"2.374432"
"270360.0";"2.374619"
"270370.0";"2.297922"
"270380.0";"2.345814"
"270390.0";"2.376158"
"270400.0";"2.410175"
"270410.0";"2.400689"
"270420.0";"2.325942"
"270430.0";"2.345121"
"270440.0";"2.35791"
"270450.0";"2.314442"
"270460.0";"2.379317"
"270470.0";"2.331966"
"270480.0";"2.265803"
"270490.0";"2.357815"
"270500.0";"2.368573"
"270510.0";"2.325226"
"270520.0";"2.261232"
"270530.0";"2.342227"
"270540.0";"2.364675"
"270550.0";"2.306956"
"270560.0";"2.292748"
"270570.0";"2.427096"
"270580.0";"2.351199"
"270590.0";"2.325345"
"270600.0";"2.376152"
"270610.0";"2.402703"
"270620.0";"2.359195"
"270630.0";"2.248924"
"270640.0";"2.280734"
"270650.0";"2.354743"
"270660.0";"2.369034"
"270670.0";"2.314535"
"270680.0";"2.418099"
"270690.0";"2.274769"
"270700.0";"2.294978"
"270710.0";"2.367286"
"270720.0";"2.227397"
"270730.0";"2.25045"
"270740.0";"2.275028"
"270750.0";"2.309371"
"270760.0";"2.349013"
"270770.0";"2.39295"
"270780.0";"2.331202"
"270790.0";"2.29583"
"270800.0";"2.356919"
"270810.0";"2.364573"
"270820.0";"2.337787"
"270830.0";"2.330451"
"270840.0";"2.348823"
"270850.0";"2.267945"
"270860.0";"2.291282"
"270870.0";"2.382949"
"270880.0";"2.307316"
"270890.0";"2.378348"
"270900.0";"2.294667"
"270910.0";"2.211808"
"270920.0";"2.293855"
"270930.0";"2.268766"
"270940.0";"2.34588"
"270950.0";"2.294015"
"270960.0";"2.271529"
"270970.0";"2.318059"
"270980.0";"2.309877"
"270990.0";"2.402642"
"271000.0";"2.301411"
"271010.0";"2.267255"
"271020.0";"2.267367"
"271030.0";"2.32588"
"271040.0";"2.365879"
"271050.0";"2.369723"
"271060.0";"2.376822"
"271070.0";"2.360277"
"271080.0";"2.464462"
"271090.0";"2.3687"
"271100.0";"2.424773"
"271110.0";"2.37418"
"271120.0";"2.428469"
"271130.0";"2.356877"
"271140.0";"2.329184"
"271150.0";"2.328132"
"271160.0";"2.337833"
"271170.0";"2.263059"
"271180.0";"2.358488"
"271190.0";"2.428062"
"271200.0";"2.29039"
"271210.0";"2.35804"
"271220.0";"2.372091"
"271230.0";"2.275001"
"271240.0";"2.336197"
"271250.0";"2.303427"
"271260.0";"2.230302"
"271270.0";"2.366329"
"271280.0";"2.344908"
"271290.0";"2.293219"
"271300.0";"2.272743"
"271310.0";"2.250934"
"271320.0";"2.337932"
"271330.0";"2.301347"
"271340.0";"2.342415"
"271350.0";"2.393104"
"271360.0";"2.337949"
"271370.0";"2.363394"
"271380.0";"2.335085"
"271390.0";"2.313432"
"271400.0";"2.27064"
"271410.0";"2.332934"
"271420.0";"2.359319"
"271430.0";"2.319537"
"271440.0";"2.250286"
"271450.0";"2.322601"
"271460.0";"2.307461"
"271470.0";"2.36864"
"271480.0";"2.296612"
"271490.0";"2.203788"
"271500.0";"2.330422"
"271510.0";"2.323803"
"271520.0";"2.333809"
"271530.0";"2.340325"
"271540.0";"2.323365"
"271550.0";"2.307914"
"271560.0";"2.270302"
"271570.0";"2.280777"
"271580.0";"2.264843"
"271590.0";"2.294857"
"271600.0";"2.342309"
"271610.0";"2.397124"
"271620.0";"2.306307"
"271630.0";"2.334397"
"271640.0";"2.375907"
"271650.0";"2.323987"
"271660.0";"2.207798"
"271670.0";"2.275973"
"271680.0";"2.317575"
"271690.0";"2.290289"
"271700.0";"2.357007"
"271710.0";"2.287299"
"271720.0";"2.301305"
"271730.0";"2.40725"
"271740.0";"2.313152"
"271750.0";"2.33294"
"271760.0";"2.263883"
"271770.0";"2.225223"
"271780.0";"2.263258"
"271790.0";"2.332648"
"271800.0";"2.311281"
"271810.0";"2.292529"
"271820.0";"2.321518"
"271830.0";"2.331488"
"271840.0";"2.273925"
"271850.0";"2.261286"
"271860.0";"2.242199"
"271870.0";"2.30642"
"271880.0";"2.276405"
"271890.0";"2.286138"
"271900.0";"2.34051"
"271910.0";"2.290874"
"271920.0";"2.279257"
"271930.0";"2.383627"
"271940.0";"2.275615"
"271950.0";"2.269815"
"271960.0";"2.308521"
"271970.0";"2.315649"
"271980.0";"2.352343"
"271990.0";"2.26363"
"272000.0";"2.291503"
"272010.0";"2.278938"
"272020.0";"2.291936"
"272030.0";"2.364238"
"272040.0";"2.24014"
"272050.0";"2.246125"
"272060.0";"2.264099"
"272070.0";"2.251564"
"272080.0";"2.27324"
"272090.0";"2.27532"
"272100.0";"2.343605"
"272110.0";"2.282613"
"272120.0";"2.265407"
"272130.0";"2.295401"
"272140.0";"2.304304"
"272150.0";"2.316797"
"272160.0";"2.274048"
"272170.0";"2.24657"
"272180.0";"2.352155"
"272190.0";"2.253866"
"272200.0";"2.354943"
"272210.0";"2.315225"
"272220.0";"2.277464"
"272230.0";"2.324214"
"272240.0";"2.247652"
"272250.0";"2.215053"
"272260.0";"2.320132"
"272270.0";"2.246131"
"272280.0";"2.227507"
"272290.0";"2.250332"
"272300.0";"2.225333"
"272310.0";"2.335435"
"272320.0";"2.378871"
"272330.0";"2.231623"
"272340.0";"2.184159"
"272350.0";"2.253577"
"272360.0";"2.355887"
"272370.0";"2.302336"
"272380.0";"2.261891"
"272390.0";"2.299036"
"272400.0";"2.253021"
"272410.0";"2.250145"
"272420.0";"2.276859"
"272430.0";"2.325032"
"272440.0";"2.356748"
"272450.0";"2.294831"
"272460.0";"2.332237"
"272470.0";"2.286292"
"272480.0";"2.264315"
"272490.0";"2.299226"
"272500.0";"2.248981"
"272510.0";"2.309311"
"272520.0";"2.289321"
"272530.0";"2.312337"
"272540.0";"2.337341"
"272550.0";"2.280698"
"272560.0";"2.313083"
"272570.0";"2.292235"
"272580.0";"2.284031"
"272590.0";"2.300078"
"272600.0";"2.298944"
"272610.0";"2.267057"
"272620.0";"2.294732"
"272630.0";"2.268404"
"272640.0";"2.249975"
"272650.0";"2.262018"
"272660.0";"2.30406"
"272670.0";"2.248245"
"272680.0";"2.306204"
"272690.0";"2.32448"
"272700.0";"2.222811"
"272710.0";"2.238805"
"272720.0";"2.237087"
"272730.0";"2.265751"
"272740.0";"2.332754"
"272750.0";"2.2336"
"272760.0";"2.23433"
"272770.0";"2.241699"
"272780.0";"2.280479"
"272790.0";"2.282547"
"272800.0";"2.322332"
"272810.0";"2.300788"
"272820.0";"2.311024"
"272830.0";"2.311668"
"272840.0";"2.363166"
"272850.0";"2.22813"
"272860.0";"2.366018"
"272870.0";"2.24351"
"272880.0";"2.230592"
"272890.0";"2.281279"
"272900.0";"2.340385"
"272910.0";"2.273325"
"272920.0";"2.272796"
"272930.0";"2.273685"
"272940.0";"2.317229"
"272950.0";"2.242991"
"272960.0";"2.355096"
"272970.0";"2.296578"
"272980.0";"2.29294"
"272990.0";"2.337742"
"273000.0";"2.376419"
"273010.0";"2.209123"
"273020.0";"2.354629"
"273030.0";"2.296187"
"273040.0";"2.249868"
"273050.0";"2.362491"
"273060.0";"2.297987"
"273070.0";"2.256605"
"273080.0";"2.272793"
"273090.0";"2.34693"
"273100.0";"2.324422"
"273110.0";"2.240581"
"273120.0";"2.349864"
"273130.0";"2.260279"
"273140.0";"2.318426"
"273150.0";"2.289491"
"273160.0";"2.233217"
"273170.0";"2.347549"
"273180.0";"2.2802"
"273190.0";"2.274522"
"273200.0";"2.319326"
"273210.0";"2.350337"
"273220.0";"2.258471"
"273230.0";"2.220056"
"273240.0";"2.310069"
"273250.0";"2.271172"
"273260.0";"2.362608"
"273270.0";"2.293659"
"273280.0";"2.268852"
"273290.0";"2.328761"
"273300.0";"2.303881"
"273310.0";"2.311897"
"273320.0";"2.295486"
"273330.0";"2.269056"
"273340.0";"2.331439"
"273350.0";"2.321752"
"273360.0";"2.315732"
"273370.0";"2.250161"
"273380.0";"2.245915"
"273390.0";"2.342155"
"273400.0";"2.338375"
"273410.0";"2.378459"
"273420.0";"2.297315"
"273430.0";"2.292308"
"273440.0";"2.183919"
"273450.0";"2.348365"
"273460.0";"2.267584"
"273470.0";"2.265755"
"273480.0";"2.3409"
"273490.0";"2.232341"
"273500.0";"2.266375"
"273510.0";"2.228476"
"273520.0";"2.377185"
"273530.0";"2.325931"
"273540.0";"2.285598"
"273550.0";"2.296593"
"273560.0";"2.24677"
"273570.0";"2.258191"
"273580.0";"2.27851"
"273590.0";"2.288282"
"273600.0";"2.298298"
"273610.0";"2.33481"
"273620.0";"2.257924"
"273630.0";"2.260709"
"273640.0";"2.298113"
"273650.0";"2.236655"
"273660.0";"2.316515"
"273670.0";"2.292639"
"273680.0";"2.221987"
"273690.0";"2.311334"
"273700.0";"2.278732"
"273710.0";"2.261381"
"273720.0";"2.177375"
"273730.0";"2.223714"
"273740.0";"2.266006"
"273750.0";"2.252004"
"273760.0";"2.289767"
"273770.0";"2.290425"
"273780.0";"2.357673"
"273790.0";"2.217499"
"273800.0";"2.252039"
"273810.0";"2.298479"
"273820.0";"2.290215"
"273830.0";"2.255125"
"273840.0";"2.299456"
"273850.0";"2.32174"
"273860.0";"2.349375"
"273870.0";"2.193278"
"273880.0";"2.317832"
"273890.0";"2.201532"
"273900.0";"2.292114"
"273910.0";"2.342896"
"273920.0";"2.32205"
"273930.0";"2.275079"
"273940.0";"2.304769"
"273950.0";"2.316391"
"273960.0";"2.326792"
"273970.0";"2.319271"
"273980.0";"2.308568"
"273990.0";"2.27531"
"274000.0";"2.325557"
"274010.0";"2.297966"
"274020.0";"2.30947"
"274030.0";"2.233899"
"274040.0";"2.301108"
"274050.0";"2.33685"
"274060.0";"2.361479"
"274070.0";"2.342622"
"274080.0";"2.316037"
"274090.0";"2.244885"
"274100.0";"2.256636"
"274110.0";"2.264913"
"274120.0";"2.339242"
"274130.0";"2.342604"
"274140.0";"2.237194"
"274150.0";"2.310266"
"274160.0";"2.292215"
"274170.0";"2.276692"
"274180.0";"2.276856"
"274190.0";"2.304635"
"274200.0";"2.291676"
"274210.0";"2.33189"
"274220.0";"2.227164"
"274230.0";"2.339671"
"274240.0";"2.290885"
"274250.0";"2.336781"
"274260.0";"2.264128"
"274270.0";"2.339378"
"274280.0";"2.316566"
"274290.0";"2.27609"
"274300.0";"2.321618"
"274310.0";"2.246555"
"274320.0";"2.257888"
"274330.0";"2.294267"
"274340.0";"2.273748"
"274350.0";"2.267677"
"274360.0";"2.262666"
"274370.0";"2.251837"
"274380.0";"2.259551"
"274390.0";"2.290291"
"274400.0";"2.250189"
"274410.0";"2.249711"
"274420.0";"2.323157"
"274430.0";"2.361937"
"274440.0";"2.272631"
"274450.0";"2.180108"
"274460.0";"2.354569"
"274470.0";"2.269284"
"274480.0";"2.307374"
"274490.0";"2.225479"
"274500.0";"2.31154"
"274510.0";"2.272824"
"274520.0";"2.297805"
"274530.0";"2.271352"
"274540.0";"2.266551"
"274550.0";"2.296271"
"274560.0";"2.260153"
"274570.0";"2.301278"
"274580.0";"2.280623"
"274590.0";"2.320846"
"274600.0";"2.323361"
"274610.0";"2.201306"
"274620.0";"2.245644"
"274630.0";"2.344219"
"274640.0";"2.262232"
"274650.0";"2.43449"
"274660.0";"2.307959"
"274670.0";"2.385401"
"274680.0";"2.266524"
"274690.0";"2.273685"
"274700.0";"2.208966"
"274710.0";"2.210253"
"274720.0";"2.453475"
"274730.0";"2.298655"
"274740.0";"2.353463"
"274750.0";"2.368653"
"274760.0";"2.294144"
"274770.0";"2.293474"
"274780.0";"2.315187"
"274790.0";"2.325382"
"274800.0";"2.409941"
"274810.0";"2.269865"
"274820.0";"2.311973"
"274830.0";"2.373481"
"274840.0";"2.283281"
"274850.0";"2.29801"
"274860.0";"2.320216"
"274870.0";"2.280777"
"274880.0";"2.326897"
"274890.0";"2.286991"
"274900.0";"2.310161"
"274910.0";"2.303799"
"274920.0";"2.322958"
"274930.0";"2.294511"
"274940.0";"2.308663"
"274950.0";"2.425761"
"274960.0";"2.347638"
"274970.0";"2.256371"
"274980.0";"2.378331"
"274990.0";"2.266337"
"275000.0";"2.25198"
"275010.0";"2.388089"
"275020.0";"2.306707"
"275030.0";"2.254558"
"275040.0";"2.342073"
"275050.0";"2.297966"
"275060.0";"2.268286"
"275070.0";"2.353039"
"275080.0";"2.322217"
"275090.0";"2.3214"
"275100.0";"2.261162"
"275110.0";"2.262677"
"275120.0";"2.309985"
"275130.0";"2.268167"
"275140.0";"2.349204"
"275150.0";"2.28438"
"275160.0";"2.326558"
"275170.0";"2.26498"
"275180.0";"2.27473"
"275190.0";"2.339383"
"275200.0";"2.28447"
"275210.0";"2.333477"
"275220.0";"2.337788"
"275230.0";"2.362241"
"275240.0";"2.348631"
"275250.0";"2.383599"
"275260.0";"2.34312"
"275270.0";"2.351363"
"275280.0";"2.287835"
"275290.0";"2.336648"
"275300.0";"2.313773"
"275310.0";"2.327968"
"275320.0";"2.327661"
"275330.0";"2.282618"
"275340.0";"2.327228"
"275350.0";"2.269689"
"275360.0";"2.257817"
"275370.0";"2.423955"
"275380.0";"2.284664"
"275390.0";"2.35769"
"275400.0";"2.321153"
"275410.0";"2.313079"
"275420.0";"2.340812"
"275430.0";"2.350379"
"275440.0";"2.284813"
"275450.0";"2.38078"
"275460.0";"2.249098"
"275470.0";"2.286368"
"275480.0";"2.43005"
"275490.0";"2.438778"
"275500.0";"2.273129"
"275510.0";"2.306192"
"275520.0";"2.343995"
"275530.0";"2.401406"
"275540.0";"2.252244"
"275550.0";"2.169138"
"275560.0";"2.303802"
"275570.0";"2.2722"
"275580.0";"2.272684"
"275590.0";"2.320198"
"275600.0";"2.328024"
"275610.0";"2.399612"
"275620.0";"2.301211"
"275630.0";"2.294151"
"275640.0";"2.342137"
"275650.0";"2.323105"
"275660.0";"2.333958"
"275670.0";"2.345072"
"275680.0";"2.378577"
"275690.0";"2.265236"
"275700.0";"2.338064"
"275710.0";"2.285736"
"275720.0";"2.298511"
"275730.0";"2.221791"
"275740.0";"2.333806"
"275750.0";"2.302943"
"275760.0";"2.372085"
"275770.0";"2.373713"
"275780.0";"2.290929"
"275790.0";"2.278326"
"275800.0";"2.355414"
"275810.0";"2.340643"
"275820.0";"2.319491"
"275830.0";"2.310077"
"275840.0";"2.204218"
"275850.0";"2.392954"
"275860.0";"2.311952"
"275870.0";"2.27744"
"275880.0";"2.343356"
"275890.0";"2.340176"
"275900.0";"2.365448"
"275910.0";"2.242378"
"275920.0";"2.377061"
"275930.0";"2.259202"
"275940.0";"2.379293"
"275950.0";"2.325978"
"275960.0";"2.283835"
"275970.0";"2.383309"
"275980.0";"2.363618"
"275990.0";"2.292885"
"276000.0";"2.312831"
"276010.0";"2.305859"
"276020.0";"2.340064"
"276030.0";"2.380573"
"276040.0";"2.30321"
"276050.0";"2.329335"
"276060.0";"2.337964"
"276070.0";"2.3311"
"276080.0";"2.302078"
"276090.0";"2.347647"
"276100.0";"2.344236"
"276110.0";"2.274474"
"276120.0";"2.315688"
"276130.0";"2.364031"
"276140.0";"2.326516"
"276150.0";"2.296109"
"276160.0";"2.321952"
"276170.0";"2.357483"
"276180.0";"2.32304"
"276190.0";"2.265403"
"276200.0";"2.30767"
"276210.0";"2.287311"
"276220.0";"2.305754"
"276230.0";"2.290014"
"276240.0";"2.364234"
"276250.0";"2.334826"
"276260.0";"2.338303"
"276270.0";"2.307164"
"276280.0";"2.368026"
"276290.0";"2.297014"
"276300.0";"2.393271"
"276310.0";"2.342871"
"276320.0";"2.331737"
"276330.0";"2.329656"
"276340.0";"2.327068"
"276350.0";"2.302826"
"276360.0";"2.349558"
"276370.0";"2.306123"
"276380.0";"2.37152"
"276390.0";"2.310897"
"276400.0";"2.402298"
"276410.0";"2.315225"
"276420.0";"2.264585"
"276430.0";"2.363631"
"276440.0";"2.342825"
"276450.0";"2.305468"
"276460.0";"2.373664"
"276470.0";"2.275535"
"276480.0";"2.34159"
"276490.0";"2.396392"
"276500.0";"2.28827"
"276510.0";"2.277773"
"276520.0";"2.290078"
"276530.0";"2.300056"
"276540.0";"2.250004"
"276550.0";"2.345912"
"276560.0";"2.229348"
"276570.0";"2.328961"
"276580.0";"2.309395"
"276590.0";"2.303926"
"276600.0";"2.330013"
"276610.0";"2.295941"
"276620.0";"2.341347"
"276630.0";"2.263568"
"276640.0";"2.352521"
"276650.0";"2.262831"
"276660.0";"2.334085"
"276670.0";"2.281199"
"276680.0";"2.317777"
"276690.0";"2.321497"
"276700.0";"2.246187"
"276710.0";"2.345994"
"276720.0";"2.298421"
"276730.0";"2.388096"
"276740.0";"2.316588"
"276750.0";"2.319561"
"276760.0";"2.300877"
"276770.0";"2.252908"
"276780.0";"2.2401"
"276790.0";"2.388974"
"276800.0";"2.275806"
"276810.0";"2.264373"
"276820.0";"2.326706"
"276830.0";"2.332417"
"276840.0";"2.294437"
"276850.0";"2.318908"
"276860.0";"2.270342"
"276870.0";"2.309928"
"276880.0";"2.189616"
"276890.0";"2.308178"
"276900.0";"2.282177"
"276910.0";"2.26369"
"276920.0";"2.29682"
"276930.0";"2.36046"
"276940.0";"2.307087"
"276950.0";"2.360819"
"276960.0";"2.41576"
"276970.0";"2.302366"
"276980.0";"2.292531"
"276990.0";"2.309201"
"277000.0";"2.279556"
"277010.0";"2.305011"
"277020.0";"2.297604"
"277030.0";"2.38586"
"277040.0";"2.279432"
"277050.0";"2.323052"
"277060.0";"2.385706"
"277070.0";"2.348636"
"277080.0";"2.344117"
"277090.0";"2.310004"
"277100.0";"2.27809"
"277110.0";"2.258989"
"277120.0";"2.299793"
"277130.0";"2.29908"
"277140.0";"2.307612"
"277150.0";"2.293286"
"277160.0";"2.346321"
"277170.0";"2.313132"
"277180.0";"2.292764"
"277190.0";"2.313435"
"277200.0";"2.361223"
"277210.0";"2.312618"
"277220.0";"2.344766"
"277230.0";"2.338056"
"277240.0";"2.301873"
"277250.0";"2.334532"
"277260.0";"2.354727"
"277270.0";"2.331553"
"277280.0";"2.288724"
"277290.0";"2.275862"
"277300.0";"2.348595"
"277310.0";"2.371126"
"277320.0";"2.290286"
"277330.0";"2.277754"
"277340.0";"2.250477"
"277350.0";"2.33879"
"277360.0";"2.2617"
"277370.0";"2.311134"
"277380.0";"2.245281"
"277390.0";"2.35916"
"277400.0";"2.331609"
"277410.0";"2.391124"
"277420.0";"2.325897"
"277430.0";"2.301258"
"277440.0";"2.332106"
"277450.0";"2.336086"
"277460.0";"2.339906"
"277470.0";"2.35809"
"277480.0";"2.258136"
"277490.0";"2.274041"
"277500.0";"2.352177"
"277510.0";"2.273441"
"277520.0";"2.255402"
"277530.0";"2.384014"
"277540.0";"2.327837"
"277550.0";"2.28613"
"277560.0";"2.337425"
"277570.0";"2.310753"
"277580.0";"2.383961"
"277590.0";"2.258876"
"277600.0";"2.377662"
"277610.0";"2.291646"
"277620.0";"2.316322"
"277630.0";"2.318156"
"277640.0";"2.229268"
"277650.0";"2.331945"
"277660.0";"2.255614"
"277670.0";"2.251323"
"277680.0";"2.283546"
"277690.0";"2.298606"
"277700.0";"2.314023"
"277710.0";"2.340021"
"277720.0";"2.325472"
"277730.0";"2.349232"
"277740.0";"2.35382"
"277750.0";"2.394896"
"277760.0";"2.288628"
"277770.0";"2.301132"
"277780.0";"2.42705"
"277790.0";"2.327496"
"277800.0";"2.273723"
"277810.0";"2.272038"
"277820.0";"2.284621"
"277830.0";"2.252539"
"277840.0";"2.273102"
"277850.0";"2.320891"
"277860.0";"2.21724"
"277870.0";"2.304794"
"277880.0";"2.288791"
"277890.0";"2.234945"
"277900.0";"2.346808"
"277910.0";"2.273668"
"277920.0";"2.278331"
"277930.0";"2.255378"
"277940.0";"2.32709"
"277950.0";"2.378142"
"277960.0";"2.330443"
"277970.0";"2.291432"
"277980.0";"2.344656"
"277990.0";"2.239529"
"278000.0";"2.274004"
"278010.0";"2.335242"
"278020.0";"2.298351"
"278030.0";"2.35326"
"278040.0";"2.352518"
"278050.0";"2.296839"
"278060.0";"2.383471"
"278070.0";"2.376337"
"278080.0";"2.277745"
"278090.0";"2.395787"
"278100.0";"2.285718"
"278110.0";"2.360166"
"278120.0";"2.351069"
"278130.0";"2.263041"
"278140.0";"2.262818"
"278150.0";"2.324833"
"278160.0";"2.33446"
"278170.0";"2.248828"
"278180.0";"2.359947"
"278190.0";"2.308921"
"278200.0";"2.360926"
"278210.0";"2.359089"
"278220.0";"2.375208"
"278230.0";"2.258937"
"278240.0";"2.314966"
"278250.0";"2.401109"
"278260.0";"2.332905"
"278270.0";"2.333938"
"278280.0";"2.344136"
"278290.0";"2.277385"
"278300.0";"2.32472"
"278310.0";"2.357515"
"278320.0";"2.288765"
"278330.0";"2.305298"
"278340.0";"2.299893"
"278350.0";"2.34574"
"278360.0";"2.305193"
"278370.0";"2.340641"
"278380.0";"2.290856"
"278390.0";"2.33322"
"278400.0";"2.276803"
"278410.0";"2.324313"
"278420.0";"2.293287"
"278430.0";"2.257776"
"278440.0";"2.296742"
"278450.0";"2.352746"
"278460.0";"2.326706"
"278470.0";"2.294302"
"278480.0";"2.299158"
"278490.0";"2.270173"
"278500.0";"2.393231"
"278510.0";"2.317674"
"278520.0";"2.262601"
"278530.0";"2.261654"
"278540.0";"2.341672"
"278550.0";"2.238735"
"278560.0";"2.322712"
"278570.0";"2.276308"
"278580.0";"2.343878"
"278590.0";"2.279375"
"278600.0";"2.297643"
"278610.0";"2.340114"
"278620.0";"2.292219"
"278630.0";"2.352005"
"278640.0";"2.271749"
"278650.0";"2.35991"
"278660.0";"2.310956"
"278670.0";"2.302503"
"278680.0";"2.381645"
"278690.0";"2.353875"
"278700.0";"2.309602"
"278710.0";"2.359387"
"278720.0";"2.306818"
"278730.0";"2.296539"
"278740.0";"2.299003"
"278750.0";"2.309511"
"278760.0";"2.315216"
"278770.0";"2.268319"
"278780.0";"2.334015"
"278790.0";"2.289341"
"278800.0";"2.35804"
"278810.0";"2.334968"
"278820.0";"2.257086"
"278830.0";"2.294787"
"278840.0";"2.304999"
"278850.0";"2.286007"
"278860.0";"2.321146"
"278870.0";"2.232422"
"278880.0";"2.310388"
"278890.0";"2.208228"
"278900.0";"2.352919"
"278910.0";"2.226287"
"278920.0";"2.311734"
"278930.0";"2.186408"
"278940.0";"2.295938"
"278950.0";"2.296115"
"278960.0";"2.381654"
"278970.0";"2.256019"
"278980.0";"2.280321"
"278990.0";"2.362723"
"279000.0";"2.282658"
"279010.0";"2.293924"
"279020.0";"2.223656"
"279030.0";"2.320361"
"279040.0";"2.254666"
"279050.0";"2.220412"
"279060.0";"2.327943"
"279070.0";"2.355317"
"279080.0";"2.355049"
"279090.0";"2.370924"
"279100.0";"2.30651"
"279110.0";"2.283153"
"279120.0";"2.341474"
"279130.0";"2.249888"
"279140.0";"2.331435"
"279150.0";"2.315384"
"279160.0";"2.328933"
"279170.0";"2.41212"
"279180.0";"2.302887"
"279190.0";"2.271938"
"279200.0";"2.251868"
"279210.0";"2.330181"
"279220.0";"2.337533"
"279230.0";"2.236658"
"279240.0";"2.358004"
"279250.0";"2.371288"
"279260.0";"2.288366"
"279270.0";"2.340911"
"279280.0";"2.309131"
"279290.0";"2.312361"
"279300.0";"2.273884"
"279310.0";"2.314018"
"279320.0";"2.29012"
"279330.0";"2.373801"
"279340.0";"2.300766"
"279350.0";"2.290232"
"279360.0";"2.306125"
"279370.0";"2.317057"
"279380.0";"2.370315"
"279390.0";"2.313208"
"279400.0";"2.286924"
"279410.0";"2.353965"
"279420.0";"2.363024"
"279430.0";"2.299135"
"279440.0";"2.339865"
"279450.0";"2.271502"
"279460.0";"2.235121"
"279470.0";"2.380351"
"279480.0";"2.325557"
"279490.0";"2.335551"
"279500.0";"2.332622"
"279510.0";"2.371671"
"279520.0";"2.305787"
"279530.0";"2.224982"
"279540.0";"2.390989"
"279550.0";"2.284029"
"279560.0";"2.291657"
"279570.0";"2.311319"
"279580.0";"2.259583"
"279590.0";"2.352019"
"279600.0";"2.334537"
"279610.0";"2.303141"
"279620.0";"2.326636"
"279630.0";"2.295993"
"279640.0";"2.348634"
"279650.0";"2.309928"
"279660.0";"2.278282"
"279670.0";"2.351065"
"279680.0";"2.405094"
"279690.0";"2.245375"
"279700.0";"2.273645"
"279710.0";"2.366098"
"279720.0";"2.305428"
"279730.0";"2.322335"
"279740.0";"2.350725"
"279750.0";"2.256265"
"279760.0";"2.378245"
"279770.0";"2.288915"
"279780.0";"2.361428"
"279790.0";"2.261894"
"279800.0";"2.273651"
"279810.0";"2.30711"
"279820.0";"2.342855"
"279830.0";"2.204615"
"279840.0";"2.337215"
"279850.0";"2.449208"
"279860.0";"2.354548"
"279870.0";"2.358159"
"279880.0";"2.257635"
"279890.0";"2.307043"
"279900.0";"2.379675"
"279910.0";"2.283069"
"279920.0";"2.282617"
"279930.0";"2.297044"
"279940.0";"2.314573"
"279950.0";"2.276791"
"279960.0";"2.24939"
"279970.0";"2.345414"
"279980.0";"2.216432"
"279990.0";"2.3253"
"280000.0";"2.364489"
"280010.0";"2.309685"
"280020.0";"2.2931"
"280030.0";"2.383224"
"280040.0";"2.291097"
"280050.0";"2.27122"
"280060.0";"2.375246"
"280070.0";"2.324889"
"280080.0";"2.253971"
"280090.0";"2.368073"
"280100.0";"2.335287"
"280110.0";"2.403276"
"280120.0";"2.381967"
"280130.0";"2.266487"
"280140.0";"2.292949"
"280150.0";"2.240021"
"280160.0";"2.290422"
"280170.0";"2.417467"
"280180.0";"2.335953"
"280190.0";"2.320259"
"280200.0";"2.32302"
"280210.0";"2.356084"
"280220.0";"2.275175"
"280230.0";"2.25878"
"280240.0";"2.304503"
"280250.0";"2.335332"
"280260.0";"2.301765"
"280270.0";"2.371228"
"280280.0";"2.260227"
"280290.0";"2.252493"
"280300.0";"2.385855"
"280310.0";"2.315046"
"280320.0";"2.362805"
"280330.0";"2.338386"
"280340.0";"2.330106"
"280350.0";"2.332839"
"280360.0";"2.377863"
"280370.0";"2.296411"
"280380.0";"2.363494"
"280390.0";"2.331543"
"280400.0";"2.258377"
"280410.0";"2.314164"
"280420.0";"2.315325"
"280430.0";"2.288036"
"280440.0";"2.330364"
"280450.0";"2.264899"
"280460.0";"2.291093"
"280470.0";"2.362925"
"280480.0";"2.316579"
"280490.0";"2.346528"
"280500.0";"2.348165"
"280510.0";"2.306473"
"280520.0";"2.451875"
"280530.0";"2.236695"
"280540.0";"2.346774"
"280550.0";"2.303977"
"280560.0";"2.340901"
"280570.0";"2.332088"
"280580.0";"2.327656"
"280590.0";"2.389547"
"280600.0";"2.375522"
"280610.0";"2.303583"
"280620.0";"2.289293"
"280630.0";"2.336619"
"280640.0";"2.30427"
"280650.0";"2.310475"
"280660.0";"2.291887"
"280670.0";"2.252906"
"280680.0";"2.251516"
"280690.0";"2.297997"
"280700.0";"2.322972"
"280710.0";"2.314973"
"280720.0";"2.285004"
"280730.0";"2.295771"
"280740.0";"2.243474"
"280750.0";"2.270218"
"280760.0";"2.319589"
"280770.0";"2.303341"
"280780.0";"2.348812"
"280790.0";"2.307569"
"280800.0";"2.227511"
"280810.0";"2.298289"
"280820.0";"2.387616"
"280830.0";"2.281408"
"280840.0";"2.308239"
"280850.0";"2.311321"
"280860.0";"2.305552"
"280870.0";"2.159488"
"280880.0";"2.329314"
"280890.0";"2.367854"
"280900.0";"2.341848"
"280910.0";"2.363567"
"280920.0";"2.365671"
"280930.0";"2.331622"
"280940.0";"2.329041"
"280950.0";"2.322596"
"280960.0";"2.350015"
"280970.0";"2.335198"
"280980.0";"2.443825"
"280990.0";"2.404829"
"281000.0";"2.376956"
"281010.0";"2.260756"
"281020.0";"2.347694"
"281030.0";"2.355043"
"281040.0";"2.323912"
"281050.0";"2.385437"
"281060.0";"2.275637"
"281070.0";"2.211298"
"281080.0";"2.304546"
"281090.0";"2.278387"
"281100.0";"2.320574"
"281110.0";"2.231094"
"281120.0";"2.33457"
"281130.0";"2.218058"
"281140.0";"2.393956"
"281150.0";"2.344816"
"281160.0";"2.254868"
"281170.0";"2.309321"
"281180.0";"2.183497"
"281190.0";"2.238389"
"281200.0";"2.244751"
"281210.0";"2.285569"
"281220.0";"2.371878"
"281230.0";"2.3"
"281240.0";"2.350069"
"281250.0";"2.273471"
"281260.0";"2.365204"
"281270.0";"2.281145"
"281280.0";"2.190369"
"281290.0";"2.310663"
"281300.0";"2.332325"
"281310.0";"2.362411"
"281320.0";"2.288703"
"281330.0";"2.342574"
"281340.0";"2.331731"
"281350.0";"2.382519"
"281360.0";"2.360902"
"281370.0";"2.343749"
"281380.0";"2.357855"
"281390.0";"2.201035"
"281400.0";"2.284786"
"281410.0";"2.292245"
"281420.0";"2.348749"
"281430.0";"2.277617"
"281440.0";"2.312219"
"281450.0";"2.348773"
"281460.0";"2.326994"
"281470.0";"2.328905"
"281480.0";"2.264091"
"281490.0";"2.31432"
"281500.0";"2.28998"
"281510.0";"2.345593"
"281520.0";"2.315155"
"281530.0";"2.306631"
"281540.0";"2.370896"
"281550.0";"2.33173"
"281560.0";"2.311798"
"281570.0";"2.236546"
"281580.0";"2.272526"
"281590.0";"2.381233"
"281600.0";"2.228232"
"281610.0";"2.330671"
"281620.0";"2.268163"
"281630.0";"2.293485"
"281640.0";"2.294034"
"281650.0";"2.284584"
"281660.0";"2.364819"
"281670.0";"2.361254"
"281680.0";"2.322427"
"281690.0";"2.436302"
"281700.0";"2.269707"
"281710.0";"2.338985"
"281720.0";"2.33712"
"281730.0";"2.293952"
"281740.0";"2.318641"
"281750.0";"2.261612"
"281760.0";"2.25267"
"281770.0";"2.318011"
"281780.0";"2.277951"
"281790.0";"2.261639"
"281800.0";"2.266409"
"281810.0";"2.267131"
"281820.0";"2.283722"
"281830.0";"2.278612"
"281840.0";"2.303079"
"281850.0";"2.225875"
"281860.0";"2.339491"
"281870.0";"2.262901"
"281880.0";"2.302958"
"281890.0";"2.29696"
"281900.0";"2.327502"
"281910.0";"2.281008"
"281920.0";"2.258101"
"281930.0";"2.347044"
"281940.0";"2.29924"
"281950.0";"2.289822"
"281960.0";"2.261117"
"281970.0";"2.303472"
"281980.0";"2.298057"
"281990.0";"2.314372"
"282000.0";"2.330163"
"282010.0";"2.334221"
"282020.0";"2.294"
"282030.0";"2.244204"
"282040.0";"2.280622"
"282050.0";"2.30156"
"282060.0";"2.25494"
"282070.0";"2.257437"
"282080.0";"2.269264"
"282090.0";"2.278159"
"282100.0";"2.30727"
"282110.0";"2.352675"
"282120.0";"2.275528"
"282130.0";"2.258308"
"282140.0";"2.26776"
"282150.0";"2.240784"
"282160.0";"2.292158"
"282170.0";"2.298936"
"282180.0";"2.284037"
"282190.0";"2.293739"
"282200.0";"2.264737"
"282210.0";"2.194708"
"282220.0";"2.288054"
"282230.0";"2.292041"
"282240.0";"2.282117"
"282250.0";"2.266279"
"282260.0";"2.263583"
"282270.0";"2.297457"
"282280.0";"2.348673"
"282290.0";"2.320971"
"282300.0";"2.28215"
"282310.0";"2.315808"
"282320.0";"2.229672"
"282330.0";"2.273895"
"282340.0";"2.26106"
"282350.0";"2.264652"
"282360.0";"2.249917"
"282370.0";"2.304103"
"282380.0";"2.314345"
"282390.0";"2.272606"
"282400.0";"2.285203"
"282410.0";"2.27765"
"282420.0";"2.330275"
"282430.0";"2.204933"
"282440.0";"2.319199"
"282450.0";"2.455987"
"282460.0";"2.34206"
"282470.0";"2.292992"
"282480.0";"2.318531"
"282490.0";"2.354572"
"282500.0";"2.240302"
"282510.0";"2.303697"
"282520.0";"2.329123"
"282530.0";"2.295204"
"282540.0";"2.240828"
"282550.0";"2.262087"
"282560.0";"2.252666"
"282570.0";"2.333574"
"282580.0";"2.286108"
"282590.0";"2.417274"
"282600.0";"2.357078"
"282610.0";"2.36889"
"282620.0";"2.380896"
"282630.0";"2.313272"
"282640.0";"2.313276"
"282650.0";"2.204387"
"282660.0";"2.31616"
"282670.0";"2.245278"
"282680.0";"2.29838"
"282690.0";"2.355057"
"282700.0";"2.373972"
"282710.0";"2.251255"
"282720.0";"2.294626"
"282730.0";"2.335183"
"282740.0";"2.288912"
"282750.0";"2.30088"
"282760.0";"2.290255"
"282770.0";"2.295815"
"282780.0";"2.311053"
"282790.0";"2.362434"
"282800.0";"2.276129"
"282810.0";"2.264644"
"282820.0";"2.259077"
"282830.0";"2.304125"
"282840.0";"2.280215"
"282850.0";"2.367037"
"282860.0";"2.265469"
"282870.0";"2.368418"
"282880.0";"2.331284"
"282890.0";"2.283839"
"282900.0";"2.277366"
"282910.0";"2.338164"
"282920.0";"2.273464"
"282930.0";"2.298749"
"282940.0";"2.278662"
"282950.0";"2.258159"
"282960.0";"2.275845"
"282970.0";"2.323473"
"282980.0";"2.268915"
"282990.0";"2.249383"
"283000.0";"2.339072"
"283010.0";"2.322436"
"283020.0";"2.225281"
"283030.0";"2.28366"
"283040.0";"2.304449"
"283050.0";"2.353103"
"283060.0";"2.261125"
"283070.0";"2.282487"
"283080.0";"2.267258"
"283090.0";"2.248473"
"283100.0";"2.287866"
"283110.0";"2.281996"
"283120.0";"2.291313"
"283130.0";"2.293353"
"283140.0";"2.284662"
"283150.0";"2.304233"
"283160.0";"2.351082"
"283170.0";"2.331855"
"283180.0";"2.34762"
"283190.0";"2.349311"
"283200.0";"2.312337"
"283210.0";"2.304827"
"283220.0";"2.308557"
"283230.0";"2.294754"
"283240.0";"2.329533"
"283250.0";"2.287337"
"283260.0";"2.332253"
"283270.0";"2.300368"
"283280.0";"2.241375"
"283290.0";"2.351526"
"283300.0";"2.286309"
"283310.0";"2.345006"
"283320.0";"2.264622"
"283330.0";"2.255196"
"283340.0";"2.286516"
"283350.0";"2.299917"
"283360.0";"2.299065"
"283370.0";"2.328516"
"283380.0";"2.362046"
"283390.0";"2.294928"
"283400.0";"2.333822"
"283410.0";"2.281054"
"283420.0";"2.305793"
"283430.0";"2.306901"
"283440.0";"2.202821"
"283450.0";"2.262606"
"283460.0";"2.208372"
"283470.0";"2.366824"
"283480.0";"2.30238"
"283490.0";"2.330765"
"283500.0";"2.241683"
"283510.0";"2.295414"
"283520.0";"2.279791"
"283530.0";"2.374951"
"283540.0";"2.365001"
"283550.0";"2.303785"
"283560.0";"2.359392"
"283570.0";"2.351007"
"283580.0";"2.349596"
"283590.0";"2.335409"
"283600.0";"2.340235"
"283610.0";"2.337371"
"283620.0";"2.319074"
"283630.0";"2.299218"
"283640.0";"2.345917"
"283650.0";"2.281163"
"283660.0";"2.22038"
"283670.0";"2.358833"
"283680.0";"2.288097"
"283690.0";"2.338634"
"283700.0";"2.363373"
"283710.0";"2.299342"
"283720.0";"2.284968"
"283730.0";"2.311426"
"283740.0";"2.252413"
"283750.0";"2.30733"
"283760.0";"2.281921"
"283770.0";"2.238609"
"283780.0";"2.36258"
"283790.0";"2.299202"
"283800.0";"2.274141"
"283810.0";"2.32778"
"283820.0";"2.205234"
"283830.0";"2.357116"
"283840.0";"2.316885"
"283850.0";"2.317862"
"283860.0";"2.393249"
"283870.0";"2.274065"
"283880.0";"2.246337"
"283890.0";"2.25753"
"283900.0";"2.283561"
"283910.0";"2.280325"
"283920.0";"2.221884"
"283930.0";"2.332058"
"283940.0";"2.373982"
"283950.0";"2.265485"
"283960.0";"2.27258"
"283970.0";"2.299167"
"283980.0";"2.358216"
"283990.0";"2.334386"
"284000.0";"2.326738"
"284010.0";"2.281432"
"284020.0";"2.296631"
"284030.0";"2.310432"
"284040.0";"2.345258"
"284050.0";"2.319498"
"284060.0";"2.294081"
"284070.0";"2.277236"
"284080.0";"2.304403"
"284090.0";"2.334475"
"284100.0";"2.339725"
"284110.0";"2.356832"
"284120.0";"2.262198"
"284130.0";"2.285087"
"284140.0";"2.274426"
"284150.0";"2.292952"
"284160.0";"2.304893"
"284170.0";"2.301044"
"284180.0";"2.293537"
"284190.0";"2.275717"
"284200.0";"2.342156"
"284210.0";"2.319562"
"284220.0";"2.443863"
"284230.0";"2.319608"
"284240.0";"2.342297"
"284250.0";"2.273896"
"284260.0";"2.262431"
"284270.0";"2.269644"
"284280.0";"2.346394"
"284290.0";"2.317292"
"284300.0";"2.305739"
"284310.0";"2.247502"
"284320.0";"2.280191"
"284330.0";"2.223224"
"284340.0";"2.3682"
"284350.0";"2.318352"
"284360.0";"2.318887"
"284370.0";"2.203268"
"284380.0";"2.347605"
"284390.0";"2.27087"
"284400.0";"2.288789"
"284410.0";"2.282334"
"284420.0";"2.294966"
"284430.0";"2.279791"
"284440.0";"2.297194"
"284450.0";"2.347521"
"284460.0";"2.391993"
"284470.0";"2.338495"
"284480.0";"2.268855"
"284490.0";"2.278908"
"284500.0";"2.297472"
"284510.0";"2.344178"
"284520.0";"2.286673"
"284530.0";"2.304884"
"284540.0";"2.205364"
"284550.0";"2.323844"
"284560.0";"2.27431"
"284570.0";"2.317837"
"284580.0";"2.3199"
"284590.0";"2.363602"
"284600.0";"2.345738"
"284610.0";"2.354466"
"284620.0";"2.33539"
"284630.0";"2.414708"
"284640.0";"2.269971"
"284650.0";"2.252904"
"284660.0";"2.294967"
"284670.0";"2.361032"
"284680.0";"2.329658"
"284690.0";"2.293626"
"284700.0";"2.355901"
"284710.0";"2.385437"
"284720.0";"2.366434"
"284730.0";"2.340967"
"284740.0";"2.29389"
"284750.0";"2.282091"
"284760.0";"2.330283"
"284770.0";"2.291922"
"284780.0";"2.433211"
"284790.0";"2.347536"
"284800.0";"2.256709"
"284810.0";"2.218166"
"284820.0";"2.316681"
"284830.0";"2.383885"
"284840.0";"2.359499"
"284850.0";"2.299158"
"284860.0";"2.297203"
"284870.0";"2.267373"
"284880.0";"2.341111"
"284890.0";"2.344609"
"284900.0";"2.274942"
"284910.0";"2.350338"
"284920.0";"2.375858"
"284930.0";"2.244904"
"284940.0";"2.257636"
"284950.0";"2.284484"
"284960.0";"2.372286"
"284970.0";"2.377013"
"284980.0";"2.301298"
"284990.0";"2.392279"
"285000.0";"2.338413"
"285010.0";"2.33264"
"285020.0";"2.319368"
"285030.0";"2.364696"
"285040.0";"2.358955"
"285050.0";"2.290333"
"285060.0";"2.269964"
"285070.0";"2.349446"
"285080.0";"2.334161"
"285090.0";"2.321007"
"285100.0";"2.380916"
"285110.0";"2.353633"
"285120.0";"2.296734"
"285130.0";"2.31973"
"285140.0";"2.350947"
"285150.0";"2.349262"
"285160.0";"2.256459"
"285170.0";"2.322779"
"285180.0";"2.300395"
"285190.0";"2.312958"
"285200.0";"2.305254"
"285210.0";"2.285671"
"285220.0";"2.359269"
"285230.0";"2.431094"
"285240.0";"2.305793"
"285250.0";"2.321446"
"285260.0";"2.331134"
"285270.0";"2.329284"
"285280.0";"2.372035"
"285290.0";"2.276189"
"285300.0";"2.318963"
"285310.0";"2.310236"
"285320.0";"2.309474"
"285330.0";"2.284363"
"285340.0";"2.31098"
"285350.0";"2.262849"
"285360.0";"2.309286"
"285370.0";"2.268872"
"285380.0";"2.316188"
"285390.0";"2.305881"
"285400.0";"2.345339"
"285410.0";"2.396473"
"285420.0";"2.361782"
"285430.0";"2.238958"
"285440.0";"2.289177"
"285450.0";"2.365113"
"285460.0";"2.322146"
"285470.0";"2.335718"
"285480.0";"2.274233"
"285490.0";"2.281676"
"285500.0";"2.300424"
"285510.0";"2.31907"
"285520.0";"2.330098"
"285530.0";"2.331745"
"285540.0";"2.34672"
"285550.0";"2.301762"
"285560.0";"2.347062"
"285570.0";"2.306963"
"285580.0";"2.351926"
"285590.0";"2.312096"
"285600.0";"2.303911"
"285610.0";"2.356113"
"285620.0";"2.307469"
"285630.0";"2.304132"
"285640.0";"2.367647"
"285650.0";"2.281152"
"285660.0";"2.368264"
"285670.0";"2.291381"
"285680.0";"2.228011"
"285690.0";"2.372177"
"285700.0";"2.358321"
"285710.0";"2.272671"
"285720.0";"2.269843"
"285730.0";"2.318835"
"285740.0";"2.333391"
"285750.0";"2.289061"
"285760.0";"2.337389"
"285770.0";"2.27496"
"285780.0";"2.336066"
"285790.0";"2.290835"
"285800.0";"2.33006"
"285810.0";"2.332865"
"285820.0";"2.282903"
"285830.0";"2.327467"
"285840.0";"2.305516"
"285850.0";"2.35541"
"285860.0";"2.337246"
"285870.0";"2.364262"
"285880.0";"2.342973"
"285890.0";"2.264273"
"285900.0";"2.380536"
"285910.0";"2.312468"
"285920.0";"2.245129"
"285930.0";"2.288244"
"285940.0";"2.38459"
"285950.0";"2.28875"
"285960.0";"2.261454"
"285970.0";"2.291416"
"285980.0";"2.299337"
"285990.0";"2.33292"
"286000.0";"2.300498"
"286010.0";"2.310715"
"286020.0";"2.285398"
"286030.0";"2.325984"
"286040.0";"2.388704"
"286050.0";"2.329882"
"286060.0";"2.384907"
"286070.0";"2.24654"
"286080.0";"2.368623"
"286090.0";"2.33926"
"286100.0";"2.33671"
"286110.0";"2.218006"
"286120.0";"2.329147"
"286130.0";"2.275908"
"286140.0";"2.282442"
"286150.0";"2.336108"
"286160.0";"2.318005"
"286170.0";"2.348836"
"286180.0";"2.361506"
"286190.0";"2.326531"
"286200.0";"2.316633"
"286210.0";"2.303872"
"286220.0";"2.308147"
"286230.0";"2.36407"
"286240.0";"2.24868"
"286250.0";"2.261736"
"286260.0";"2.320634"
"286270.0";"2.317495"
"286280.0";"2.392572"
"286290.0";"2.232839"
"286300.0";"2.403732"
"286310.0";"2.336244"
"286320.0";"2.334645"
"286330.0";"2.27271"
"286340.0";"2.275983"
"286350.0";"2.320225"
"286360.0";"2.314262"
"286370.0";"2.287885"
"286380.0";"2.325465"
"286390.0";"2.350356"
"286400.0";"2.285174"
"286410.0";"2.312988"
"286420.0";"2.381385"
"286430.0";"2.324284"
"286440.0";"2.273155"
"286450.0";"2.247348"
"286460.0";"2.244441"
"286470.0";"2.314434"
"286480.0";"2.363471"
"286490.0";"2.272101"
"286500.0";"2.231214"
"286510.0";"2.26483"
"286520.0";"2.229605"
"286530.0";"2.194586"
"286540.0";"2.258085"
"286550.0";"2.282835"
"286560.0";"2.280037"
"286570.0";"2.288341"
"286580.0";"2.30483"
"286590.0";"2.414708"
"286600.0";"2.37867"
"286610.0";"2.322517"
"286620.0";"2.310933"
"286630.0";"2.308345"
"286640.0";"2.229259"
"286650.0";"2.253519"
"286660.0";"2.42827"
"286670.0";"2.28599"
"286680.0";"2.276596"
"286690.0";"2.295441"
"286700.0";"2.299947"
"286710.0";"2.26833"
"286720.0";"2.379927"
"286730.0";"2.288126"
"286740.0";"2.219878"
"286750.0";"2.310396"
"286760.0";"2.293916"
"286770.0";"2.339408"
"286780.0";"2.288256"
"286790.0";"2.337992"
"286800.0";"2.290657"
"286810.0";"2.385146"
"286820.0";"2.292185"
"286830.0";"2.354194"
"286840.0";"2.360399"
"286850.0";"2.355876"
"286860.0";"2.372825"
"286870.0";"2.349175"
"286880.0";"2.274191"
"286890.0";"2.27913"
"286900.0";"2.285231"
"286910.0";"2.32769"
"286920.0";"2.292255"
"286930.0";"2.261218"
"286940.0";"2.343398"
"286950.0";"2.308827"
"286960.0";"2.311089"
"286970.0";"2.321477"
"286980.0";"2.340188"
"286990.0";"2.292353"
"287000.0";"2.319564"
"287010.0";"2.351036"
"287020.0";"2.287969"
"287030.0";"2.264398"
"287040.0";"2.368371"
"287050.0";"2.282991"
"287060.0";"2.392802"
"287070.0";"2.360468"
"287080.0";"2.337331"
"287090.0";"2.327203"
"287100.0";"2.370253"
"287110.0";"2.342229"
"287120.0";"2.33249"
"287130.0";"2.274204"
"287140.0";"2.412709"
"287150.0";"2.306196"
"287160.0";"2.370259"
"287170.0";"2.401809"
"287180.0";"2.32839"
"287190.0";"2.269031"
"287200.0";"2.216467"
"287210.0";"2.309782"
"287220.0";"2.328916"
"287230.0";"2.377301"
"287240.0";"2.354076"
"287250.0";"2.356152"
"287260.0";"2.286771"
"287270.0";"2.256157"
"287280.0";"2.295126"
"287290.0";"2.279399"
"287300.0";"2.318356"
"287310.0";"2.33361"
"287320.0";"2.39333"
"287330.0";"2.334357"
"287340.0";"2.296102"
"287350.0";"2.253981"
"287360.0";"2.370396"
"287370.0";"2.28614"
"287380.0";"2.281395"
"287390.0";"2.409086"
"287400.0";"2.240793"
"287410.0";"2.404252"
"287420.0";"2.302231"
"287430.0";"2.383016"
"287440.0";"2.340766"
"287450.0";"2.401534"
"287460.0";"2.342259"
"287470.0";"2.45792"
"287480.0";"2.401138"
"287490.0";"2.40951"
"287500.0";"2.356389"
"287510.0";"2.353975"
"287520.0";"2.388555"
"287530.0";"2.404002"
"287540.0";"2.359019"
"287550.0";"2.347014"
"287560.0";"2.343925"
"287570.0";"2.257576"
"287580.0";"2.32229"
"287590.0";"2.326166"
"287600.0";"2.349757"
"287610.0";"2.421759"
"287620.0";"2.326429"
"287630.0";"2.211735"
"287640.0";"2.27951"
"287650.0";"2.2798"
"287660.0";"2.35364"
"287670.0";"2.252698"
"287680.0";"2.341364"
"287690.0";"2.3269"
"287700.0";"2.296522"
"287710.0";"2.324499"
"287720.0";"2.275372"
"287730.0";"2.211044"
"287740.0";"2.263025"
"287750.0";"2.296691"
"287760.0";"2.258504"
"287770.0";"2.412933"
"287780.0";"2.428866"
"287790.0";"2.448319"
"287800.0";"2.456334"
"287810.0";"2.374125"
"287820.0";"2.306588"
"287830.0";"2.324071"
"287840.0";"2.305176"
"287850.0";"2.211019"
"287860.0";"2.32012"
"287870.0";"2.30023"
"287880.0";"2.301639"
"287890.0";"2.275685"
"287900.0";"2.331399"
"287910.0";"2.237866"
"287920.0";"2.353877"
"287930.0";"2.221092"
"287940.0";"2.330436"
"287950.0";"2.380809"
"287960.0";"2.343436"
"287970.0";"2.370347"
"287980.0";"2.363297"
"287990.0";"2.319314"
"288000.0";"2.315133"
"288010.0";"2.333494"
"288020.0";"2.298627"
"288030.0";"2.366627"
"288040.0";"2.355591"
"288050.0";"2.342857"
"288060.0";"2.349162"
"288070.0";"2.290711"
"288080.0";"2.32731"
"288090.0";"2.369266"
"288100.0";"2.287867"
"288110.0";"2.27275"
"288120.0";"2.302341"
"288130.0";"2.406837"
"288140.0";"2.279254"
"288150.0";"2.416509"
"288160.0";"2.394193"
"288170.0";"2.390857"
"288180.0";"2.313705"
"288190.0";"2.287195"
"288200.0";"2.298106"
"288210.0";"2.310195"
"288220.0";"2.273318"
"288230.0";"2.21373"
"288240.0";"2.314858"
"288250.0";"2.41433"
"288260.0";"2.32075"
"288270.0";"2.329753"
"288280.0";"2.303709"
"288290.0";"2.257555"
"288300.0";"2.319969"
"288310.0";"2.377188"
"288320.0";"2.315934"
"288330.0";"2.291513"
"288340.0";"2.328006"
"288350.0";"2.375341"
"288360.0";"2.206285"
"288370.0";"2.311661"
"288380.0";"2.316874"
"288390.0";"2.271382"
"288400.0";"2.438913"
"288410.0";"2.337351"
"288420.0";"2.316994"
"288430.0";"2.361009"
"288440.0";"2.292462"
"288450.0";"2.31935"
"288460.0";"2.351681"
"288470.0";"2.228272"
"288480.0";"2.248543"
"288490.0";"2.260637"
"288500.0";"2.265112"
"288510.0";"2.361415"
"288520.0";"2.353658"
"288530.0";"2.364166"
"288540.0";"2.294628"
"288550.0";"2.354643"
"288560.0";"2.260611"
"288570.0";"2.331867"
"288580.0";"2.298236"
"288590.0";"2.302995"
"288600.0";"2.308439"
"288610.0";"2.25179"
"288620.0";"2.304878"
"288630.0";"2.287743"
"288640.0";"2.314014"
"288650.0";"2.373869"
"288660.0";"2.345563"
"288670.0";"2.30956"
"288680.0";"2.240658"
"288690.0";"2.225006"
"288700.0";"2.326341"
"288710.0";"2.248996"
"288720.0";"2.247247"
"288730.0";"2.346464"
"288740.0";"2.380057"
"288750.0";"2.317486"
"288760.0";"2.297577"
"288770.0";"2.290215"
"288780.0";"2.348755"
"288790.0";"2.300295"
"288800.0";"2.373826"
"288810.0";"2.344206"
"288820.0";"2.241869"
"288830.0";"2.261982"
"288840.0";"2.295292"
"288850.0";"2.211657"
"288860.0";"2.210452"
"288870.0";"2.314237"
"288880.0";"2.357547"
"288890.0";"2.268316"
"288900.0";"2.413978"
"288910.0";"2.283852"
"288920.0";"2.274726"
"288930.0";"2.214391"
"288940.0";"2.30215"
"288950.0";"2.28021"
"288960.0";"2.42243"
"288970.0";"2.311643"
"288980.0";"2.296551"
"288990.0";"2.303972"
"289000.0";"2.300546"
"289010.0";"2.390409"
"289020.0";"2.282154"
"289030.0";"2.3086"
"289040.0";"2.284836"
"289050.0";"2.189716"
"289060.0";"2.34662"
"289070.0";"2.392531"
"289080.0";"2.281153"
"289090.0";"2.307344"
"289100.0";"2.279916"
"289110.0";"2.327165"
"289120.0";"2.333791"
"289130.0";"2.341053"
"289140.0";"2.382401"
"289150.0";"2.373471"
"289160.0";"2.294409"
"289170.0";"2.350254"
"289180.0";"2.364537"
"289190.0";"2.213275"
"289200.0";"2.215948"
"289210.0";"2.345883"
"289220.0";"2.367557"
"289230.0";"2.343535"
"289240.0";"2.336908"
"289250.0";"2.28511"
"289260.0";"2.330426"
"289270.0";"2.278871"
"289280.0";"2.435354"
"289290.0";"2.263801"
"289300.0";"2.23141"
"289310.0";"2.332386"
"289320.0";"2.355238"
"289330.0";"2.272667"
"289340.0";"2.262258"
"289350.0";"2.350151"
"289360.0";"2.310325"
"289370.0";"2.368185"
"289380.0";"2.320912"
"289390.0";"2.364856"
"289400.0";"2.281145"
"289410.0";"2.271845"
"289420.0";"2.287665"
"289430.0";"2.355664"
"289440.0";"2.281253"
"289450.0";"2.266674"
"289460.0";"2.245881"
"289470.0";"2.239087"
"289480.0";"2.24939"
"289490.0";"2.304718"
"289500.0";"2.354856"
"289510.0";"2.276119"
"289520.0";"2.311499"
"289530.0";"2.382058"
"289540.0";"2.246231"
"289550.0";"2.384907"
"289560.0";"2.345515"
"289570.0";"2.299737"
"289580.0";"2.342082"
"289590.0";"2.315362"
"289600.0";"2.283096"
"289610.0";"2.363246"
"289620.0";"2.288685"
"289630.0";"2.309435"
"289640.0";"2.227212"
"289650.0";"2.278513"
"289660.0";"2.347266"
"289670.0";"2.306948"
"289680.0";"2.327442"
"289690.0";"2.291098"
"289700.0";"2.337374"
"289710.0";"2.339547"
"289720.0";"2.35666"
"289730.0";"2.310918"
"289740.0";"2.30517"
"289750.0";"2.290384"
"289760.0";"2.324908"
"289770.0";"2.318199"
"289780.0";"2.324868"
"289790.0";"2.313782"
"289800.0";"2.324931"
"289810.0";"2.309661"
"289820.0";"2.379296"
"289830.0";"2.373569"
"289840.0";"2.396091"
"289850.0";"2.344247"
"289860.0";"2.295441"
"289870.0";"2.325159"
"289880.0";"2.276263"
"289890.0";"2.353517"
"289900.0";"2.255107"
"289910.0";"2.307741"
"289920.0";"2.347613"
"289930.0";"2.372177"
"289940.0";"2.322166"
"289950.0";"2.365276"
"289960.0";"2.332498"
"289970.0";"2.289783"
"289980.0";"2.308537"
"289990.0";"2.300717"
"290000.0";"2.349966"
"290010.0";"2.272265"
"290020.0";"2.281725"
"290030.0";"2.316326"
"290040.0";"2.297276"
"290050.0";"2.254815"
"290060.0";"2.268919"
"290070.0";"2.296576"
"290080.0";"2.251268"
"290090.0";"2.288208"
"290100.0";"2.306184"
"290110.0";"2.325908"
"290120.0";"2.303574"
"290130.0";"2.248515"
"290140.0";"2.346238"
"290150.0";"2.321042"
"290160.0";"2.334479"
"290170.0";"2.323807"
"290180.0";"2.277165"
"290190.0";"2.253881"
"290200.0";"2.32125"
"290210.0";"2.330168"
"290220.0";"2.363747"
"290230.0";"2.263708"
"290240.0";"2.368053"
"290250.0";"2.287602"
"290260.0";"2.346829"
"290270.0";"2.357525"
"290280.0";"2.380979"
"290290.0";"2.306878"
"290300.0";"2.324753"
"290310.0";"2.305052"
"290320.0";"2.320657"
"290330.0";"2.371734"
"290340.0";"2.370884"
"290350.0";"2.356327"
"290360.0";"2.243747"
"290370.0";"2.319392"
"290380.0";"2.292987"
"290390.0";"2.374812"
"290400.0";"2.245742"
"290410.0";"2.347992"
"290420.0";"2.291482"
"290430.0";"2.362349"
"290440.0";"2.292713"
"290450.0";"2.352932"
"290460.0";"2.346948"
"290470.0";"2.372891"
"290480.0";"2.222159"
"290490.0";"2.338161"
"290500.0";"2.236747"
"290510.0";"2.314719"
"290520.0";"2.353839"
"290530.0";"2.354765"
"290540.0";"2.389425"
"290550.0";"2.285199"
"290560.0";"2.322228"
"290570.0";"2.465513"
"290580.0";"2.383508"
"290590.0";"2.449543"
"290600.0";"2.354984"
"290610.0";"2.289356"
"290620.0";"2.395417"
"290630.0";"2.342016"
"290640.0";"2.307418"
"290650.0";"2.360861"
"290660.0";"2.342443"
"290670.0";"2.324264"
"290680.0";"2.283187"
"290690.0";"2.279063"
"290700.0";"2.379607"
"290710.0";"2.357594"
"290720.0";"2.291163"
"290730.0";"2.350167"
"290740.0";"2.368773"
"290750.0";"2.328942"
"290760.0";"2.352888"
"290770.0";"2.292626"
"290780.0";"2.329429"
"290790.0";"2.298119"
"290800.0";"2.271415"
"290810.0";"2.330564"
"290820.0";"2.260806"
"290830.0";"2.285065"
"290840.0";"2.328066"
"290850.0";"2.310534"
"290860.0";"2.316621"
"290870.0";"2.217853"
"290880.0";"2.385981"
"290890.0";"2.37157"
"290900.0";"2.315937"
"290910.0";"2.379478"
"290920.0";"2.345861"
"290930.0";"2.355067"
"290940.0";"2.342123"
"290950.0";"2.320957"
"290960.0";"2.350236"
"290970.0";"2.252555"
"290980.0";"2.306401"
"290990.0";"2.302806"
"291000.0";"2.29477"
"291010.0";"2.337241"
"291020.0";"2.311285"
"291030.0";"2.244266"
"291040.0";"2.261033"
"291050.0";"2.275951"
"291060.0";"2.270256"
"291070.0";"2.344191"
"291080.0";"2.272367"
"291090.0";"2.37228"
"291100.0";"2.269468"
"291110.0";"2.355744"
"291120.0";"2.30683"
"291130.0";"2.335677"
"291140.0";"2.284948"
"291150.0";"2.276612"
"291160.0";"2.428063"
"291170.0";"2.295846"
"291180.0";"2.37404"
"291190.0";"2.271888"
"291200.0";"2.291578"
"291210.0";"2.309925"
"291220.0";"2.335334"
"291230.0";"2.240953"
"291240.0";"2.323486"
"291250.0";"2.268024"
"291260.0";"2.301973"
"291270.0";"2.285702"
"291280.0";"2.262359"
"291290.0";"2.33283"
"291300.0";"2.316583"
"291310.0";"2.330518"
"291320.0";"2.304178"
"291330.0";"2.329846"
"291340.0";"2.380537"
"291350.0";"2.292542"
"291360.0";"2.368045"
"291370.0";"2.373251"
"291380.0";"2.350602"
"291390.0";"2.392555"
"291400.0";"2.318713"
"291410.0";"2.365925"
"291420.0";"2.371197"
"291430.0";"2.332965"
"291440.0";"2.347957"
"291450.0";"2.259471"
"291460.0";"2.246531"
"291470.0";"2.343736"
"291480.0";"2.26636"
"291490.0";"2.348435"
"291500.0";"2.325863"
"291510.0";"2.393874"
"291520.0";"2.358537"
"291530.0";"2.369345"
"291540.0";"2.359036"
"291550.0";"2.325335"
"291560.0";"2.296811"
"291570.0";"2.356069"
"291580.0";"2.367611"
"291590.0";"2.350491"
"291600.0";"2.425793"
"291610.0";"2.240707"
"291620.0";"2.273074"
"291630.0";"2.353264"
"291640.0";"2.359346"
"291650.0";"2.373873"
"291660.0";"2.414936"
"291670.0";"2.256288"
"291680.0";"2.257708"
"291690.0";"2.353245"
"291700.0";"2.252282"
"291710.0";"2.3659"
"291720.0";"2.30307"
"291730.0";"2.393395"
"291740.0";"2.338481"
"291750.0";"2.379276"
"291760.0";"2.287963"
"291770.0";"2.345055"
"291780.0";"2.334804"
"291790.0";"2.339329"
"291800.0";"2.264674"
"291810.0";"2.380035"
"291820.0";"2.323669"
"291830.0";"2.348739"
"291840.0";"2.309953"
"291850.0";"2.280909"
"291860.0";"2.349712"
"291870.0";"2.281898"
"291880.0";"2.220985"
"291890.0";"2.33906"
"291900.0";"2.385762"
"291910.0";"2.278342"
"291920.0";"2.391899"
"291930.0";"2.393569"
"291940.0";"2.322264"
"291950.0";"2.345939"
"291960.0";"2.381716"
"291970.0";"2.359209"
"291980.0";"2.415497"
"291990.0";"2.287557"
"292000.0";"2.342067"
"292010.0";"2.422006"
"292020.0";"2.377978"
"292030.0";"2.299079"
"292040.0";"2.263196"
"292050.0";"2.301975"
"292060.0";"2.279361"
"292070.0";"2.277172"
"292080.0";"2.265952"
"292090.0";"2.321746"
"292100.0";"2.252749"
"292110.0";"2.368698"
"292120.0";"2.343803"
"292130.0";"2.334772"
"292140.0";"2.304079"
"292150.0";"2.277864"
"292160.0";"2.335946"
"292170.0";"2.26972"
"292180.0";"2.333388"
"292190.0";"2.3355"
"292200.0";"2.271995"
"292210.0";"2.324507"
"292220.0";"2.255166"
"292230.0";"2.214632"
"292240.0";"2.243828"
"292250.0";"2.372908"
"292260.0";"2.283463"
"292270.0";"2.270173"
"292280.0";"2.320584"
"292290.0";"2.373988"
"292300.0";"2.364958"
"292310.0";"2.311055"
"292320.0";"2.302354"
"292330.0";"2.307057"
"292340.0";"2.277394"
"292350.0";"2.253172"
"292360.0";"2.33266"
"292370.0";"2.341597"
"292380.0";"2.388599"
"292390.0";"2.372992"
"292400.0";"2.325358"
"292410.0";"2.350314"
"292420.0";"2.309172"
"292430.0";"2.240039"
"292440.0";"2.263116"
"292450.0";"2.286205"
"292460.0";"2.266361"
"292470.0";"2.283891"
"292480.0";"2.372567"
"292490.0";"2.307221"
"292500.0";"2.292186"
"292510.0";"2.228451"
"292520.0";"2.270231"
"292530.0";"2.306978"
"292540.0";"2.321626"
"292550.0";"2.334481"
"292560.0";"2.332537"
"292570.0";"2.295705"
"292580.0";"2.3213"
"292590.0";"2.274629"
"292600.0";"2.363491"
"292610.0";"2.348035"
"292620.0";"2.28028"
"292630.0";"2.235111"
"292640.0";"2.31442"
"292650.0";"2.325143"
"292660.0";"2.34442"
"292670.0";"2.32454"
"292680.0";"2.268408"
"292690.0";"2.40051"
"292700.0";"2.344314"
"292710.0";"2.271191"
"292720.0";"2.256355"
"292730.0";"2.265118"
"292740.0";"2.274066"
"292750.0";"2.287884"
"292760.0";"2.374298"
"292770.0";"2.342316"
"292780.0";"2.37372"
"292790.0";"2.384074"
"292800.0";"2.279306"
"292810.0";"2.23743"
"292820.0";"2.312919"
"292830.0";"2.269087"
"292840.0";"2.357851"
"292850.0";"2.318472"
"292860.0";"2.307271"
"292870.0";"2.335158"
"292880.0";"2.319317"
"292890.0";"2.385901"
"292900.0";"2.271624"
"292910.0";"2.343006"
"292920.0";"2.338249"
"292930.0";"2.393451"
"292940.0";"2.350783"
"292950.0";"2.346349"
"292960.0";"2.357708"
"292970.0";"2.358755"
"292980.0";"2.356761"
"292990.0";"2.382451"
"293000.0";"2.359935"
"293010.0";"2.293829"
"293020.0";"2.325976"
"293030.0";"2.26615"
"293040.0";"2.371228"
"293050.0";"2.314313"
"293060.0";"2.321531"
"293070.0";"2.258483"
"293080.0";"2.283843"
"293090.0";"2.251329"
"293100.0";"2.335802"
"293110.0";"2.346495"
"293120.0";"2.32691"
"293130.0";"2.273643"
"293140.0";"2.272316"
"293150.0";"2.238642"
"293160.0";"2.389754"
"293170.0";"2.250569"
"293180.0";"2.28445"
"293190.0";"2.339239"
"293200.0";"2.283887"
"293210.0";"2.262802"
"293220.0";"2.312184"
"293230.0";"2.275048"
"293240.0";"2.30467"
"293250.0";"2.246346"
"293260.0";"2.263369"
"293270.0";"2.318814"
"293280.0";"2.295151"
"293290.0";"2.275442"
"293300.0";"2.312789"
"293310.0";"2.320354"
"293320.0";"2.286462"
"293330.0";"2.289006"
"293340.0";"2.24194"
"293350.0";"2.293662"
"293360.0";"2.376984"
"293370.0";"2.351271"
"293380.0";"2.310398"
"293390.0";"2.34664"
"293400.0";"2.362126"
"293410.0";"2.322762"
"293420.0";"2.279048"
"293430.0";"2.2875"
"293440.0";"2.298999"
"293450.0";"2.313835"
"293460.0";"2.251827"
"293470.0";"2.237587"
"293480.0";"2.397263"
"293490.0";"2.285986"
"293500.0";"2.256421"
"293510.0";"2.275909"
"293520.0";"2.356311"
"293530.0";"2.285223"
"293540.0";"2.241016"
"293550.0";"2.294083"
"293560.0";"2.327542"
"293570.0";"2.238631"
"293580.0";"2.307416"
"293590.0";"2.320352"
"293600.0";"2.401671"
"293610.0";"2.273569"
"293620.0";"2.260953"
"293630.0";"2.245364"
"293640.0";"2.235075"
"293650.0";"2.262958"
"293660.0";"2.108649"
"293670.0";"2.206769"
"293680.0";"2.238657"
"293690.0";"2.192729"
"293700.0";"2.162495"
"293710.0";"2.329505"
"293720.0";"2.379155"
"293730.0";"2.291238"
"293740.0";"2.275053"
"293750.0";"2.304549"
"293760.0";"2.279766"
"293770.0";"2.291832"
"293780.0";"2.299303"
"293790.0";"2.306483"
"293800.0";"2.350952"
"293810.0";"2.279422"
"293820.0";"2.250522"
"293830.0";"2.290491"
"293840.0";"2.277769"
"293850.0";"2.293761"
"293860.0";"2.238519"
"293870.0";"2.320963"
"293880.0";"2.314857"
"293890.0";"2.239355"
"293900.0";"2.301202"
"293910.0";"2.27957"
"293920.0";"2.316403"
"293930.0";"2.267771"
"293940.0";"2.36108"
"293950.0";"2.334994"
"293960.0";"2.224765"
"293970.0";"2.256747"
"293980.0";"2.380977"
"293990.0";"2.288139"
"294000.0";"2.271329"
"294010.0";"2.304013"
"294020.0";"2.272349"
"294030.0";"2.24929"
"294040.0";"2.232404"
"294050.0";"2.36196"
"294060.0";"2.307214"
"294070.0";"2.367915"
"294080.0";"2.266584"
"294090.0";"2.24596"
"294100.0";"2.259364"
"294110.0";"2.286783"
"294120.0";"2.292993"
"294130.0";"2.3156"
"294140.0";"2.225477"
"294150.0";"2.265573"
"294160.0";"2.329451"
"294170.0";"2.305998"
"294180.0";"2.28738"
"294190.0";"2.303155"
"294200.0";"2.306371"
"294210.0";"2.330586"
"294220.0";"2.231541"
"294230.0";"2.238057"
"294240.0";"2.354558"
"294250.0";"2.243992"
"294260.0";"2.261896"
"294270.0";"2.307445"
"294280.0";"2.403435"
"294290.0";"2.295417"
"294300.0";"2.275292"
"294310.0";"2.299583"
"294320.0";"2.323319"
"294330.0";"2.345942"
"294340.0";"2.351239"
"294350.0";"2.339722"
"294360.0";"2.266133"
"294370.0";"2.259022"
"294380.0";"2.351892"
"294390.0";"2.312855"
"294400.0";"2.250491"
"294410.0";"2.2302"
"294420.0";"2.25252"
"294430.0";"2.260035"
"294440.0";"2.330906"
"294450.0";"2.290942"
"294460.0";"2.275978"
"294470.0";"2.356423"
"294480.0";"2.376902"
"294490.0";"2.333529"
"294500.0";"2.398305"
"294510.0";"2.368255"
"294520.0";"2.253098"
"294530.0";"2.295208"
"294540.0";"2.340631"
"294550.0";"2.334889"
"294560.0";"2.307232"
"294570.0";"2.265855"
"294580.0";"2.319309"
"294590.0";"2.312444"
"294600.0";"2.291111"
"294610.0";"2.297204"
"294620.0";"2.349005"
"294630.0";"2.351858"
"294640.0";"2.315267"
"294650.0";"2.342244"
"294660.0";"2.264274"
"294670.0";"2.238967"
"294680.0";"2.347235"
"294690.0";"2.301717"
"294700.0";"2.288179"
"294710.0";"2.235882"
"294720.0";"2.238897"
"294730.0";"2.360397"
"294740.0";"2.237097"
"294750.0";"2.301569"
"294760.0";"2.335955"
"294770.0";"2.268657"
"294780.0";"2.340131"
"294790.0";"2.353445"
"294800.0";"2.205973"
"294810.0";"2.324826"
"294820.0";"2.363389"
"294830.0";"2.334375"
"294840.0";"2.345783"
"294850.0";"2.293062"
"294860.0";"2.372682"
"294870.0";"2.292573"
"294880.0";"2.347783"
"294890.0";"2.264485"
"294900.0";"2.327388"
"294910.0";"2.273368"
"294920.0";"2.318266"
"294930.0";"2.34044"
"294940.0";"2.277186"
"294950.0";"2.297158"
"294960.0";"2.30347"
"294970.0";"2.310259"
"294980.0";"2.247759"
"294990.0";"2.291213"
"295000.0";"2.267123"
"295010.0";"2.282184"
"295020.0";"2.32282"
"295030.0";"2.320933"
"295040.0";"2.318262"
"295050.0";"2.268414"
"295060.0";"2.305168"
"295070.0";"2.314067"
"295080.0";"2.279531"
"295090.0";"2.321087"
"295100.0";"2.325364"
"295110.0";"2.281349"
"295120.0";"2.399061"
"295130.0";"2.27718"
"295140.0";"2.331404"
"295150.0";"2.346612"
"295160.0";"2.244566"
"295170.0";"2.339957"
"295180.0";"2.329541"
"295190.0";"2.315757"
"295200.0";"2.321857"
"295210.0";"2.321617"
"295220.0";"2.308386"
"295230.0";"2.345843"
"295240.0";"2.20286"
"295250.0";"2.304169"
"295260.0";"2.253304"
"295270.0";"2.34971"
"295280.0";"2.196795"
"295290.0";"2.331771"
"295300.0";"2.306891"
"295310.0";"2.29088"
"295320.0";"2.281939"
"295330.0";"2.340928"
"295340.0";"2.348884"
"295350.0";"2.290055"
"295360.0";"2.285213"
"295370.0";"2.282395"
"295380.0";"2.307422"
"295390.0";"2.335387"
"295400.0";"2.30302"
"295410.0";"2.38868"
"295420.0";"2.255188"
"295430.0";"2.339867"
"295440.0";"2.322411"
"295450.0";"2.302393"
"295460.0";"2.278653"
"295470.0";"2.331977"
"295480.0";"2.358148"
"295490.0";"2.24302"
"295500.0";"2.362805"
"295510.0";"2.36856"
"295520.0";"2.356989"
"295530.0";"2.318884"
"295540.0";"2.293116"
"295550.0";"2.343825"
"295560.0";"2.368165"
"295570.0";"2.345452"
"295580.0";"2.270589"
"295590.0";"2.314306"
"295600.0";"2.298822"
"295610.0";"2.310274"
"295620.0";"2.318721"
"295630.0";"2.253111"
"295640.0";"2.30701"
"295650.0";"2.243779"
"295660.0";"2.258642"
"295670.0";"2.338111"
"295680.0";"2.347231"
"295690.0";"2.280911"
"295700.0";"2.400328"
"295710.0";"2.288476"
"295720.0";"2.299004"
"295730.0";"2.348142"
"295740.0";"2.347243"
"295750.0";"2.335528"
"295760.0";"2.373953"
"295770.0";"2.280648"
"295780.0";"2.299627"
"295790.0";"2.375503"
"295800.0";"2.38917"
"295810.0";"2.306361"
"295820.0";"2.254721"
"295830.0";"2.295868"
"295840.0";"2.295799"
"295850.0";"2.322112"
"295860.0";"2.356164"
"295870.0";"2.247854"
"295880.0";"2.342996"
"295890.0";"2.317208"
"295900.0";"2.402317"
"295910.0";"2.362804"
"295920.0";"2.319795"
"295930.0";"2.357261"
"295940.0";"2.360084"
"295950.0";"2.393631"
"295960.0";"2.391514"
"295970.0";"2.322641"
"295980.0";"2.358232"
"295990.0";"2.331313"
"296000.0";"2.344137"
"296010.0";"2.290904"
"296020.0";"2.294323"
"296030.0";"2.317876"
"296040.0";"2.339274"
"296050.0";"2.299128"
"296060.0";"2.340337"
"296070.0";"2.258145"
"296080.0";"2.356836"
"296090.0";"2.341438"
"296100.0";"2.313206"
"296110.0";"2.234773"
"296120.0";"2.34831"
"296130.0";"2.260792"
"296140.0";"2.280669"
"296150.0";"2.268535"
"296160.0";"2.215733"
"296170.0";"2.363897"
"296180.0";"2.336783"
"296190.0";"2.313552"
"296200.0";"2.285676"
"296210.0";"2.311609"
"296220.0";"2.265899"
"296230.0";"2.312657"
"296240.0";"2.396575"
"296250.0";"2.33282"
"296260.0";"2.291439"
"296270.0";"2.304392"
"296280.0";"2.265966"
"296290.0";"2.330695"
"296300.0";"2.204347"
"296310.0";"2.324622"
"296320.0";"2.256262"
"296330.0";"2.321099"
"296340.0";"2.275902"
"296350.0";"2.267172"
"296360.0";"2.295578"
"296370.0";"2.31095"
"296380.0";"2.336614"
"296390.0";"2.26717"
"296400.0";"2.280361"
"296410.0";"2.27154"
"296420.0";"2.288789"
"296430.0";"2.284327"
"296440.0";"2.193597"
"296450.0";"2.267874"
"296460.0";"2.312751"
"296470.0";"2.342685"
"296480.0";"2.323555"
"296490.0";"2.217"
"296500.0";"2.328666"
"296510.0";"2.317865"
"296520.0";"2.300733"
"296530.0";"2.383448"
"296540.0";"2.296184"
"296550.0";"2.294714"
"296560.0";"2.311953"
"296570.0";"2.299665"
"296580.0";"2.31821"
"296590.0";"2.362406"
"296600.0";"2.375458"
"296610.0";"2.308637"
"296620.0";"2.403914"
"296630.0";"2.342965"
"296640.0";"2.325"
"296650.0";"2.288308"
"296660.0";"2.261208"
"296670.0";"2.286226"
"296680.0";"2.236574"
"296690.0";"2.277078"
"296700.0";"2.306078"
"296710.0";"2.290769"
"296720.0";"2.258461"
"296730.0";"2.311704"
"296740.0";"2.316973"
"296750.0";"2.351216"
"296760.0";"2.385437"
"296770.0";"2.35214"
"296780.0";"2.268167"
"296790.0";"2.340719"
"296800.0";"2.293086"
"296810.0";"2.219095"
"296820.0";"2.338072"
"296830.0";"2.244566"
"296840.0";"2.286561"
"296850.0";"2.332012"
"296860.0";"2.278428"
"296870.0";"2.261465"
"296880.0";"2.368683"
"296890.0";"2.240602"
"296900.0";"2.314928"
"296910.0";"2.307402"
"296920.0";"2.291487"
"296930.0";"2.284801"
"296940.0";"2.241412"
"296950.0";"2.31654"
"296960.0";"2.258905"
"296970.0";"2.362563"
"296980.0";"2.26116"
"296990.0";"2.352155"
"297000.0";"2.279029"
"297010.0";"2.356247"
"297020.0";"2.295196"
"297030.0";"2.290793"
"297040.0";"2.306037"
"297050.0";"2.377323"
"297060.0";"2.261023"
"297070.0";"2.243893"
"297080.0";"2.285008"
"297090.0";"2.322422"
"297100.0";"2.374433"
"297110.0";"2.281714"
"297120.0";"2.290442"
"297130.0";"2.303843"
"297140.0";"2.351937"
"297150.0";"2.354477"
"297160.0";"2.311947"
"297170.0";"2.348337"
"297180.0";"2.296324"
"297190.0";"2.233097"
"297200.0";"2.297966"
"297210.0";"2.253635"
"297220.0";"2.311845"
"297230.0";"2.34855"
"297240.0";"2.353575"
"297250.0";"2.199186"
"297260.0";"2.279245"
"297270.0";"2.349416"
"297280.0";"2.283174"
"297290.0";"2.325183"
"297300.0";"2.33152"
"297310.0";"2.339504"
"297320.0";"2.26676"
"297330.0";"2.285531"
"297340.0";"2.315261"
"297350.0";"2.260836"
"297360.0";"2.32206"
"297370.0";"2.305632"
"297380.0";"2.256456"
"297390.0";"2.279288"
"297400.0";"2.329723"
"297410.0";"2.337483"
"297420.0";"2.369331"
"297430.0";"2.324873"
"297440.0";"2.283384"
"297450.0";"2.309593"
"297460.0";"2.296228"
"297470.0";"2.28576"
"297480.0";"2.303761"
"297490.0";"2.245185"
"297500.0";"2.275969"
"297510.0";"2.253697"
"297520.0";"2.337058"
"297530.0";"2.4011"
"297540.0";"2.291353"
"297550.0";"2.371058"
"297560.0";"2.350246"
"297570.0";"2.303421"
"297580.0";"2.288031"
"297590.0";"2.280766"
"297600.0";"2.317092"
"297610.0";"2.283939"
"297620.0";"2.290843"
"297630.0";"2.301948"
"297640.0";"2.288212"
"297650.0";"2.266094"
"297660.0";"2.297885"
"297670.0";"2.326345"
"297680.0";"2.36515"
"297690.0";"2.34477"
"297700.0";"2.405795"
"297710.0";"2.232968"
"297720.0";"2.299359"
"297730.0";"2.221488"
"297740.0";"2.246873"
"297750.0";"2.307831"
"297760.0";"2.253739"
"297770.0";"2.253076"
"297780.0";"2.1946"
"297790.0";"2.237262"
"297800.0";"2.245719"
"297810.0";"2.282698"
"297820.0";"2.293732"
"297830.0";"2.265751"
"297840.0";"2.264166"
"297850.0";"2.322814"
"297860.0";"2.287691"
"297870.0";"2.300587"
"297880.0";"2.236636"
"297890.0";"2.374554"
"297900.0";"2.240662"
"297910.0";"2.353289"
"297920.0";"2.290119"
"297930.0";"2.280646"
"297940.0";"2.246025"
"297950.0";"2.321407"
"297960.0";"2.243687"
"297970.0";"2.374947"
"297980.0";"2.300357"
"297990.0";"2.312223"
"298000.0";"2.279954"
"298010.0";"2.311884"
"298020.0";"2.335084"
"298030.0";"2.288588"
"298040.0";"2.335718"
"298050.0";"2.284822"
"298060.0";"2.223694"
"298070.0";"2.336644"
"298080.0";"2.289401"
"298090.0";"2.429335"
"298100.0";"2.270019"
"298110.0";"2.301589"
"298120.0";"2.278953"
"298130.0";"2.367393"
"298140.0";"2.336006"
"298150.0";"2.296778"
"298160.0";"2.310514"
"298170.0";"2.334811"
"298180.0";"2.254189"
"298190.0";"2.297032"
"298200.0";"2.339707"
"298210.0";"2.25312"
"298220.0";"2.342099"
"298230.0";"2.339635"
"298240.0";"2.267379"
"298250.0";"2.293161"
"298260.0";"2.277996"
"298270.0";"2.289672"
"298280.0";"2.39297"
"298290.0";"2.334259"
"298300.0";"2.258208"
"298310.0";"2.311317"
"298320.0";"2.321569"
"298330.0";"2.26149"
"298340.0";"2.312171"
"298350.0";"2.324039"
"298360.0";"2.300167"
"298370.0";"2.321569"
"298380.0";"2.253389"
"298390.0";"2.411382"
"298400.0";"2.276027"
"298410.0";"2.256582"
"298420.0";"2.231846"
"298430.0";"2.262354"
"298440.0";"2.249104"
"298450.0";"2.309704"
"298460.0";"2.338802"
"298470.0";"2.278723"
"298480.0";"2.258912"
"298490.0";"2.318592"
"298500.0";"2.213195"
"298510.0";"2.271687"
"298520.0";"2.30407"
"298530.0";"2.239279"
"298540.0";"2.360754"
"298550.0";"2.221547"
"298560.0";"2.339496"
"298570.0";"2.245148"
"298580.0";"2.234798"
"298590.0";"2.288133"
"298600.0";"2.207545"
"298610.0";"2.275852"
"298620.0";"2.326911"
"298630.0";"2.311606"
"298640.0";"2.292869"
"298650.0";"2.31547"
"298660.0";"2.286455"
"298670.0";"2.367466"
"298680.0";"2.341136"
"298690.0";"2.33236"
"298700.0";"2.306102"
"298710.0";"2.286245"
"298720.0";"2.289686"
"298730.0";"2.318783"
"298740.0";"2.26047"
"298750.0";"2.313"
"298760.0";"2.297551"
"298770.0";"2.366069"
"298780.0";"2.31771"
"298790.0";"2.292684"
"298800.0";"2.266774"
"298810.0";"2.342374"
"298820.0";"2.383447"
"298830.0";"2.360644"
"298840.0";"2.280936"
"298850.0";"2.329673"
"298860.0";"2.26316"
"298870.0";"2.275145"
"298880.0";"2.304837"
"298890.0";"2.34868"
"298900.0";"2.227172"
"298910.0";"2.296792"
"298920.0";"2.272574"
"298930.0";"2.22786"
"298940.0";"2.264099"
"298950.0";"2.349886"
"298960.0";"2.28727"
"298970.0";"2.332203"
"298980.0";"2.288398"
"298990.0";"2.290654"
"299000.0";"2.242136"
"299010.0";"2.344796"
"299020.0";"2.320525"
"299030.0";"2.280723"
"299040.0";"2.247471"
"299050.0";"2.262984"
"299060.0";"2.32207"
"299070.0";"2.346409"
"299080.0";"2.326122"
"299090.0";"2.269133"
"299100.0";"2.278107"
"299110.0";"2.365582"
"299120.0";"2.291446"
"299130.0";"2.374044"
"299140.0";"2.374153"
"299150.0";"2.264292"
"299160.0";"2.299011"
"299170.0";"2.287523"
"299180.0";"2.263239"
"299190.0";"2.284447"
"299200.0";"2.330138"
"299210.0";"2.352635"
"299220.0";"2.357035"
"299230.0";"2.351097"
"299240.0";"2.30633"
"299250.0";"2.303217"
"299260.0";"2.236519"
"299270.0";"2.238292"
"299280.0";"2.284922"
"299290.0";"2.270188"
"299300.0";"2.247482"
"299310.0";"2.310945"
"299320.0";"2.237746"
"299330.0";"2.290856"
"299340.0";"2.3041"
"299350.0";"2.324053"
"299360.0";"2.385135"
"299370.0";"2.336241"
"299380.0";"2.26811"
"299390.0";"2.300839"
"299400.0";"2.36016"
"299410.0";"2.286507"
"299420.0";"2.285689"
"299430.0";"2.325267"
"299440.0";"2.24825"
"299450.0";"2.200995"
"299460.0";"2.334152"
"299470.0";"2.284352"
"299480.0";"2.307405"
"299490.0";"2.233663"
"299500.0";"2.276318"
"299510.0";"2.250482"
"299520.0";"2.283108"
"299530.0";"2.249769"
"299540.0";"2.214457"
"299550.0";"2.261698"
"299560.0";"2.394346"
"299570.0";"2.297248"
"299580.0";"2.303942"
"299590.0";"2.248113"
"299600.0";"2.274434"
"299610.0";"2.342778"
"299620.0";"2.273324"
"299630.0";"2.241734"
"299640.0";"2.221554"
"299650.0";"2.256858"
"299660.0";"2.328512"
"299670.0";"2.302336"
"299680.0";"2.293213"
"299690.0";"2.270716"
"299700.0";"2.266452"
"299710.0";"2.207636"
"299720.0";"2.275447"
"299730.0";"2.21497"
"299740.0";"2.303394"
"299750.0";"2.224447"
"299760.0";"2.286806"
"299770.0";"2.296015"
"299780.0";"2.315281"
"299790.0";"2.260353"
"299800.0";"2.271515"
"299810.0";"2.238928"
"299820.0";"2.263365"
"299830.0";"2.189239"
"299840.0";"2.212178"
"299850.0";"2.222844"
"299860.0";"2.241168"
"299870.0";"2.281919"
"299880.0";"2.284338"
"299890.0";"2.273735"
"299900.0";"2.297634"
"299910.0";"2.194794"
"299920.0";"2.219198"
"299930.0";"2.303098"
"299940.0";"2.191697"
"299950.0";"2.276616"
"299960.0";"2.320815"
"299970.0";"2.286952"
"299980.0";"2.24177"
"299990.0";"2.311865"
"300000.0";"2.29111"
