# This .csv file was created 12.10.2024 14:27
# extracted out of file prod_num_hbonds_mol9.xvg in working dir /media/ron/DiplArbeit1/neue simulationen/6FXb/LIGAND/CLAD/6fxb_clad_1
# Original file was created by command :
"Donors and Acceptors"
"Time (ps)";"Donors Protein";"Acceptors Protein";"Donors MOL9";"Acceptors MOL9"
"0.0";"443.0";"443.0"
"10.0";"443.0";"443.0"
"20.0";"443.0";"443.0"
"30.0";"443.0";"443.0"
"40.0";"443.0";"443.0"
"50.0";"443.0";"443.0"
"60.0";"443.0";"443.0"
"70.0";"443.0";"443.0"
"80.0";"443.0";"443.0"
"90.0";"443.0";"443.0"
"100.0";"443.0";"443.0"
"110.0";"443.0";"443.0"
"120.0";"443.0";"443.0"
"130.0";"443.0";"443.0"
"140.0";"443.0";"443.0"
"150.0";"443.0";"443.0"
"160.0";"443.0";"443.0"
"170.0";"443.0";"443.0"
"180.0";"443.0";"443.0"
"190.0";"443.0";"443.0"
"200.0";"443.0";"443.0"
"210.0";"443.0";"443.0"
"220.0";"443.0";"443.0"
"230.0";"443.0";"443.0"
"240.0";"443.0";"443.0"
"250.0";"443.0";"443.0"
"260.0";"443.0";"443.0"
"270.0";"443.0";"443.0"
"280.0";"443.0";"443.0"
"290.0";"443.0";"443.0"
"300.0";"443.0";"443.0"
"310.0";"443.0";"443.0"
"320.0";"443.0";"443.0"
"330.0";"443.0";"443.0"
"340.0";"443.0";"443.0"
"350.0";"443.0";"443.0"
"360.0";"443.0";"443.0"
"370.0";"443.0";"443.0"
"380.0";"443.0";"443.0"
"390.0";"443.0";"443.0"
"400.0";"443.0";"443.0"
"410.0";"443.0";"443.0"
"420.0";"443.0";"443.0"
"430.0";"443.0";"443.0"
"440.0";"443.0";"443.0"
"450.0";"443.0";"443.0"
"460.0";"443.0";"443.0"
"470.0";"443.0";"443.0"
"480.0";"443.0";"443.0"
"490.0";"443.0";"443.0"
"500.0";"443.0";"443.0"
"510.0";"443.0";"443.0"
"520.0";"443.0";"443.0"
"530.0";"443.0";"443.0"
"540.0";"443.0";"443.0"
"550.0";"443.0";"443.0"
"560.0";"443.0";"443.0"
"570.0";"443.0";"443.0"
"580.0";"443.0";"443.0"
"590.0";"443.0";"443.0"
"600.0";"443.0";"443.0"
"610.0";"443.0";"443.0"
"620.0";"443.0";"443.0"
"630.0";"443.0";"443.0"
"640.0";"443.0";"443.0"
"650.0";"443.0";"443.0"
"660.0";"443.0";"443.0"
"670.0";"443.0";"443.0"
"680.0";"443.0";"443.0"
"690.0";"443.0";"443.0"
"700.0";"443.0";"443.0"
"710.0";"443.0";"443.0"
"720.0";"443.0";"443.0"
"730.0";"443.0";"443.0"
"740.0";"443.0";"443.0"
"750.0";"443.0";"443.0"
"760.0";"443.0";"443.0"
"770.0";"443.0";"443.0"
"780.0";"443.0";"443.0"
"790.0";"443.0";"443.0"
"800.0";"443.0";"443.0"
"810.0";"443.0";"443.0"
"820.0";"443.0";"443.0"
"830.0";"443.0";"443.0"
"840.0";"443.0";"443.0"
"850.0";"443.0";"443.0"
"860.0";"443.0";"443.0"
"870.0";"443.0";"443.0"
"880.0";"443.0";"443.0"
"890.0";"443.0";"443.0"
"900.0";"443.0";"443.0"
"910.0";"443.0";"443.0"
"920.0";"443.0";"443.0"
"930.0";"443.0";"443.0"
"940.0";"443.0";"443.0"
"950.0";"443.0";"443.0"
"960.0";"443.0";"443.0"
"970.0";"443.0";"443.0"
"980.0";"443.0";"443.0"
"990.0";"443.0";"443.0"
"1000.0";"443.0";"443.0"
"1010.0";"443.0";"443.0"
"1020.0";"443.0";"443.0"
"1030.0";"443.0";"443.0"
"1040.0";"443.0";"443.0"
"1050.0";"443.0";"443.0"
"1060.0";"443.0";"443.0"
"1070.0";"443.0";"443.0"
"1080.0";"443.0";"443.0"
"1090.0";"443.0";"443.0"
"1100.0";"443.0";"443.0"
"1110.0";"443.0";"443.0"
"1120.0";"443.0";"443.0"
"1130.0";"443.0";"443.0"
"1140.0";"443.0";"443.0"
"1150.0";"443.0";"443.0"
"1160.0";"443.0";"443.0"
"1170.0";"443.0";"443.0"
"1180.0";"443.0";"443.0"
"1190.0";"443.0";"443.0"
"1200.0";"443.0";"443.0"
"1210.0";"443.0";"443.0"
"1220.0";"443.0";"443.0"
"1230.0";"443.0";"443.0"
"1240.0";"443.0";"443.0"
"1250.0";"443.0";"443.0"
"1260.0";"443.0";"443.0"
"1270.0";"443.0";"443.0"
"1280.0";"443.0";"443.0"
"1290.0";"443.0";"443.0"
"1300.0";"443.0";"443.0"
"1310.0";"443.0";"443.0"
"1320.0";"443.0";"443.0"
"1330.0";"443.0";"443.0"
"1340.0";"443.0";"443.0"
"1350.0";"443.0";"443.0"
"1360.0";"443.0";"443.0"
"1370.0";"443.0";"443.0"
"1380.0";"443.0";"443.0"
"1390.0";"443.0";"443.0"
"1400.0";"443.0";"443.0"
"1410.0";"443.0";"443.0"
"1420.0";"443.0";"443.0"
"1430.0";"443.0";"443.0"
"1440.0";"443.0";"443.0"
"1450.0";"443.0";"443.0"
"1460.0";"443.0";"443.0"
"1470.0";"443.0";"443.0"
"1480.0";"443.0";"443.0"
"1490.0";"443.0";"443.0"
"1500.0";"443.0";"443.0"
"1510.0";"443.0";"443.0"
"1520.0";"443.0";"443.0"
"1530.0";"443.0";"443.0"
"1540.0";"443.0";"443.0"
"1550.0";"443.0";"443.0"
"1560.0";"443.0";"443.0"
"1570.0";"443.0";"443.0"
"1580.0";"443.0";"443.0"
"1590.0";"443.0";"443.0"
"1600.0";"443.0";"443.0"
"1610.0";"443.0";"443.0"
"1620.0";"443.0";"443.0"
"1630.0";"443.0";"443.0"
"1640.0";"443.0";"443.0"
"1650.0";"443.0";"443.0"
"1660.0";"443.0";"443.0"
"1670.0";"443.0";"443.0"
"1680.0";"443.0";"443.0"
"1690.0";"443.0";"443.0"
"1700.0";"443.0";"443.0"
"1710.0";"443.0";"443.0"
"1720.0";"443.0";"443.0"
"1730.0";"443.0";"443.0"
"1740.0";"443.0";"443.0"
"1750.0";"443.0";"443.0"
"1760.0";"443.0";"443.0"
"1770.0";"443.0";"443.0"
"1780.0";"443.0";"443.0"
"1790.0";"443.0";"443.0"
"1800.0";"443.0";"443.0"
"1810.0";"443.0";"443.0"
"1820.0";"443.0";"443.0"
"1830.0";"443.0";"443.0"
"1840.0";"443.0";"443.0"
"1850.0";"443.0";"443.0"
"1860.0";"443.0";"443.0"
"1870.0";"443.0";"443.0"
"1880.0";"443.0";"443.0"
"1890.0";"443.0";"443.0"
"1900.0";"443.0";"443.0"
"1910.0";"443.0";"443.0"
"1920.0";"443.0";"443.0"
"1930.0";"443.0";"443.0"
"1940.0";"443.0";"443.0"
"1950.0";"443.0";"443.0"
"1960.0";"443.0";"443.0"
"1970.0";"443.0";"443.0"
"1980.0";"443.0";"443.0"
"1990.0";"443.0";"443.0"
"2000.0";"443.0";"443.0"
"2010.0";"443.0";"443.0"
"2020.0";"443.0";"443.0"
"2030.0";"443.0";"443.0"
"2040.0";"443.0";"443.0"
"2050.0";"443.0";"443.0"
"2060.0";"443.0";"443.0"
"2070.0";"443.0";"443.0"
"2080.0";"443.0";"443.0"
"2090.0";"443.0";"443.0"
"2100.0";"443.0";"443.0"
"2110.0";"443.0";"443.0"
"2120.0";"443.0";"443.0"
"2130.0";"443.0";"443.0"
"2140.0";"443.0";"443.0"
"2150.0";"443.0";"443.0"
"2160.0";"443.0";"443.0"
"2170.0";"443.0";"443.0"
"2180.0";"443.0";"443.0"
"2190.0";"443.0";"443.0"
"2200.0";"443.0";"443.0"
"2210.0";"443.0";"443.0"
"2220.0";"443.0";"443.0"
"2230.0";"443.0";"443.0"
"2240.0";"443.0";"443.0"
"2250.0";"443.0";"443.0"
"2260.0";"443.0";"443.0"
"2270.0";"443.0";"443.0"
"2280.0";"443.0";"443.0"
"2290.0";"443.0";"443.0"
"2300.0";"443.0";"443.0"
"2310.0";"443.0";"443.0"
"2320.0";"443.0";"443.0"
"2330.0";"443.0";"443.0"
"2340.0";"443.0";"443.0"
"2350.0";"443.0";"443.0"
"2360.0";"443.0";"443.0"
"2370.0";"443.0";"443.0"
"2380.0";"443.0";"443.0"
"2390.0";"443.0";"443.0"
"2400.0";"443.0";"443.0"
"2410.0";"443.0";"443.0"
"2420.0";"443.0";"443.0"
"2430.0";"443.0";"443.0"
"2440.0";"443.0";"443.0"
"2450.0";"443.0";"443.0"
"2460.0";"443.0";"443.0"
"2470.0";"443.0";"443.0"
"2480.0";"443.0";"443.0"
"2490.0";"443.0";"443.0"
"2500.0";"443.0";"443.0"
"2510.0";"443.0";"443.0"
"2520.0";"443.0";"443.0"
"2530.0";"443.0";"443.0"
"2540.0";"443.0";"443.0"
"2550.0";"443.0";"443.0"
"2560.0";"443.0";"443.0"
"2570.0";"443.0";"443.0"
"2580.0";"443.0";"443.0"
"2590.0";"443.0";"443.0"
"2600.0";"443.0";"443.0"
"2610.0";"443.0";"443.0"
"2620.0";"443.0";"443.0"
"2630.0";"443.0";"443.0"
"2640.0";"443.0";"443.0"
"2650.0";"443.0";"443.0"
"2660.0";"443.0";"443.0"
"2670.0";"443.0";"443.0"
"2680.0";"443.0";"443.0"
"2690.0";"443.0";"443.0"
"2700.0";"443.0";"443.0"
"2710.0";"443.0";"443.0"
"2720.0";"443.0";"443.0"
"2730.0";"443.0";"443.0"
"2740.0";"443.0";"443.0"
"2750.0";"443.0";"443.0"
"2760.0";"443.0";"443.0"
"2770.0";"443.0";"443.0"
"2780.0";"443.0";"443.0"
"2790.0";"443.0";"443.0"
"2800.0";"443.0";"443.0"
"2810.0";"443.0";"443.0"
"2820.0";"443.0";"443.0"
"2830.0";"443.0";"443.0"
"2840.0";"443.0";"443.0"
"2850.0";"443.0";"443.0"
"2860.0";"443.0";"443.0"
"2870.0";"443.0";"443.0"
"2880.0";"443.0";"443.0"
"2890.0";"443.0";"443.0"
"2900.0";"443.0";"443.0"
"2910.0";"443.0";"443.0"
"2920.0";"443.0";"443.0"
"2930.0";"443.0";"443.0"
"2940.0";"443.0";"443.0"
"2950.0";"443.0";"443.0"
"2960.0";"443.0";"443.0"
"2970.0";"443.0";"443.0"
"2980.0";"443.0";"443.0"
"2990.0";"443.0";"443.0"
"3000.0";"443.0";"443.0"
"3010.0";"443.0";"443.0"
"3020.0";"443.0";"443.0"
"3030.0";"443.0";"443.0"
"3040.0";"443.0";"443.0"
"3050.0";"443.0";"443.0"
"3060.0";"443.0";"443.0"
"3070.0";"443.0";"443.0"
"3080.0";"443.0";"443.0"
"3090.0";"443.0";"443.0"
"3100.0";"443.0";"443.0"
"3110.0";"443.0";"443.0"
"3120.0";"443.0";"443.0"
"3130.0";"443.0";"443.0"
"3140.0";"443.0";"443.0"
"3150.0";"443.0";"443.0"
"3160.0";"443.0";"443.0"
"3170.0";"443.0";"443.0"
"3180.0";"443.0";"443.0"
"3190.0";"443.0";"443.0"
"3200.0";"443.0";"443.0"
"3210.0";"443.0";"443.0"
"3220.0";"443.0";"443.0"
"3230.0";"443.0";"443.0"
"3240.0";"443.0";"443.0"
"3250.0";"443.0";"443.0"
"3260.0";"443.0";"443.0"
"3270.0";"443.0";"443.0"
"3280.0";"443.0";"443.0"
"3290.0";"443.0";"443.0"
"3300.0";"443.0";"443.0"
"3310.0";"443.0";"443.0"
"3320.0";"443.0";"443.0"
"3330.0";"443.0";"443.0"
"3340.0";"443.0";"443.0"
"3350.0";"443.0";"443.0"
"3360.0";"443.0";"443.0"
"3370.0";"443.0";"443.0"
"3380.0";"443.0";"443.0"
"3390.0";"443.0";"443.0"
"3400.0";"443.0";"443.0"
"3410.0";"443.0";"443.0"
"3420.0";"443.0";"443.0"
"3430.0";"443.0";"443.0"
"3440.0";"443.0";"443.0"
"3450.0";"443.0";"443.0"
"3460.0";"443.0";"443.0"
"3470.0";"443.0";"443.0"
"3480.0";"443.0";"443.0"
"3490.0";"443.0";"443.0"
"3500.0";"443.0";"443.0"
"3510.0";"443.0";"443.0"
"3520.0";"443.0";"443.0"
"3530.0";"443.0";"443.0"
"3540.0";"443.0";"443.0"
"3550.0";"443.0";"443.0"
"3560.0";"443.0";"443.0"
"3570.0";"443.0";"443.0"
"3580.0";"443.0";"443.0"
"3590.0";"443.0";"443.0"
"3600.0";"443.0";"443.0"
"3610.0";"443.0";"443.0"
"3620.0";"443.0";"443.0"
"3630.0";"443.0";"443.0"
"3640.0";"443.0";"443.0"
"3650.0";"443.0";"443.0"
"3660.0";"443.0";"443.0"
"3670.0";"443.0";"443.0"
"3680.0";"443.0";"443.0"
"3690.0";"443.0";"443.0"
"3700.0";"443.0";"443.0"
"3710.0";"443.0";"443.0"
"3720.0";"443.0";"443.0"
"3730.0";"443.0";"443.0"
"3740.0";"443.0";"443.0"
"3750.0";"443.0";"443.0"
"3760.0";"443.0";"443.0"
"3770.0";"443.0";"443.0"
"3780.0";"443.0";"443.0"
"3790.0";"443.0";"443.0"
"3800.0";"443.0";"443.0"
"3810.0";"443.0";"443.0"
"3820.0";"443.0";"443.0"
"3830.0";"443.0";"443.0"
"3840.0";"443.0";"443.0"
"3850.0";"443.0";"443.0"
"3860.0";"443.0";"443.0"
"3870.0";"443.0";"443.0"
"3880.0";"443.0";"443.0"
"3890.0";"443.0";"443.0"
"3900.0";"443.0";"443.0"
"3910.0";"443.0";"443.0"
"3920.0";"443.0";"443.0"
"3930.0";"443.0";"443.0"
"3940.0";"443.0";"443.0"
"3950.0";"443.0";"443.0"
"3960.0";"443.0";"443.0"
"3970.0";"443.0";"443.0"
"3980.0";"443.0";"443.0"
"3990.0";"443.0";"443.0"
"4000.0";"443.0";"443.0"
"4010.0";"443.0";"443.0"
"4020.0";"443.0";"443.0"
"4030.0";"443.0";"443.0"
"4040.0";"443.0";"443.0"
"4050.0";"443.0";"443.0"
"4060.0";"443.0";"443.0"
"4070.0";"443.0";"443.0"
"4080.0";"443.0";"443.0"
"4090.0";"443.0";"443.0"
"4100.0";"443.0";"443.0"
"4110.0";"443.0";"443.0"
"4120.0";"443.0";"443.0"
"4130.0";"443.0";"443.0"
"4140.0";"443.0";"443.0"
"4150.0";"443.0";"443.0"
"4160.0";"443.0";"443.0"
"4170.0";"443.0";"443.0"
"4180.0";"443.0";"443.0"
"4190.0";"443.0";"443.0"
"4200.0";"443.0";"443.0"
"4210.0";"443.0";"443.0"
"4220.0";"443.0";"443.0"
"4230.0";"443.0";"443.0"
"4240.0";"443.0";"443.0"
"4250.0";"443.0";"443.0"
"4260.0";"443.0";"443.0"
"4270.0";"443.0";"443.0"
"4280.0";"443.0";"443.0"
"4290.0";"443.0";"443.0"
"4300.0";"443.0";"443.0"
"4310.0";"443.0";"443.0"
"4320.0";"443.0";"443.0"
"4330.0";"443.0";"443.0"
"4340.0";"443.0";"443.0"
"4350.0";"443.0";"443.0"
"4360.0";"443.0";"443.0"
"4370.0";"443.0";"443.0"
"4380.0";"443.0";"443.0"
"4390.0";"443.0";"443.0"
"4400.0";"443.0";"443.0"
"4410.0";"443.0";"443.0"
"4420.0";"443.0";"443.0"
"4430.0";"443.0";"443.0"
"4440.0";"443.0";"443.0"
"4450.0";"443.0";"443.0"
"4460.0";"443.0";"443.0"
"4470.0";"443.0";"443.0"
"4480.0";"443.0";"443.0"
"4490.0";"443.0";"443.0"
"4500.0";"443.0";"443.0"
"4510.0";"443.0";"443.0"
"4520.0";"443.0";"443.0"
"4530.0";"443.0";"443.0"
"4540.0";"443.0";"443.0"
"4550.0";"443.0";"443.0"
"4560.0";"443.0";"443.0"
"4570.0";"443.0";"443.0"
"4580.0";"443.0";"443.0"
"4590.0";"443.0";"443.0"
"4600.0";"443.0";"443.0"
"4610.0";"443.0";"443.0"
"4620.0";"443.0";"443.0"
"4630.0";"443.0";"443.0"
"4640.0";"443.0";"443.0"
"4650.0";"443.0";"443.0"
"4660.0";"443.0";"443.0"
"4670.0";"443.0";"443.0"
"4680.0";"443.0";"443.0"
"4690.0";"443.0";"443.0"
"4700.0";"443.0";"443.0"
"4710.0";"443.0";"443.0"
"4720.0";"443.0";"443.0"
"4730.0";"443.0";"443.0"
"4740.0";"443.0";"443.0"
"4750.0";"443.0";"443.0"
"4760.0";"443.0";"443.0"
"4770.0";"443.0";"443.0"
"4780.0";"443.0";"443.0"
"4790.0";"443.0";"443.0"
"4800.0";"443.0";"443.0"
"4810.0";"443.0";"443.0"
"4820.0";"443.0";"443.0"
"4830.0";"443.0";"443.0"
"4840.0";"443.0";"443.0"
"4850.0";"443.0";"443.0"
"4860.0";"443.0";"443.0"
"4870.0";"443.0";"443.0"
"4880.0";"443.0";"443.0"
"4890.0";"443.0";"443.0"
"4900.0";"443.0";"443.0"
"4910.0";"443.0";"443.0"
"4920.0";"443.0";"443.0"
"4930.0";"443.0";"443.0"
"4940.0";"443.0";"443.0"
"4950.0";"443.0";"443.0"
"4960.0";"443.0";"443.0"
"4970.0";"443.0";"443.0"
"4980.0";"443.0";"443.0"
"4990.0";"443.0";"443.0"
"5000.0";"443.0";"443.0"
"5010.0";"443.0";"443.0"
"5020.0";"443.0";"443.0"
"5030.0";"443.0";"443.0"
"5040.0";"443.0";"443.0"
"5050.0";"443.0";"443.0"
"5060.0";"443.0";"443.0"
"5070.0";"443.0";"443.0"
"5080.0";"443.0";"443.0"
"5090.0";"443.0";"443.0"
"5100.0";"443.0";"443.0"
"5110.0";"443.0";"443.0"
"5120.0";"443.0";"443.0"
"5130.0";"443.0";"443.0"
"5140.0";"443.0";"443.0"
"5150.0";"443.0";"443.0"
"5160.0";"443.0";"443.0"
"5170.0";"443.0";"443.0"
"5180.0";"443.0";"443.0"
"5190.0";"443.0";"443.0"
"5200.0";"443.0";"443.0"
"5210.0";"443.0";"443.0"
"5220.0";"443.0";"443.0"
"5230.0";"443.0";"443.0"
"5240.0";"443.0";"443.0"
"5250.0";"443.0";"443.0"
"5260.0";"443.0";"443.0"
"5270.0";"443.0";"443.0"
"5280.0";"443.0";"443.0"
"5290.0";"443.0";"443.0"
"5300.0";"443.0";"443.0"
"5310.0";"443.0";"443.0"
"5320.0";"443.0";"443.0"
"5330.0";"443.0";"443.0"
"5340.0";"443.0";"443.0"
"5350.0";"443.0";"443.0"
"5360.0";"443.0";"443.0"
"5370.0";"443.0";"443.0"
"5380.0";"443.0";"443.0"
"5390.0";"443.0";"443.0"
"5400.0";"443.0";"443.0"
"5410.0";"443.0";"443.0"
"5420.0";"443.0";"443.0"
"5430.0";"443.0";"443.0"
"5440.0";"443.0";"443.0"
"5450.0";"443.0";"443.0"
"5460.0";"443.0";"443.0"
"5470.0";"443.0";"443.0"
"5480.0";"443.0";"443.0"
"5490.0";"443.0";"443.0"
"5500.0";"443.0";"443.0"
"5510.0";"443.0";"443.0"
"5520.0";"443.0";"443.0"
"5530.0";"443.0";"443.0"
"5540.0";"443.0";"443.0"
"5550.0";"443.0";"443.0"
"5560.0";"443.0";"443.0"
"5570.0";"443.0";"443.0"
"5580.0";"443.0";"443.0"
"5590.0";"443.0";"443.0"
"5600.0";"443.0";"443.0"
"5610.0";"443.0";"443.0"
"5620.0";"443.0";"443.0"
"5630.0";"443.0";"443.0"
"5640.0";"443.0";"443.0"
"5650.0";"443.0";"443.0"
"5660.0";"443.0";"443.0"
"5670.0";"443.0";"443.0"
"5680.0";"443.0";"443.0"
"5690.0";"443.0";"443.0"
"5700.0";"443.0";"443.0"
"5710.0";"443.0";"443.0"
"5720.0";"443.0";"443.0"
"5730.0";"443.0";"443.0"
"5740.0";"443.0";"443.0"
"5750.0";"443.0";"443.0"
"5760.0";"443.0";"443.0"
"5770.0";"443.0";"443.0"
"5780.0";"443.0";"443.0"
"5790.0";"443.0";"443.0"
"5800.0";"443.0";"443.0"
"5810.0";"443.0";"443.0"
"5820.0";"443.0";"443.0"
"5830.0";"443.0";"443.0"
"5840.0";"443.0";"443.0"
"5850.0";"443.0";"443.0"
"5860.0";"443.0";"443.0"
"5870.0";"443.0";"443.0"
"5880.0";"443.0";"443.0"
"5890.0";"443.0";"443.0"
"5900.0";"443.0";"443.0"
"5910.0";"443.0";"443.0"
"5920.0";"443.0";"443.0"
"5930.0";"443.0";"443.0"
"5940.0";"443.0";"443.0"
"5950.0";"443.0";"443.0"
"5960.0";"443.0";"443.0"
"5970.0";"443.0";"443.0"
"5980.0";"443.0";"443.0"
"5990.0";"443.0";"443.0"
"6000.0";"443.0";"443.0"
"6010.0";"443.0";"443.0"
"6020.0";"443.0";"443.0"
"6030.0";"443.0";"443.0"
"6040.0";"443.0";"443.0"
"6050.0";"443.0";"443.0"
"6060.0";"443.0";"443.0"
"6070.0";"443.0";"443.0"
"6080.0";"443.0";"443.0"
"6090.0";"443.0";"443.0"
"6100.0";"443.0";"443.0"
"6110.0";"443.0";"443.0"
"6120.0";"443.0";"443.0"
"6130.0";"443.0";"443.0"
"6140.0";"443.0";"443.0"
"6150.0";"443.0";"443.0"
"6160.0";"443.0";"443.0"
"6170.0";"443.0";"443.0"
"6180.0";"443.0";"443.0"
"6190.0";"443.0";"443.0"
"6200.0";"443.0";"443.0"
"6210.0";"443.0";"443.0"
"6220.0";"443.0";"443.0"
"6230.0";"443.0";"443.0"
"6240.0";"443.0";"443.0"
"6250.0";"443.0";"443.0"
"6260.0";"443.0";"443.0"
"6270.0";"443.0";"443.0"
"6280.0";"443.0";"443.0"
"6290.0";"443.0";"443.0"
"6300.0";"443.0";"443.0"
"6310.0";"443.0";"443.0"
"6320.0";"443.0";"443.0"
"6330.0";"443.0";"443.0"
"6340.0";"443.0";"443.0"
"6350.0";"443.0";"443.0"
"6360.0";"443.0";"443.0"
"6370.0";"443.0";"443.0"
"6380.0";"443.0";"443.0"
"6390.0";"443.0";"443.0"
"6400.0";"443.0";"443.0"
"6410.0";"443.0";"443.0"
"6420.0";"443.0";"443.0"
"6430.0";"443.0";"443.0"
"6440.0";"443.0";"443.0"
"6450.0";"443.0";"443.0"
"6460.0";"443.0";"443.0"
"6470.0";"443.0";"443.0"
"6480.0";"443.0";"443.0"
"6490.0";"443.0";"443.0"
"6500.0";"443.0";"443.0"
"6510.0";"443.0";"443.0"
"6520.0";"443.0";"443.0"
"6530.0";"443.0";"443.0"
"6540.0";"443.0";"443.0"
"6550.0";"443.0";"443.0"
"6560.0";"443.0";"443.0"
"6570.0";"443.0";"443.0"
"6580.0";"443.0";"443.0"
"6590.0";"443.0";"443.0"
"6600.0";"443.0";"443.0"
"6610.0";"443.0";"443.0"
"6620.0";"443.0";"443.0"
"6630.0";"443.0";"443.0"
"6640.0";"443.0";"443.0"
"6650.0";"443.0";"443.0"
"6660.0";"443.0";"443.0"
"6670.0";"443.0";"443.0"
"6680.0";"443.0";"443.0"
"6690.0";"443.0";"443.0"
"6700.0";"443.0";"443.0"
"6710.0";"443.0";"443.0"
"6720.0";"443.0";"443.0"
"6730.0";"443.0";"443.0"
"6740.0";"443.0";"443.0"
"6750.0";"443.0";"443.0"
"6760.0";"443.0";"443.0"
"6770.0";"443.0";"443.0"
"6780.0";"443.0";"443.0"
"6790.0";"443.0";"443.0"
"6800.0";"443.0";"443.0"
"6810.0";"443.0";"443.0"
"6820.0";"443.0";"443.0"
"6830.0";"443.0";"443.0"
"6840.0";"443.0";"443.0"
"6850.0";"443.0";"443.0"
"6860.0";"443.0";"443.0"
"6870.0";"443.0";"443.0"
"6880.0";"443.0";"443.0"
"6890.0";"443.0";"443.0"
"6900.0";"443.0";"443.0"
"6910.0";"443.0";"443.0"
"6920.0";"443.0";"443.0"
"6930.0";"443.0";"443.0"
"6940.0";"443.0";"443.0"
"6950.0";"443.0";"443.0"
"6960.0";"443.0";"443.0"
"6970.0";"443.0";"443.0"
"6980.0";"443.0";"443.0"
"6990.0";"443.0";"443.0"
"7000.0";"443.0";"443.0"
"7010.0";"443.0";"443.0"
"7020.0";"443.0";"443.0"
"7030.0";"443.0";"443.0"
"7040.0";"443.0";"443.0"
"7050.0";"443.0";"443.0"
"7060.0";"443.0";"443.0"
"7070.0";"443.0";"443.0"
"7080.0";"443.0";"443.0"
"7090.0";"443.0";"443.0"
"7100.0";"443.0";"443.0"
"7110.0";"443.0";"443.0"
"7120.0";"443.0";"443.0"
"7130.0";"443.0";"443.0"
"7140.0";"443.0";"443.0"
"7150.0";"443.0";"443.0"
"7160.0";"443.0";"443.0"
"7170.0";"443.0";"443.0"
"7180.0";"443.0";"443.0"
"7190.0";"443.0";"443.0"
"7200.0";"443.0";"443.0"
"7210.0";"443.0";"443.0"
"7220.0";"443.0";"443.0"
"7230.0";"443.0";"443.0"
"7240.0";"443.0";"443.0"
"7250.0";"443.0";"443.0"
"7260.0";"443.0";"443.0"
"7270.0";"443.0";"443.0"
"7280.0";"443.0";"443.0"
"7290.0";"443.0";"443.0"
"7300.0";"443.0";"443.0"
"7310.0";"443.0";"443.0"
"7320.0";"443.0";"443.0"
"7330.0";"443.0";"443.0"
"7340.0";"443.0";"443.0"
"7350.0";"443.0";"443.0"
"7360.0";"443.0";"443.0"
"7370.0";"443.0";"443.0"
"7380.0";"443.0";"443.0"
"7390.0";"443.0";"443.0"
"7400.0";"443.0";"443.0"
"7410.0";"443.0";"443.0"
"7420.0";"443.0";"443.0"
"7430.0";"443.0";"443.0"
"7440.0";"443.0";"443.0"
"7450.0";"443.0";"443.0"
"7460.0";"443.0";"443.0"
"7470.0";"443.0";"443.0"
"7480.0";"443.0";"443.0"
"7490.0";"443.0";"443.0"
"7500.0";"443.0";"443.0"
"7510.0";"443.0";"443.0"
"7520.0";"443.0";"443.0"
"7530.0";"443.0";"443.0"
"7540.0";"443.0";"443.0"
"7550.0";"443.0";"443.0"
"7560.0";"443.0";"443.0"
"7570.0";"443.0";"443.0"
"7580.0";"443.0";"443.0"
"7590.0";"443.0";"443.0"
"7600.0";"443.0";"443.0"
"7610.0";"443.0";"443.0"
"7620.0";"443.0";"443.0"
"7630.0";"443.0";"443.0"
"7640.0";"443.0";"443.0"
"7650.0";"443.0";"443.0"
"7660.0";"443.0";"443.0"
"7670.0";"443.0";"443.0"
"7680.0";"443.0";"443.0"
"7690.0";"443.0";"443.0"
"7700.0";"443.0";"443.0"
"7710.0";"443.0";"443.0"
"7720.0";"443.0";"443.0"
"7730.0";"443.0";"443.0"
"7740.0";"443.0";"443.0"
"7750.0";"443.0";"443.0"
"7760.0";"443.0";"443.0"
"7770.0";"443.0";"443.0"
"7780.0";"443.0";"443.0"
"7790.0";"443.0";"443.0"
"7800.0";"443.0";"443.0"
"7810.0";"443.0";"443.0"
"7820.0";"443.0";"443.0"
"7830.0";"443.0";"443.0"
"7840.0";"443.0";"443.0"
"7850.0";"443.0";"443.0"
"7860.0";"443.0";"443.0"
"7870.0";"443.0";"443.0"
"7880.0";"443.0";"443.0"
"7890.0";"443.0";"443.0"
"7900.0";"443.0";"443.0"
"7910.0";"443.0";"443.0"
"7920.0";"443.0";"443.0"
"7930.0";"443.0";"443.0"
"7940.0";"443.0";"443.0"
"7950.0";"443.0";"443.0"
"7960.0";"443.0";"443.0"
"7970.0";"443.0";"443.0"
"7980.0";"443.0";"443.0"
"7990.0";"443.0";"443.0"
"8000.0";"443.0";"443.0"
"8010.0";"443.0";"443.0"
"8020.0";"443.0";"443.0"
"8030.0";"443.0";"443.0"
"8040.0";"443.0";"443.0"
"8050.0";"443.0";"443.0"
"8060.0";"443.0";"443.0"
"8070.0";"443.0";"443.0"
"8080.0";"443.0";"443.0"
"8090.0";"443.0";"443.0"
"8100.0";"443.0";"443.0"
"8110.0";"443.0";"443.0"
"8120.0";"443.0";"443.0"
"8130.0";"443.0";"443.0"
"8140.0";"443.0";"443.0"
"8150.0";"443.0";"443.0"
"8160.0";"443.0";"443.0"
"8170.0";"443.0";"443.0"
"8180.0";"443.0";"443.0"
"8190.0";"443.0";"443.0"
"8200.0";"443.0";"443.0"
"8210.0";"443.0";"443.0"
"8220.0";"443.0";"443.0"
"8230.0";"443.0";"443.0"
"8240.0";"443.0";"443.0"
"8250.0";"443.0";"443.0"
"8260.0";"443.0";"443.0"
"8270.0";"443.0";"443.0"
"8280.0";"443.0";"443.0"
"8290.0";"443.0";"443.0"
"8300.0";"443.0";"443.0"
"8310.0";"443.0";"443.0"
"8320.0";"443.0";"443.0"
"8330.0";"443.0";"443.0"
"8340.0";"443.0";"443.0"
"8350.0";"443.0";"443.0"
"8360.0";"443.0";"443.0"
"8370.0";"443.0";"443.0"
"8380.0";"443.0";"443.0"
"8390.0";"443.0";"443.0"
"8400.0";"443.0";"443.0"
"8410.0";"443.0";"443.0"
"8420.0";"443.0";"443.0"
"8430.0";"443.0";"443.0"
"8440.0";"443.0";"443.0"
"8450.0";"443.0";"443.0"
"8460.0";"443.0";"443.0"
"8470.0";"443.0";"443.0"
"8480.0";"443.0";"443.0"
"8490.0";"443.0";"443.0"
"8500.0";"443.0";"443.0"
"8510.0";"443.0";"443.0"
"8520.0";"443.0";"443.0"
"8530.0";"443.0";"443.0"
"8540.0";"443.0";"443.0"
"8550.0";"443.0";"443.0"
"8560.0";"443.0";"443.0"
"8570.0";"443.0";"443.0"
"8580.0";"443.0";"443.0"
"8590.0";"443.0";"443.0"
"8600.0";"443.0";"443.0"
"8610.0";"443.0";"443.0"
"8620.0";"443.0";"443.0"
"8630.0";"443.0";"443.0"
"8640.0";"443.0";"443.0"
"8650.0";"443.0";"443.0"
"8660.0";"443.0";"443.0"
"8670.0";"443.0";"443.0"
"8680.0";"443.0";"443.0"
"8690.0";"443.0";"443.0"
"8700.0";"443.0";"443.0"
"8710.0";"443.0";"443.0"
"8720.0";"443.0";"443.0"
"8730.0";"443.0";"443.0"
"8740.0";"443.0";"443.0"
"8750.0";"443.0";"443.0"
"8760.0";"443.0";"443.0"
"8770.0";"443.0";"443.0"
"8780.0";"443.0";"443.0"
"8790.0";"443.0";"443.0"
"8800.0";"443.0";"443.0"
"8810.0";"443.0";"443.0"
"8820.0";"443.0";"443.0"
"8830.0";"443.0";"443.0"
"8840.0";"443.0";"443.0"
"8850.0";"443.0";"443.0"
"8860.0";"443.0";"443.0"
"8870.0";"443.0";"443.0"
"8880.0";"443.0";"443.0"
"8890.0";"443.0";"443.0"
"8900.0";"443.0";"443.0"
"8910.0";"443.0";"443.0"
"8920.0";"443.0";"443.0"
"8930.0";"443.0";"443.0"
"8940.0";"443.0";"443.0"
"8950.0";"443.0";"443.0"
"8960.0";"443.0";"443.0"
"8970.0";"443.0";"443.0"
"8980.0";"443.0";"443.0"
"8990.0";"443.0";"443.0"
"9000.0";"443.0";"443.0"
"9010.0";"443.0";"443.0"
"9020.0";"443.0";"443.0"
"9030.0";"443.0";"443.0"
"9040.0";"443.0";"443.0"
"9050.0";"443.0";"443.0"
"9060.0";"443.0";"443.0"
"9070.0";"443.0";"443.0"
"9080.0";"443.0";"443.0"
"9090.0";"443.0";"443.0"
"9100.0";"443.0";"443.0"
"9110.0";"443.0";"443.0"
"9120.0";"443.0";"443.0"
"9130.0";"443.0";"443.0"
"9140.0";"443.0";"443.0"
"9150.0";"443.0";"443.0"
"9160.0";"443.0";"443.0"
"9170.0";"443.0";"443.0"
"9180.0";"443.0";"443.0"
"9190.0";"443.0";"443.0"
"9200.0";"443.0";"443.0"
"9210.0";"443.0";"443.0"
"9220.0";"443.0";"443.0"
"9230.0";"443.0";"443.0"
"9240.0";"443.0";"443.0"
"9250.0";"443.0";"443.0"
"9260.0";"443.0";"443.0"
"9270.0";"443.0";"443.0"
"9280.0";"443.0";"443.0"
"9290.0";"443.0";"443.0"
"9300.0";"443.0";"443.0"
"9310.0";"443.0";"443.0"
"9320.0";"443.0";"443.0"
"9330.0";"443.0";"443.0"
"9340.0";"443.0";"443.0"
"9350.0";"443.0";"443.0"
"9360.0";"443.0";"443.0"
"9370.0";"443.0";"443.0"
"9380.0";"443.0";"443.0"
"9390.0";"443.0";"443.0"
"9400.0";"443.0";"443.0"
"9410.0";"443.0";"443.0"
"9420.0";"443.0";"443.0"
"9430.0";"443.0";"443.0"
"9440.0";"443.0";"443.0"
"9450.0";"443.0";"443.0"
"9460.0";"443.0";"443.0"
"9470.0";"443.0";"443.0"
"9480.0";"443.0";"443.0"
"9490.0";"443.0";"443.0"
"9500.0";"443.0";"443.0"
"9510.0";"443.0";"443.0"
"9520.0";"443.0";"443.0"
"9530.0";"443.0";"443.0"
"9540.0";"443.0";"443.0"
"9550.0";"443.0";"443.0"
"9560.0";"443.0";"443.0"
"9570.0";"443.0";"443.0"
"9580.0";"443.0";"443.0"
"9590.0";"443.0";"443.0"
"9600.0";"443.0";"443.0"
"9610.0";"443.0";"443.0"
"9620.0";"443.0";"443.0"
"9630.0";"443.0";"443.0"
"9640.0";"443.0";"443.0"
"9650.0";"443.0";"443.0"
"9660.0";"443.0";"443.0"
"9670.0";"443.0";"443.0"
"9680.0";"443.0";"443.0"
"9690.0";"443.0";"443.0"
"9700.0";"443.0";"443.0"
"9710.0";"443.0";"443.0"
"9720.0";"443.0";"443.0"
"9730.0";"443.0";"443.0"
"9740.0";"443.0";"443.0"
"9750.0";"443.0";"443.0"
"9760.0";"443.0";"443.0"
"9770.0";"443.0";"443.0"
"9780.0";"443.0";"443.0"
"9790.0";"443.0";"443.0"
"9800.0";"443.0";"443.0"
"9810.0";"443.0";"443.0"
"9820.0";"443.0";"443.0"
"9830.0";"443.0";"443.0"
"9840.0";"443.0";"443.0"
"9850.0";"443.0";"443.0"
"9860.0";"443.0";"443.0"
"9870.0";"443.0";"443.0"
"9880.0";"443.0";"443.0"
"9890.0";"443.0";"443.0"
"9900.0";"443.0";"443.0"
"9910.0";"443.0";"443.0"
"9920.0";"443.0";"443.0"
"9930.0";"443.0";"443.0"
"9940.0";"443.0";"443.0"
"9950.0";"443.0";"443.0"
"9960.0";"443.0";"443.0"
"9970.0";"443.0";"443.0"
"9980.0";"443.0";"443.0"
"9990.0";"443.0";"443.0"
"10000.0";"443.0";"443.0"
"10010.0";"443.0";"443.0"
"10020.0";"443.0";"443.0"
"10030.0";"443.0";"443.0"
"10040.0";"443.0";"443.0"
"10050.0";"443.0";"443.0"
"10060.0";"443.0";"443.0"
"10070.0";"443.0";"443.0"
"10080.0";"443.0";"443.0"
"10090.0";"443.0";"443.0"
"10100.0";"443.0";"443.0"
"10110.0";"443.0";"443.0"
"10120.0";"443.0";"443.0"
"10130.0";"443.0";"443.0"
"10140.0";"443.0";"443.0"
"10150.0";"443.0";"443.0"
"10160.0";"443.0";"443.0"
"10170.0";"443.0";"443.0"
"10180.0";"443.0";"443.0"
"10190.0";"443.0";"443.0"
"10200.0";"443.0";"443.0"
"10210.0";"443.0";"443.0"
"10220.0";"443.0";"443.0"
"10230.0";"443.0";"443.0"
"10240.0";"443.0";"443.0"
"10250.0";"443.0";"443.0"
"10260.0";"443.0";"443.0"
"10270.0";"443.0";"443.0"
"10280.0";"443.0";"443.0"
"10290.0";"443.0";"443.0"
"10300.0";"443.0";"443.0"
"10310.0";"443.0";"443.0"
"10320.0";"443.0";"443.0"
"10330.0";"443.0";"443.0"
"10340.0";"443.0";"443.0"
"10350.0";"443.0";"443.0"
"10360.0";"443.0";"443.0"
"10370.0";"443.0";"443.0"
"10380.0";"443.0";"443.0"
"10390.0";"443.0";"443.0"
"10400.0";"443.0";"443.0"
"10410.0";"443.0";"443.0"
"10420.0";"443.0";"443.0"
"10430.0";"443.0";"443.0"
"10440.0";"443.0";"443.0"
"10450.0";"443.0";"443.0"
"10460.0";"443.0";"443.0"
"10470.0";"443.0";"443.0"
"10480.0";"443.0";"443.0"
"10490.0";"443.0";"443.0"
"10500.0";"443.0";"443.0"
"10510.0";"443.0";"443.0"
"10520.0";"443.0";"443.0"
"10530.0";"443.0";"443.0"
"10540.0";"443.0";"443.0"
"10550.0";"443.0";"443.0"
"10560.0";"443.0";"443.0"
"10570.0";"443.0";"443.0"
"10580.0";"443.0";"443.0"
"10590.0";"443.0";"443.0"
"10600.0";"443.0";"443.0"
"10610.0";"443.0";"443.0"
"10620.0";"443.0";"443.0"
"10630.0";"443.0";"443.0"
"10640.0";"443.0";"443.0"
"10650.0";"443.0";"443.0"
"10660.0";"443.0";"443.0"
"10670.0";"443.0";"443.0"
"10680.0";"443.0";"443.0"
"10690.0";"443.0";"443.0"
"10700.0";"443.0";"443.0"
"10710.0";"443.0";"443.0"
"10720.0";"443.0";"443.0"
"10730.0";"443.0";"443.0"
"10740.0";"443.0";"443.0"
"10750.0";"443.0";"443.0"
"10760.0";"443.0";"443.0"
"10770.0";"443.0";"443.0"
"10780.0";"443.0";"443.0"
"10790.0";"443.0";"443.0"
"10800.0";"443.0";"443.0"
"10810.0";"443.0";"443.0"
"10820.0";"443.0";"443.0"
"10830.0";"443.0";"443.0"
"10840.0";"443.0";"443.0"
"10850.0";"443.0";"443.0"
"10860.0";"443.0";"443.0"
"10870.0";"443.0";"443.0"
"10880.0";"443.0";"443.0"
"10890.0";"443.0";"443.0"
"10900.0";"443.0";"443.0"
"10910.0";"443.0";"443.0"
"10920.0";"443.0";"443.0"
"10930.0";"443.0";"443.0"
"10940.0";"443.0";"443.0"
"10950.0";"443.0";"443.0"
"10960.0";"443.0";"443.0"
"10970.0";"443.0";"443.0"
"10980.0";"443.0";"443.0"
"10990.0";"443.0";"443.0"
"11000.0";"443.0";"443.0"
"11010.0";"443.0";"443.0"
"11020.0";"443.0";"443.0"
"11030.0";"443.0";"443.0"
"11040.0";"443.0";"443.0"
"11050.0";"443.0";"443.0"
"11060.0";"443.0";"443.0"
"11070.0";"443.0";"443.0"
"11080.0";"443.0";"443.0"
"11090.0";"443.0";"443.0"
"11100.0";"443.0";"443.0"
"11110.0";"443.0";"443.0"
"11120.0";"443.0";"443.0"
"11130.0";"443.0";"443.0"
"11140.0";"443.0";"443.0"
"11150.0";"443.0";"443.0"
"11160.0";"443.0";"443.0"
"11170.0";"443.0";"443.0"
"11180.0";"443.0";"443.0"
"11190.0";"443.0";"443.0"
"11200.0";"443.0";"443.0"
"11210.0";"443.0";"443.0"
"11220.0";"443.0";"443.0"
"11230.0";"443.0";"443.0"
"11240.0";"443.0";"443.0"
"11250.0";"443.0";"443.0"
"11260.0";"443.0";"443.0"
"11270.0";"443.0";"443.0"
"11280.0";"443.0";"443.0"
"11290.0";"443.0";"443.0"
"11300.0";"443.0";"443.0"
"11310.0";"443.0";"443.0"
"11320.0";"443.0";"443.0"
"11330.0";"443.0";"443.0"
"11340.0";"443.0";"443.0"
"11350.0";"443.0";"443.0"
"11360.0";"443.0";"443.0"
"11370.0";"443.0";"443.0"
"11380.0";"443.0";"443.0"
"11390.0";"443.0";"443.0"
"11400.0";"443.0";"443.0"
"11410.0";"443.0";"443.0"
"11420.0";"443.0";"443.0"
"11430.0";"443.0";"443.0"
"11440.0";"443.0";"443.0"
"11450.0";"443.0";"443.0"
"11460.0";"443.0";"443.0"
"11470.0";"443.0";"443.0"
"11480.0";"443.0";"443.0"
"11490.0";"443.0";"443.0"
"11500.0";"443.0";"443.0"
"11510.0";"443.0";"443.0"
"11520.0";"443.0";"443.0"
"11530.0";"443.0";"443.0"
"11540.0";"443.0";"443.0"
"11550.0";"443.0";"443.0"
"11560.0";"443.0";"443.0"
"11570.0";"443.0";"443.0"
"11580.0";"443.0";"443.0"
"11590.0";"443.0";"443.0"
"11600.0";"443.0";"443.0"
"11610.0";"443.0";"443.0"
"11620.0";"443.0";"443.0"
"11630.0";"443.0";"443.0"
"11640.0";"443.0";"443.0"
"11650.0";"443.0";"443.0"
"11660.0";"443.0";"443.0"
"11670.0";"443.0";"443.0"
"11680.0";"443.0";"443.0"
"11690.0";"443.0";"443.0"
"11700.0";"443.0";"443.0"
"11710.0";"443.0";"443.0"
"11720.0";"443.0";"443.0"
"11730.0";"443.0";"443.0"
"11740.0";"443.0";"443.0"
"11750.0";"443.0";"443.0"
"11760.0";"443.0";"443.0"
"11770.0";"443.0";"443.0"
"11780.0";"443.0";"443.0"
"11790.0";"443.0";"443.0"
"11800.0";"443.0";"443.0"
"11810.0";"443.0";"443.0"
"11820.0";"443.0";"443.0"
"11830.0";"443.0";"443.0"
"11840.0";"443.0";"443.0"
"11850.0";"443.0";"443.0"
"11860.0";"443.0";"443.0"
"11870.0";"443.0";"443.0"
"11880.0";"443.0";"443.0"
"11890.0";"443.0";"443.0"
"11900.0";"443.0";"443.0"
"11910.0";"443.0";"443.0"
"11920.0";"443.0";"443.0"
"11930.0";"443.0";"443.0"
"11940.0";"443.0";"443.0"
"11950.0";"443.0";"443.0"
"11960.0";"443.0";"443.0"
"11970.0";"443.0";"443.0"
"11980.0";"443.0";"443.0"
"11990.0";"443.0";"443.0"
"12000.0";"443.0";"443.0"
"12010.0";"443.0";"443.0"
"12020.0";"443.0";"443.0"
"12030.0";"443.0";"443.0"
"12040.0";"443.0";"443.0"
"12050.0";"443.0";"443.0"
"12060.0";"443.0";"443.0"
"12070.0";"443.0";"443.0"
"12080.0";"443.0";"443.0"
"12090.0";"443.0";"443.0"
"12100.0";"443.0";"443.0"
"12110.0";"443.0";"443.0"
"12120.0";"443.0";"443.0"
"12130.0";"443.0";"443.0"
"12140.0";"443.0";"443.0"
"12150.0";"443.0";"443.0"
"12160.0";"443.0";"443.0"
"12170.0";"443.0";"443.0"
"12180.0";"443.0";"443.0"
"12190.0";"443.0";"443.0"
"12200.0";"443.0";"443.0"
"12210.0";"443.0";"443.0"
"12220.0";"443.0";"443.0"
"12230.0";"443.0";"443.0"
"12240.0";"443.0";"443.0"
"12250.0";"443.0";"443.0"
"12260.0";"443.0";"443.0"
"12270.0";"443.0";"443.0"
"12280.0";"443.0";"443.0"
"12290.0";"443.0";"443.0"
"12300.0";"443.0";"443.0"
"12310.0";"443.0";"443.0"
"12320.0";"443.0";"443.0"
"12330.0";"443.0";"443.0"
"12340.0";"443.0";"443.0"
"12350.0";"443.0";"443.0"
"12360.0";"443.0";"443.0"
"12370.0";"443.0";"443.0"
"12380.0";"443.0";"443.0"
"12390.0";"443.0";"443.0"
"12400.0";"443.0";"443.0"
"12410.0";"443.0";"443.0"
"12420.0";"443.0";"443.0"
"12430.0";"443.0";"443.0"
"12440.0";"443.0";"443.0"
"12450.0";"443.0";"443.0"
"12460.0";"443.0";"443.0"
"12470.0";"443.0";"443.0"
"12480.0";"443.0";"443.0"
"12490.0";"443.0";"443.0"
"12500.0";"443.0";"443.0"
"12510.0";"443.0";"443.0"
"12520.0";"443.0";"443.0"
"12530.0";"443.0";"443.0"
"12540.0";"443.0";"443.0"
"12550.0";"443.0";"443.0"
"12560.0";"443.0";"443.0"
"12570.0";"443.0";"443.0"
"12580.0";"443.0";"443.0"
"12590.0";"443.0";"443.0"
"12600.0";"443.0";"443.0"
"12610.0";"443.0";"443.0"
"12620.0";"443.0";"443.0"
"12630.0";"443.0";"443.0"
"12640.0";"443.0";"443.0"
"12650.0";"443.0";"443.0"
"12660.0";"443.0";"443.0"
"12670.0";"443.0";"443.0"
"12680.0";"443.0";"443.0"
"12690.0";"443.0";"443.0"
"12700.0";"443.0";"443.0"
"12710.0";"443.0";"443.0"
"12720.0";"443.0";"443.0"
"12730.0";"443.0";"443.0"
"12740.0";"443.0";"443.0"
"12750.0";"443.0";"443.0"
"12760.0";"443.0";"443.0"
"12770.0";"443.0";"443.0"
"12780.0";"443.0";"443.0"
"12790.0";"443.0";"443.0"
"12800.0";"443.0";"443.0"
"12810.0";"443.0";"443.0"
"12820.0";"443.0";"443.0"
"12830.0";"443.0";"443.0"
"12840.0";"443.0";"443.0"
"12850.0";"443.0";"443.0"
"12860.0";"443.0";"443.0"
"12870.0";"443.0";"443.0"
"12880.0";"443.0";"443.0"
"12890.0";"443.0";"443.0"
"12900.0";"443.0";"443.0"
"12910.0";"443.0";"443.0"
"12920.0";"443.0";"443.0"
"12930.0";"443.0";"443.0"
"12940.0";"443.0";"443.0"
"12950.0";"443.0";"443.0"
"12960.0";"443.0";"443.0"
"12970.0";"443.0";"443.0"
"12980.0";"443.0";"443.0"
"12990.0";"443.0";"443.0"
"13000.0";"443.0";"443.0"
"13010.0";"443.0";"443.0"
"13020.0";"443.0";"443.0"
"13030.0";"443.0";"443.0"
"13040.0";"443.0";"443.0"
"13050.0";"443.0";"443.0"
"13060.0";"443.0";"443.0"
"13070.0";"443.0";"443.0"
"13080.0";"443.0";"443.0"
"13090.0";"443.0";"443.0"
"13100.0";"443.0";"443.0"
"13110.0";"443.0";"443.0"
"13120.0";"443.0";"443.0"
"13130.0";"443.0";"443.0"
"13140.0";"443.0";"443.0"
"13150.0";"443.0";"443.0"
"13160.0";"443.0";"443.0"
"13170.0";"443.0";"443.0"
"13180.0";"443.0";"443.0"
"13190.0";"443.0";"443.0"
"13200.0";"443.0";"443.0"
"13210.0";"443.0";"443.0"
"13220.0";"443.0";"443.0"
"13230.0";"443.0";"443.0"
"13240.0";"443.0";"443.0"
"13250.0";"443.0";"443.0"
"13260.0";"443.0";"443.0"
"13270.0";"443.0";"443.0"
"13280.0";"443.0";"443.0"
"13290.0";"443.0";"443.0"
"13300.0";"443.0";"443.0"
"13310.0";"443.0";"443.0"
"13320.0";"443.0";"443.0"
"13330.0";"443.0";"443.0"
"13340.0";"443.0";"443.0"
"13350.0";"443.0";"443.0"
"13360.0";"443.0";"443.0"
"13370.0";"443.0";"443.0"
"13380.0";"443.0";"443.0"
"13390.0";"443.0";"443.0"
"13400.0";"443.0";"443.0"
"13410.0";"443.0";"443.0"
"13420.0";"443.0";"443.0"
"13430.0";"443.0";"443.0"
"13440.0";"443.0";"443.0"
"13450.0";"443.0";"443.0"
"13460.0";"443.0";"443.0"
"13470.0";"443.0";"443.0"
"13480.0";"443.0";"443.0"
"13490.0";"443.0";"443.0"
"13500.0";"443.0";"443.0"
"13510.0";"443.0";"443.0"
"13520.0";"443.0";"443.0"
"13530.0";"443.0";"443.0"
"13540.0";"443.0";"443.0"
"13550.0";"443.0";"443.0"
"13560.0";"443.0";"443.0"
"13570.0";"443.0";"443.0"
"13580.0";"443.0";"443.0"
"13590.0";"443.0";"443.0"
"13600.0";"443.0";"443.0"
"13610.0";"443.0";"443.0"
"13620.0";"443.0";"443.0"
"13630.0";"443.0";"443.0"
"13640.0";"443.0";"443.0"
"13650.0";"443.0";"443.0"
"13660.0";"443.0";"443.0"
"13670.0";"443.0";"443.0"
"13680.0";"443.0";"443.0"
"13690.0";"443.0";"443.0"
"13700.0";"443.0";"443.0"
"13710.0";"443.0";"443.0"
"13720.0";"443.0";"443.0"
"13730.0";"443.0";"443.0"
"13740.0";"443.0";"443.0"
"13750.0";"443.0";"443.0"
"13760.0";"443.0";"443.0"
"13770.0";"443.0";"443.0"
"13780.0";"443.0";"443.0"
"13790.0";"443.0";"443.0"
"13800.0";"443.0";"443.0"
"13810.0";"443.0";"443.0"
"13820.0";"443.0";"443.0"
"13830.0";"443.0";"443.0"
"13840.0";"443.0";"443.0"
"13850.0";"443.0";"443.0"
"13860.0";"443.0";"443.0"
"13870.0";"443.0";"443.0"
"13880.0";"443.0";"443.0"
"13890.0";"443.0";"443.0"
"13900.0";"443.0";"443.0"
"13910.0";"443.0";"443.0"
"13920.0";"443.0";"443.0"
"13930.0";"443.0";"443.0"
"13940.0";"443.0";"443.0"
"13950.0";"443.0";"443.0"
"13960.0";"443.0";"443.0"
"13970.0";"443.0";"443.0"
"13980.0";"443.0";"443.0"
"13990.0";"443.0";"443.0"
"14000.0";"443.0";"443.0"
"14010.0";"443.0";"443.0"
"14020.0";"443.0";"443.0"
"14030.0";"443.0";"443.0"
"14040.0";"443.0";"443.0"
"14050.0";"443.0";"443.0"
"14060.0";"443.0";"443.0"
"14070.0";"443.0";"443.0"
"14080.0";"443.0";"443.0"
"14090.0";"443.0";"443.0"
"14100.0";"443.0";"443.0"
"14110.0";"443.0";"443.0"
"14120.0";"443.0";"443.0"
"14130.0";"443.0";"443.0"
"14140.0";"443.0";"443.0"
"14150.0";"443.0";"443.0"
"14160.0";"443.0";"443.0"
"14170.0";"443.0";"443.0"
"14180.0";"443.0";"443.0"
"14190.0";"443.0";"443.0"
"14200.0";"443.0";"443.0"
"14210.0";"443.0";"443.0"
"14220.0";"443.0";"443.0"
"14230.0";"443.0";"443.0"
"14240.0";"443.0";"443.0"
"14250.0";"443.0";"443.0"
"14260.0";"443.0";"443.0"
"14270.0";"443.0";"443.0"
"14280.0";"443.0";"443.0"
"14290.0";"443.0";"443.0"
"14300.0";"443.0";"443.0"
"14310.0";"443.0";"443.0"
"14320.0";"443.0";"443.0"
"14330.0";"443.0";"443.0"
"14340.0";"443.0";"443.0"
"14350.0";"443.0";"443.0"
"14360.0";"443.0";"443.0"
"14370.0";"443.0";"443.0"
"14380.0";"443.0";"443.0"
"14390.0";"443.0";"443.0"
"14400.0";"443.0";"443.0"
"14410.0";"443.0";"443.0"
"14420.0";"443.0";"443.0"
"14430.0";"443.0";"443.0"
"14440.0";"443.0";"443.0"
"14450.0";"443.0";"443.0"
"14460.0";"443.0";"443.0"
"14470.0";"443.0";"443.0"
"14480.0";"443.0";"443.0"
"14490.0";"443.0";"443.0"
"14500.0";"443.0";"443.0"
"14510.0";"443.0";"443.0"
"14520.0";"443.0";"443.0"
"14530.0";"443.0";"443.0"
"14540.0";"443.0";"443.0"
"14550.0";"443.0";"443.0"
"14560.0";"443.0";"443.0"
"14570.0";"443.0";"443.0"
"14580.0";"443.0";"443.0"
"14590.0";"443.0";"443.0"
"14600.0";"443.0";"443.0"
"14610.0";"443.0";"443.0"
"14620.0";"443.0";"443.0"
"14630.0";"443.0";"443.0"
"14640.0";"443.0";"443.0"
"14650.0";"443.0";"443.0"
"14660.0";"443.0";"443.0"
"14670.0";"443.0";"443.0"
"14680.0";"443.0";"443.0"
"14690.0";"443.0";"443.0"
"14700.0";"443.0";"443.0"
"14710.0";"443.0";"443.0"
"14720.0";"443.0";"443.0"
"14730.0";"443.0";"443.0"
"14740.0";"443.0";"443.0"
"14750.0";"443.0";"443.0"
"14760.0";"443.0";"443.0"
"14770.0";"443.0";"443.0"
"14780.0";"443.0";"443.0"
"14790.0";"443.0";"443.0"
"14800.0";"443.0";"443.0"
"14810.0";"443.0";"443.0"
"14820.0";"443.0";"443.0"
"14830.0";"443.0";"443.0"
"14840.0";"443.0";"443.0"
"14850.0";"443.0";"443.0"
"14860.0";"443.0";"443.0"
"14870.0";"443.0";"443.0"
"14880.0";"443.0";"443.0"
"14890.0";"443.0";"443.0"
"14900.0";"443.0";"443.0"
"14910.0";"443.0";"443.0"
"14920.0";"443.0";"443.0"
"14930.0";"443.0";"443.0"
"14940.0";"443.0";"443.0"
"14950.0";"443.0";"443.0"
"14960.0";"443.0";"443.0"
"14970.0";"443.0";"443.0"
"14980.0";"443.0";"443.0"
"14990.0";"443.0";"443.0"
"15000.0";"443.0";"443.0"
"15010.0";"443.0";"443.0"
"15020.0";"443.0";"443.0"
"15030.0";"443.0";"443.0"
"15040.0";"443.0";"443.0"
"15050.0";"443.0";"443.0"
"15060.0";"443.0";"443.0"
"15070.0";"443.0";"443.0"
"15080.0";"443.0";"443.0"
"15090.0";"443.0";"443.0"
"15100.0";"443.0";"443.0"
"15110.0";"443.0";"443.0"
"15120.0";"443.0";"443.0"
"15130.0";"443.0";"443.0"
"15140.0";"443.0";"443.0"
"15150.0";"443.0";"443.0"
"15160.0";"443.0";"443.0"
"15170.0";"443.0";"443.0"
"15180.0";"443.0";"443.0"
"15190.0";"443.0";"443.0"
"15200.0";"443.0";"443.0"
"15210.0";"443.0";"443.0"
"15220.0";"443.0";"443.0"
"15230.0";"443.0";"443.0"
"15240.0";"443.0";"443.0"
"15250.0";"443.0";"443.0"
"15260.0";"443.0";"443.0"
"15270.0";"443.0";"443.0"
"15280.0";"443.0";"443.0"
"15290.0";"443.0";"443.0"
"15300.0";"443.0";"443.0"
"15310.0";"443.0";"443.0"
"15320.0";"443.0";"443.0"
"15330.0";"443.0";"443.0"
"15340.0";"443.0";"443.0"
"15350.0";"443.0";"443.0"
"15360.0";"443.0";"443.0"
"15370.0";"443.0";"443.0"
"15380.0";"443.0";"443.0"
"15390.0";"443.0";"443.0"
"15400.0";"443.0";"443.0"
"15410.0";"443.0";"443.0"
"15420.0";"443.0";"443.0"
"15430.0";"443.0";"443.0"
"15440.0";"443.0";"443.0"
"15450.0";"443.0";"443.0"
"15460.0";"443.0";"443.0"
"15470.0";"443.0";"443.0"
"15480.0";"443.0";"443.0"
"15490.0";"443.0";"443.0"
"15500.0";"443.0";"443.0"
"15510.0";"443.0";"443.0"
"15520.0";"443.0";"443.0"
"15530.0";"443.0";"443.0"
"15540.0";"443.0";"443.0"
"15550.0";"443.0";"443.0"
"15560.0";"443.0";"443.0"
"15570.0";"443.0";"443.0"
"15580.0";"443.0";"443.0"
"15590.0";"443.0";"443.0"
"15600.0";"443.0";"443.0"
"15610.0";"443.0";"443.0"
"15620.0";"443.0";"443.0"
"15630.0";"443.0";"443.0"
"15640.0";"443.0";"443.0"
"15650.0";"443.0";"443.0"
"15660.0";"443.0";"443.0"
"15670.0";"443.0";"443.0"
"15680.0";"443.0";"443.0"
"15690.0";"443.0";"443.0"
"15700.0";"443.0";"443.0"
"15710.0";"443.0";"443.0"
"15720.0";"443.0";"443.0"
"15730.0";"443.0";"443.0"
"15740.0";"443.0";"443.0"
"15750.0";"443.0";"443.0"
"15760.0";"443.0";"443.0"
"15770.0";"443.0";"443.0"
"15780.0";"443.0";"443.0"
"15790.0";"443.0";"443.0"
"15800.0";"443.0";"443.0"
"15810.0";"443.0";"443.0"
"15820.0";"443.0";"443.0"
"15830.0";"443.0";"443.0"
"15840.0";"443.0";"443.0"
"15850.0";"443.0";"443.0"
"15860.0";"443.0";"443.0"
"15870.0";"443.0";"443.0"
"15880.0";"443.0";"443.0"
"15890.0";"443.0";"443.0"
"15900.0";"443.0";"443.0"
"15910.0";"443.0";"443.0"
"15920.0";"443.0";"443.0"
"15930.0";"443.0";"443.0"
"15940.0";"443.0";"443.0"
"15950.0";"443.0";"443.0"
"15960.0";"443.0";"443.0"
"15970.0";"443.0";"443.0"
"15980.0";"443.0";"443.0"
"15990.0";"443.0";"443.0"
"16000.0";"443.0";"443.0"
"16010.0";"443.0";"443.0"
"16020.0";"443.0";"443.0"
"16030.0";"443.0";"443.0"
"16040.0";"443.0";"443.0"
"16050.0";"443.0";"443.0"
"16060.0";"443.0";"443.0"
"16070.0";"443.0";"443.0"
"16080.0";"443.0";"443.0"
"16090.0";"443.0";"443.0"
"16100.0";"443.0";"443.0"
"16110.0";"443.0";"443.0"
"16120.0";"443.0";"443.0"
"16130.0";"443.0";"443.0"
"16140.0";"443.0";"443.0"
"16150.0";"443.0";"443.0"
"16160.0";"443.0";"443.0"
"16170.0";"443.0";"443.0"
"16180.0";"443.0";"443.0"
"16190.0";"443.0";"443.0"
"16200.0";"443.0";"443.0"
"16210.0";"443.0";"443.0"
"16220.0";"443.0";"443.0"
"16230.0";"443.0";"443.0"
"16240.0";"443.0";"443.0"
"16250.0";"443.0";"443.0"
"16260.0";"443.0";"443.0"
"16270.0";"443.0";"443.0"
"16280.0";"443.0";"443.0"
"16290.0";"443.0";"443.0"
"16300.0";"443.0";"443.0"
"16310.0";"443.0";"443.0"
"16320.0";"443.0";"443.0"
"16330.0";"443.0";"443.0"
"16340.0";"443.0";"443.0"
"16350.0";"443.0";"443.0"
"16360.0";"443.0";"443.0"
"16370.0";"443.0";"443.0"
"16380.0";"443.0";"443.0"
"16390.0";"443.0";"443.0"
"16400.0";"443.0";"443.0"
"16410.0";"443.0";"443.0"
"16420.0";"443.0";"443.0"
"16430.0";"443.0";"443.0"
"16440.0";"443.0";"443.0"
"16450.0";"443.0";"443.0"
"16460.0";"443.0";"443.0"
"16470.0";"443.0";"443.0"
"16480.0";"443.0";"443.0"
"16490.0";"443.0";"443.0"
"16500.0";"443.0";"443.0"
"16510.0";"443.0";"443.0"
"16520.0";"443.0";"443.0"
"16530.0";"443.0";"443.0"
"16540.0";"443.0";"443.0"
"16550.0";"443.0";"443.0"
"16560.0";"443.0";"443.0"
"16570.0";"443.0";"443.0"
"16580.0";"443.0";"443.0"
"16590.0";"443.0";"443.0"
"16600.0";"443.0";"443.0"
"16610.0";"443.0";"443.0"
"16620.0";"443.0";"443.0"
"16630.0";"443.0";"443.0"
"16640.0";"443.0";"443.0"
"16650.0";"443.0";"443.0"
"16660.0";"443.0";"443.0"
"16670.0";"443.0";"443.0"
"16680.0";"443.0";"443.0"
"16690.0";"443.0";"443.0"
"16700.0";"443.0";"443.0"
"16710.0";"443.0";"443.0"
"16720.0";"443.0";"443.0"
"16730.0";"443.0";"443.0"
"16740.0";"443.0";"443.0"
"16750.0";"443.0";"443.0"
"16760.0";"443.0";"443.0"
"16770.0";"443.0";"443.0"
"16780.0";"443.0";"443.0"
"16790.0";"443.0";"443.0"
"16800.0";"443.0";"443.0"
"16810.0";"443.0";"443.0"
"16820.0";"443.0";"443.0"
"16830.0";"443.0";"443.0"
"16840.0";"443.0";"443.0"
"16850.0";"443.0";"443.0"
"16860.0";"443.0";"443.0"
"16870.0";"443.0";"443.0"
"16880.0";"443.0";"443.0"
"16890.0";"443.0";"443.0"
"16900.0";"443.0";"443.0"
"16910.0";"443.0";"443.0"
"16920.0";"443.0";"443.0"
"16930.0";"443.0";"443.0"
"16940.0";"443.0";"443.0"
"16950.0";"443.0";"443.0"
"16960.0";"443.0";"443.0"
"16970.0";"443.0";"443.0"
"16980.0";"443.0";"443.0"
"16990.0";"443.0";"443.0"
"17000.0";"443.0";"443.0"
"17010.0";"443.0";"443.0"
"17020.0";"443.0";"443.0"
"17030.0";"443.0";"443.0"
"17040.0";"443.0";"443.0"
"17050.0";"443.0";"443.0"
"17060.0";"443.0";"443.0"
"17070.0";"443.0";"443.0"
"17080.0";"443.0";"443.0"
"17090.0";"443.0";"443.0"
"17100.0";"443.0";"443.0"
"17110.0";"443.0";"443.0"
"17120.0";"443.0";"443.0"
"17130.0";"443.0";"443.0"
"17140.0";"443.0";"443.0"
"17150.0";"443.0";"443.0"
"17160.0";"443.0";"443.0"
"17170.0";"443.0";"443.0"
"17180.0";"443.0";"443.0"
"17190.0";"443.0";"443.0"
"17200.0";"443.0";"443.0"
"17210.0";"443.0";"443.0"
"17220.0";"443.0";"443.0"
"17230.0";"443.0";"443.0"
"17240.0";"443.0";"443.0"
"17250.0";"443.0";"443.0"
"17260.0";"443.0";"443.0"
"17270.0";"443.0";"443.0"
"17280.0";"443.0";"443.0"
"17290.0";"443.0";"443.0"
"17300.0";"443.0";"443.0"
"17310.0";"443.0";"443.0"
"17320.0";"443.0";"443.0"
"17330.0";"443.0";"443.0"
"17340.0";"443.0";"443.0"
"17350.0";"443.0";"443.0"
"17360.0";"443.0";"443.0"
"17370.0";"443.0";"443.0"
"17380.0";"443.0";"443.0"
"17390.0";"443.0";"443.0"
"17400.0";"443.0";"443.0"
"17410.0";"443.0";"443.0"
"17420.0";"443.0";"443.0"
"17430.0";"443.0";"443.0"
"17440.0";"443.0";"443.0"
"17450.0";"443.0";"443.0"
"17460.0";"443.0";"443.0"
"17470.0";"443.0";"443.0"
"17480.0";"443.0";"443.0"
"17490.0";"443.0";"443.0"
"17500.0";"443.0";"443.0"
"17510.0";"443.0";"443.0"
"17520.0";"443.0";"443.0"
"17530.0";"443.0";"443.0"
"17540.0";"443.0";"443.0"
"17550.0";"443.0";"443.0"
"17560.0";"443.0";"443.0"
"17570.0";"443.0";"443.0"
"17580.0";"443.0";"443.0"
"17590.0";"443.0";"443.0"
"17600.0";"443.0";"443.0"
"17610.0";"443.0";"443.0"
"17620.0";"443.0";"443.0"
"17630.0";"443.0";"443.0"
"17640.0";"443.0";"443.0"
"17650.0";"443.0";"443.0"
"17660.0";"443.0";"443.0"
"17670.0";"443.0";"443.0"
"17680.0";"443.0";"443.0"
"17690.0";"443.0";"443.0"
"17700.0";"443.0";"443.0"
"17710.0";"443.0";"443.0"
"17720.0";"443.0";"443.0"
"17730.0";"443.0";"443.0"
"17740.0";"443.0";"443.0"
"17750.0";"443.0";"443.0"
"17760.0";"443.0";"443.0"
"17770.0";"443.0";"443.0"
"17780.0";"443.0";"443.0"
"17790.0";"443.0";"443.0"
"17800.0";"443.0";"443.0"
"17810.0";"443.0";"443.0"
"17820.0";"443.0";"443.0"
"17830.0";"443.0";"443.0"
"17840.0";"443.0";"443.0"
"17850.0";"443.0";"443.0"
"17860.0";"443.0";"443.0"
"17870.0";"443.0";"443.0"
"17880.0";"443.0";"443.0"
"17890.0";"443.0";"443.0"
"17900.0";"443.0";"443.0"
"17910.0";"443.0";"443.0"
"17920.0";"443.0";"443.0"
"17930.0";"443.0";"443.0"
"17940.0";"443.0";"443.0"
"17950.0";"443.0";"443.0"
"17960.0";"443.0";"443.0"
"17970.0";"443.0";"443.0"
"17980.0";"443.0";"443.0"
"17990.0";"443.0";"443.0"
"18000.0";"443.0";"443.0"
"18010.0";"443.0";"443.0"
"18020.0";"443.0";"443.0"
"18030.0";"443.0";"443.0"
"18040.0";"443.0";"443.0"
"18050.0";"443.0";"443.0"
"18060.0";"443.0";"443.0"
"18070.0";"443.0";"443.0"
"18080.0";"443.0";"443.0"
"18090.0";"443.0";"443.0"
"18100.0";"443.0";"443.0"
"18110.0";"443.0";"443.0"
"18120.0";"443.0";"443.0"
"18130.0";"443.0";"443.0"
"18140.0";"443.0";"443.0"
"18150.0";"443.0";"443.0"
"18160.0";"443.0";"443.0"
"18170.0";"443.0";"443.0"
"18180.0";"443.0";"443.0"
"18190.0";"443.0";"443.0"
"18200.0";"443.0";"443.0"
"18210.0";"443.0";"443.0"
"18220.0";"443.0";"443.0"
"18230.0";"443.0";"443.0"
"18240.0";"443.0";"443.0"
"18250.0";"443.0";"443.0"
"18260.0";"443.0";"443.0"
"18270.0";"443.0";"443.0"
"18280.0";"443.0";"443.0"
"18290.0";"443.0";"443.0"
"18300.0";"443.0";"443.0"
"18310.0";"443.0";"443.0"
"18320.0";"443.0";"443.0"
"18330.0";"443.0";"443.0"
"18340.0";"443.0";"443.0"
"18350.0";"443.0";"443.0"
"18360.0";"443.0";"443.0"
"18370.0";"443.0";"443.0"
"18380.0";"443.0";"443.0"
"18390.0";"443.0";"443.0"
"18400.0";"443.0";"443.0"
"18410.0";"443.0";"443.0"
"18420.0";"443.0";"443.0"
"18430.0";"443.0";"443.0"
"18440.0";"443.0";"443.0"
"18450.0";"443.0";"443.0"
"18460.0";"443.0";"443.0"
"18470.0";"443.0";"443.0"
"18480.0";"443.0";"443.0"
"18490.0";"443.0";"443.0"
"18500.0";"443.0";"443.0"
"18510.0";"443.0";"443.0"
"18520.0";"443.0";"443.0"
"18530.0";"443.0";"443.0"
"18540.0";"443.0";"443.0"
"18550.0";"443.0";"443.0"
"18560.0";"443.0";"443.0"
"18570.0";"443.0";"443.0"
"18580.0";"443.0";"443.0"
"18590.0";"443.0";"443.0"
"18600.0";"443.0";"443.0"
"18610.0";"443.0";"443.0"
"18620.0";"443.0";"443.0"
"18630.0";"443.0";"443.0"
"18640.0";"443.0";"443.0"
"18650.0";"443.0";"443.0"
"18660.0";"443.0";"443.0"
"18670.0";"443.0";"443.0"
"18680.0";"443.0";"443.0"
"18690.0";"443.0";"443.0"
"18700.0";"443.0";"443.0"
"18710.0";"443.0";"443.0"
"18720.0";"443.0";"443.0"
"18730.0";"443.0";"443.0"
"18740.0";"443.0";"443.0"
"18750.0";"443.0";"443.0"
"18760.0";"443.0";"443.0"
"18770.0";"443.0";"443.0"
"18780.0";"443.0";"443.0"
"18790.0";"443.0";"443.0"
"18800.0";"443.0";"443.0"
"18810.0";"443.0";"443.0"
"18820.0";"443.0";"443.0"
"18830.0";"443.0";"443.0"
"18840.0";"443.0";"443.0"
"18850.0";"443.0";"443.0"
"18860.0";"443.0";"443.0"
"18870.0";"443.0";"443.0"
"18880.0";"443.0";"443.0"
"18890.0";"443.0";"443.0"
"18900.0";"443.0";"443.0"
"18910.0";"443.0";"443.0"
"18920.0";"443.0";"443.0"
"18930.0";"443.0";"443.0"
"18940.0";"443.0";"443.0"
"18950.0";"443.0";"443.0"
"18960.0";"443.0";"443.0"
"18970.0";"443.0";"443.0"
"18980.0";"443.0";"443.0"
"18990.0";"443.0";"443.0"
"19000.0";"443.0";"443.0"
"19010.0";"443.0";"443.0"
"19020.0";"443.0";"443.0"
"19030.0";"443.0";"443.0"
"19040.0";"443.0";"443.0"
"19050.0";"443.0";"443.0"
"19060.0";"443.0";"443.0"
"19070.0";"443.0";"443.0"
"19080.0";"443.0";"443.0"
"19090.0";"443.0";"443.0"
"19100.0";"443.0";"443.0"
"19110.0";"443.0";"443.0"
"19120.0";"443.0";"443.0"
"19130.0";"443.0";"443.0"
"19140.0";"443.0";"443.0"
"19150.0";"443.0";"443.0"
"19160.0";"443.0";"443.0"
"19170.0";"443.0";"443.0"
"19180.0";"443.0";"443.0"
"19190.0";"443.0";"443.0"
"19200.0";"443.0";"443.0"
"19210.0";"443.0";"443.0"
"19220.0";"443.0";"443.0"
"19230.0";"443.0";"443.0"
"19240.0";"443.0";"443.0"
"19250.0";"443.0";"443.0"
"19260.0";"443.0";"443.0"
"19270.0";"443.0";"443.0"
"19280.0";"443.0";"443.0"
"19290.0";"443.0";"443.0"
"19300.0";"443.0";"443.0"
"19310.0";"443.0";"443.0"
"19320.0";"443.0";"443.0"
"19330.0";"443.0";"443.0"
"19340.0";"443.0";"443.0"
"19350.0";"443.0";"443.0"
"19360.0";"443.0";"443.0"
"19370.0";"443.0";"443.0"
"19380.0";"443.0";"443.0"
"19390.0";"443.0";"443.0"
"19400.0";"443.0";"443.0"
"19410.0";"443.0";"443.0"
"19420.0";"443.0";"443.0"
"19430.0";"443.0";"443.0"
"19440.0";"443.0";"443.0"
"19450.0";"443.0";"443.0"
"19460.0";"443.0";"443.0"
"19470.0";"443.0";"443.0"
"19480.0";"443.0";"443.0"
"19490.0";"443.0";"443.0"
"19500.0";"443.0";"443.0"
"19510.0";"443.0";"443.0"
"19520.0";"443.0";"443.0"
"19530.0";"443.0";"443.0"
"19540.0";"443.0";"443.0"
"19550.0";"443.0";"443.0"
"19560.0";"443.0";"443.0"
"19570.0";"443.0";"443.0"
"19580.0";"443.0";"443.0"
"19590.0";"443.0";"443.0"
"19600.0";"443.0";"443.0"
"19610.0";"443.0";"443.0"
"19620.0";"443.0";"443.0"
"19630.0";"443.0";"443.0"
"19640.0";"443.0";"443.0"
"19650.0";"443.0";"443.0"
"19660.0";"443.0";"443.0"
"19670.0";"443.0";"443.0"
"19680.0";"443.0";"443.0"
"19690.0";"443.0";"443.0"
"19700.0";"443.0";"443.0"
"19710.0";"443.0";"443.0"
"19720.0";"443.0";"443.0"
"19730.0";"443.0";"443.0"
"19740.0";"443.0";"443.0"
"19750.0";"443.0";"443.0"
"19760.0";"443.0";"443.0"
"19770.0";"443.0";"443.0"
"19780.0";"443.0";"443.0"
"19790.0";"443.0";"443.0"
"19800.0";"443.0";"443.0"
"19810.0";"443.0";"443.0"
"19820.0";"443.0";"443.0"
"19830.0";"443.0";"443.0"
"19840.0";"443.0";"443.0"
"19850.0";"443.0";"443.0"
"19860.0";"443.0";"443.0"
"19870.0";"443.0";"443.0"
"19880.0";"443.0";"443.0"
"19890.0";"443.0";"443.0"
"19900.0";"443.0";"443.0"
"19910.0";"443.0";"443.0"
"19920.0";"443.0";"443.0"
"19930.0";"443.0";"443.0"
"19940.0";"443.0";"443.0"
"19950.0";"443.0";"443.0"
"19960.0";"443.0";"443.0"
"19970.0";"443.0";"443.0"
"19980.0";"443.0";"443.0"
"19990.0";"443.0";"443.0"
"20000.0";"443.0";"443.0"
"20010.0";"443.0";"443.0"
"20020.0";"443.0";"443.0"
"20030.0";"443.0";"443.0"
"20040.0";"443.0";"443.0"
"20050.0";"443.0";"443.0"
"20060.0";"443.0";"443.0"
"20070.0";"443.0";"443.0"
"20080.0";"443.0";"443.0"
"20090.0";"443.0";"443.0"
"20100.0";"443.0";"443.0"
"20110.0";"443.0";"443.0"
"20120.0";"443.0";"443.0"
"20130.0";"443.0";"443.0"
"20140.0";"443.0";"443.0"
"20150.0";"443.0";"443.0"
"20160.0";"443.0";"443.0"
"20170.0";"443.0";"443.0"
"20180.0";"443.0";"443.0"
"20190.0";"443.0";"443.0"
"20200.0";"443.0";"443.0"
"20210.0";"443.0";"443.0"
"20220.0";"443.0";"443.0"
"20230.0";"443.0";"443.0"
"20240.0";"443.0";"443.0"
"20250.0";"443.0";"443.0"
"20260.0";"443.0";"443.0"
"20270.0";"443.0";"443.0"
"20280.0";"443.0";"443.0"
"20290.0";"443.0";"443.0"
"20300.0";"443.0";"443.0"
"20310.0";"443.0";"443.0"
"20320.0";"443.0";"443.0"
"20330.0";"443.0";"443.0"
"20340.0";"443.0";"443.0"
"20350.0";"443.0";"443.0"
"20360.0";"443.0";"443.0"
"20370.0";"443.0";"443.0"
"20380.0";"443.0";"443.0"
"20390.0";"443.0";"443.0"
"20400.0";"443.0";"443.0"
"20410.0";"443.0";"443.0"
"20420.0";"443.0";"443.0"
"20430.0";"443.0";"443.0"
"20440.0";"443.0";"443.0"
"20450.0";"443.0";"443.0"
"20460.0";"443.0";"443.0"
"20470.0";"443.0";"443.0"
"20480.0";"443.0";"443.0"
"20490.0";"443.0";"443.0"
"20500.0";"443.0";"443.0"
"20510.0";"443.0";"443.0"
"20520.0";"443.0";"443.0"
"20530.0";"443.0";"443.0"
"20540.0";"443.0";"443.0"
"20550.0";"443.0";"443.0"
"20560.0";"443.0";"443.0"
"20570.0";"443.0";"443.0"
"20580.0";"443.0";"443.0"
"20590.0";"443.0";"443.0"
"20600.0";"443.0";"443.0"
"20610.0";"443.0";"443.0"
"20620.0";"443.0";"443.0"
"20630.0";"443.0";"443.0"
"20640.0";"443.0";"443.0"
"20650.0";"443.0";"443.0"
"20660.0";"443.0";"443.0"
"20670.0";"443.0";"443.0"
"20680.0";"443.0";"443.0"
"20690.0";"443.0";"443.0"
"20700.0";"443.0";"443.0"
"20710.0";"443.0";"443.0"
"20720.0";"443.0";"443.0"
"20730.0";"443.0";"443.0"
"20740.0";"443.0";"443.0"
"20750.0";"443.0";"443.0"
"20760.0";"443.0";"443.0"
"20770.0";"443.0";"443.0"
"20780.0";"443.0";"443.0"
"20790.0";"443.0";"443.0"
"20800.0";"443.0";"443.0"
"20810.0";"443.0";"443.0"
"20820.0";"443.0";"443.0"
"20830.0";"443.0";"443.0"
"20840.0";"443.0";"443.0"
"20850.0";"443.0";"443.0"
"20860.0";"443.0";"443.0"
"20870.0";"443.0";"443.0"
"20880.0";"443.0";"443.0"
"20890.0";"443.0";"443.0"
"20900.0";"443.0";"443.0"
"20910.0";"443.0";"443.0"
"20920.0";"443.0";"443.0"
"20930.0";"443.0";"443.0"
"20940.0";"443.0";"443.0"
"20950.0";"443.0";"443.0"
"20960.0";"443.0";"443.0"
"20970.0";"443.0";"443.0"
"20980.0";"443.0";"443.0"
"20990.0";"443.0";"443.0"
"21000.0";"443.0";"443.0"
"21010.0";"443.0";"443.0"
"21020.0";"443.0";"443.0"
"21030.0";"443.0";"443.0"
"21040.0";"443.0";"443.0"
"21050.0";"443.0";"443.0"
"21060.0";"443.0";"443.0"
"21070.0";"443.0";"443.0"
"21080.0";"443.0";"443.0"
"21090.0";"443.0";"443.0"
"21100.0";"443.0";"443.0"
"21110.0";"443.0";"443.0"
"21120.0";"443.0";"443.0"
"21130.0";"443.0";"443.0"
"21140.0";"443.0";"443.0"
"21150.0";"443.0";"443.0"
"21160.0";"443.0";"443.0"
"21170.0";"443.0";"443.0"
"21180.0";"443.0";"443.0"
"21190.0";"443.0";"443.0"
"21200.0";"443.0";"443.0"
"21210.0";"443.0";"443.0"
"21220.0";"443.0";"443.0"
"21230.0";"443.0";"443.0"
"21240.0";"443.0";"443.0"
"21250.0";"443.0";"443.0"
"21260.0";"443.0";"443.0"
"21270.0";"443.0";"443.0"
"21280.0";"443.0";"443.0"
"21290.0";"443.0";"443.0"
"21300.0";"443.0";"443.0"
"21310.0";"443.0";"443.0"
"21320.0";"443.0";"443.0"
"21330.0";"443.0";"443.0"
"21340.0";"443.0";"443.0"
"21350.0";"443.0";"443.0"
"21360.0";"443.0";"443.0"
"21370.0";"443.0";"443.0"
"21380.0";"443.0";"443.0"
"21390.0";"443.0";"443.0"
"21400.0";"443.0";"443.0"
"21410.0";"443.0";"443.0"
"21420.0";"443.0";"443.0"
"21430.0";"443.0";"443.0"
"21440.0";"443.0";"443.0"
"21450.0";"443.0";"443.0"
"21460.0";"443.0";"443.0"
"21470.0";"443.0";"443.0"
"21480.0";"443.0";"443.0"
"21490.0";"443.0";"443.0"
"21500.0";"443.0";"443.0"
"21510.0";"443.0";"443.0"
"21520.0";"443.0";"443.0"
"21530.0";"443.0";"443.0"
"21540.0";"443.0";"443.0"
"21550.0";"443.0";"443.0"
"21560.0";"443.0";"443.0"
"21570.0";"443.0";"443.0"
"21580.0";"443.0";"443.0"
"21590.0";"443.0";"443.0"
"21600.0";"443.0";"443.0"
"21610.0";"443.0";"443.0"
"21620.0";"443.0";"443.0"
"21630.0";"443.0";"443.0"
"21640.0";"443.0";"443.0"
"21650.0";"443.0";"443.0"
"21660.0";"443.0";"443.0"
"21670.0";"443.0";"443.0"
"21680.0";"443.0";"443.0"
"21690.0";"443.0";"443.0"
"21700.0";"443.0";"443.0"
"21710.0";"443.0";"443.0"
"21720.0";"443.0";"443.0"
"21730.0";"443.0";"443.0"
"21740.0";"443.0";"443.0"
"21750.0";"443.0";"443.0"
"21760.0";"443.0";"443.0"
"21770.0";"443.0";"443.0"
"21780.0";"443.0";"443.0"
"21790.0";"443.0";"443.0"
"21800.0";"443.0";"443.0"
"21810.0";"443.0";"443.0"
"21820.0";"443.0";"443.0"
"21830.0";"443.0";"443.0"
"21840.0";"443.0";"443.0"
"21850.0";"443.0";"443.0"
"21860.0";"443.0";"443.0"
"21870.0";"443.0";"443.0"
"21880.0";"443.0";"443.0"
"21890.0";"443.0";"443.0"
"21900.0";"443.0";"443.0"
"21910.0";"443.0";"443.0"
"21920.0";"443.0";"443.0"
"21930.0";"443.0";"443.0"
"21940.0";"443.0";"443.0"
"21950.0";"443.0";"443.0"
"21960.0";"443.0";"443.0"
"21970.0";"443.0";"443.0"
"21980.0";"443.0";"443.0"
"21990.0";"443.0";"443.0"
"22000.0";"443.0";"443.0"
"22010.0";"443.0";"443.0"
"22020.0";"443.0";"443.0"
"22030.0";"443.0";"443.0"
"22040.0";"443.0";"443.0"
"22050.0";"443.0";"443.0"
"22060.0";"443.0";"443.0"
"22070.0";"443.0";"443.0"
"22080.0";"443.0";"443.0"
"22090.0";"443.0";"443.0"
"22100.0";"443.0";"443.0"
"22110.0";"443.0";"443.0"
"22120.0";"443.0";"443.0"
"22130.0";"443.0";"443.0"
"22140.0";"443.0";"443.0"
"22150.0";"443.0";"443.0"
"22160.0";"443.0";"443.0"
"22170.0";"443.0";"443.0"
"22180.0";"443.0";"443.0"
"22190.0";"443.0";"443.0"
"22200.0";"443.0";"443.0"
"22210.0";"443.0";"443.0"
"22220.0";"443.0";"443.0"
"22230.0";"443.0";"443.0"
"22240.0";"443.0";"443.0"
"22250.0";"443.0";"443.0"
"22260.0";"443.0";"443.0"
"22270.0";"443.0";"443.0"
"22280.0";"443.0";"443.0"
"22290.0";"443.0";"443.0"
"22300.0";"443.0";"443.0"
"22310.0";"443.0";"443.0"
"22320.0";"443.0";"443.0"
"22330.0";"443.0";"443.0"
"22340.0";"443.0";"443.0"
"22350.0";"443.0";"443.0"
"22360.0";"443.0";"443.0"
"22370.0";"443.0";"443.0"
"22380.0";"443.0";"443.0"
"22390.0";"443.0";"443.0"
"22400.0";"443.0";"443.0"
"22410.0";"443.0";"443.0"
"22420.0";"443.0";"443.0"
"22430.0";"443.0";"443.0"
"22440.0";"443.0";"443.0"
"22450.0";"443.0";"443.0"
"22460.0";"443.0";"443.0"
"22470.0";"443.0";"443.0"
"22480.0";"443.0";"443.0"
"22490.0";"443.0";"443.0"
"22500.0";"443.0";"443.0"
"22510.0";"443.0";"443.0"
"22520.0";"443.0";"443.0"
"22530.0";"443.0";"443.0"
"22540.0";"443.0";"443.0"
"22550.0";"443.0";"443.0"
"22560.0";"443.0";"443.0"
"22570.0";"443.0";"443.0"
"22580.0";"443.0";"443.0"
"22590.0";"443.0";"443.0"
"22600.0";"443.0";"443.0"
"22610.0";"443.0";"443.0"
"22620.0";"443.0";"443.0"
"22630.0";"443.0";"443.0"
"22640.0";"443.0";"443.0"
"22650.0";"443.0";"443.0"
"22660.0";"443.0";"443.0"
"22670.0";"443.0";"443.0"
"22680.0";"443.0";"443.0"
"22690.0";"443.0";"443.0"
"22700.0";"443.0";"443.0"
"22710.0";"443.0";"443.0"
"22720.0";"443.0";"443.0"
"22730.0";"443.0";"443.0"
"22740.0";"443.0";"443.0"
"22750.0";"443.0";"443.0"
"22760.0";"443.0";"443.0"
"22770.0";"443.0";"443.0"
"22780.0";"443.0";"443.0"
"22790.0";"443.0";"443.0"
"22800.0";"443.0";"443.0"
"22810.0";"443.0";"443.0"
"22820.0";"443.0";"443.0"
"22830.0";"443.0";"443.0"
"22840.0";"443.0";"443.0"
"22850.0";"443.0";"443.0"
"22860.0";"443.0";"443.0"
"22870.0";"443.0";"443.0"
"22880.0";"443.0";"443.0"
"22890.0";"443.0";"443.0"
"22900.0";"443.0";"443.0"
"22910.0";"443.0";"443.0"
"22920.0";"443.0";"443.0"
"22930.0";"443.0";"443.0"
"22940.0";"443.0";"443.0"
"22950.0";"443.0";"443.0"
"22960.0";"443.0";"443.0"
"22970.0";"443.0";"443.0"
"22980.0";"443.0";"443.0"
"22990.0";"443.0";"443.0"
"23000.0";"443.0";"443.0"
"23010.0";"443.0";"443.0"
"23020.0";"443.0";"443.0"
"23030.0";"443.0";"443.0"
"23040.0";"443.0";"443.0"
"23050.0";"443.0";"443.0"
"23060.0";"443.0";"443.0"
"23070.0";"443.0";"443.0"
"23080.0";"443.0";"443.0"
"23090.0";"443.0";"443.0"
"23100.0";"443.0";"443.0"
"23110.0";"443.0";"443.0"
"23120.0";"443.0";"443.0"
"23130.0";"443.0";"443.0"
"23140.0";"443.0";"443.0"
"23150.0";"443.0";"443.0"
"23160.0";"443.0";"443.0"
"23170.0";"443.0";"443.0"
"23180.0";"443.0";"443.0"
"23190.0";"443.0";"443.0"
"23200.0";"443.0";"443.0"
"23210.0";"443.0";"443.0"
"23220.0";"443.0";"443.0"
"23230.0";"443.0";"443.0"
"23240.0";"443.0";"443.0"
"23250.0";"443.0";"443.0"
"23260.0";"443.0";"443.0"
"23270.0";"443.0";"443.0"
"23280.0";"443.0";"443.0"
"23290.0";"443.0";"443.0"
"23300.0";"443.0";"443.0"
"23310.0";"443.0";"443.0"
"23320.0";"443.0";"443.0"
"23330.0";"443.0";"443.0"
"23340.0";"443.0";"443.0"
"23350.0";"443.0";"443.0"
"23360.0";"443.0";"443.0"
"23370.0";"443.0";"443.0"
"23380.0";"443.0";"443.0"
"23390.0";"443.0";"443.0"
"23400.0";"443.0";"443.0"
"23410.0";"443.0";"443.0"
"23420.0";"443.0";"443.0"
"23430.0";"443.0";"443.0"
"23440.0";"443.0";"443.0"
"23450.0";"443.0";"443.0"
"23460.0";"443.0";"443.0"
"23470.0";"443.0";"443.0"
"23480.0";"443.0";"443.0"
"23490.0";"443.0";"443.0"
"23500.0";"443.0";"443.0"
"23510.0";"443.0";"443.0"
"23520.0";"443.0";"443.0"
"23530.0";"443.0";"443.0"
"23540.0";"443.0";"443.0"
"23550.0";"443.0";"443.0"
"23560.0";"443.0";"443.0"
"23570.0";"443.0";"443.0"
"23580.0";"443.0";"443.0"
"23590.0";"443.0";"443.0"
"23600.0";"443.0";"443.0"
"23610.0";"443.0";"443.0"
"23620.0";"443.0";"443.0"
"23630.0";"443.0";"443.0"
"23640.0";"443.0";"443.0"
"23650.0";"443.0";"443.0"
"23660.0";"443.0";"443.0"
"23670.0";"443.0";"443.0"
"23680.0";"443.0";"443.0"
"23690.0";"443.0";"443.0"
"23700.0";"443.0";"443.0"
"23710.0";"443.0";"443.0"
"23720.0";"443.0";"443.0"
"23730.0";"443.0";"443.0"
"23740.0";"443.0";"443.0"
"23750.0";"443.0";"443.0"
"23760.0";"443.0";"443.0"
"23770.0";"443.0";"443.0"
"23780.0";"443.0";"443.0"
"23790.0";"443.0";"443.0"
"23800.0";"443.0";"443.0"
"23810.0";"443.0";"443.0"
"23820.0";"443.0";"443.0"
"23830.0";"443.0";"443.0"
"23840.0";"443.0";"443.0"
"23850.0";"443.0";"443.0"
"23860.0";"443.0";"443.0"
"23870.0";"443.0";"443.0"
"23880.0";"443.0";"443.0"
"23890.0";"443.0";"443.0"
"23900.0";"443.0";"443.0"
"23910.0";"443.0";"443.0"
"23920.0";"443.0";"443.0"
"23930.0";"443.0";"443.0"
"23940.0";"443.0";"443.0"
"23950.0";"443.0";"443.0"
"23960.0";"443.0";"443.0"
"23970.0";"443.0";"443.0"
"23980.0";"443.0";"443.0"
"23990.0";"443.0";"443.0"
"24000.0";"443.0";"443.0"
"24010.0";"443.0";"443.0"
"24020.0";"443.0";"443.0"
"24030.0";"443.0";"443.0"
"24040.0";"443.0";"443.0"
"24050.0";"443.0";"443.0"
"24060.0";"443.0";"443.0"
"24070.0";"443.0";"443.0"
"24080.0";"443.0";"443.0"
"24090.0";"443.0";"443.0"
"24100.0";"443.0";"443.0"
"24110.0";"443.0";"443.0"
"24120.0";"443.0";"443.0"
"24130.0";"443.0";"443.0"
"24140.0";"443.0";"443.0"
"24150.0";"443.0";"443.0"
"24160.0";"443.0";"443.0"
"24170.0";"443.0";"443.0"
"24180.0";"443.0";"443.0"
"24190.0";"443.0";"443.0"
"24200.0";"443.0";"443.0"
"24210.0";"443.0";"443.0"
"24220.0";"443.0";"443.0"
"24230.0";"443.0";"443.0"
"24240.0";"443.0";"443.0"
"24250.0";"443.0";"443.0"
"24260.0";"443.0";"443.0"
"24270.0";"443.0";"443.0"
"24280.0";"443.0";"443.0"
"24290.0";"443.0";"443.0"
"24300.0";"443.0";"443.0"
"24310.0";"443.0";"443.0"
"24320.0";"443.0";"443.0"
"24330.0";"443.0";"443.0"
"24340.0";"443.0";"443.0"
"24350.0";"443.0";"443.0"
"24360.0";"443.0";"443.0"
"24370.0";"443.0";"443.0"
"24380.0";"443.0";"443.0"
"24390.0";"443.0";"443.0"
"24400.0";"443.0";"443.0"
"24410.0";"443.0";"443.0"
"24420.0";"443.0";"443.0"
"24430.0";"443.0";"443.0"
"24440.0";"443.0";"443.0"
"24450.0";"443.0";"443.0"
"24460.0";"443.0";"443.0"
"24470.0";"443.0";"443.0"
"24480.0";"443.0";"443.0"
"24490.0";"443.0";"443.0"
"24500.0";"443.0";"443.0"
"24510.0";"443.0";"443.0"
"24520.0";"443.0";"443.0"
"24530.0";"443.0";"443.0"
"24540.0";"443.0";"443.0"
"24550.0";"443.0";"443.0"
"24560.0";"443.0";"443.0"
"24570.0";"443.0";"443.0"
"24580.0";"443.0";"443.0"
"24590.0";"443.0";"443.0"
"24600.0";"443.0";"443.0"
"24610.0";"443.0";"443.0"
"24620.0";"443.0";"443.0"
"24630.0";"443.0";"443.0"
"24640.0";"443.0";"443.0"
"24650.0";"443.0";"443.0"
"24660.0";"443.0";"443.0"
"24670.0";"443.0";"443.0"
"24680.0";"443.0";"443.0"
"24690.0";"443.0";"443.0"
"24700.0";"443.0";"443.0"
"24710.0";"443.0";"443.0"
"24720.0";"443.0";"443.0"
"24730.0";"443.0";"443.0"
"24740.0";"443.0";"443.0"
"24750.0";"443.0";"443.0"
"24760.0";"443.0";"443.0"
"24770.0";"443.0";"443.0"
"24780.0";"443.0";"443.0"
"24790.0";"443.0";"443.0"
"24800.0";"443.0";"443.0"
"24810.0";"443.0";"443.0"
"24820.0";"443.0";"443.0"
"24830.0";"443.0";"443.0"
"24840.0";"443.0";"443.0"
"24850.0";"443.0";"443.0"
"24860.0";"443.0";"443.0"
"24870.0";"443.0";"443.0"
"24880.0";"443.0";"443.0"
"24890.0";"443.0";"443.0"
"24900.0";"443.0";"443.0"
"24910.0";"443.0";"443.0"
"24920.0";"443.0";"443.0"
"24930.0";"443.0";"443.0"
"24940.0";"443.0";"443.0"
"24950.0";"443.0";"443.0"
"24960.0";"443.0";"443.0"
"24970.0";"443.0";"443.0"
"24980.0";"443.0";"443.0"
"24990.0";"443.0";"443.0"
"25000.0";"443.0";"443.0"
"25010.0";"443.0";"443.0"
"25020.0";"443.0";"443.0"
"25030.0";"443.0";"443.0"
"25040.0";"443.0";"443.0"
"25050.0";"443.0";"443.0"
"25060.0";"443.0";"443.0"
"25070.0";"443.0";"443.0"
"25080.0";"443.0";"443.0"
"25090.0";"443.0";"443.0"
"25100.0";"443.0";"443.0"
"25110.0";"443.0";"443.0"
"25120.0";"443.0";"443.0"
"25130.0";"443.0";"443.0"
"25140.0";"443.0";"443.0"
"25150.0";"443.0";"443.0"
"25160.0";"443.0";"443.0"
"25170.0";"443.0";"443.0"
"25180.0";"443.0";"443.0"
"25190.0";"443.0";"443.0"
"25200.0";"443.0";"443.0"
"25210.0";"443.0";"443.0"
"25220.0";"443.0";"443.0"
"25230.0";"443.0";"443.0"
"25240.0";"443.0";"443.0"
"25250.0";"443.0";"443.0"
"25260.0";"443.0";"443.0"
"25270.0";"443.0";"443.0"
"25280.0";"443.0";"443.0"
"25290.0";"443.0";"443.0"
"25300.0";"443.0";"443.0"
"25310.0";"443.0";"443.0"
"25320.0";"443.0";"443.0"
"25330.0";"443.0";"443.0"
"25340.0";"443.0";"443.0"
"25350.0";"443.0";"443.0"
"25360.0";"443.0";"443.0"
"25370.0";"443.0";"443.0"
"25380.0";"443.0";"443.0"
"25390.0";"443.0";"443.0"
"25400.0";"443.0";"443.0"
"25410.0";"443.0";"443.0"
"25420.0";"443.0";"443.0"
"25430.0";"443.0";"443.0"
"25440.0";"443.0";"443.0"
"25450.0";"443.0";"443.0"
"25460.0";"443.0";"443.0"
"25470.0";"443.0";"443.0"
"25480.0";"443.0";"443.0"
"25490.0";"443.0";"443.0"
"25500.0";"443.0";"443.0"
"25510.0";"443.0";"443.0"
"25520.0";"443.0";"443.0"
"25530.0";"443.0";"443.0"
"25540.0";"443.0";"443.0"
"25550.0";"443.0";"443.0"
"25560.0";"443.0";"443.0"
"25570.0";"443.0";"443.0"
"25580.0";"443.0";"443.0"
"25590.0";"443.0";"443.0"
"25600.0";"443.0";"443.0"
"25610.0";"443.0";"443.0"
"25620.0";"443.0";"443.0"
"25630.0";"443.0";"443.0"
"25640.0";"443.0";"443.0"
"25650.0";"443.0";"443.0"
"25660.0";"443.0";"443.0"
"25670.0";"443.0";"443.0"
"25680.0";"443.0";"443.0"
"25690.0";"443.0";"443.0"
"25700.0";"443.0";"443.0"
"25710.0";"443.0";"443.0"
"25720.0";"443.0";"443.0"
"25730.0";"443.0";"443.0"
"25740.0";"443.0";"443.0"
"25750.0";"443.0";"443.0"
"25760.0";"443.0";"443.0"
"25770.0";"443.0";"443.0"
"25780.0";"443.0";"443.0"
"25790.0";"443.0";"443.0"
"25800.0";"443.0";"443.0"
"25810.0";"443.0";"443.0"
"25820.0";"443.0";"443.0"
"25830.0";"443.0";"443.0"
"25840.0";"443.0";"443.0"
"25850.0";"443.0";"443.0"
"25860.0";"443.0";"443.0"
"25870.0";"443.0";"443.0"
"25880.0";"443.0";"443.0"
"25890.0";"443.0";"443.0"
"25900.0";"443.0";"443.0"
"25910.0";"443.0";"443.0"
"25920.0";"443.0";"443.0"
"25930.0";"443.0";"443.0"
"25940.0";"443.0";"443.0"
"25950.0";"443.0";"443.0"
"25960.0";"443.0";"443.0"
"25970.0";"443.0";"443.0"
"25980.0";"443.0";"443.0"
"25990.0";"443.0";"443.0"
"26000.0";"443.0";"443.0"
"26010.0";"443.0";"443.0"
"26020.0";"443.0";"443.0"
"26030.0";"443.0";"443.0"
"26040.0";"443.0";"443.0"
"26050.0";"443.0";"443.0"
"26060.0";"443.0";"443.0"
"26070.0";"443.0";"443.0"
"26080.0";"443.0";"443.0"
"26090.0";"443.0";"443.0"
"26100.0";"443.0";"443.0"
"26110.0";"443.0";"443.0"
"26120.0";"443.0";"443.0"
"26130.0";"443.0";"443.0"
"26140.0";"443.0";"443.0"
"26150.0";"443.0";"443.0"
"26160.0";"443.0";"443.0"
"26170.0";"443.0";"443.0"
"26180.0";"443.0";"443.0"
"26190.0";"443.0";"443.0"
"26200.0";"443.0";"443.0"
"26210.0";"443.0";"443.0"
"26220.0";"443.0";"443.0"
"26230.0";"443.0";"443.0"
"26240.0";"443.0";"443.0"
"26250.0";"443.0";"443.0"
"26260.0";"443.0";"443.0"
"26270.0";"443.0";"443.0"
"26280.0";"443.0";"443.0"
"26290.0";"443.0";"443.0"
"26300.0";"443.0";"443.0"
"26310.0";"443.0";"443.0"
"26320.0";"443.0";"443.0"
"26330.0";"443.0";"443.0"
"26340.0";"443.0";"443.0"
"26350.0";"443.0";"443.0"
"26360.0";"443.0";"443.0"
"26370.0";"443.0";"443.0"
"26380.0";"443.0";"443.0"
"26390.0";"443.0";"443.0"
"26400.0";"443.0";"443.0"
"26410.0";"443.0";"443.0"
"26420.0";"443.0";"443.0"
"26430.0";"443.0";"443.0"
"26440.0";"443.0";"443.0"
"26450.0";"443.0";"443.0"
"26460.0";"443.0";"443.0"
"26470.0";"443.0";"443.0"
"26480.0";"443.0";"443.0"
"26490.0";"443.0";"443.0"
"26500.0";"443.0";"443.0"
"26510.0";"443.0";"443.0"
"26520.0";"443.0";"443.0"
"26530.0";"443.0";"443.0"
"26540.0";"443.0";"443.0"
"26550.0";"443.0";"443.0"
"26560.0";"443.0";"443.0"
"26570.0";"443.0";"443.0"
"26580.0";"443.0";"443.0"
"26590.0";"443.0";"443.0"
"26600.0";"443.0";"443.0"
"26610.0";"443.0";"443.0"
"26620.0";"443.0";"443.0"
"26630.0";"443.0";"443.0"
"26640.0";"443.0";"443.0"
"26650.0";"443.0";"443.0"
"26660.0";"443.0";"443.0"
"26670.0";"443.0";"443.0"
"26680.0";"443.0";"443.0"
"26690.0";"443.0";"443.0"
"26700.0";"443.0";"443.0"
"26710.0";"443.0";"443.0"
"26720.0";"443.0";"443.0"
"26730.0";"443.0";"443.0"
"26740.0";"443.0";"443.0"
"26750.0";"443.0";"443.0"
"26760.0";"443.0";"443.0"
"26770.0";"443.0";"443.0"
"26780.0";"443.0";"443.0"
"26790.0";"443.0";"443.0"
"26800.0";"443.0";"443.0"
"26810.0";"443.0";"443.0"
"26820.0";"443.0";"443.0"
"26830.0";"443.0";"443.0"
"26840.0";"443.0";"443.0"
"26850.0";"443.0";"443.0"
"26860.0";"443.0";"443.0"
"26870.0";"443.0";"443.0"
"26880.0";"443.0";"443.0"
"26890.0";"443.0";"443.0"
"26900.0";"443.0";"443.0"
"26910.0";"443.0";"443.0"
"26920.0";"443.0";"443.0"
"26930.0";"443.0";"443.0"
"26940.0";"443.0";"443.0"
"26950.0";"443.0";"443.0"
"26960.0";"443.0";"443.0"
"26970.0";"443.0";"443.0"
"26980.0";"443.0";"443.0"
"26990.0";"443.0";"443.0"
"27000.0";"443.0";"443.0"
"27010.0";"443.0";"443.0"
"27020.0";"443.0";"443.0"
"27030.0";"443.0";"443.0"
"27040.0";"443.0";"443.0"
"27050.0";"443.0";"443.0"
"27060.0";"443.0";"443.0"
"27070.0";"443.0";"443.0"
"27080.0";"443.0";"443.0"
"27090.0";"443.0";"443.0"
"27100.0";"443.0";"443.0"
"27110.0";"443.0";"443.0"
"27120.0";"443.0";"443.0"
"27130.0";"443.0";"443.0"
"27140.0";"443.0";"443.0"
"27150.0";"443.0";"443.0"
"27160.0";"443.0";"443.0"
"27170.0";"443.0";"443.0"
"27180.0";"443.0";"443.0"
"27190.0";"443.0";"443.0"
"27200.0";"443.0";"443.0"
"27210.0";"443.0";"443.0"
"27220.0";"443.0";"443.0"
"27230.0";"443.0";"443.0"
"27240.0";"443.0";"443.0"
"27250.0";"443.0";"443.0"
"27260.0";"443.0";"443.0"
"27270.0";"443.0";"443.0"
"27280.0";"443.0";"443.0"
"27290.0";"443.0";"443.0"
"27300.0";"443.0";"443.0"
"27310.0";"443.0";"443.0"
"27320.0";"443.0";"443.0"
"27330.0";"443.0";"443.0"
"27340.0";"443.0";"443.0"
"27350.0";"443.0";"443.0"
"27360.0";"443.0";"443.0"
"27370.0";"443.0";"443.0"
"27380.0";"443.0";"443.0"
"27390.0";"443.0";"443.0"
"27400.0";"443.0";"443.0"
"27410.0";"443.0";"443.0"
"27420.0";"443.0";"443.0"
"27430.0";"443.0";"443.0"
"27440.0";"443.0";"443.0"
"27450.0";"443.0";"443.0"
"27460.0";"443.0";"443.0"
"27470.0";"443.0";"443.0"
"27480.0";"443.0";"443.0"
"27490.0";"443.0";"443.0"
"27500.0";"443.0";"443.0"
"27510.0";"443.0";"443.0"
"27520.0";"443.0";"443.0"
"27530.0";"443.0";"443.0"
"27540.0";"443.0";"443.0"
"27550.0";"443.0";"443.0"
"27560.0";"443.0";"443.0"
"27570.0";"443.0";"443.0"
"27580.0";"443.0";"443.0"
"27590.0";"443.0";"443.0"
"27600.0";"443.0";"443.0"
"27610.0";"443.0";"443.0"
"27620.0";"443.0";"443.0"
"27630.0";"443.0";"443.0"
"27640.0";"443.0";"443.0"
"27650.0";"443.0";"443.0"
"27660.0";"443.0";"443.0"
"27670.0";"443.0";"443.0"
"27680.0";"443.0";"443.0"
"27690.0";"443.0";"443.0"
"27700.0";"443.0";"443.0"
"27710.0";"443.0";"443.0"
"27720.0";"443.0";"443.0"
"27730.0";"443.0";"443.0"
"27740.0";"443.0";"443.0"
"27750.0";"443.0";"443.0"
"27760.0";"443.0";"443.0"
"27770.0";"443.0";"443.0"
"27780.0";"443.0";"443.0"
"27790.0";"443.0";"443.0"
"27800.0";"443.0";"443.0"
"27810.0";"443.0";"443.0"
"27820.0";"443.0";"443.0"
"27830.0";"443.0";"443.0"
"27840.0";"443.0";"443.0"
"27850.0";"443.0";"443.0"
"27860.0";"443.0";"443.0"
"27870.0";"443.0";"443.0"
"27880.0";"443.0";"443.0"
"27890.0";"443.0";"443.0"
"27900.0";"443.0";"443.0"
"27910.0";"443.0";"443.0"
"27920.0";"443.0";"443.0"
"27930.0";"443.0";"443.0"
"27940.0";"443.0";"443.0"
"27950.0";"443.0";"443.0"
"27960.0";"443.0";"443.0"
"27970.0";"443.0";"443.0"
"27980.0";"443.0";"443.0"
"27990.0";"443.0";"443.0"
"28000.0";"443.0";"443.0"
"28010.0";"443.0";"443.0"
"28020.0";"443.0";"443.0"
"28030.0";"443.0";"443.0"
"28040.0";"443.0";"443.0"
"28050.0";"443.0";"443.0"
"28060.0";"443.0";"443.0"
"28070.0";"443.0";"443.0"
"28080.0";"443.0";"443.0"
"28090.0";"443.0";"443.0"
"28100.0";"443.0";"443.0"
"28110.0";"443.0";"443.0"
"28120.0";"443.0";"443.0"
"28130.0";"443.0";"443.0"
"28140.0";"443.0";"443.0"
"28150.0";"443.0";"443.0"
"28160.0";"443.0";"443.0"
"28170.0";"443.0";"443.0"
"28180.0";"443.0";"443.0"
"28190.0";"443.0";"443.0"
"28200.0";"443.0";"443.0"
"28210.0";"443.0";"443.0"
"28220.0";"443.0";"443.0"
"28230.0";"443.0";"443.0"
"28240.0";"443.0";"443.0"
"28250.0";"443.0";"443.0"
"28260.0";"443.0";"443.0"
"28270.0";"443.0";"443.0"
"28280.0";"443.0";"443.0"
"28290.0";"443.0";"443.0"
"28300.0";"443.0";"443.0"
"28310.0";"443.0";"443.0"
"28320.0";"443.0";"443.0"
"28330.0";"443.0";"443.0"
"28340.0";"443.0";"443.0"
"28350.0";"443.0";"443.0"
"28360.0";"443.0";"443.0"
"28370.0";"443.0";"443.0"
"28380.0";"443.0";"443.0"
"28390.0";"443.0";"443.0"
"28400.0";"443.0";"443.0"
"28410.0";"443.0";"443.0"
"28420.0";"443.0";"443.0"
"28430.0";"443.0";"443.0"
"28440.0";"443.0";"443.0"
"28450.0";"443.0";"443.0"
"28460.0";"443.0";"443.0"
"28470.0";"443.0";"443.0"
"28480.0";"443.0";"443.0"
"28490.0";"443.0";"443.0"
"28500.0";"443.0";"443.0"
"28510.0";"443.0";"443.0"
"28520.0";"443.0";"443.0"
"28530.0";"443.0";"443.0"
"28540.0";"443.0";"443.0"
"28550.0";"443.0";"443.0"
"28560.0";"443.0";"443.0"
"28570.0";"443.0";"443.0"
"28580.0";"443.0";"443.0"
"28590.0";"443.0";"443.0"
"28600.0";"443.0";"443.0"
"28610.0";"443.0";"443.0"
"28620.0";"443.0";"443.0"
"28630.0";"443.0";"443.0"
"28640.0";"443.0";"443.0"
"28650.0";"443.0";"443.0"
"28660.0";"443.0";"443.0"
"28670.0";"443.0";"443.0"
"28680.0";"443.0";"443.0"
"28690.0";"443.0";"443.0"
"28700.0";"443.0";"443.0"
"28710.0";"443.0";"443.0"
"28720.0";"443.0";"443.0"
"28730.0";"443.0";"443.0"
"28740.0";"443.0";"443.0"
"28750.0";"443.0";"443.0"
"28760.0";"443.0";"443.0"
"28770.0";"443.0";"443.0"
"28780.0";"443.0";"443.0"
"28790.0";"443.0";"443.0"
"28800.0";"443.0";"443.0"
"28810.0";"443.0";"443.0"
"28820.0";"443.0";"443.0"
"28830.0";"443.0";"443.0"
"28840.0";"443.0";"443.0"
"28850.0";"443.0";"443.0"
"28860.0";"443.0";"443.0"
"28870.0";"443.0";"443.0"
"28880.0";"443.0";"443.0"
"28890.0";"443.0";"443.0"
"28900.0";"443.0";"443.0"
"28910.0";"443.0";"443.0"
"28920.0";"443.0";"443.0"
"28930.0";"443.0";"443.0"
"28940.0";"443.0";"443.0"
"28950.0";"443.0";"443.0"
"28960.0";"443.0";"443.0"
"28970.0";"443.0";"443.0"
"28980.0";"443.0";"443.0"
"28990.0";"443.0";"443.0"
"29000.0";"443.0";"443.0"
"29010.0";"443.0";"443.0"
"29020.0";"443.0";"443.0"
"29030.0";"443.0";"443.0"
"29040.0";"443.0";"443.0"
"29050.0";"443.0";"443.0"
"29060.0";"443.0";"443.0"
"29070.0";"443.0";"443.0"
"29080.0";"443.0";"443.0"
"29090.0";"443.0";"443.0"
"29100.0";"443.0";"443.0"
"29110.0";"443.0";"443.0"
"29120.0";"443.0";"443.0"
"29130.0";"443.0";"443.0"
"29140.0";"443.0";"443.0"
"29150.0";"443.0";"443.0"
"29160.0";"443.0";"443.0"
"29170.0";"443.0";"443.0"
"29180.0";"443.0";"443.0"
"29190.0";"443.0";"443.0"
"29200.0";"443.0";"443.0"
"29210.0";"443.0";"443.0"
"29220.0";"443.0";"443.0"
"29230.0";"443.0";"443.0"
"29240.0";"443.0";"443.0"
"29250.0";"443.0";"443.0"
"29260.0";"443.0";"443.0"
"29270.0";"443.0";"443.0"
"29280.0";"443.0";"443.0"
"29290.0";"443.0";"443.0"
"29300.0";"443.0";"443.0"
"29310.0";"443.0";"443.0"
"29320.0";"443.0";"443.0"
"29330.0";"443.0";"443.0"
"29340.0";"443.0";"443.0"
"29350.0";"443.0";"443.0"
"29360.0";"443.0";"443.0"
"29370.0";"443.0";"443.0"
"29380.0";"443.0";"443.0"
"29390.0";"443.0";"443.0"
"29400.0";"443.0";"443.0"
"29410.0";"443.0";"443.0"
"29420.0";"443.0";"443.0"
"29430.0";"443.0";"443.0"
"29440.0";"443.0";"443.0"
"29450.0";"443.0";"443.0"
"29460.0";"443.0";"443.0"
"29470.0";"443.0";"443.0"
"29480.0";"443.0";"443.0"
"29490.0";"443.0";"443.0"
"29500.0";"443.0";"443.0"
"29510.0";"443.0";"443.0"
"29520.0";"443.0";"443.0"
"29530.0";"443.0";"443.0"
"29540.0";"443.0";"443.0"
"29550.0";"443.0";"443.0"
"29560.0";"443.0";"443.0"
"29570.0";"443.0";"443.0"
"29580.0";"443.0";"443.0"
"29590.0";"443.0";"443.0"
"29600.0";"443.0";"443.0"
"29610.0";"443.0";"443.0"
"29620.0";"443.0";"443.0"
"29630.0";"443.0";"443.0"
"29640.0";"443.0";"443.0"
"29650.0";"443.0";"443.0"
"29660.0";"443.0";"443.0"
"29670.0";"443.0";"443.0"
"29680.0";"443.0";"443.0"
"29690.0";"443.0";"443.0"
"29700.0";"443.0";"443.0"
"29710.0";"443.0";"443.0"
"29720.0";"443.0";"443.0"
"29730.0";"443.0";"443.0"
"29740.0";"443.0";"443.0"
"29750.0";"443.0";"443.0"
"29760.0";"443.0";"443.0"
"29770.0";"443.0";"443.0"
"29780.0";"443.0";"443.0"
"29790.0";"443.0";"443.0"
"29800.0";"443.0";"443.0"
"29810.0";"443.0";"443.0"
"29820.0";"443.0";"443.0"
"29830.0";"443.0";"443.0"
"29840.0";"443.0";"443.0"
"29850.0";"443.0";"443.0"
"29860.0";"443.0";"443.0"
"29870.0";"443.0";"443.0"
"29880.0";"443.0";"443.0"
"29890.0";"443.0";"443.0"
"29900.0";"443.0";"443.0"
"29910.0";"443.0";"443.0"
"29920.0";"443.0";"443.0"
"29930.0";"443.0";"443.0"
"29940.0";"443.0";"443.0"
"29950.0";"443.0";"443.0"
"29960.0";"443.0";"443.0"
"29970.0";"443.0";"443.0"
"29980.0";"443.0";"443.0"
"29990.0";"443.0";"443.0"
"30000.0";"443.0";"443.0"
"30010.0";"443.0";"443.0"
"30020.0";"443.0";"443.0"
"30030.0";"443.0";"443.0"
"30040.0";"443.0";"443.0"
"30050.0";"443.0";"443.0"
"30060.0";"443.0";"443.0"
"30070.0";"443.0";"443.0"
"30080.0";"443.0";"443.0"
"30090.0";"443.0";"443.0"
"30100.0";"443.0";"443.0"
"30110.0";"443.0";"443.0"
"30120.0";"443.0";"443.0"
"30130.0";"443.0";"443.0"
"30140.0";"443.0";"443.0"
"30150.0";"443.0";"443.0"
"30160.0";"443.0";"443.0"
"30170.0";"443.0";"443.0"
"30180.0";"443.0";"443.0"
"30190.0";"443.0";"443.0"
"30200.0";"443.0";"443.0"
"30210.0";"443.0";"443.0"
"30220.0";"443.0";"443.0"
"30230.0";"443.0";"443.0"
"30240.0";"443.0";"443.0"
"30250.0";"443.0";"443.0"
"30260.0";"443.0";"443.0"
"30270.0";"443.0";"443.0"
"30280.0";"443.0";"443.0"
"30290.0";"443.0";"443.0"
"30300.0";"443.0";"443.0"
"30310.0";"443.0";"443.0"
"30320.0";"443.0";"443.0"
"30330.0";"443.0";"443.0"
"30340.0";"443.0";"443.0"
"30350.0";"443.0";"443.0"
"30360.0";"443.0";"443.0"
"30370.0";"443.0";"443.0"
"30380.0";"443.0";"443.0"
"30390.0";"443.0";"443.0"
"30400.0";"443.0";"443.0"
"30410.0";"443.0";"443.0"
"30420.0";"443.0";"443.0"
"30430.0";"443.0";"443.0"
"30440.0";"443.0";"443.0"
"30450.0";"443.0";"443.0"
"30460.0";"443.0";"443.0"
"30470.0";"443.0";"443.0"
"30480.0";"443.0";"443.0"
"30490.0";"443.0";"443.0"
"30500.0";"443.0";"443.0"
"30510.0";"443.0";"443.0"
"30520.0";"443.0";"443.0"
"30530.0";"443.0";"443.0"
"30540.0";"443.0";"443.0"
"30550.0";"443.0";"443.0"
"30560.0";"443.0";"443.0"
"30570.0";"443.0";"443.0"
"30580.0";"443.0";"443.0"
"30590.0";"443.0";"443.0"
"30600.0";"443.0";"443.0"
"30610.0";"443.0";"443.0"
"30620.0";"443.0";"443.0"
"30630.0";"443.0";"443.0"
"30640.0";"443.0";"443.0"
"30650.0";"443.0";"443.0"
"30660.0";"443.0";"443.0"
"30670.0";"443.0";"443.0"
"30680.0";"443.0";"443.0"
"30690.0";"443.0";"443.0"
"30700.0";"443.0";"443.0"
"30710.0";"443.0";"443.0"
"30720.0";"443.0";"443.0"
"30730.0";"443.0";"443.0"
"30740.0";"443.0";"443.0"
"30750.0";"443.0";"443.0"
"30760.0";"443.0";"443.0"
"30770.0";"443.0";"443.0"
"30780.0";"443.0";"443.0"
"30790.0";"443.0";"443.0"
"30800.0";"443.0";"443.0"
"30810.0";"443.0";"443.0"
"30820.0";"443.0";"443.0"
"30830.0";"443.0";"443.0"
"30840.0";"443.0";"443.0"
"30850.0";"443.0";"443.0"
"30860.0";"443.0";"443.0"
"30870.0";"443.0";"443.0"
"30880.0";"443.0";"443.0"
"30890.0";"443.0";"443.0"
"30900.0";"443.0";"443.0"
"30910.0";"443.0";"443.0"
"30920.0";"443.0";"443.0"
"30930.0";"443.0";"443.0"
"30940.0";"443.0";"443.0"
"30950.0";"443.0";"443.0"
"30960.0";"443.0";"443.0"
"30970.0";"443.0";"443.0"
"30980.0";"443.0";"443.0"
"30990.0";"443.0";"443.0"
"31000.0";"443.0";"443.0"
"31010.0";"443.0";"443.0"
"31020.0";"443.0";"443.0"
"31030.0";"443.0";"443.0"
"31040.0";"443.0";"443.0"
"31050.0";"443.0";"443.0"
"31060.0";"443.0";"443.0"
"31070.0";"443.0";"443.0"
"31080.0";"443.0";"443.0"
"31090.0";"443.0";"443.0"
"31100.0";"443.0";"443.0"
"31110.0";"443.0";"443.0"
"31120.0";"443.0";"443.0"
"31130.0";"443.0";"443.0"
"31140.0";"443.0";"443.0"
"31150.0";"443.0";"443.0"
"31160.0";"443.0";"443.0"
"31170.0";"443.0";"443.0"
"31180.0";"443.0";"443.0"
"31190.0";"443.0";"443.0"
"31200.0";"443.0";"443.0"
"31210.0";"443.0";"443.0"
"31220.0";"443.0";"443.0"
"31230.0";"443.0";"443.0"
"31240.0";"443.0";"443.0"
"31250.0";"443.0";"443.0"
"31260.0";"443.0";"443.0"
"31270.0";"443.0";"443.0"
"31280.0";"443.0";"443.0"
"31290.0";"443.0";"443.0"
"31300.0";"443.0";"443.0"
"31310.0";"443.0";"443.0"
"31320.0";"443.0";"443.0"
"31330.0";"443.0";"443.0"
"31340.0";"443.0";"443.0"
"31350.0";"443.0";"443.0"
"31360.0";"443.0";"443.0"
"31370.0";"443.0";"443.0"
"31380.0";"443.0";"443.0"
"31390.0";"443.0";"443.0"
"31400.0";"443.0";"443.0"
"31410.0";"443.0";"443.0"
"31420.0";"443.0";"443.0"
"31430.0";"443.0";"443.0"
"31440.0";"443.0";"443.0"
"31450.0";"443.0";"443.0"
"31460.0";"443.0";"443.0"
"31470.0";"443.0";"443.0"
"31480.0";"443.0";"443.0"
"31490.0";"443.0";"443.0"
"31500.0";"443.0";"443.0"
"31510.0";"443.0";"443.0"
"31520.0";"443.0";"443.0"
"31530.0";"443.0";"443.0"
"31540.0";"443.0";"443.0"
"31550.0";"443.0";"443.0"
"31560.0";"443.0";"443.0"
"31570.0";"443.0";"443.0"
"31580.0";"443.0";"443.0"
"31590.0";"443.0";"443.0"
"31600.0";"443.0";"443.0"
"31610.0";"443.0";"443.0"
"31620.0";"443.0";"443.0"
"31630.0";"443.0";"443.0"
"31640.0";"443.0";"443.0"
"31650.0";"443.0";"443.0"
"31660.0";"443.0";"443.0"
"31670.0";"443.0";"443.0"
"31680.0";"443.0";"443.0"
"31690.0";"443.0";"443.0"
"31700.0";"443.0";"443.0"
"31710.0";"443.0";"443.0"
"31720.0";"443.0";"443.0"
"31730.0";"443.0";"443.0"
"31740.0";"443.0";"443.0"
"31750.0";"443.0";"443.0"
"31760.0";"443.0";"443.0"
"31770.0";"443.0";"443.0"
"31780.0";"443.0";"443.0"
"31790.0";"443.0";"443.0"
"31800.0";"443.0";"443.0"
"31810.0";"443.0";"443.0"
"31820.0";"443.0";"443.0"
"31830.0";"443.0";"443.0"
"31840.0";"443.0";"443.0"
"31850.0";"443.0";"443.0"
"31860.0";"443.0";"443.0"
"31870.0";"443.0";"443.0"
"31880.0";"443.0";"443.0"
"31890.0";"443.0";"443.0"
"31900.0";"443.0";"443.0"
"31910.0";"443.0";"443.0"
"31920.0";"443.0";"443.0"
"31930.0";"443.0";"443.0"
"31940.0";"443.0";"443.0"
"31950.0";"443.0";"443.0"
"31960.0";"443.0";"443.0"
"31970.0";"443.0";"443.0"
"31980.0";"443.0";"443.0"
"31990.0";"443.0";"443.0"
"32000.0";"443.0";"443.0"
"32010.0";"443.0";"443.0"
"32020.0";"443.0";"443.0"
"32030.0";"443.0";"443.0"
"32040.0";"443.0";"443.0"
"32050.0";"443.0";"443.0"
"32060.0";"443.0";"443.0"
"32070.0";"443.0";"443.0"
"32080.0";"443.0";"443.0"
"32090.0";"443.0";"443.0"
"32100.0";"443.0";"443.0"
"32110.0";"443.0";"443.0"
"32120.0";"443.0";"443.0"
"32130.0";"443.0";"443.0"
"32140.0";"443.0";"443.0"
"32150.0";"443.0";"443.0"
"32160.0";"443.0";"443.0"
"32170.0";"443.0";"443.0"
"32180.0";"443.0";"443.0"
"32190.0";"443.0";"443.0"
"32200.0";"443.0";"443.0"
"32210.0";"443.0";"443.0"
"32220.0";"443.0";"443.0"
"32230.0";"443.0";"443.0"
"32240.0";"443.0";"443.0"
"32250.0";"443.0";"443.0"
"32260.0";"443.0";"443.0"
"32270.0";"443.0";"443.0"
"32280.0";"443.0";"443.0"
"32290.0";"443.0";"443.0"
"32300.0";"443.0";"443.0"
"32310.0";"443.0";"443.0"
"32320.0";"443.0";"443.0"
"32330.0";"443.0";"443.0"
"32340.0";"443.0";"443.0"
"32350.0";"443.0";"443.0"
"32360.0";"443.0";"443.0"
"32370.0";"443.0";"443.0"
"32380.0";"443.0";"443.0"
"32390.0";"443.0";"443.0"
"32400.0";"443.0";"443.0"
"32410.0";"443.0";"443.0"
"32420.0";"443.0";"443.0"
"32430.0";"443.0";"443.0"
"32440.0";"443.0";"443.0"
"32450.0";"443.0";"443.0"
"32460.0";"443.0";"443.0"
"32470.0";"443.0";"443.0"
"32480.0";"443.0";"443.0"
"32490.0";"443.0";"443.0"
"32500.0";"443.0";"443.0"
"32510.0";"443.0";"443.0"
"32520.0";"443.0";"443.0"
"32530.0";"443.0";"443.0"
"32540.0";"443.0";"443.0"
"32550.0";"443.0";"443.0"
"32560.0";"443.0";"443.0"
"32570.0";"443.0";"443.0"
"32580.0";"443.0";"443.0"
"32590.0";"443.0";"443.0"
"32600.0";"443.0";"443.0"
"32610.0";"443.0";"443.0"
"32620.0";"443.0";"443.0"
"32630.0";"443.0";"443.0"
"32640.0";"443.0";"443.0"
"32650.0";"443.0";"443.0"
"32660.0";"443.0";"443.0"
"32670.0";"443.0";"443.0"
"32680.0";"443.0";"443.0"
"32690.0";"443.0";"443.0"
"32700.0";"443.0";"443.0"
"32710.0";"443.0";"443.0"
"32720.0";"443.0";"443.0"
"32730.0";"443.0";"443.0"
"32740.0";"443.0";"443.0"
"32750.0";"443.0";"443.0"
"32760.0";"443.0";"443.0"
"32770.0";"443.0";"443.0"
"32780.0";"443.0";"443.0"
"32790.0";"443.0";"443.0"
"32800.0";"443.0";"443.0"
"32810.0";"443.0";"443.0"
"32820.0";"443.0";"443.0"
"32830.0";"443.0";"443.0"
"32840.0";"443.0";"443.0"
"32850.0";"443.0";"443.0"
"32860.0";"443.0";"443.0"
"32870.0";"443.0";"443.0"
"32880.0";"443.0";"443.0"
"32890.0";"443.0";"443.0"
"32900.0";"443.0";"443.0"
"32910.0";"443.0";"443.0"
"32920.0";"443.0";"443.0"
"32930.0";"443.0";"443.0"
"32940.0";"443.0";"443.0"
"32950.0";"443.0";"443.0"
"32960.0";"443.0";"443.0"
"32970.0";"443.0";"443.0"
"32980.0";"443.0";"443.0"
"32990.0";"443.0";"443.0"
"33000.0";"443.0";"443.0"
"33010.0";"443.0";"443.0"
"33020.0";"443.0";"443.0"
"33030.0";"443.0";"443.0"
"33040.0";"443.0";"443.0"
"33050.0";"443.0";"443.0"
"33060.0";"443.0";"443.0"
"33070.0";"443.0";"443.0"
"33080.0";"443.0";"443.0"
"33090.0";"443.0";"443.0"
"33100.0";"443.0";"443.0"
"33110.0";"443.0";"443.0"
"33120.0";"443.0";"443.0"
"33130.0";"443.0";"443.0"
"33140.0";"443.0";"443.0"
"33150.0";"443.0";"443.0"
"33160.0";"443.0";"443.0"
"33170.0";"443.0";"443.0"
"33180.0";"443.0";"443.0"
"33190.0";"443.0";"443.0"
"33200.0";"443.0";"443.0"
"33210.0";"443.0";"443.0"
"33220.0";"443.0";"443.0"
"33230.0";"443.0";"443.0"
"33240.0";"443.0";"443.0"
"33250.0";"443.0";"443.0"
"33260.0";"443.0";"443.0"
"33270.0";"443.0";"443.0"
"33280.0";"443.0";"443.0"
"33290.0";"443.0";"443.0"
"33300.0";"443.0";"443.0"
"33310.0";"443.0";"443.0"
"33320.0";"443.0";"443.0"
"33330.0";"443.0";"443.0"
"33340.0";"443.0";"443.0"
"33350.0";"443.0";"443.0"
"33360.0";"443.0";"443.0"
"33370.0";"443.0";"443.0"
"33380.0";"443.0";"443.0"
"33390.0";"443.0";"443.0"
"33400.0";"443.0";"443.0"
"33410.0";"443.0";"443.0"
"33420.0";"443.0";"443.0"
"33430.0";"443.0";"443.0"
"33440.0";"443.0";"443.0"
"33450.0";"443.0";"443.0"
"33460.0";"443.0";"443.0"
"33470.0";"443.0";"443.0"
"33480.0";"443.0";"443.0"
"33490.0";"443.0";"443.0"
"33500.0";"443.0";"443.0"
"33510.0";"443.0";"443.0"
"33520.0";"443.0";"443.0"
"33530.0";"443.0";"443.0"
"33540.0";"443.0";"443.0"
"33550.0";"443.0";"443.0"
"33560.0";"443.0";"443.0"
"33570.0";"443.0";"443.0"
"33580.0";"443.0";"443.0"
"33590.0";"443.0";"443.0"
"33600.0";"443.0";"443.0"
"33610.0";"443.0";"443.0"
"33620.0";"443.0";"443.0"
"33630.0";"443.0";"443.0"
"33640.0";"443.0";"443.0"
"33650.0";"443.0";"443.0"
"33660.0";"443.0";"443.0"
"33670.0";"443.0";"443.0"
"33680.0";"443.0";"443.0"
"33690.0";"443.0";"443.0"
"33700.0";"443.0";"443.0"
"33710.0";"443.0";"443.0"
"33720.0";"443.0";"443.0"
"33730.0";"443.0";"443.0"
"33740.0";"443.0";"443.0"
"33750.0";"443.0";"443.0"
"33760.0";"443.0";"443.0"
"33770.0";"443.0";"443.0"
"33780.0";"443.0";"443.0"
"33790.0";"443.0";"443.0"
"33800.0";"443.0";"443.0"
"33810.0";"443.0";"443.0"
"33820.0";"443.0";"443.0"
"33830.0";"443.0";"443.0"
"33840.0";"443.0";"443.0"
"33850.0";"443.0";"443.0"
"33860.0";"443.0";"443.0"
"33870.0";"443.0";"443.0"
"33880.0";"443.0";"443.0"
"33890.0";"443.0";"443.0"
"33900.0";"443.0";"443.0"
"33910.0";"443.0";"443.0"
"33920.0";"443.0";"443.0"
"33930.0";"443.0";"443.0"
"33940.0";"443.0";"443.0"
"33950.0";"443.0";"443.0"
"33960.0";"443.0";"443.0"
"33970.0";"443.0";"443.0"
"33980.0";"443.0";"443.0"
"33990.0";"443.0";"443.0"
"34000.0";"443.0";"443.0"
"34010.0";"443.0";"443.0"
"34020.0";"443.0";"443.0"
"34030.0";"443.0";"443.0"
"34040.0";"443.0";"443.0"
"34050.0";"443.0";"443.0"
"34060.0";"443.0";"443.0"
"34070.0";"443.0";"443.0"
"34080.0";"443.0";"443.0"
"34090.0";"443.0";"443.0"
"34100.0";"443.0";"443.0"
"34110.0";"443.0";"443.0"
"34120.0";"443.0";"443.0"
"34130.0";"443.0";"443.0"
"34140.0";"443.0";"443.0"
"34150.0";"443.0";"443.0"
"34160.0";"443.0";"443.0"
"34170.0";"443.0";"443.0"
"34180.0";"443.0";"443.0"
"34190.0";"443.0";"443.0"
"34200.0";"443.0";"443.0"
"34210.0";"443.0";"443.0"
"34220.0";"443.0";"443.0"
"34230.0";"443.0";"443.0"
"34240.0";"443.0";"443.0"
"34250.0";"443.0";"443.0"
"34260.0";"443.0";"443.0"
"34270.0";"443.0";"443.0"
"34280.0";"443.0";"443.0"
"34290.0";"443.0";"443.0"
"34300.0";"443.0";"443.0"
"34310.0";"443.0";"443.0"
"34320.0";"443.0";"443.0"
"34330.0";"443.0";"443.0"
"34340.0";"443.0";"443.0"
"34350.0";"443.0";"443.0"
"34360.0";"443.0";"443.0"
"34370.0";"443.0";"443.0"
"34380.0";"443.0";"443.0"
"34390.0";"443.0";"443.0"
"34400.0";"443.0";"443.0"
"34410.0";"443.0";"443.0"
"34420.0";"443.0";"443.0"
"34430.0";"443.0";"443.0"
"34440.0";"443.0";"443.0"
"34450.0";"443.0";"443.0"
"34460.0";"443.0";"443.0"
"34470.0";"443.0";"443.0"
"34480.0";"443.0";"443.0"
"34490.0";"443.0";"443.0"
"34500.0";"443.0";"443.0"
"34510.0";"443.0";"443.0"
"34520.0";"443.0";"443.0"
"34530.0";"443.0";"443.0"
"34540.0";"443.0";"443.0"
"34550.0";"443.0";"443.0"
"34560.0";"443.0";"443.0"
"34570.0";"443.0";"443.0"
"34580.0";"443.0";"443.0"
"34590.0";"443.0";"443.0"
"34600.0";"443.0";"443.0"
"34610.0";"443.0";"443.0"
"34620.0";"443.0";"443.0"
"34630.0";"443.0";"443.0"
"34640.0";"443.0";"443.0"
"34650.0";"443.0";"443.0"
"34660.0";"443.0";"443.0"
"34670.0";"443.0";"443.0"
"34680.0";"443.0";"443.0"
"34690.0";"443.0";"443.0"
"34700.0";"443.0";"443.0"
"34710.0";"443.0";"443.0"
"34720.0";"443.0";"443.0"
"34730.0";"443.0";"443.0"
"34740.0";"443.0";"443.0"
"34750.0";"443.0";"443.0"
"34760.0";"443.0";"443.0"
"34770.0";"443.0";"443.0"
"34780.0";"443.0";"443.0"
"34790.0";"443.0";"443.0"
"34800.0";"443.0";"443.0"
"34810.0";"443.0";"443.0"
"34820.0";"443.0";"443.0"
"34830.0";"443.0";"443.0"
"34840.0";"443.0";"443.0"
"34850.0";"443.0";"443.0"
"34860.0";"443.0";"443.0"
"34870.0";"443.0";"443.0"
"34880.0";"443.0";"443.0"
"34890.0";"443.0";"443.0"
"34900.0";"443.0";"443.0"
"34910.0";"443.0";"443.0"
"34920.0";"443.0";"443.0"
"34930.0";"443.0";"443.0"
"34940.0";"443.0";"443.0"
"34950.0";"443.0";"443.0"
"34960.0";"443.0";"443.0"
"34970.0";"443.0";"443.0"
"34980.0";"443.0";"443.0"
"34990.0";"443.0";"443.0"
"35000.0";"443.0";"443.0"
"35010.0";"443.0";"443.0"
"35020.0";"443.0";"443.0"
"35030.0";"443.0";"443.0"
"35040.0";"443.0";"443.0"
"35050.0";"443.0";"443.0"
"35060.0";"443.0";"443.0"
"35070.0";"443.0";"443.0"
"35080.0";"443.0";"443.0"
"35090.0";"443.0";"443.0"
"35100.0";"443.0";"443.0"
"35110.0";"443.0";"443.0"
"35120.0";"443.0";"443.0"
"35130.0";"443.0";"443.0"
"35140.0";"443.0";"443.0"
"35150.0";"443.0";"443.0"
"35160.0";"443.0";"443.0"
"35170.0";"443.0";"443.0"
"35180.0";"443.0";"443.0"
"35190.0";"443.0";"443.0"
"35200.0";"443.0";"443.0"
"35210.0";"443.0";"443.0"
"35220.0";"443.0";"443.0"
"35230.0";"443.0";"443.0"
"35240.0";"443.0";"443.0"
"35250.0";"443.0";"443.0"
"35260.0";"443.0";"443.0"
"35270.0";"443.0";"443.0"
"35280.0";"443.0";"443.0"
"35290.0";"443.0";"443.0"
"35300.0";"443.0";"443.0"
"35310.0";"443.0";"443.0"
"35320.0";"443.0";"443.0"
"35330.0";"443.0";"443.0"
"35340.0";"443.0";"443.0"
"35350.0";"443.0";"443.0"
"35360.0";"443.0";"443.0"
"35370.0";"443.0";"443.0"
"35380.0";"443.0";"443.0"
"35390.0";"443.0";"443.0"
"35400.0";"443.0";"443.0"
"35410.0";"443.0";"443.0"
"35420.0";"443.0";"443.0"
"35430.0";"443.0";"443.0"
"35440.0";"443.0";"443.0"
"35450.0";"443.0";"443.0"
"35460.0";"443.0";"443.0"
"35470.0";"443.0";"443.0"
"35480.0";"443.0";"443.0"
"35490.0";"443.0";"443.0"
"35500.0";"443.0";"443.0"
"35510.0";"443.0";"443.0"
"35520.0";"443.0";"443.0"
"35530.0";"443.0";"443.0"
"35540.0";"443.0";"443.0"
"35550.0";"443.0";"443.0"
"35560.0";"443.0";"443.0"
"35570.0";"443.0";"443.0"
"35580.0";"443.0";"443.0"
"35590.0";"443.0";"443.0"
"35600.0";"443.0";"443.0"
"35610.0";"443.0";"443.0"
"35620.0";"443.0";"443.0"
"35630.0";"443.0";"443.0"
"35640.0";"443.0";"443.0"
"35650.0";"443.0";"443.0"
"35660.0";"443.0";"443.0"
"35670.0";"443.0";"443.0"
"35680.0";"443.0";"443.0"
"35690.0";"443.0";"443.0"
"35700.0";"443.0";"443.0"
"35710.0";"443.0";"443.0"
"35720.0";"443.0";"443.0"
"35730.0";"443.0";"443.0"
"35740.0";"443.0";"443.0"
"35750.0";"443.0";"443.0"
"35760.0";"443.0";"443.0"
"35770.0";"443.0";"443.0"
"35780.0";"443.0";"443.0"
"35790.0";"443.0";"443.0"
"35800.0";"443.0";"443.0"
"35810.0";"443.0";"443.0"
"35820.0";"443.0";"443.0"
"35830.0";"443.0";"443.0"
"35840.0";"443.0";"443.0"
"35850.0";"443.0";"443.0"
"35860.0";"443.0";"443.0"
"35870.0";"443.0";"443.0"
"35880.0";"443.0";"443.0"
"35890.0";"443.0";"443.0"
"35900.0";"443.0";"443.0"
"35910.0";"443.0";"443.0"
"35920.0";"443.0";"443.0"
"35930.0";"443.0";"443.0"
"35940.0";"443.0";"443.0"
"35950.0";"443.0";"443.0"
"35960.0";"443.0";"443.0"
"35970.0";"443.0";"443.0"
"35980.0";"443.0";"443.0"
"35990.0";"443.0";"443.0"
"36000.0";"443.0";"443.0"
"36010.0";"443.0";"443.0"
"36020.0";"443.0";"443.0"
"36030.0";"443.0";"443.0"
"36040.0";"443.0";"443.0"
"36050.0";"443.0";"443.0"
"36060.0";"443.0";"443.0"
"36070.0";"443.0";"443.0"
"36080.0";"443.0";"443.0"
"36090.0";"443.0";"443.0"
"36100.0";"443.0";"443.0"
"36110.0";"443.0";"443.0"
"36120.0";"443.0";"443.0"
"36130.0";"443.0";"443.0"
"36140.0";"443.0";"443.0"
"36150.0";"443.0";"443.0"
"36160.0";"443.0";"443.0"
"36170.0";"443.0";"443.0"
"36180.0";"443.0";"443.0"
"36190.0";"443.0";"443.0"
"36200.0";"443.0";"443.0"
"36210.0";"443.0";"443.0"
"36220.0";"443.0";"443.0"
"36230.0";"443.0";"443.0"
"36240.0";"443.0";"443.0"
"36250.0";"443.0";"443.0"
"36260.0";"443.0";"443.0"
"36270.0";"443.0";"443.0"
"36280.0";"443.0";"443.0"
"36290.0";"443.0";"443.0"
"36300.0";"443.0";"443.0"
"36310.0";"443.0";"443.0"
"36320.0";"443.0";"443.0"
"36330.0";"443.0";"443.0"
"36340.0";"443.0";"443.0"
"36350.0";"443.0";"443.0"
"36360.0";"443.0";"443.0"
"36370.0";"443.0";"443.0"
"36380.0";"443.0";"443.0"
"36390.0";"443.0";"443.0"
"36400.0";"443.0";"443.0"
"36410.0";"443.0";"443.0"
"36420.0";"443.0";"443.0"
"36430.0";"443.0";"443.0"
"36440.0";"443.0";"443.0"
"36450.0";"443.0";"443.0"
"36460.0";"443.0";"443.0"
"36470.0";"443.0";"443.0"
"36480.0";"443.0";"443.0"
"36490.0";"443.0";"443.0"
"36500.0";"443.0";"443.0"
"36510.0";"443.0";"443.0"
"36520.0";"443.0";"443.0"
"36530.0";"443.0";"443.0"
"36540.0";"443.0";"443.0"
"36550.0";"443.0";"443.0"
"36560.0";"443.0";"443.0"
"36570.0";"443.0";"443.0"
"36580.0";"443.0";"443.0"
"36590.0";"443.0";"443.0"
"36600.0";"443.0";"443.0"
"36610.0";"443.0";"443.0"
"36620.0";"443.0";"443.0"
"36630.0";"443.0";"443.0"
"36640.0";"443.0";"443.0"
"36650.0";"443.0";"443.0"
"36660.0";"443.0";"443.0"
"36670.0";"443.0";"443.0"
"36680.0";"443.0";"443.0"
"36690.0";"443.0";"443.0"
"36700.0";"443.0";"443.0"
"36710.0";"443.0";"443.0"
"36720.0";"443.0";"443.0"
"36730.0";"443.0";"443.0"
"36740.0";"443.0";"443.0"
"36750.0";"443.0";"443.0"
"36760.0";"443.0";"443.0"
"36770.0";"443.0";"443.0"
"36780.0";"443.0";"443.0"
"36790.0";"443.0";"443.0"
"36800.0";"443.0";"443.0"
"36810.0";"443.0";"443.0"
"36820.0";"443.0";"443.0"
"36830.0";"443.0";"443.0"
"36840.0";"443.0";"443.0"
"36850.0";"443.0";"443.0"
"36860.0";"443.0";"443.0"
"36870.0";"443.0";"443.0"
"36880.0";"443.0";"443.0"
"36890.0";"443.0";"443.0"
"36900.0";"443.0";"443.0"
"36910.0";"443.0";"443.0"
"36920.0";"443.0";"443.0"
"36930.0";"443.0";"443.0"
"36940.0";"443.0";"443.0"
"36950.0";"443.0";"443.0"
"36960.0";"443.0";"443.0"
"36970.0";"443.0";"443.0"
"36980.0";"443.0";"443.0"
"36990.0";"443.0";"443.0"
"37000.0";"443.0";"443.0"
"37010.0";"443.0";"443.0"
"37020.0";"443.0";"443.0"
"37030.0";"443.0";"443.0"
"37040.0";"443.0";"443.0"
"37050.0";"443.0";"443.0"
"37060.0";"443.0";"443.0"
"37070.0";"443.0";"443.0"
"37080.0";"443.0";"443.0"
"37090.0";"443.0";"443.0"
"37100.0";"443.0";"443.0"
"37110.0";"443.0";"443.0"
"37120.0";"443.0";"443.0"
"37130.0";"443.0";"443.0"
"37140.0";"443.0";"443.0"
"37150.0";"443.0";"443.0"
"37160.0";"443.0";"443.0"
"37170.0";"443.0";"443.0"
"37180.0";"443.0";"443.0"
"37190.0";"443.0";"443.0"
"37200.0";"443.0";"443.0"
"37210.0";"443.0";"443.0"
"37220.0";"443.0";"443.0"
"37230.0";"443.0";"443.0"
"37240.0";"443.0";"443.0"
"37250.0";"443.0";"443.0"
"37260.0";"443.0";"443.0"
"37270.0";"443.0";"443.0"
"37280.0";"443.0";"443.0"
"37290.0";"443.0";"443.0"
"37300.0";"443.0";"443.0"
"37310.0";"443.0";"443.0"
"37320.0";"443.0";"443.0"
"37330.0";"443.0";"443.0"
"37340.0";"443.0";"443.0"
"37350.0";"443.0";"443.0"
"37360.0";"443.0";"443.0"
"37370.0";"443.0";"443.0"
"37380.0";"443.0";"443.0"
"37390.0";"443.0";"443.0"
"37400.0";"443.0";"443.0"
"37410.0";"443.0";"443.0"
"37420.0";"443.0";"443.0"
"37430.0";"443.0";"443.0"
"37440.0";"443.0";"443.0"
"37450.0";"443.0";"443.0"
"37460.0";"443.0";"443.0"
"37470.0";"443.0";"443.0"
"37480.0";"443.0";"443.0"
"37490.0";"443.0";"443.0"
"37500.0";"443.0";"443.0"
"37510.0";"443.0";"443.0"
"37520.0";"443.0";"443.0"
"37530.0";"443.0";"443.0"
"37540.0";"443.0";"443.0"
"37550.0";"443.0";"443.0"
"37560.0";"443.0";"443.0"
"37570.0";"443.0";"443.0"
"37580.0";"443.0";"443.0"
"37590.0";"443.0";"443.0"
"37600.0";"443.0";"443.0"
"37610.0";"443.0";"443.0"
"37620.0";"443.0";"443.0"
"37630.0";"443.0";"443.0"
"37640.0";"443.0";"443.0"
"37650.0";"443.0";"443.0"
"37660.0";"443.0";"443.0"
"37670.0";"443.0";"443.0"
"37680.0";"443.0";"443.0"
"37690.0";"443.0";"443.0"
"37700.0";"443.0";"443.0"
"37710.0";"443.0";"443.0"
"37720.0";"443.0";"443.0"
"37730.0";"443.0";"443.0"
"37740.0";"443.0";"443.0"
"37750.0";"443.0";"443.0"
"37760.0";"443.0";"443.0"
"37770.0";"443.0";"443.0"
"37780.0";"443.0";"443.0"
"37790.0";"443.0";"443.0"
"37800.0";"443.0";"443.0"
"37810.0";"443.0";"443.0"
"37820.0";"443.0";"443.0"
"37830.0";"443.0";"443.0"
"37840.0";"443.0";"443.0"
"37850.0";"443.0";"443.0"
"37860.0";"443.0";"443.0"
"37870.0";"443.0";"443.0"
"37880.0";"443.0";"443.0"
"37890.0";"443.0";"443.0"
"37900.0";"443.0";"443.0"
"37910.0";"443.0";"443.0"
"37920.0";"443.0";"443.0"
"37930.0";"443.0";"443.0"
"37940.0";"443.0";"443.0"
"37950.0";"443.0";"443.0"
"37960.0";"443.0";"443.0"
"37970.0";"443.0";"443.0"
"37980.0";"443.0";"443.0"
"37990.0";"443.0";"443.0"
"38000.0";"443.0";"443.0"
"38010.0";"443.0";"443.0"
"38020.0";"443.0";"443.0"
"38030.0";"443.0";"443.0"
"38040.0";"443.0";"443.0"
"38050.0";"443.0";"443.0"
"38060.0";"443.0";"443.0"
"38070.0";"443.0";"443.0"
"38080.0";"443.0";"443.0"
"38090.0";"443.0";"443.0"
"38100.0";"443.0";"443.0"
"38110.0";"443.0";"443.0"
"38120.0";"443.0";"443.0"
"38130.0";"443.0";"443.0"
"38140.0";"443.0";"443.0"
"38150.0";"443.0";"443.0"
"38160.0";"443.0";"443.0"
"38170.0";"443.0";"443.0"
"38180.0";"443.0";"443.0"
"38190.0";"443.0";"443.0"
"38200.0";"443.0";"443.0"
"38210.0";"443.0";"443.0"
"38220.0";"443.0";"443.0"
"38230.0";"443.0";"443.0"
"38240.0";"443.0";"443.0"
"38250.0";"443.0";"443.0"
"38260.0";"443.0";"443.0"
"38270.0";"443.0";"443.0"
"38280.0";"443.0";"443.0"
"38290.0";"443.0";"443.0"
"38300.0";"443.0";"443.0"
"38310.0";"443.0";"443.0"
"38320.0";"443.0";"443.0"
"38330.0";"443.0";"443.0"
"38340.0";"443.0";"443.0"
"38350.0";"443.0";"443.0"
"38360.0";"443.0";"443.0"
"38370.0";"443.0";"443.0"
"38380.0";"443.0";"443.0"
"38390.0";"443.0";"443.0"
"38400.0";"443.0";"443.0"
"38410.0";"443.0";"443.0"
"38420.0";"443.0";"443.0"
"38430.0";"443.0";"443.0"
"38440.0";"443.0";"443.0"
"38450.0";"443.0";"443.0"
"38460.0";"443.0";"443.0"
"38470.0";"443.0";"443.0"
"38480.0";"443.0";"443.0"
"38490.0";"443.0";"443.0"
"38500.0";"443.0";"443.0"
"38510.0";"443.0";"443.0"
"38520.0";"443.0";"443.0"
"38530.0";"443.0";"443.0"
"38540.0";"443.0";"443.0"
"38550.0";"443.0";"443.0"
"38560.0";"443.0";"443.0"
"38570.0";"443.0";"443.0"
"38580.0";"443.0";"443.0"
"38590.0";"443.0";"443.0"
"38600.0";"443.0";"443.0"
"38610.0";"443.0";"443.0"
"38620.0";"443.0";"443.0"
"38630.0";"443.0";"443.0"
"38640.0";"443.0";"443.0"
"38650.0";"443.0";"443.0"
"38660.0";"443.0";"443.0"
"38670.0";"443.0";"443.0"
"38680.0";"443.0";"443.0"
"38690.0";"443.0";"443.0"
"38700.0";"443.0";"443.0"
"38710.0";"443.0";"443.0"
"38720.0";"443.0";"443.0"
"38730.0";"443.0";"443.0"
"38740.0";"443.0";"443.0"
"38750.0";"443.0";"443.0"
"38760.0";"443.0";"443.0"
"38770.0";"443.0";"443.0"
"38780.0";"443.0";"443.0"
"38790.0";"443.0";"443.0"
"38800.0";"443.0";"443.0"
"38810.0";"443.0";"443.0"
"38820.0";"443.0";"443.0"
"38830.0";"443.0";"443.0"
"38840.0";"443.0";"443.0"
"38850.0";"443.0";"443.0"
"38860.0";"443.0";"443.0"
"38870.0";"443.0";"443.0"
"38880.0";"443.0";"443.0"
"38890.0";"443.0";"443.0"
"38900.0";"443.0";"443.0"
"38910.0";"443.0";"443.0"
"38920.0";"443.0";"443.0"
"38930.0";"443.0";"443.0"
"38940.0";"443.0";"443.0"
"38950.0";"443.0";"443.0"
"38960.0";"443.0";"443.0"
"38970.0";"443.0";"443.0"
"38980.0";"443.0";"443.0"
"38990.0";"443.0";"443.0"
"39000.0";"443.0";"443.0"
"39010.0";"443.0";"443.0"
"39020.0";"443.0";"443.0"
"39030.0";"443.0";"443.0"
"39040.0";"443.0";"443.0"
"39050.0";"443.0";"443.0"
"39060.0";"443.0";"443.0"
"39070.0";"443.0";"443.0"
"39080.0";"443.0";"443.0"
"39090.0";"443.0";"443.0"
"39100.0";"443.0";"443.0"
"39110.0";"443.0";"443.0"
"39120.0";"443.0";"443.0"
"39130.0";"443.0";"443.0"
"39140.0";"443.0";"443.0"
"39150.0";"443.0";"443.0"
"39160.0";"443.0";"443.0"
"39170.0";"443.0";"443.0"
"39180.0";"443.0";"443.0"
"39190.0";"443.0";"443.0"
"39200.0";"443.0";"443.0"
"39210.0";"443.0";"443.0"
"39220.0";"443.0";"443.0"
"39230.0";"443.0";"443.0"
"39240.0";"443.0";"443.0"
"39250.0";"443.0";"443.0"
"39260.0";"443.0";"443.0"
"39270.0";"443.0";"443.0"
"39280.0";"443.0";"443.0"
"39290.0";"443.0";"443.0"
"39300.0";"443.0";"443.0"
"39310.0";"443.0";"443.0"
"39320.0";"443.0";"443.0"
"39330.0";"443.0";"443.0"
"39340.0";"443.0";"443.0"
"39350.0";"443.0";"443.0"
"39360.0";"443.0";"443.0"
"39370.0";"443.0";"443.0"
"39380.0";"443.0";"443.0"
"39390.0";"443.0";"443.0"
"39400.0";"443.0";"443.0"
"39410.0";"443.0";"443.0"
"39420.0";"443.0";"443.0"
"39430.0";"443.0";"443.0"
"39440.0";"443.0";"443.0"
"39450.0";"443.0";"443.0"
"39460.0";"443.0";"443.0"
"39470.0";"443.0";"443.0"
"39480.0";"443.0";"443.0"
"39490.0";"443.0";"443.0"
"39500.0";"443.0";"443.0"
"39510.0";"443.0";"443.0"
"39520.0";"443.0";"443.0"
"39530.0";"443.0";"443.0"
"39540.0";"443.0";"443.0"
"39550.0";"443.0";"443.0"
"39560.0";"443.0";"443.0"
"39570.0";"443.0";"443.0"
"39580.0";"443.0";"443.0"
"39590.0";"443.0";"443.0"
"39600.0";"443.0";"443.0"
"39610.0";"443.0";"443.0"
"39620.0";"443.0";"443.0"
"39630.0";"443.0";"443.0"
"39640.0";"443.0";"443.0"
"39650.0";"443.0";"443.0"
"39660.0";"443.0";"443.0"
"39670.0";"443.0";"443.0"
"39680.0";"443.0";"443.0"
"39690.0";"443.0";"443.0"
"39700.0";"443.0";"443.0"
"39710.0";"443.0";"443.0"
"39720.0";"443.0";"443.0"
"39730.0";"443.0";"443.0"
"39740.0";"443.0";"443.0"
"39750.0";"443.0";"443.0"
"39760.0";"443.0";"443.0"
"39770.0";"443.0";"443.0"
"39780.0";"443.0";"443.0"
"39790.0";"443.0";"443.0"
"39800.0";"443.0";"443.0"
"39810.0";"443.0";"443.0"
"39820.0";"443.0";"443.0"
"39830.0";"443.0";"443.0"
"39840.0";"443.0";"443.0"
"39850.0";"443.0";"443.0"
"39860.0";"443.0";"443.0"
"39870.0";"443.0";"443.0"
"39880.0";"443.0";"443.0"
"39890.0";"443.0";"443.0"
"39900.0";"443.0";"443.0"
"39910.0";"443.0";"443.0"
"39920.0";"443.0";"443.0"
"39930.0";"443.0";"443.0"
"39940.0";"443.0";"443.0"
"39950.0";"443.0";"443.0"
"39960.0";"443.0";"443.0"
"39970.0";"443.0";"443.0"
"39980.0";"443.0";"443.0"
"39990.0";"443.0";"443.0"
"40000.0";"443.0";"443.0"
"40010.0";"443.0";"443.0"
"40020.0";"443.0";"443.0"
"40030.0";"443.0";"443.0"
"40040.0";"443.0";"443.0"
"40050.0";"443.0";"443.0"
"40060.0";"443.0";"443.0"
"40070.0";"443.0";"443.0"
"40080.0";"443.0";"443.0"
"40090.0";"443.0";"443.0"
"40100.0";"443.0";"443.0"
"40110.0";"443.0";"443.0"
"40120.0";"443.0";"443.0"
"40130.0";"443.0";"443.0"
"40140.0";"443.0";"443.0"
"40150.0";"443.0";"443.0"
"40160.0";"443.0";"443.0"
"40170.0";"443.0";"443.0"
"40180.0";"443.0";"443.0"
"40190.0";"443.0";"443.0"
"40200.0";"443.0";"443.0"
"40210.0";"443.0";"443.0"
"40220.0";"443.0";"443.0"
"40230.0";"443.0";"443.0"
"40240.0";"443.0";"443.0"
"40250.0";"443.0";"443.0"
"40260.0";"443.0";"443.0"
"40270.0";"443.0";"443.0"
"40280.0";"443.0";"443.0"
"40290.0";"443.0";"443.0"
"40300.0";"443.0";"443.0"
"40310.0";"443.0";"443.0"
"40320.0";"443.0";"443.0"
"40330.0";"443.0";"443.0"
"40340.0";"443.0";"443.0"
"40350.0";"443.0";"443.0"
"40360.0";"443.0";"443.0"
"40370.0";"443.0";"443.0"
"40380.0";"443.0";"443.0"
"40390.0";"443.0";"443.0"
"40400.0";"443.0";"443.0"
"40410.0";"443.0";"443.0"
"40420.0";"443.0";"443.0"
"40430.0";"443.0";"443.0"
"40440.0";"443.0";"443.0"
"40450.0";"443.0";"443.0"
"40460.0";"443.0";"443.0"
"40470.0";"443.0";"443.0"
"40480.0";"443.0";"443.0"
"40490.0";"443.0";"443.0"
"40500.0";"443.0";"443.0"
"40510.0";"443.0";"443.0"
"40520.0";"443.0";"443.0"
"40530.0";"443.0";"443.0"
"40540.0";"443.0";"443.0"
"40550.0";"443.0";"443.0"
"40560.0";"443.0";"443.0"
"40570.0";"443.0";"443.0"
"40580.0";"443.0";"443.0"
"40590.0";"443.0";"443.0"
"40600.0";"443.0";"443.0"
"40610.0";"443.0";"443.0"
"40620.0";"443.0";"443.0"
"40630.0";"443.0";"443.0"
"40640.0";"443.0";"443.0"
"40650.0";"443.0";"443.0"
"40660.0";"443.0";"443.0"
"40670.0";"443.0";"443.0"
"40680.0";"443.0";"443.0"
"40690.0";"443.0";"443.0"
"40700.0";"443.0";"443.0"
"40710.0";"443.0";"443.0"
"40720.0";"443.0";"443.0"
"40730.0";"443.0";"443.0"
"40740.0";"443.0";"443.0"
"40750.0";"443.0";"443.0"
"40760.0";"443.0";"443.0"
"40770.0";"443.0";"443.0"
"40780.0";"443.0";"443.0"
"40790.0";"443.0";"443.0"
"40800.0";"443.0";"443.0"
"40810.0";"443.0";"443.0"
"40820.0";"443.0";"443.0"
"40830.0";"443.0";"443.0"
"40840.0";"443.0";"443.0"
"40850.0";"443.0";"443.0"
"40860.0";"443.0";"443.0"
"40870.0";"443.0";"443.0"
"40880.0";"443.0";"443.0"
"40890.0";"443.0";"443.0"
"40900.0";"443.0";"443.0"
"40910.0";"443.0";"443.0"
"40920.0";"443.0";"443.0"
"40930.0";"443.0";"443.0"
"40940.0";"443.0";"443.0"
"40950.0";"443.0";"443.0"
"40960.0";"443.0";"443.0"
"40970.0";"443.0";"443.0"
"40980.0";"443.0";"443.0"
"40990.0";"443.0";"443.0"
"41000.0";"443.0";"443.0"
"41010.0";"443.0";"443.0"
"41020.0";"443.0";"443.0"
"41030.0";"443.0";"443.0"
"41040.0";"443.0";"443.0"
"41050.0";"443.0";"443.0"
"41060.0";"443.0";"443.0"
"41070.0";"443.0";"443.0"
"41080.0";"443.0";"443.0"
"41090.0";"443.0";"443.0"
"41100.0";"443.0";"443.0"
"41110.0";"443.0";"443.0"
"41120.0";"443.0";"443.0"
"41130.0";"443.0";"443.0"
"41140.0";"443.0";"443.0"
"41150.0";"443.0";"443.0"
"41160.0";"443.0";"443.0"
"41170.0";"443.0";"443.0"
"41180.0";"443.0";"443.0"
"41190.0";"443.0";"443.0"
"41200.0";"443.0";"443.0"
"41210.0";"443.0";"443.0"
"41220.0";"443.0";"443.0"
"41230.0";"443.0";"443.0"
"41240.0";"443.0";"443.0"
"41250.0";"443.0";"443.0"
"41260.0";"443.0";"443.0"
"41270.0";"443.0";"443.0"
"41280.0";"443.0";"443.0"
"41290.0";"443.0";"443.0"
"41300.0";"443.0";"443.0"
"41310.0";"443.0";"443.0"
"41320.0";"443.0";"443.0"
"41330.0";"443.0";"443.0"
"41340.0";"443.0";"443.0"
"41350.0";"443.0";"443.0"
"41360.0";"443.0";"443.0"
"41370.0";"443.0";"443.0"
"41380.0";"443.0";"443.0"
"41390.0";"443.0";"443.0"
"41400.0";"443.0";"443.0"
"41410.0";"443.0";"443.0"
"41420.0";"443.0";"443.0"
"41430.0";"443.0";"443.0"
"41440.0";"443.0";"443.0"
"41450.0";"443.0";"443.0"
"41460.0";"443.0";"443.0"
"41470.0";"443.0";"443.0"
"41480.0";"443.0";"443.0"
"41490.0";"443.0";"443.0"
"41500.0";"443.0";"443.0"
"41510.0";"443.0";"443.0"
"41520.0";"443.0";"443.0"
"41530.0";"443.0";"443.0"
"41540.0";"443.0";"443.0"
"41550.0";"443.0";"443.0"
"41560.0";"443.0";"443.0"
"41570.0";"443.0";"443.0"
"41580.0";"443.0";"443.0"
"41590.0";"443.0";"443.0"
"41600.0";"443.0";"443.0"
"41610.0";"443.0";"443.0"
"41620.0";"443.0";"443.0"
"41630.0";"443.0";"443.0"
"41640.0";"443.0";"443.0"
"41650.0";"443.0";"443.0"
"41660.0";"443.0";"443.0"
"41670.0";"443.0";"443.0"
"41680.0";"443.0";"443.0"
"41690.0";"443.0";"443.0"
"41700.0";"443.0";"443.0"
"41710.0";"443.0";"443.0"
"41720.0";"443.0";"443.0"
"41730.0";"443.0";"443.0"
"41740.0";"443.0";"443.0"
"41750.0";"443.0";"443.0"
"41760.0";"443.0";"443.0"
"41770.0";"443.0";"443.0"
"41780.0";"443.0";"443.0"
"41790.0";"443.0";"443.0"
"41800.0";"443.0";"443.0"
"41810.0";"443.0";"443.0"
"41820.0";"443.0";"443.0"
"41830.0";"443.0";"443.0"
"41840.0";"443.0";"443.0"
"41850.0";"443.0";"443.0"
"41860.0";"443.0";"443.0"
"41870.0";"443.0";"443.0"
"41880.0";"443.0";"443.0"
"41890.0";"443.0";"443.0"
"41900.0";"443.0";"443.0"
"41910.0";"443.0";"443.0"
"41920.0";"443.0";"443.0"
"41930.0";"443.0";"443.0"
"41940.0";"443.0";"443.0"
"41950.0";"443.0";"443.0"
"41960.0";"443.0";"443.0"
"41970.0";"443.0";"443.0"
"41980.0";"443.0";"443.0"
"41990.0";"443.0";"443.0"
"42000.0";"443.0";"443.0"
"42010.0";"443.0";"443.0"
"42020.0";"443.0";"443.0"
"42030.0";"443.0";"443.0"
"42040.0";"443.0";"443.0"
"42050.0";"443.0";"443.0"
"42060.0";"443.0";"443.0"
"42070.0";"443.0";"443.0"
"42080.0";"443.0";"443.0"
"42090.0";"443.0";"443.0"
"42100.0";"443.0";"443.0"
"42110.0";"443.0";"443.0"
"42120.0";"443.0";"443.0"
"42130.0";"443.0";"443.0"
"42140.0";"443.0";"443.0"
"42150.0";"443.0";"443.0"
"42160.0";"443.0";"443.0"
"42170.0";"443.0";"443.0"
"42180.0";"443.0";"443.0"
"42190.0";"443.0";"443.0"
"42200.0";"443.0";"443.0"
"42210.0";"443.0";"443.0"
"42220.0";"443.0";"443.0"
"42230.0";"443.0";"443.0"
"42240.0";"443.0";"443.0"
"42250.0";"443.0";"443.0"
"42260.0";"443.0";"443.0"
"42270.0";"443.0";"443.0"
"42280.0";"443.0";"443.0"
"42290.0";"443.0";"443.0"
"42300.0";"443.0";"443.0"
"42310.0";"443.0";"443.0"
"42320.0";"443.0";"443.0"
"42330.0";"443.0";"443.0"
"42340.0";"443.0";"443.0"
"42350.0";"443.0";"443.0"
"42360.0";"443.0";"443.0"
"42370.0";"443.0";"443.0"
"42380.0";"443.0";"443.0"
"42390.0";"443.0";"443.0"
"42400.0";"443.0";"443.0"
"42410.0";"443.0";"443.0"
"42420.0";"443.0";"443.0"
"42430.0";"443.0";"443.0"
"42440.0";"443.0";"443.0"
"42450.0";"443.0";"443.0"
"42460.0";"443.0";"443.0"
"42470.0";"443.0";"443.0"
"42480.0";"443.0";"443.0"
"42490.0";"443.0";"443.0"
"42500.0";"443.0";"443.0"
"42510.0";"443.0";"443.0"
"42520.0";"443.0";"443.0"
"42530.0";"443.0";"443.0"
"42540.0";"443.0";"443.0"
"42550.0";"443.0";"443.0"
"42560.0";"443.0";"443.0"
"42570.0";"443.0";"443.0"
"42580.0";"443.0";"443.0"
"42590.0";"443.0";"443.0"
"42600.0";"443.0";"443.0"
"42610.0";"443.0";"443.0"
"42620.0";"443.0";"443.0"
"42630.0";"443.0";"443.0"
"42640.0";"443.0";"443.0"
"42650.0";"443.0";"443.0"
"42660.0";"443.0";"443.0"
"42670.0";"443.0";"443.0"
"42680.0";"443.0";"443.0"
"42690.0";"443.0";"443.0"
"42700.0";"443.0";"443.0"
"42710.0";"443.0";"443.0"
"42720.0";"443.0";"443.0"
"42730.0";"443.0";"443.0"
"42740.0";"443.0";"443.0"
"42750.0";"443.0";"443.0"
"42760.0";"443.0";"443.0"
"42770.0";"443.0";"443.0"
"42780.0";"443.0";"443.0"
"42790.0";"443.0";"443.0"
"42800.0";"443.0";"443.0"
"42810.0";"443.0";"443.0"
"42820.0";"443.0";"443.0"
"42830.0";"443.0";"443.0"
"42840.0";"443.0";"443.0"
"42850.0";"443.0";"443.0"
"42860.0";"443.0";"443.0"
"42870.0";"443.0";"443.0"
"42880.0";"443.0";"443.0"
"42890.0";"443.0";"443.0"
"42900.0";"443.0";"443.0"
"42910.0";"443.0";"443.0"
"42920.0";"443.0";"443.0"
"42930.0";"443.0";"443.0"
"42940.0";"443.0";"443.0"
"42950.0";"443.0";"443.0"
"42960.0";"443.0";"443.0"
"42970.0";"443.0";"443.0"
"42980.0";"443.0";"443.0"
"42990.0";"443.0";"443.0"
"43000.0";"443.0";"443.0"
"43010.0";"443.0";"443.0"
"43020.0";"443.0";"443.0"
"43030.0";"443.0";"443.0"
"43040.0";"443.0";"443.0"
"43050.0";"443.0";"443.0"
"43060.0";"443.0";"443.0"
"43070.0";"443.0";"443.0"
"43080.0";"443.0";"443.0"
"43090.0";"443.0";"443.0"
"43100.0";"443.0";"443.0"
"43110.0";"443.0";"443.0"
"43120.0";"443.0";"443.0"
"43130.0";"443.0";"443.0"
"43140.0";"443.0";"443.0"
"43150.0";"443.0";"443.0"
"43160.0";"443.0";"443.0"
"43170.0";"443.0";"443.0"
"43180.0";"443.0";"443.0"
"43190.0";"443.0";"443.0"
"43200.0";"443.0";"443.0"
"43210.0";"443.0";"443.0"
"43220.0";"443.0";"443.0"
"43230.0";"443.0";"443.0"
"43240.0";"443.0";"443.0"
"43250.0";"443.0";"443.0"
"43260.0";"443.0";"443.0"
"43270.0";"443.0";"443.0"
"43280.0";"443.0";"443.0"
"43290.0";"443.0";"443.0"
"43300.0";"443.0";"443.0"
"43310.0";"443.0";"443.0"
"43320.0";"443.0";"443.0"
"43330.0";"443.0";"443.0"
"43340.0";"443.0";"443.0"
"43350.0";"443.0";"443.0"
"43360.0";"443.0";"443.0"
"43370.0";"443.0";"443.0"
"43380.0";"443.0";"443.0"
"43390.0";"443.0";"443.0"
"43400.0";"443.0";"443.0"
"43410.0";"443.0";"443.0"
"43420.0";"443.0";"443.0"
"43430.0";"443.0";"443.0"
"43440.0";"443.0";"443.0"
"43450.0";"443.0";"443.0"
"43460.0";"443.0";"443.0"
"43470.0";"443.0";"443.0"
"43480.0";"443.0";"443.0"
"43490.0";"443.0";"443.0"
"43500.0";"443.0";"443.0"
"43510.0";"443.0";"443.0"
"43520.0";"443.0";"443.0"
"43530.0";"443.0";"443.0"
"43540.0";"443.0";"443.0"
"43550.0";"443.0";"443.0"
"43560.0";"443.0";"443.0"
"43570.0";"443.0";"443.0"
"43580.0";"443.0";"443.0"
"43590.0";"443.0";"443.0"
"43600.0";"443.0";"443.0"
"43610.0";"443.0";"443.0"
"43620.0";"443.0";"443.0"
"43630.0";"443.0";"443.0"
"43640.0";"443.0";"443.0"
"43650.0";"443.0";"443.0"
"43660.0";"443.0";"443.0"
"43670.0";"443.0";"443.0"
"43680.0";"443.0";"443.0"
"43690.0";"443.0";"443.0"
"43700.0";"443.0";"443.0"
"43710.0";"443.0";"443.0"
"43720.0";"443.0";"443.0"
"43730.0";"443.0";"443.0"
"43740.0";"443.0";"443.0"
"43750.0";"443.0";"443.0"
"43760.0";"443.0";"443.0"
"43770.0";"443.0";"443.0"
"43780.0";"443.0";"443.0"
"43790.0";"443.0";"443.0"
"43800.0";"443.0";"443.0"
"43810.0";"443.0";"443.0"
"43820.0";"443.0";"443.0"
"43830.0";"443.0";"443.0"
"43840.0";"443.0";"443.0"
"43850.0";"443.0";"443.0"
"43860.0";"443.0";"443.0"
"43870.0";"443.0";"443.0"
"43880.0";"443.0";"443.0"
"43890.0";"443.0";"443.0"
"43900.0";"443.0";"443.0"
"43910.0";"443.0";"443.0"
"43920.0";"443.0";"443.0"
"43930.0";"443.0";"443.0"
"43940.0";"443.0";"443.0"
"43950.0";"443.0";"443.0"
"43960.0";"443.0";"443.0"
"43970.0";"443.0";"443.0"
"43980.0";"443.0";"443.0"
"43990.0";"443.0";"443.0"
"44000.0";"443.0";"443.0"
"44010.0";"443.0";"443.0"
"44020.0";"443.0";"443.0"
"44030.0";"443.0";"443.0"
"44040.0";"443.0";"443.0"
"44050.0";"443.0";"443.0"
"44060.0";"443.0";"443.0"
"44070.0";"443.0";"443.0"
"44080.0";"443.0";"443.0"
"44090.0";"443.0";"443.0"
"44100.0";"443.0";"443.0"
"44110.0";"443.0";"443.0"
"44120.0";"443.0";"443.0"
"44130.0";"443.0";"443.0"
"44140.0";"443.0";"443.0"
"44150.0";"443.0";"443.0"
"44160.0";"443.0";"443.0"
"44170.0";"443.0";"443.0"
"44180.0";"443.0";"443.0"
"44190.0";"443.0";"443.0"
"44200.0";"443.0";"443.0"
"44210.0";"443.0";"443.0"
"44220.0";"443.0";"443.0"
"44230.0";"443.0";"443.0"
"44240.0";"443.0";"443.0"
"44250.0";"443.0";"443.0"
"44260.0";"443.0";"443.0"
"44270.0";"443.0";"443.0"
"44280.0";"443.0";"443.0"
"44290.0";"443.0";"443.0"
"44300.0";"443.0";"443.0"
"44310.0";"443.0";"443.0"
"44320.0";"443.0";"443.0"
"44330.0";"443.0";"443.0"
"44340.0";"443.0";"443.0"
"44350.0";"443.0";"443.0"
"44360.0";"443.0";"443.0"
"44370.0";"443.0";"443.0"
"44380.0";"443.0";"443.0"
"44390.0";"443.0";"443.0"
"44400.0";"443.0";"443.0"
"44410.0";"443.0";"443.0"
"44420.0";"443.0";"443.0"
"44430.0";"443.0";"443.0"
"44440.0";"443.0";"443.0"
"44450.0";"443.0";"443.0"
"44460.0";"443.0";"443.0"
"44470.0";"443.0";"443.0"
"44480.0";"443.0";"443.0"
"44490.0";"443.0";"443.0"
"44500.0";"443.0";"443.0"
"44510.0";"443.0";"443.0"
"44520.0";"443.0";"443.0"
"44530.0";"443.0";"443.0"
"44540.0";"443.0";"443.0"
"44550.0";"443.0";"443.0"
"44560.0";"443.0";"443.0"
"44570.0";"443.0";"443.0"
"44580.0";"443.0";"443.0"
"44590.0";"443.0";"443.0"
"44600.0";"443.0";"443.0"
"44610.0";"443.0";"443.0"
"44620.0";"443.0";"443.0"
"44630.0";"443.0";"443.0"
"44640.0";"443.0";"443.0"
"44650.0";"443.0";"443.0"
"44660.0";"443.0";"443.0"
"44670.0";"443.0";"443.0"
"44680.0";"443.0";"443.0"
"44690.0";"443.0";"443.0"
"44700.0";"443.0";"443.0"
"44710.0";"443.0";"443.0"
"44720.0";"443.0";"443.0"
"44730.0";"443.0";"443.0"
"44740.0";"443.0";"443.0"
"44750.0";"443.0";"443.0"
"44760.0";"443.0";"443.0"
"44770.0";"443.0";"443.0"
"44780.0";"443.0";"443.0"
"44790.0";"443.0";"443.0"
"44800.0";"443.0";"443.0"
"44810.0";"443.0";"443.0"
"44820.0";"443.0";"443.0"
"44830.0";"443.0";"443.0"
"44840.0";"443.0";"443.0"
"44850.0";"443.0";"443.0"
"44860.0";"443.0";"443.0"
"44870.0";"443.0";"443.0"
"44880.0";"443.0";"443.0"
"44890.0";"443.0";"443.0"
"44900.0";"443.0";"443.0"
"44910.0";"443.0";"443.0"
"44920.0";"443.0";"443.0"
"44930.0";"443.0";"443.0"
"44940.0";"443.0";"443.0"
"44950.0";"443.0";"443.0"
"44960.0";"443.0";"443.0"
"44970.0";"443.0";"443.0"
"44980.0";"443.0";"443.0"
"44990.0";"443.0";"443.0"
"45000.0";"443.0";"443.0"
"45010.0";"443.0";"443.0"
"45020.0";"443.0";"443.0"
"45030.0";"443.0";"443.0"
"45040.0";"443.0";"443.0"
"45050.0";"443.0";"443.0"
"45060.0";"443.0";"443.0"
"45070.0";"443.0";"443.0"
"45080.0";"443.0";"443.0"
"45090.0";"443.0";"443.0"
"45100.0";"443.0";"443.0"
"45110.0";"443.0";"443.0"
"45120.0";"443.0";"443.0"
"45130.0";"443.0";"443.0"
"45140.0";"443.0";"443.0"
"45150.0";"443.0";"443.0"
"45160.0";"443.0";"443.0"
"45170.0";"443.0";"443.0"
"45180.0";"443.0";"443.0"
"45190.0";"443.0";"443.0"
"45200.0";"443.0";"443.0"
"45210.0";"443.0";"443.0"
"45220.0";"443.0";"443.0"
"45230.0";"443.0";"443.0"
"45240.0";"443.0";"443.0"
"45250.0";"443.0";"443.0"
"45260.0";"443.0";"443.0"
"45270.0";"443.0";"443.0"
"45280.0";"443.0";"443.0"
"45290.0";"443.0";"443.0"
"45300.0";"443.0";"443.0"
"45310.0";"443.0";"443.0"
"45320.0";"443.0";"443.0"
"45330.0";"443.0";"443.0"
"45340.0";"443.0";"443.0"
"45350.0";"443.0";"443.0"
"45360.0";"443.0";"443.0"
"45370.0";"443.0";"443.0"
"45380.0";"443.0";"443.0"
"45390.0";"443.0";"443.0"
"45400.0";"443.0";"443.0"
"45410.0";"443.0";"443.0"
"45420.0";"443.0";"443.0"
"45430.0";"443.0";"443.0"
"45440.0";"443.0";"443.0"
"45450.0";"443.0";"443.0"
"45460.0";"443.0";"443.0"
"45470.0";"443.0";"443.0"
"45480.0";"443.0";"443.0"
"45490.0";"443.0";"443.0"
"45500.0";"443.0";"443.0"
"45510.0";"443.0";"443.0"
"45520.0";"443.0";"443.0"
"45530.0";"443.0";"443.0"
"45540.0";"443.0";"443.0"
"45550.0";"443.0";"443.0"
"45560.0";"443.0";"443.0"
"45570.0";"443.0";"443.0"
"45580.0";"443.0";"443.0"
"45590.0";"443.0";"443.0"
"45600.0";"443.0";"443.0"
"45610.0";"443.0";"443.0"
"45620.0";"443.0";"443.0"
"45630.0";"443.0";"443.0"
"45640.0";"443.0";"443.0"
"45650.0";"443.0";"443.0"
"45660.0";"443.0";"443.0"
"45670.0";"443.0";"443.0"
"45680.0";"443.0";"443.0"
"45690.0";"443.0";"443.0"
"45700.0";"443.0";"443.0"
"45710.0";"443.0";"443.0"
"45720.0";"443.0";"443.0"
"45730.0";"443.0";"443.0"
"45740.0";"443.0";"443.0"
"45750.0";"443.0";"443.0"
"45760.0";"443.0";"443.0"
"45770.0";"443.0";"443.0"
"45780.0";"443.0";"443.0"
"45790.0";"443.0";"443.0"
"45800.0";"443.0";"443.0"
"45810.0";"443.0";"443.0"
"45820.0";"443.0";"443.0"
"45830.0";"443.0";"443.0"
"45840.0";"443.0";"443.0"
"45850.0";"443.0";"443.0"
"45860.0";"443.0";"443.0"
"45870.0";"443.0";"443.0"
"45880.0";"443.0";"443.0"
"45890.0";"443.0";"443.0"
"45900.0";"443.0";"443.0"
"45910.0";"443.0";"443.0"
"45920.0";"443.0";"443.0"
"45930.0";"443.0";"443.0"
"45940.0";"443.0";"443.0"
"45950.0";"443.0";"443.0"
"45960.0";"443.0";"443.0"
"45970.0";"443.0";"443.0"
"45980.0";"443.0";"443.0"
"45990.0";"443.0";"443.0"
"46000.0";"443.0";"443.0"
"46010.0";"443.0";"443.0"
"46020.0";"443.0";"443.0"
"46030.0";"443.0";"443.0"
"46040.0";"443.0";"443.0"
"46050.0";"443.0";"443.0"
"46060.0";"443.0";"443.0"
"46070.0";"443.0";"443.0"
"46080.0";"443.0";"443.0"
"46090.0";"443.0";"443.0"
"46100.0";"443.0";"443.0"
"46110.0";"443.0";"443.0"
"46120.0";"443.0";"443.0"
"46130.0";"443.0";"443.0"
"46140.0";"443.0";"443.0"
"46150.0";"443.0";"443.0"
"46160.0";"443.0";"443.0"
"46170.0";"443.0";"443.0"
"46180.0";"443.0";"443.0"
"46190.0";"443.0";"443.0"
"46200.0";"443.0";"443.0"
"46210.0";"443.0";"443.0"
"46220.0";"443.0";"443.0"
"46230.0";"443.0";"443.0"
"46240.0";"443.0";"443.0"
"46250.0";"443.0";"443.0"
"46260.0";"443.0";"443.0"
"46270.0";"443.0";"443.0"
"46280.0";"443.0";"443.0"
"46290.0";"443.0";"443.0"
"46300.0";"443.0";"443.0"
"46310.0";"443.0";"443.0"
"46320.0";"443.0";"443.0"
"46330.0";"443.0";"443.0"
"46340.0";"443.0";"443.0"
"46350.0";"443.0";"443.0"
"46360.0";"443.0";"443.0"
"46370.0";"443.0";"443.0"
"46380.0";"443.0";"443.0"
"46390.0";"443.0";"443.0"
"46400.0";"443.0";"443.0"
"46410.0";"443.0";"443.0"
"46420.0";"443.0";"443.0"
"46430.0";"443.0";"443.0"
"46440.0";"443.0";"443.0"
"46450.0";"443.0";"443.0"
"46460.0";"443.0";"443.0"
"46470.0";"443.0";"443.0"
"46480.0";"443.0";"443.0"
"46490.0";"443.0";"443.0"
"46500.0";"443.0";"443.0"
"46510.0";"443.0";"443.0"
"46520.0";"443.0";"443.0"
"46530.0";"443.0";"443.0"
"46540.0";"443.0";"443.0"
"46550.0";"443.0";"443.0"
"46560.0";"443.0";"443.0"
"46570.0";"443.0";"443.0"
"46580.0";"443.0";"443.0"
"46590.0";"443.0";"443.0"
"46600.0";"443.0";"443.0"
"46610.0";"443.0";"443.0"
"46620.0";"443.0";"443.0"
"46630.0";"443.0";"443.0"
"46640.0";"443.0";"443.0"
"46650.0";"443.0";"443.0"
"46660.0";"443.0";"443.0"
"46670.0";"443.0";"443.0"
"46680.0";"443.0";"443.0"
"46690.0";"443.0";"443.0"
"46700.0";"443.0";"443.0"
"46710.0";"443.0";"443.0"
"46720.0";"443.0";"443.0"
"46730.0";"443.0";"443.0"
"46740.0";"443.0";"443.0"
"46750.0";"443.0";"443.0"
"46760.0";"443.0";"443.0"
"46770.0";"443.0";"443.0"
"46780.0";"443.0";"443.0"
"46790.0";"443.0";"443.0"
"46800.0";"443.0";"443.0"
"46810.0";"443.0";"443.0"
"46820.0";"443.0";"443.0"
"46830.0";"443.0";"443.0"
"46840.0";"443.0";"443.0"
"46850.0";"443.0";"443.0"
"46860.0";"443.0";"443.0"
"46870.0";"443.0";"443.0"
"46880.0";"443.0";"443.0"
"46890.0";"443.0";"443.0"
"46900.0";"443.0";"443.0"
"46910.0";"443.0";"443.0"
"46920.0";"443.0";"443.0"
"46930.0";"443.0";"443.0"
"46940.0";"443.0";"443.0"
"46950.0";"443.0";"443.0"
"46960.0";"443.0";"443.0"
"46970.0";"443.0";"443.0"
"46980.0";"443.0";"443.0"
"46990.0";"443.0";"443.0"
"47000.0";"443.0";"443.0"
"47010.0";"443.0";"443.0"
"47020.0";"443.0";"443.0"
"47030.0";"443.0";"443.0"
"47040.0";"443.0";"443.0"
"47050.0";"443.0";"443.0"
"47060.0";"443.0";"443.0"
"47070.0";"443.0";"443.0"
"47080.0";"443.0";"443.0"
"47090.0";"443.0";"443.0"
"47100.0";"443.0";"443.0"
"47110.0";"443.0";"443.0"
"47120.0";"443.0";"443.0"
"47130.0";"443.0";"443.0"
"47140.0";"443.0";"443.0"
"47150.0";"443.0";"443.0"
"47160.0";"443.0";"443.0"
"47170.0";"443.0";"443.0"
"47180.0";"443.0";"443.0"
"47190.0";"443.0";"443.0"
"47200.0";"443.0";"443.0"
"47210.0";"443.0";"443.0"
"47220.0";"443.0";"443.0"
"47230.0";"443.0";"443.0"
"47240.0";"443.0";"443.0"
"47250.0";"443.0";"443.0"
"47260.0";"443.0";"443.0"
"47270.0";"443.0";"443.0"
"47280.0";"443.0";"443.0"
"47290.0";"443.0";"443.0"
"47300.0";"443.0";"443.0"
"47310.0";"443.0";"443.0"
"47320.0";"443.0";"443.0"
"47330.0";"443.0";"443.0"
"47340.0";"443.0";"443.0"
"47350.0";"443.0";"443.0"
"47360.0";"443.0";"443.0"
"47370.0";"443.0";"443.0"
"47380.0";"443.0";"443.0"
"47390.0";"443.0";"443.0"
"47400.0";"443.0";"443.0"
"47410.0";"443.0";"443.0"
"47420.0";"443.0";"443.0"
"47430.0";"443.0";"443.0"
"47440.0";"443.0";"443.0"
"47450.0";"443.0";"443.0"
"47460.0";"443.0";"443.0"
"47470.0";"443.0";"443.0"
"47480.0";"443.0";"443.0"
"47490.0";"443.0";"443.0"
"47500.0";"443.0";"443.0"
"47510.0";"443.0";"443.0"
"47520.0";"443.0";"443.0"
"47530.0";"443.0";"443.0"
"47540.0";"443.0";"443.0"
"47550.0";"443.0";"443.0"
"47560.0";"443.0";"443.0"
"47570.0";"443.0";"443.0"
"47580.0";"443.0";"443.0"
"47590.0";"443.0";"443.0"
"47600.0";"443.0";"443.0"
"47610.0";"443.0";"443.0"
"47620.0";"443.0";"443.0"
"47630.0";"443.0";"443.0"
"47640.0";"443.0";"443.0"
"47650.0";"443.0";"443.0"
"47660.0";"443.0";"443.0"
"47670.0";"443.0";"443.0"
"47680.0";"443.0";"443.0"
"47690.0";"443.0";"443.0"
"47700.0";"443.0";"443.0"
"47710.0";"443.0";"443.0"
"47720.0";"443.0";"443.0"
"47730.0";"443.0";"443.0"
"47740.0";"443.0";"443.0"
"47750.0";"443.0";"443.0"
"47760.0";"443.0";"443.0"
"47770.0";"443.0";"443.0"
"47780.0";"443.0";"443.0"
"47790.0";"443.0";"443.0"
"47800.0";"443.0";"443.0"
"47810.0";"443.0";"443.0"
"47820.0";"443.0";"443.0"
"47830.0";"443.0";"443.0"
"47840.0";"443.0";"443.0"
"47850.0";"443.0";"443.0"
"47860.0";"443.0";"443.0"
"47870.0";"443.0";"443.0"
"47880.0";"443.0";"443.0"
"47890.0";"443.0";"443.0"
"47900.0";"443.0";"443.0"
"47910.0";"443.0";"443.0"
"47920.0";"443.0";"443.0"
"47930.0";"443.0";"443.0"
"47940.0";"443.0";"443.0"
"47950.0";"443.0";"443.0"
"47960.0";"443.0";"443.0"
"47970.0";"443.0";"443.0"
"47980.0";"443.0";"443.0"
"47990.0";"443.0";"443.0"
"48000.0";"443.0";"443.0"
"48010.0";"443.0";"443.0"
"48020.0";"443.0";"443.0"
"48030.0";"443.0";"443.0"
"48040.0";"443.0";"443.0"
"48050.0";"443.0";"443.0"
"48060.0";"443.0";"443.0"
"48070.0";"443.0";"443.0"
"48080.0";"443.0";"443.0"
"48090.0";"443.0";"443.0"
"48100.0";"443.0";"443.0"
"48110.0";"443.0";"443.0"
"48120.0";"443.0";"443.0"
"48130.0";"443.0";"443.0"
"48140.0";"443.0";"443.0"
"48150.0";"443.0";"443.0"
"48160.0";"443.0";"443.0"
"48170.0";"443.0";"443.0"
"48180.0";"443.0";"443.0"
"48190.0";"443.0";"443.0"
"48200.0";"443.0";"443.0"
"48210.0";"443.0";"443.0"
"48220.0";"443.0";"443.0"
"48230.0";"443.0";"443.0"
"48240.0";"443.0";"443.0"
"48250.0";"443.0";"443.0"
"48260.0";"443.0";"443.0"
"48270.0";"443.0";"443.0"
"48280.0";"443.0";"443.0"
"48290.0";"443.0";"443.0"
"48300.0";"443.0";"443.0"
"48310.0";"443.0";"443.0"
"48320.0";"443.0";"443.0"
"48330.0";"443.0";"443.0"
"48340.0";"443.0";"443.0"
"48350.0";"443.0";"443.0"
"48360.0";"443.0";"443.0"
"48370.0";"443.0";"443.0"
"48380.0";"443.0";"443.0"
"48390.0";"443.0";"443.0"
"48400.0";"443.0";"443.0"
"48410.0";"443.0";"443.0"
"48420.0";"443.0";"443.0"
"48430.0";"443.0";"443.0"
"48440.0";"443.0";"443.0"
"48450.0";"443.0";"443.0"
"48460.0";"443.0";"443.0"
"48470.0";"443.0";"443.0"
"48480.0";"443.0";"443.0"
"48490.0";"443.0";"443.0"
"48500.0";"443.0";"443.0"
"48510.0";"443.0";"443.0"
"48520.0";"443.0";"443.0"
"48530.0";"443.0";"443.0"
"48540.0";"443.0";"443.0"
"48550.0";"443.0";"443.0"
"48560.0";"443.0";"443.0"
"48570.0";"443.0";"443.0"
"48580.0";"443.0";"443.0"
"48590.0";"443.0";"443.0"
"48600.0";"443.0";"443.0"
"48610.0";"443.0";"443.0"
"48620.0";"443.0";"443.0"
"48630.0";"443.0";"443.0"
"48640.0";"443.0";"443.0"
"48650.0";"443.0";"443.0"
"48660.0";"443.0";"443.0"
"48670.0";"443.0";"443.0"
"48680.0";"443.0";"443.0"
"48690.0";"443.0";"443.0"
"48700.0";"443.0";"443.0"
"48710.0";"443.0";"443.0"
"48720.0";"443.0";"443.0"
"48730.0";"443.0";"443.0"
"48740.0";"443.0";"443.0"
"48750.0";"443.0";"443.0"
"48760.0";"443.0";"443.0"
"48770.0";"443.0";"443.0"
"48780.0";"443.0";"443.0"
"48790.0";"443.0";"443.0"
"48800.0";"443.0";"443.0"
"48810.0";"443.0";"443.0"
"48820.0";"443.0";"443.0"
"48830.0";"443.0";"443.0"
"48840.0";"443.0";"443.0"
"48850.0";"443.0";"443.0"
"48860.0";"443.0";"443.0"
"48870.0";"443.0";"443.0"
"48880.0";"443.0";"443.0"
"48890.0";"443.0";"443.0"
"48900.0";"443.0";"443.0"
"48910.0";"443.0";"443.0"
"48920.0";"443.0";"443.0"
"48930.0";"443.0";"443.0"
"48940.0";"443.0";"443.0"
"48950.0";"443.0";"443.0"
"48960.0";"443.0";"443.0"
"48970.0";"443.0";"443.0"
"48980.0";"443.0";"443.0"
"48990.0";"443.0";"443.0"
"49000.0";"443.0";"443.0"
"49010.0";"443.0";"443.0"
"49020.0";"443.0";"443.0"
"49030.0";"443.0";"443.0"
"49040.0";"443.0";"443.0"
"49050.0";"443.0";"443.0"
"49060.0";"443.0";"443.0"
"49070.0";"443.0";"443.0"
"49080.0";"443.0";"443.0"
"49090.0";"443.0";"443.0"
"49100.0";"443.0";"443.0"
"49110.0";"443.0";"443.0"
"49120.0";"443.0";"443.0"
"49130.0";"443.0";"443.0"
"49140.0";"443.0";"443.0"
"49150.0";"443.0";"443.0"
"49160.0";"443.0";"443.0"
"49170.0";"443.0";"443.0"
"49180.0";"443.0";"443.0"
"49190.0";"443.0";"443.0"
"49200.0";"443.0";"443.0"
"49210.0";"443.0";"443.0"
"49220.0";"443.0";"443.0"
"49230.0";"443.0";"443.0"
"49240.0";"443.0";"443.0"
"49250.0";"443.0";"443.0"
"49260.0";"443.0";"443.0"
"49270.0";"443.0";"443.0"
"49280.0";"443.0";"443.0"
"49290.0";"443.0";"443.0"
"49300.0";"443.0";"443.0"
"49310.0";"443.0";"443.0"
"49320.0";"443.0";"443.0"
"49330.0";"443.0";"443.0"
"49340.0";"443.0";"443.0"
"49350.0";"443.0";"443.0"
"49360.0";"443.0";"443.0"
"49370.0";"443.0";"443.0"
"49380.0";"443.0";"443.0"
"49390.0";"443.0";"443.0"
"49400.0";"443.0";"443.0"
"49410.0";"443.0";"443.0"
"49420.0";"443.0";"443.0"
"49430.0";"443.0";"443.0"
"49440.0";"443.0";"443.0"
"49450.0";"443.0";"443.0"
"49460.0";"443.0";"443.0"
"49470.0";"443.0";"443.0"
"49480.0";"443.0";"443.0"
"49490.0";"443.0";"443.0"
"49500.0";"443.0";"443.0"
"49510.0";"443.0";"443.0"
"49520.0";"443.0";"443.0"
"49530.0";"443.0";"443.0"
"49540.0";"443.0";"443.0"
"49550.0";"443.0";"443.0"
"49560.0";"443.0";"443.0"
"49570.0";"443.0";"443.0"
"49580.0";"443.0";"443.0"
"49590.0";"443.0";"443.0"
"49600.0";"443.0";"443.0"
"49610.0";"443.0";"443.0"
"49620.0";"443.0";"443.0"
"49630.0";"443.0";"443.0"
"49640.0";"443.0";"443.0"
"49650.0";"443.0";"443.0"
"49660.0";"443.0";"443.0"
"49670.0";"443.0";"443.0"
"49680.0";"443.0";"443.0"
"49690.0";"443.0";"443.0"
"49700.0";"443.0";"443.0"
"49710.0";"443.0";"443.0"
"49720.0";"443.0";"443.0"
"49730.0";"443.0";"443.0"
"49740.0";"443.0";"443.0"
"49750.0";"443.0";"443.0"
"49760.0";"443.0";"443.0"
"49770.0";"443.0";"443.0"
"49780.0";"443.0";"443.0"
"49790.0";"443.0";"443.0"
"49800.0";"443.0";"443.0"
"49810.0";"443.0";"443.0"
"49820.0";"443.0";"443.0"
"49830.0";"443.0";"443.0"
"49840.0";"443.0";"443.0"
"49850.0";"443.0";"443.0"
"49860.0";"443.0";"443.0"
"49870.0";"443.0";"443.0"
"49880.0";"443.0";"443.0"
"49890.0";"443.0";"443.0"
"49900.0";"443.0";"443.0"
"49910.0";"443.0";"443.0"
"49920.0";"443.0";"443.0"
"49930.0";"443.0";"443.0"
"49940.0";"443.0";"443.0"
"49950.0";"443.0";"443.0"
"49960.0";"443.0";"443.0"
"49970.0";"443.0";"443.0"
"49980.0";"443.0";"443.0"
"49990.0";"443.0";"443.0"
"50000.0";"443.0";"443.0"
"50010.0";"443.0";"443.0"
"50020.0";"443.0";"443.0"
"50030.0";"443.0";"443.0"
"50040.0";"443.0";"443.0"
"50050.0";"443.0";"443.0"
"50060.0";"443.0";"443.0"
"50070.0";"443.0";"443.0"
"50080.0";"443.0";"443.0"
"50090.0";"443.0";"443.0"
"50100.0";"443.0";"443.0"
"50110.0";"443.0";"443.0"
"50120.0";"443.0";"443.0"
"50130.0";"443.0";"443.0"
"50140.0";"443.0";"443.0"
"50150.0";"443.0";"443.0"
"50160.0";"443.0";"443.0"
"50170.0";"443.0";"443.0"
"50180.0";"443.0";"443.0"
"50190.0";"443.0";"443.0"
"50200.0";"443.0";"443.0"
"50210.0";"443.0";"443.0"
"50220.0";"443.0";"443.0"
"50230.0";"443.0";"443.0"
"50240.0";"443.0";"443.0"
"50250.0";"443.0";"443.0"
"50260.0";"443.0";"443.0"
"50270.0";"443.0";"443.0"
"50280.0";"443.0";"443.0"
"50290.0";"443.0";"443.0"
"50300.0";"443.0";"443.0"
"50310.0";"443.0";"443.0"
"50320.0";"443.0";"443.0"
"50330.0";"443.0";"443.0"
"50340.0";"443.0";"443.0"
"50350.0";"443.0";"443.0"
"50360.0";"443.0";"443.0"
"50370.0";"443.0";"443.0"
"50380.0";"443.0";"443.0"
"50390.0";"443.0";"443.0"
"50400.0";"443.0";"443.0"
"50410.0";"443.0";"443.0"
"50420.0";"443.0";"443.0"
"50430.0";"443.0";"443.0"
"50440.0";"443.0";"443.0"
"50450.0";"443.0";"443.0"
"50460.0";"443.0";"443.0"
"50470.0";"443.0";"443.0"
"50480.0";"443.0";"443.0"
"50490.0";"443.0";"443.0"
"50500.0";"443.0";"443.0"
"50510.0";"443.0";"443.0"
"50520.0";"443.0";"443.0"
"50530.0";"443.0";"443.0"
"50540.0";"443.0";"443.0"
"50550.0";"443.0";"443.0"
"50560.0";"443.0";"443.0"
"50570.0";"443.0";"443.0"
"50580.0";"443.0";"443.0"
"50590.0";"443.0";"443.0"
"50600.0";"443.0";"443.0"
"50610.0";"443.0";"443.0"
"50620.0";"443.0";"443.0"
"50630.0";"443.0";"443.0"
"50640.0";"443.0";"443.0"
"50650.0";"443.0";"443.0"
"50660.0";"443.0";"443.0"
"50670.0";"443.0";"443.0"
"50680.0";"443.0";"443.0"
"50690.0";"443.0";"443.0"
"50700.0";"443.0";"443.0"
"50710.0";"443.0";"443.0"
"50720.0";"443.0";"443.0"
"50730.0";"443.0";"443.0"
"50740.0";"443.0";"443.0"
"50750.0";"443.0";"443.0"
"50760.0";"443.0";"443.0"
"50770.0";"443.0";"443.0"
"50780.0";"443.0";"443.0"
"50790.0";"443.0";"443.0"
"50800.0";"443.0";"443.0"
"50810.0";"443.0";"443.0"
"50820.0";"443.0";"443.0"
"50830.0";"443.0";"443.0"
"50840.0";"443.0";"443.0"
"50850.0";"443.0";"443.0"
"50860.0";"443.0";"443.0"
"50870.0";"443.0";"443.0"
"50880.0";"443.0";"443.0"
"50890.0";"443.0";"443.0"
"50900.0";"443.0";"443.0"
"50910.0";"443.0";"443.0"
"50920.0";"443.0";"443.0"
"50930.0";"443.0";"443.0"
"50940.0";"443.0";"443.0"
"50950.0";"443.0";"443.0"
"50960.0";"443.0";"443.0"
"50970.0";"443.0";"443.0"
"50980.0";"443.0";"443.0"
"50990.0";"443.0";"443.0"
"51000.0";"443.0";"443.0"
"51010.0";"443.0";"443.0"
"51020.0";"443.0";"443.0"
"51030.0";"443.0";"443.0"
"51040.0";"443.0";"443.0"
"51050.0";"443.0";"443.0"
"51060.0";"443.0";"443.0"
"51070.0";"443.0";"443.0"
"51080.0";"443.0";"443.0"
"51090.0";"443.0";"443.0"
"51100.0";"443.0";"443.0"
"51110.0";"443.0";"443.0"
"51120.0";"443.0";"443.0"
"51130.0";"443.0";"443.0"
"51140.0";"443.0";"443.0"
"51150.0";"443.0";"443.0"
"51160.0";"443.0";"443.0"
"51170.0";"443.0";"443.0"
"51180.0";"443.0";"443.0"
"51190.0";"443.0";"443.0"
"51200.0";"443.0";"443.0"
"51210.0";"443.0";"443.0"
"51220.0";"443.0";"443.0"
"51230.0";"443.0";"443.0"
"51240.0";"443.0";"443.0"
"51250.0";"443.0";"443.0"
"51260.0";"443.0";"443.0"
"51270.0";"443.0";"443.0"
"51280.0";"443.0";"443.0"
"51290.0";"443.0";"443.0"
"51300.0";"443.0";"443.0"
"51310.0";"443.0";"443.0"
"51320.0";"443.0";"443.0"
"51330.0";"443.0";"443.0"
"51340.0";"443.0";"443.0"
"51350.0";"443.0";"443.0"
"51360.0";"443.0";"443.0"
"51370.0";"443.0";"443.0"
"51380.0";"443.0";"443.0"
"51390.0";"443.0";"443.0"
"51400.0";"443.0";"443.0"
"51410.0";"443.0";"443.0"
"51420.0";"443.0";"443.0"
"51430.0";"443.0";"443.0"
"51440.0";"443.0";"443.0"
"51450.0";"443.0";"443.0"
"51460.0";"443.0";"443.0"
"51470.0";"443.0";"443.0"
"51480.0";"443.0";"443.0"
"51490.0";"443.0";"443.0"
"51500.0";"443.0";"443.0"
"51510.0";"443.0";"443.0"
"51520.0";"443.0";"443.0"
"51530.0";"443.0";"443.0"
"51540.0";"443.0";"443.0"
"51550.0";"443.0";"443.0"
"51560.0";"443.0";"443.0"
"51570.0";"443.0";"443.0"
"51580.0";"443.0";"443.0"
"51590.0";"443.0";"443.0"
"51600.0";"443.0";"443.0"
"51610.0";"443.0";"443.0"
"51620.0";"443.0";"443.0"
"51630.0";"443.0";"443.0"
"51640.0";"443.0";"443.0"
"51650.0";"443.0";"443.0"
"51660.0";"443.0";"443.0"
"51670.0";"443.0";"443.0"
"51680.0";"443.0";"443.0"
"51690.0";"443.0";"443.0"
"51700.0";"443.0";"443.0"
"51710.0";"443.0";"443.0"
"51720.0";"443.0";"443.0"
"51730.0";"443.0";"443.0"
"51740.0";"443.0";"443.0"
"51750.0";"443.0";"443.0"
"51760.0";"443.0";"443.0"
"51770.0";"443.0";"443.0"
"51780.0";"443.0";"443.0"
"51790.0";"443.0";"443.0"
"51800.0";"443.0";"443.0"
"51810.0";"443.0";"443.0"
"51820.0";"443.0";"443.0"
"51830.0";"443.0";"443.0"
"51840.0";"443.0";"443.0"
"51850.0";"443.0";"443.0"
"51860.0";"443.0";"443.0"
"51870.0";"443.0";"443.0"
"51880.0";"443.0";"443.0"
"51890.0";"443.0";"443.0"
"51900.0";"443.0";"443.0"
"51910.0";"443.0";"443.0"
"51920.0";"443.0";"443.0"
"51930.0";"443.0";"443.0"
"51940.0";"443.0";"443.0"
"51950.0";"443.0";"443.0"
"51960.0";"443.0";"443.0"
"51970.0";"443.0";"443.0"
"51980.0";"443.0";"443.0"
"51990.0";"443.0";"443.0"
"52000.0";"443.0";"443.0"
"52010.0";"443.0";"443.0"
"52020.0";"443.0";"443.0"
"52030.0";"443.0";"443.0"
"52040.0";"443.0";"443.0"
"52050.0";"443.0";"443.0"
"52060.0";"443.0";"443.0"
"52070.0";"443.0";"443.0"
"52080.0";"443.0";"443.0"
"52090.0";"443.0";"443.0"
"52100.0";"443.0";"443.0"
"52110.0";"443.0";"443.0"
"52120.0";"443.0";"443.0"
"52130.0";"443.0";"443.0"
"52140.0";"443.0";"443.0"
"52150.0";"443.0";"443.0"
"52160.0";"443.0";"443.0"
"52170.0";"443.0";"443.0"
"52180.0";"443.0";"443.0"
"52190.0";"443.0";"443.0"
"52200.0";"443.0";"443.0"
"52210.0";"443.0";"443.0"
"52220.0";"443.0";"443.0"
"52230.0";"443.0";"443.0"
"52240.0";"443.0";"443.0"
"52250.0";"443.0";"443.0"
"52260.0";"443.0";"443.0"
"52270.0";"443.0";"443.0"
"52280.0";"443.0";"443.0"
"52290.0";"443.0";"443.0"
"52300.0";"443.0";"443.0"
"52310.0";"443.0";"443.0"
"52320.0";"443.0";"443.0"
"52330.0";"443.0";"443.0"
"52340.0";"443.0";"443.0"
"52350.0";"443.0";"443.0"
"52360.0";"443.0";"443.0"
"52370.0";"443.0";"443.0"
"52380.0";"443.0";"443.0"
"52390.0";"443.0";"443.0"
"52400.0";"443.0";"443.0"
"52410.0";"443.0";"443.0"
"52420.0";"443.0";"443.0"
"52430.0";"443.0";"443.0"
"52440.0";"443.0";"443.0"
"52450.0";"443.0";"443.0"
"52460.0";"443.0";"443.0"
"52470.0";"443.0";"443.0"
"52480.0";"443.0";"443.0"
"52490.0";"443.0";"443.0"
"52500.0";"443.0";"443.0"
"52510.0";"443.0";"443.0"
"52520.0";"443.0";"443.0"
"52530.0";"443.0";"443.0"
"52540.0";"443.0";"443.0"
"52550.0";"443.0";"443.0"
"52560.0";"443.0";"443.0"
"52570.0";"443.0";"443.0"
"52580.0";"443.0";"443.0"
"52590.0";"443.0";"443.0"
"52600.0";"443.0";"443.0"
"52610.0";"443.0";"443.0"
"52620.0";"443.0";"443.0"
"52630.0";"443.0";"443.0"
"52640.0";"443.0";"443.0"
"52650.0";"443.0";"443.0"
"52660.0";"443.0";"443.0"
"52670.0";"443.0";"443.0"
"52680.0";"443.0";"443.0"
"52690.0";"443.0";"443.0"
"52700.0";"443.0";"443.0"
"52710.0";"443.0";"443.0"
"52720.0";"443.0";"443.0"
"52730.0";"443.0";"443.0"
"52740.0";"443.0";"443.0"
"52750.0";"443.0";"443.0"
"52760.0";"443.0";"443.0"
"52770.0";"443.0";"443.0"
"52780.0";"443.0";"443.0"
"52790.0";"443.0";"443.0"
"52800.0";"443.0";"443.0"
"52810.0";"443.0";"443.0"
"52820.0";"443.0";"443.0"
"52830.0";"443.0";"443.0"
"52840.0";"443.0";"443.0"
"52850.0";"443.0";"443.0"
"52860.0";"443.0";"443.0"
"52870.0";"443.0";"443.0"
"52880.0";"443.0";"443.0"
"52890.0";"443.0";"443.0"
"52900.0";"443.0";"443.0"
"52910.0";"443.0";"443.0"
"52920.0";"443.0";"443.0"
"52930.0";"443.0";"443.0"
"52940.0";"443.0";"443.0"
"52950.0";"443.0";"443.0"
"52960.0";"443.0";"443.0"
"52970.0";"443.0";"443.0"
"52980.0";"443.0";"443.0"
"52990.0";"443.0";"443.0"
"53000.0";"443.0";"443.0"
"53010.0";"443.0";"443.0"
"53020.0";"443.0";"443.0"
"53030.0";"443.0";"443.0"
"53040.0";"443.0";"443.0"
"53050.0";"443.0";"443.0"
"53060.0";"443.0";"443.0"
"53070.0";"443.0";"443.0"
"53080.0";"443.0";"443.0"
"53090.0";"443.0";"443.0"
"53100.0";"443.0";"443.0"
"53110.0";"443.0";"443.0"
"53120.0";"443.0";"443.0"
"53130.0";"443.0";"443.0"
"53140.0";"443.0";"443.0"
"53150.0";"443.0";"443.0"
"53160.0";"443.0";"443.0"
"53170.0";"443.0";"443.0"
"53180.0";"443.0";"443.0"
"53190.0";"443.0";"443.0"
"53200.0";"443.0";"443.0"
"53210.0";"443.0";"443.0"
"53220.0";"443.0";"443.0"
"53230.0";"443.0";"443.0"
"53240.0";"443.0";"443.0"
"53250.0";"443.0";"443.0"
"53260.0";"443.0";"443.0"
"53270.0";"443.0";"443.0"
"53280.0";"443.0";"443.0"
"53290.0";"443.0";"443.0"
"53300.0";"443.0";"443.0"
"53310.0";"443.0";"443.0"
"53320.0";"443.0";"443.0"
"53330.0";"443.0";"443.0"
"53340.0";"443.0";"443.0"
"53350.0";"443.0";"443.0"
"53360.0";"443.0";"443.0"
"53370.0";"443.0";"443.0"
"53380.0";"443.0";"443.0"
"53390.0";"443.0";"443.0"
"53400.0";"443.0";"443.0"
"53410.0";"443.0";"443.0"
"53420.0";"443.0";"443.0"
"53430.0";"443.0";"443.0"
"53440.0";"443.0";"443.0"
"53450.0";"443.0";"443.0"
"53460.0";"443.0";"443.0"
"53470.0";"443.0";"443.0"
"53480.0";"443.0";"443.0"
"53490.0";"443.0";"443.0"
"53500.0";"443.0";"443.0"
"53510.0";"443.0";"443.0"
"53520.0";"443.0";"443.0"
"53530.0";"443.0";"443.0"
"53540.0";"443.0";"443.0"
"53550.0";"443.0";"443.0"
"53560.0";"443.0";"443.0"
"53570.0";"443.0";"443.0"
"53580.0";"443.0";"443.0"
"53590.0";"443.0";"443.0"
"53600.0";"443.0";"443.0"
"53610.0";"443.0";"443.0"
"53620.0";"443.0";"443.0"
"53630.0";"443.0";"443.0"
"53640.0";"443.0";"443.0"
"53650.0";"443.0";"443.0"
"53660.0";"443.0";"443.0"
"53670.0";"443.0";"443.0"
"53680.0";"443.0";"443.0"
"53690.0";"443.0";"443.0"
"53700.0";"443.0";"443.0"
"53710.0";"443.0";"443.0"
"53720.0";"443.0";"443.0"
"53730.0";"443.0";"443.0"
"53740.0";"443.0";"443.0"
"53750.0";"443.0";"443.0"
"53760.0";"443.0";"443.0"
"53770.0";"443.0";"443.0"
"53780.0";"443.0";"443.0"
"53790.0";"443.0";"443.0"
"53800.0";"443.0";"443.0"
"53810.0";"443.0";"443.0"
"53820.0";"443.0";"443.0"
"53830.0";"443.0";"443.0"
"53840.0";"443.0";"443.0"
"53850.0";"443.0";"443.0"
"53860.0";"443.0";"443.0"
"53870.0";"443.0";"443.0"
"53880.0";"443.0";"443.0"
"53890.0";"443.0";"443.0"
"53900.0";"443.0";"443.0"
"53910.0";"443.0";"443.0"
"53920.0";"443.0";"443.0"
"53930.0";"443.0";"443.0"
"53940.0";"443.0";"443.0"
"53950.0";"443.0";"443.0"
"53960.0";"443.0";"443.0"
"53970.0";"443.0";"443.0"
"53980.0";"443.0";"443.0"
"53990.0";"443.0";"443.0"
"54000.0";"443.0";"443.0"
"54010.0";"443.0";"443.0"
"54020.0";"443.0";"443.0"
"54030.0";"443.0";"443.0"
"54040.0";"443.0";"443.0"
"54050.0";"443.0";"443.0"
"54060.0";"443.0";"443.0"
"54070.0";"443.0";"443.0"
"54080.0";"443.0";"443.0"
"54090.0";"443.0";"443.0"
"54100.0";"443.0";"443.0"
"54110.0";"443.0";"443.0"
"54120.0";"443.0";"443.0"
"54130.0";"443.0";"443.0"
"54140.0";"443.0";"443.0"
"54150.0";"443.0";"443.0"
"54160.0";"443.0";"443.0"
"54170.0";"443.0";"443.0"
"54180.0";"443.0";"443.0"
"54190.0";"443.0";"443.0"
"54200.0";"443.0";"443.0"
"54210.0";"443.0";"443.0"
"54220.0";"443.0";"443.0"
"54230.0";"443.0";"443.0"
"54240.0";"443.0";"443.0"
"54250.0";"443.0";"443.0"
"54260.0";"443.0";"443.0"
"54270.0";"443.0";"443.0"
"54280.0";"443.0";"443.0"
"54290.0";"443.0";"443.0"
"54300.0";"443.0";"443.0"
"54310.0";"443.0";"443.0"
"54320.0";"443.0";"443.0"
"54330.0";"443.0";"443.0"
"54340.0";"443.0";"443.0"
"54350.0";"443.0";"443.0"
"54360.0";"443.0";"443.0"
"54370.0";"443.0";"443.0"
"54380.0";"443.0";"443.0"
"54390.0";"443.0";"443.0"
"54400.0";"443.0";"443.0"
"54410.0";"443.0";"443.0"
"54420.0";"443.0";"443.0"
"54430.0";"443.0";"443.0"
"54440.0";"443.0";"443.0"
"54450.0";"443.0";"443.0"
"54460.0";"443.0";"443.0"
"54470.0";"443.0";"443.0"
"54480.0";"443.0";"443.0"
"54490.0";"443.0";"443.0"
"54500.0";"443.0";"443.0"
"54510.0";"443.0";"443.0"
"54520.0";"443.0";"443.0"
"54530.0";"443.0";"443.0"
"54540.0";"443.0";"443.0"
"54550.0";"443.0";"443.0"
"54560.0";"443.0";"443.0"
"54570.0";"443.0";"443.0"
"54580.0";"443.0";"443.0"
"54590.0";"443.0";"443.0"
"54600.0";"443.0";"443.0"
"54610.0";"443.0";"443.0"
"54620.0";"443.0";"443.0"
"54630.0";"443.0";"443.0"
"54640.0";"443.0";"443.0"
"54650.0";"443.0";"443.0"
"54660.0";"443.0";"443.0"
"54670.0";"443.0";"443.0"
"54680.0";"443.0";"443.0"
"54690.0";"443.0";"443.0"
"54700.0";"443.0";"443.0"
"54710.0";"443.0";"443.0"
"54720.0";"443.0";"443.0"
"54730.0";"443.0";"443.0"
"54740.0";"443.0";"443.0"
"54750.0";"443.0";"443.0"
"54760.0";"443.0";"443.0"
"54770.0";"443.0";"443.0"
"54780.0";"443.0";"443.0"
"54790.0";"443.0";"443.0"
"54800.0";"443.0";"443.0"
"54810.0";"443.0";"443.0"
"54820.0";"443.0";"443.0"
"54830.0";"443.0";"443.0"
"54840.0";"443.0";"443.0"
"54850.0";"443.0";"443.0"
"54860.0";"443.0";"443.0"
"54870.0";"443.0";"443.0"
"54880.0";"443.0";"443.0"
"54890.0";"443.0";"443.0"
"54900.0";"443.0";"443.0"
"54910.0";"443.0";"443.0"
"54920.0";"443.0";"443.0"
"54930.0";"443.0";"443.0"
"54940.0";"443.0";"443.0"
"54950.0";"443.0";"443.0"
"54960.0";"443.0";"443.0"
"54970.0";"443.0";"443.0"
"54980.0";"443.0";"443.0"
"54990.0";"443.0";"443.0"
"55000.0";"443.0";"443.0"
"55010.0";"443.0";"443.0"
"55020.0";"443.0";"443.0"
"55030.0";"443.0";"443.0"
"55040.0";"443.0";"443.0"
"55050.0";"443.0";"443.0"
"55060.0";"443.0";"443.0"
"55070.0";"443.0";"443.0"
"55080.0";"443.0";"443.0"
"55090.0";"443.0";"443.0"
"55100.0";"443.0";"443.0"
"55110.0";"443.0";"443.0"
"55120.0";"443.0";"443.0"
"55130.0";"443.0";"443.0"
"55140.0";"443.0";"443.0"
"55150.0";"443.0";"443.0"
"55160.0";"443.0";"443.0"
"55170.0";"443.0";"443.0"
"55180.0";"443.0";"443.0"
"55190.0";"443.0";"443.0"
"55200.0";"443.0";"443.0"
"55210.0";"443.0";"443.0"
"55220.0";"443.0";"443.0"
"55230.0";"443.0";"443.0"
"55240.0";"443.0";"443.0"
"55250.0";"443.0";"443.0"
"55260.0";"443.0";"443.0"
"55270.0";"443.0";"443.0"
"55280.0";"443.0";"443.0"
"55290.0";"443.0";"443.0"
"55300.0";"443.0";"443.0"
"55310.0";"443.0";"443.0"
"55320.0";"443.0";"443.0"
"55330.0";"443.0";"443.0"
"55340.0";"443.0";"443.0"
"55350.0";"443.0";"443.0"
"55360.0";"443.0";"443.0"
"55370.0";"443.0";"443.0"
"55380.0";"443.0";"443.0"
"55390.0";"443.0";"443.0"
"55400.0";"443.0";"443.0"
"55410.0";"443.0";"443.0"
"55420.0";"443.0";"443.0"
"55430.0";"443.0";"443.0"
"55440.0";"443.0";"443.0"
"55450.0";"443.0";"443.0"
"55460.0";"443.0";"443.0"
"55470.0";"443.0";"443.0"
"55480.0";"443.0";"443.0"
"55490.0";"443.0";"443.0"
"55500.0";"443.0";"443.0"
"55510.0";"443.0";"443.0"
"55520.0";"443.0";"443.0"
"55530.0";"443.0";"443.0"
"55540.0";"443.0";"443.0"
"55550.0";"443.0";"443.0"
"55560.0";"443.0";"443.0"
"55570.0";"443.0";"443.0"
"55580.0";"443.0";"443.0"
"55590.0";"443.0";"443.0"
"55600.0";"443.0";"443.0"
"55610.0";"443.0";"443.0"
"55620.0";"443.0";"443.0"
"55630.0";"443.0";"443.0"
"55640.0";"443.0";"443.0"
"55650.0";"443.0";"443.0"
"55660.0";"443.0";"443.0"
"55670.0";"443.0";"443.0"
"55680.0";"443.0";"443.0"
"55690.0";"443.0";"443.0"
"55700.0";"443.0";"443.0"
"55710.0";"443.0";"443.0"
"55720.0";"443.0";"443.0"
"55730.0";"443.0";"443.0"
"55740.0";"443.0";"443.0"
"55750.0";"443.0";"443.0"
"55760.0";"443.0";"443.0"
"55770.0";"443.0";"443.0"
"55780.0";"443.0";"443.0"
"55790.0";"443.0";"443.0"
"55800.0";"443.0";"443.0"
"55810.0";"443.0";"443.0"
"55820.0";"443.0";"443.0"
"55830.0";"443.0";"443.0"
"55840.0";"443.0";"443.0"
"55850.0";"443.0";"443.0"
"55860.0";"443.0";"443.0"
"55870.0";"443.0";"443.0"
"55880.0";"443.0";"443.0"
"55890.0";"443.0";"443.0"
"55900.0";"443.0";"443.0"
"55910.0";"443.0";"443.0"
"55920.0";"443.0";"443.0"
"55930.0";"443.0";"443.0"
"55940.0";"443.0";"443.0"
"55950.0";"443.0";"443.0"
"55960.0";"443.0";"443.0"
"55970.0";"443.0";"443.0"
"55980.0";"443.0";"443.0"
"55990.0";"443.0";"443.0"
"56000.0";"443.0";"443.0"
"56010.0";"443.0";"443.0"
"56020.0";"443.0";"443.0"
"56030.0";"443.0";"443.0"
"56040.0";"443.0";"443.0"
"56050.0";"443.0";"443.0"
"56060.0";"443.0";"443.0"
"56070.0";"443.0";"443.0"
"56080.0";"443.0";"443.0"
"56090.0";"443.0";"443.0"
"56100.0";"443.0";"443.0"
"56110.0";"443.0";"443.0"
"56120.0";"443.0";"443.0"
"56130.0";"443.0";"443.0"
"56140.0";"443.0";"443.0"
"56150.0";"443.0";"443.0"
"56160.0";"443.0";"443.0"
"56170.0";"443.0";"443.0"
"56180.0";"443.0";"443.0"
"56190.0";"443.0";"443.0"
"56200.0";"443.0";"443.0"
"56210.0";"443.0";"443.0"
"56220.0";"443.0";"443.0"
"56230.0";"443.0";"443.0"
"56240.0";"443.0";"443.0"
"56250.0";"443.0";"443.0"
"56260.0";"443.0";"443.0"
"56270.0";"443.0";"443.0"
"56280.0";"443.0";"443.0"
"56290.0";"443.0";"443.0"
"56300.0";"443.0";"443.0"
"56310.0";"443.0";"443.0"
"56320.0";"443.0";"443.0"
"56330.0";"443.0";"443.0"
"56340.0";"443.0";"443.0"
"56350.0";"443.0";"443.0"
"56360.0";"443.0";"443.0"
"56370.0";"443.0";"443.0"
"56380.0";"443.0";"443.0"
"56390.0";"443.0";"443.0"
"56400.0";"443.0";"443.0"
"56410.0";"443.0";"443.0"
"56420.0";"443.0";"443.0"
"56430.0";"443.0";"443.0"
"56440.0";"443.0";"443.0"
"56450.0";"443.0";"443.0"
"56460.0";"443.0";"443.0"
"56470.0";"443.0";"443.0"
"56480.0";"443.0";"443.0"
"56490.0";"443.0";"443.0"
"56500.0";"443.0";"443.0"
"56510.0";"443.0";"443.0"
"56520.0";"443.0";"443.0"
"56530.0";"443.0";"443.0"
"56540.0";"443.0";"443.0"
"56550.0";"443.0";"443.0"
"56560.0";"443.0";"443.0"
"56570.0";"443.0";"443.0"
"56580.0";"443.0";"443.0"
"56590.0";"443.0";"443.0"
"56600.0";"443.0";"443.0"
"56610.0";"443.0";"443.0"
"56620.0";"443.0";"443.0"
"56630.0";"443.0";"443.0"
"56640.0";"443.0";"443.0"
"56650.0";"443.0";"443.0"
"56660.0";"443.0";"443.0"
"56670.0";"443.0";"443.0"
"56680.0";"443.0";"443.0"
"56690.0";"443.0";"443.0"
"56700.0";"443.0";"443.0"
"56710.0";"443.0";"443.0"
"56720.0";"443.0";"443.0"
"56730.0";"443.0";"443.0"
"56740.0";"443.0";"443.0"
"56750.0";"443.0";"443.0"
"56760.0";"443.0";"443.0"
"56770.0";"443.0";"443.0"
"56780.0";"443.0";"443.0"
"56790.0";"443.0";"443.0"
"56800.0";"443.0";"443.0"
"56810.0";"443.0";"443.0"
"56820.0";"443.0";"443.0"
"56830.0";"443.0";"443.0"
"56840.0";"443.0";"443.0"
"56850.0";"443.0";"443.0"
"56860.0";"443.0";"443.0"
"56870.0";"443.0";"443.0"
"56880.0";"443.0";"443.0"
"56890.0";"443.0";"443.0"
"56900.0";"443.0";"443.0"
"56910.0";"443.0";"443.0"
"56920.0";"443.0";"443.0"
"56930.0";"443.0";"443.0"
"56940.0";"443.0";"443.0"
"56950.0";"443.0";"443.0"
"56960.0";"443.0";"443.0"
"56970.0";"443.0";"443.0"
"56980.0";"443.0";"443.0"
"56990.0";"443.0";"443.0"
"57000.0";"443.0";"443.0"
"57010.0";"443.0";"443.0"
"57020.0";"443.0";"443.0"
"57030.0";"443.0";"443.0"
"57040.0";"443.0";"443.0"
"57050.0";"443.0";"443.0"
"57060.0";"443.0";"443.0"
"57070.0";"443.0";"443.0"
"57080.0";"443.0";"443.0"
"57090.0";"443.0";"443.0"
"57100.0";"443.0";"443.0"
"57110.0";"443.0";"443.0"
"57120.0";"443.0";"443.0"
"57130.0";"443.0";"443.0"
"57140.0";"443.0";"443.0"
"57150.0";"443.0";"443.0"
"57160.0";"443.0";"443.0"
"57170.0";"443.0";"443.0"
"57180.0";"443.0";"443.0"
"57190.0";"443.0";"443.0"
"57200.0";"443.0";"443.0"
"57210.0";"443.0";"443.0"
"57220.0";"443.0";"443.0"
"57230.0";"443.0";"443.0"
"57240.0";"443.0";"443.0"
"57250.0";"443.0";"443.0"
"57260.0";"443.0";"443.0"
"57270.0";"443.0";"443.0"
"57280.0";"443.0";"443.0"
"57290.0";"443.0";"443.0"
"57300.0";"443.0";"443.0"
"57310.0";"443.0";"443.0"
"57320.0";"443.0";"443.0"
"57330.0";"443.0";"443.0"
"57340.0";"443.0";"443.0"
"57350.0";"443.0";"443.0"
"57360.0";"443.0";"443.0"
"57370.0";"443.0";"443.0"
"57380.0";"443.0";"443.0"
"57390.0";"443.0";"443.0"
"57400.0";"443.0";"443.0"
"57410.0";"443.0";"443.0"
"57420.0";"443.0";"443.0"
"57430.0";"443.0";"443.0"
"57440.0";"443.0";"443.0"
"57450.0";"443.0";"443.0"
"57460.0";"443.0";"443.0"
"57470.0";"443.0";"443.0"
"57480.0";"443.0";"443.0"
"57490.0";"443.0";"443.0"
"57500.0";"443.0";"443.0"
"57510.0";"443.0";"443.0"
"57520.0";"443.0";"443.0"
"57530.0";"443.0";"443.0"
"57540.0";"443.0";"443.0"
"57550.0";"443.0";"443.0"
"57560.0";"443.0";"443.0"
"57570.0";"443.0";"443.0"
"57580.0";"443.0";"443.0"
"57590.0";"443.0";"443.0"
"57600.0";"443.0";"443.0"
"57610.0";"443.0";"443.0"
"57620.0";"443.0";"443.0"
"57630.0";"443.0";"443.0"
"57640.0";"443.0";"443.0"
"57650.0";"443.0";"443.0"
"57660.0";"443.0";"443.0"
"57670.0";"443.0";"443.0"
"57680.0";"443.0";"443.0"
"57690.0";"443.0";"443.0"
"57700.0";"443.0";"443.0"
"57710.0";"443.0";"443.0"
"57720.0";"443.0";"443.0"
"57730.0";"443.0";"443.0"
"57740.0";"443.0";"443.0"
"57750.0";"443.0";"443.0"
"57760.0";"443.0";"443.0"
"57770.0";"443.0";"443.0"
"57780.0";"443.0";"443.0"
"57790.0";"443.0";"443.0"
"57800.0";"443.0";"443.0"
"57810.0";"443.0";"443.0"
"57820.0";"443.0";"443.0"
"57830.0";"443.0";"443.0"
"57840.0";"443.0";"443.0"
"57850.0";"443.0";"443.0"
"57860.0";"443.0";"443.0"
"57870.0";"443.0";"443.0"
"57880.0";"443.0";"443.0"
"57890.0";"443.0";"443.0"
"57900.0";"443.0";"443.0"
"57910.0";"443.0";"443.0"
"57920.0";"443.0";"443.0"
"57930.0";"443.0";"443.0"
"57940.0";"443.0";"443.0"
"57950.0";"443.0";"443.0"
"57960.0";"443.0";"443.0"
"57970.0";"443.0";"443.0"
"57980.0";"443.0";"443.0"
"57990.0";"443.0";"443.0"
"58000.0";"443.0";"443.0"
"58010.0";"443.0";"443.0"
"58020.0";"443.0";"443.0"
"58030.0";"443.0";"443.0"
"58040.0";"443.0";"443.0"
"58050.0";"443.0";"443.0"
"58060.0";"443.0";"443.0"
"58070.0";"443.0";"443.0"
"58080.0";"443.0";"443.0"
"58090.0";"443.0";"443.0"
"58100.0";"443.0";"443.0"
"58110.0";"443.0";"443.0"
"58120.0";"443.0";"443.0"
"58130.0";"443.0";"443.0"
"58140.0";"443.0";"443.0"
"58150.0";"443.0";"443.0"
"58160.0";"443.0";"443.0"
"58170.0";"443.0";"443.0"
"58180.0";"443.0";"443.0"
"58190.0";"443.0";"443.0"
"58200.0";"443.0";"443.0"
"58210.0";"443.0";"443.0"
"58220.0";"443.0";"443.0"
"58230.0";"443.0";"443.0"
"58240.0";"443.0";"443.0"
"58250.0";"443.0";"443.0"
"58260.0";"443.0";"443.0"
"58270.0";"443.0";"443.0"
"58280.0";"443.0";"443.0"
"58290.0";"443.0";"443.0"
"58300.0";"443.0";"443.0"
"58310.0";"443.0";"443.0"
"58320.0";"443.0";"443.0"
"58330.0";"443.0";"443.0"
"58340.0";"443.0";"443.0"
"58350.0";"443.0";"443.0"
"58360.0";"443.0";"443.0"
"58370.0";"443.0";"443.0"
"58380.0";"443.0";"443.0"
"58390.0";"443.0";"443.0"
"58400.0";"443.0";"443.0"
"58410.0";"443.0";"443.0"
"58420.0";"443.0";"443.0"
"58430.0";"443.0";"443.0"
"58440.0";"443.0";"443.0"
"58450.0";"443.0";"443.0"
"58460.0";"443.0";"443.0"
"58470.0";"443.0";"443.0"
"58480.0";"443.0";"443.0"
"58490.0";"443.0";"443.0"
"58500.0";"443.0";"443.0"
"58510.0";"443.0";"443.0"
"58520.0";"443.0";"443.0"
"58530.0";"443.0";"443.0"
"58540.0";"443.0";"443.0"
"58550.0";"443.0";"443.0"
"58560.0";"443.0";"443.0"
"58570.0";"443.0";"443.0"
"58580.0";"443.0";"443.0"
"58590.0";"443.0";"443.0"
"58600.0";"443.0";"443.0"
"58610.0";"443.0";"443.0"
"58620.0";"443.0";"443.0"
"58630.0";"443.0";"443.0"
"58640.0";"443.0";"443.0"
"58650.0";"443.0";"443.0"
"58660.0";"443.0";"443.0"
"58670.0";"443.0";"443.0"
"58680.0";"443.0";"443.0"
"58690.0";"443.0";"443.0"
"58700.0";"443.0";"443.0"
"58710.0";"443.0";"443.0"
"58720.0";"443.0";"443.0"
"58730.0";"443.0";"443.0"
"58740.0";"443.0";"443.0"
"58750.0";"443.0";"443.0"
"58760.0";"443.0";"443.0"
"58770.0";"443.0";"443.0"
"58780.0";"443.0";"443.0"
"58790.0";"443.0";"443.0"
"58800.0";"443.0";"443.0"
"58810.0";"443.0";"443.0"
"58820.0";"443.0";"443.0"
"58830.0";"443.0";"443.0"
"58840.0";"443.0";"443.0"
"58850.0";"443.0";"443.0"
"58860.0";"443.0";"443.0"
"58870.0";"443.0";"443.0"
"58880.0";"443.0";"443.0"
"58890.0";"443.0";"443.0"
"58900.0";"443.0";"443.0"
"58910.0";"443.0";"443.0"
"58920.0";"443.0";"443.0"
"58930.0";"443.0";"443.0"
"58940.0";"443.0";"443.0"
"58950.0";"443.0";"443.0"
"58960.0";"443.0";"443.0"
"58970.0";"443.0";"443.0"
"58980.0";"443.0";"443.0"
"58990.0";"443.0";"443.0"
"59000.0";"443.0";"443.0"
"59010.0";"443.0";"443.0"
"59020.0";"443.0";"443.0"
"59030.0";"443.0";"443.0"
"59040.0";"443.0";"443.0"
"59050.0";"443.0";"443.0"
"59060.0";"443.0";"443.0"
"59070.0";"443.0";"443.0"
"59080.0";"443.0";"443.0"
"59090.0";"443.0";"443.0"
"59100.0";"443.0";"443.0"
"59110.0";"443.0";"443.0"
"59120.0";"443.0";"443.0"
"59130.0";"443.0";"443.0"
"59140.0";"443.0";"443.0"
"59150.0";"443.0";"443.0"
"59160.0";"443.0";"443.0"
"59170.0";"443.0";"443.0"
"59180.0";"443.0";"443.0"
"59190.0";"443.0";"443.0"
"59200.0";"443.0";"443.0"
"59210.0";"443.0";"443.0"
"59220.0";"443.0";"443.0"
"59230.0";"443.0";"443.0"
"59240.0";"443.0";"443.0"
"59250.0";"443.0";"443.0"
"59260.0";"443.0";"443.0"
"59270.0";"443.0";"443.0"
"59280.0";"443.0";"443.0"
"59290.0";"443.0";"443.0"
"59300.0";"443.0";"443.0"
"59310.0";"443.0";"443.0"
"59320.0";"443.0";"443.0"
"59330.0";"443.0";"443.0"
"59340.0";"443.0";"443.0"
"59350.0";"443.0";"443.0"
"59360.0";"443.0";"443.0"
"59370.0";"443.0";"443.0"
"59380.0";"443.0";"443.0"
"59390.0";"443.0";"443.0"
"59400.0";"443.0";"443.0"
"59410.0";"443.0";"443.0"
"59420.0";"443.0";"443.0"
"59430.0";"443.0";"443.0"
"59440.0";"443.0";"443.0"
"59450.0";"443.0";"443.0"
"59460.0";"443.0";"443.0"
"59470.0";"443.0";"443.0"
"59480.0";"443.0";"443.0"
"59490.0";"443.0";"443.0"
"59500.0";"443.0";"443.0"
"59510.0";"443.0";"443.0"
"59520.0";"443.0";"443.0"
"59530.0";"443.0";"443.0"
"59540.0";"443.0";"443.0"
"59550.0";"443.0";"443.0"
"59560.0";"443.0";"443.0"
"59570.0";"443.0";"443.0"
"59580.0";"443.0";"443.0"
"59590.0";"443.0";"443.0"
"59600.0";"443.0";"443.0"
"59610.0";"443.0";"443.0"
"59620.0";"443.0";"443.0"
"59630.0";"443.0";"443.0"
"59640.0";"443.0";"443.0"
"59650.0";"443.0";"443.0"
"59660.0";"443.0";"443.0"
"59670.0";"443.0";"443.0"
"59680.0";"443.0";"443.0"
"59690.0";"443.0";"443.0"
"59700.0";"443.0";"443.0"
"59710.0";"443.0";"443.0"
"59720.0";"443.0";"443.0"
"59730.0";"443.0";"443.0"
"59740.0";"443.0";"443.0"
"59750.0";"443.0";"443.0"
"59760.0";"443.0";"443.0"
"59770.0";"443.0";"443.0"
"59780.0";"443.0";"443.0"
"59790.0";"443.0";"443.0"
"59800.0";"443.0";"443.0"
"59810.0";"443.0";"443.0"
"59820.0";"443.0";"443.0"
"59830.0";"443.0";"443.0"
"59840.0";"443.0";"443.0"
"59850.0";"443.0";"443.0"
"59860.0";"443.0";"443.0"
"59870.0";"443.0";"443.0"
"59880.0";"443.0";"443.0"
"59890.0";"443.0";"443.0"
"59900.0";"443.0";"443.0"
"59910.0";"443.0";"443.0"
"59920.0";"443.0";"443.0"
"59930.0";"443.0";"443.0"
"59940.0";"443.0";"443.0"
"59950.0";"443.0";"443.0"
"59960.0";"443.0";"443.0"
"59970.0";"443.0";"443.0"
"59980.0";"443.0";"443.0"
"59990.0";"443.0";"443.0"
"60000.0";"443.0";"443.0"
"60010.0";"443.0";"443.0"
"60020.0";"443.0";"443.0"
"60030.0";"443.0";"443.0"
"60040.0";"443.0";"443.0"
"60050.0";"443.0";"443.0"
"60060.0";"443.0";"443.0"
"60070.0";"443.0";"443.0"
"60080.0";"443.0";"443.0"
"60090.0";"443.0";"443.0"
"60100.0";"443.0";"443.0"
"60110.0";"443.0";"443.0"
"60120.0";"443.0";"443.0"
"60130.0";"443.0";"443.0"
"60140.0";"443.0";"443.0"
"60150.0";"443.0";"443.0"
"60160.0";"443.0";"443.0"
"60170.0";"443.0";"443.0"
"60180.0";"443.0";"443.0"
"60190.0";"443.0";"443.0"
"60200.0";"443.0";"443.0"
"60210.0";"443.0";"443.0"
"60220.0";"443.0";"443.0"
"60230.0";"443.0";"443.0"
"60240.0";"443.0";"443.0"
"60250.0";"443.0";"443.0"
"60260.0";"443.0";"443.0"
"60270.0";"443.0";"443.0"
"60280.0";"443.0";"443.0"
"60290.0";"443.0";"443.0"
"60300.0";"443.0";"443.0"
"60310.0";"443.0";"443.0"
"60320.0";"443.0";"443.0"
"60330.0";"443.0";"443.0"
"60340.0";"443.0";"443.0"
"60350.0";"443.0";"443.0"
"60360.0";"443.0";"443.0"
"60370.0";"443.0";"443.0"
"60380.0";"443.0";"443.0"
"60390.0";"443.0";"443.0"
"60400.0";"443.0";"443.0"
"60410.0";"443.0";"443.0"
"60420.0";"443.0";"443.0"
"60430.0";"443.0";"443.0"
"60440.0";"443.0";"443.0"
"60450.0";"443.0";"443.0"
"60460.0";"443.0";"443.0"
"60470.0";"443.0";"443.0"
"60480.0";"443.0";"443.0"
"60490.0";"443.0";"443.0"
"60500.0";"443.0";"443.0"
"60510.0";"443.0";"443.0"
"60520.0";"443.0";"443.0"
"60530.0";"443.0";"443.0"
"60540.0";"443.0";"443.0"
"60550.0";"443.0";"443.0"
"60560.0";"443.0";"443.0"
"60570.0";"443.0";"443.0"
"60580.0";"443.0";"443.0"
"60590.0";"443.0";"443.0"
"60600.0";"443.0";"443.0"
"60610.0";"443.0";"443.0"
"60620.0";"443.0";"443.0"
"60630.0";"443.0";"443.0"
"60640.0";"443.0";"443.0"
"60650.0";"443.0";"443.0"
"60660.0";"443.0";"443.0"
"60670.0";"443.0";"443.0"
"60680.0";"443.0";"443.0"
"60690.0";"443.0";"443.0"
"60700.0";"443.0";"443.0"
"60710.0";"443.0";"443.0"
"60720.0";"443.0";"443.0"
"60730.0";"443.0";"443.0"
"60740.0";"443.0";"443.0"
"60750.0";"443.0";"443.0"
"60760.0";"443.0";"443.0"
"60770.0";"443.0";"443.0"
"60780.0";"443.0";"443.0"
"60790.0";"443.0";"443.0"
"60800.0";"443.0";"443.0"
"60810.0";"443.0";"443.0"
"60820.0";"443.0";"443.0"
"60830.0";"443.0";"443.0"
"60840.0";"443.0";"443.0"
"60850.0";"443.0";"443.0"
"60860.0";"443.0";"443.0"
"60870.0";"443.0";"443.0"
"60880.0";"443.0";"443.0"
"60890.0";"443.0";"443.0"
"60900.0";"443.0";"443.0"
"60910.0";"443.0";"443.0"
"60920.0";"443.0";"443.0"
"60930.0";"443.0";"443.0"
"60940.0";"443.0";"443.0"
"60950.0";"443.0";"443.0"
"60960.0";"443.0";"443.0"
"60970.0";"443.0";"443.0"
"60980.0";"443.0";"443.0"
"60990.0";"443.0";"443.0"
"61000.0";"443.0";"443.0"
"61010.0";"443.0";"443.0"
"61020.0";"443.0";"443.0"
"61030.0";"443.0";"443.0"
"61040.0";"443.0";"443.0"
"61050.0";"443.0";"443.0"
"61060.0";"443.0";"443.0"
"61070.0";"443.0";"443.0"
"61080.0";"443.0";"443.0"
"61090.0";"443.0";"443.0"
"61100.0";"443.0";"443.0"
"61110.0";"443.0";"443.0"
"61120.0";"443.0";"443.0"
"61130.0";"443.0";"443.0"
"61140.0";"443.0";"443.0"
"61150.0";"443.0";"443.0"
"61160.0";"443.0";"443.0"
"61170.0";"443.0";"443.0"
"61180.0";"443.0";"443.0"
"61190.0";"443.0";"443.0"
"61200.0";"443.0";"443.0"
"61210.0";"443.0";"443.0"
"61220.0";"443.0";"443.0"
"61230.0";"443.0";"443.0"
"61240.0";"443.0";"443.0"
"61250.0";"443.0";"443.0"
"61260.0";"443.0";"443.0"
"61270.0";"443.0";"443.0"
"61280.0";"443.0";"443.0"
"61290.0";"443.0";"443.0"
"61300.0";"443.0";"443.0"
"61310.0";"443.0";"443.0"
"61320.0";"443.0";"443.0"
"61330.0";"443.0";"443.0"
"61340.0";"443.0";"443.0"
"61350.0";"443.0";"443.0"
"61360.0";"443.0";"443.0"
"61370.0";"443.0";"443.0"
"61380.0";"443.0";"443.0"
"61390.0";"443.0";"443.0"
"61400.0";"443.0";"443.0"
"61410.0";"443.0";"443.0"
"61420.0";"443.0";"443.0"
"61430.0";"443.0";"443.0"
"61440.0";"443.0";"443.0"
"61450.0";"443.0";"443.0"
"61460.0";"443.0";"443.0"
"61470.0";"443.0";"443.0"
"61480.0";"443.0";"443.0"
"61490.0";"443.0";"443.0"
"61500.0";"443.0";"443.0"
"61510.0";"443.0";"443.0"
"61520.0";"443.0";"443.0"
"61530.0";"443.0";"443.0"
"61540.0";"443.0";"443.0"
"61550.0";"443.0";"443.0"
"61560.0";"443.0";"443.0"
"61570.0";"443.0";"443.0"
"61580.0";"443.0";"443.0"
"61590.0";"443.0";"443.0"
"61600.0";"443.0";"443.0"
"61610.0";"443.0";"443.0"
"61620.0";"443.0";"443.0"
"61630.0";"443.0";"443.0"
"61640.0";"443.0";"443.0"
"61650.0";"443.0";"443.0"
"61660.0";"443.0";"443.0"
"61670.0";"443.0";"443.0"
"61680.0";"443.0";"443.0"
"61690.0";"443.0";"443.0"
"61700.0";"443.0";"443.0"
"61710.0";"443.0";"443.0"
"61720.0";"443.0";"443.0"
"61730.0";"443.0";"443.0"
"61740.0";"443.0";"443.0"
"61750.0";"443.0";"443.0"
"61760.0";"443.0";"443.0"
"61770.0";"443.0";"443.0"
"61780.0";"443.0";"443.0"
"61790.0";"443.0";"443.0"
"61800.0";"443.0";"443.0"
"61810.0";"443.0";"443.0"
"61820.0";"443.0";"443.0"
"61830.0";"443.0";"443.0"
"61840.0";"443.0";"443.0"
"61850.0";"443.0";"443.0"
"61860.0";"443.0";"443.0"
"61870.0";"443.0";"443.0"
"61880.0";"443.0";"443.0"
"61890.0";"443.0";"443.0"
"61900.0";"443.0";"443.0"
"61910.0";"443.0";"443.0"
"61920.0";"443.0";"443.0"
"61930.0";"443.0";"443.0"
"61940.0";"443.0";"443.0"
"61950.0";"443.0";"443.0"
"61960.0";"443.0";"443.0"
"61970.0";"443.0";"443.0"
"61980.0";"443.0";"443.0"
"61990.0";"443.0";"443.0"
"62000.0";"443.0";"443.0"
"62010.0";"443.0";"443.0"
"62020.0";"443.0";"443.0"
"62030.0";"443.0";"443.0"
"62040.0";"443.0";"443.0"
"62050.0";"443.0";"443.0"
"62060.0";"443.0";"443.0"
"62070.0";"443.0";"443.0"
"62080.0";"443.0";"443.0"
"62090.0";"443.0";"443.0"
"62100.0";"443.0";"443.0"
"62110.0";"443.0";"443.0"
"62120.0";"443.0";"443.0"
"62130.0";"443.0";"443.0"
"62140.0";"443.0";"443.0"
"62150.0";"443.0";"443.0"
"62160.0";"443.0";"443.0"
"62170.0";"443.0";"443.0"
"62180.0";"443.0";"443.0"
"62190.0";"443.0";"443.0"
"62200.0";"443.0";"443.0"
"62210.0";"443.0";"443.0"
"62220.0";"443.0";"443.0"
"62230.0";"443.0";"443.0"
"62240.0";"443.0";"443.0"
"62250.0";"443.0";"443.0"
"62260.0";"443.0";"443.0"
"62270.0";"443.0";"443.0"
"62280.0";"443.0";"443.0"
"62290.0";"443.0";"443.0"
"62300.0";"443.0";"443.0"
"62310.0";"443.0";"443.0"
"62320.0";"443.0";"443.0"
"62330.0";"443.0";"443.0"
"62340.0";"443.0";"443.0"
"62350.0";"443.0";"443.0"
"62360.0";"443.0";"443.0"
"62370.0";"443.0";"443.0"
"62380.0";"443.0";"443.0"
"62390.0";"443.0";"443.0"
"62400.0";"443.0";"443.0"
"62410.0";"443.0";"443.0"
"62420.0";"443.0";"443.0"
"62430.0";"443.0";"443.0"
"62440.0";"443.0";"443.0"
"62450.0";"443.0";"443.0"
"62460.0";"443.0";"443.0"
"62470.0";"443.0";"443.0"
"62480.0";"443.0";"443.0"
"62490.0";"443.0";"443.0"
"62500.0";"443.0";"443.0"
"62510.0";"443.0";"443.0"
"62520.0";"443.0";"443.0"
"62530.0";"443.0";"443.0"
"62540.0";"443.0";"443.0"
"62550.0";"443.0";"443.0"
"62560.0";"443.0";"443.0"
"62570.0";"443.0";"443.0"
"62580.0";"443.0";"443.0"
"62590.0";"443.0";"443.0"
"62600.0";"443.0";"443.0"
"62610.0";"443.0";"443.0"
"62620.0";"443.0";"443.0"
"62630.0";"443.0";"443.0"
"62640.0";"443.0";"443.0"
"62650.0";"443.0";"443.0"
"62660.0";"443.0";"443.0"
"62670.0";"443.0";"443.0"
"62680.0";"443.0";"443.0"
"62690.0";"443.0";"443.0"
"62700.0";"443.0";"443.0"
"62710.0";"443.0";"443.0"
"62720.0";"443.0";"443.0"
"62730.0";"443.0";"443.0"
"62740.0";"443.0";"443.0"
"62750.0";"443.0";"443.0"
"62760.0";"443.0";"443.0"
"62770.0";"443.0";"443.0"
"62780.0";"443.0";"443.0"
"62790.0";"443.0";"443.0"
"62800.0";"443.0";"443.0"
"62810.0";"443.0";"443.0"
"62820.0";"443.0";"443.0"
"62830.0";"443.0";"443.0"
"62840.0";"443.0";"443.0"
"62850.0";"443.0";"443.0"
"62860.0";"443.0";"443.0"
"62870.0";"443.0";"443.0"
"62880.0";"443.0";"443.0"
"62890.0";"443.0";"443.0"
"62900.0";"443.0";"443.0"
"62910.0";"443.0";"443.0"
"62920.0";"443.0";"443.0"
"62930.0";"443.0";"443.0"
"62940.0";"443.0";"443.0"
"62950.0";"443.0";"443.0"
"62960.0";"443.0";"443.0"
"62970.0";"443.0";"443.0"
"62980.0";"443.0";"443.0"
"62990.0";"443.0";"443.0"
"63000.0";"443.0";"443.0"
"63010.0";"443.0";"443.0"
"63020.0";"443.0";"443.0"
"63030.0";"443.0";"443.0"
"63040.0";"443.0";"443.0"
"63050.0";"443.0";"443.0"
"63060.0";"443.0";"443.0"
"63070.0";"443.0";"443.0"
"63080.0";"443.0";"443.0"
"63090.0";"443.0";"443.0"
"63100.0";"443.0";"443.0"
"63110.0";"443.0";"443.0"
"63120.0";"443.0";"443.0"
"63130.0";"443.0";"443.0"
"63140.0";"443.0";"443.0"
"63150.0";"443.0";"443.0"
"63160.0";"443.0";"443.0"
"63170.0";"443.0";"443.0"
"63180.0";"443.0";"443.0"
"63190.0";"443.0";"443.0"
"63200.0";"443.0";"443.0"
"63210.0";"443.0";"443.0"
"63220.0";"443.0";"443.0"
"63230.0";"443.0";"443.0"
"63240.0";"443.0";"443.0"
"63250.0";"443.0";"443.0"
"63260.0";"443.0";"443.0"
"63270.0";"443.0";"443.0"
"63280.0";"443.0";"443.0"
"63290.0";"443.0";"443.0"
"63300.0";"443.0";"443.0"
"63310.0";"443.0";"443.0"
"63320.0";"443.0";"443.0"
"63330.0";"443.0";"443.0"
"63340.0";"443.0";"443.0"
"63350.0";"443.0";"443.0"
"63360.0";"443.0";"443.0"
"63370.0";"443.0";"443.0"
"63380.0";"443.0";"443.0"
"63390.0";"443.0";"443.0"
"63400.0";"443.0";"443.0"
"63410.0";"443.0";"443.0"
"63420.0";"443.0";"443.0"
"63430.0";"443.0";"443.0"
"63440.0";"443.0";"443.0"
"63450.0";"443.0";"443.0"
"63460.0";"443.0";"443.0"
"63470.0";"443.0";"443.0"
"63480.0";"443.0";"443.0"
"63490.0";"443.0";"443.0"
"63500.0";"443.0";"443.0"
"63510.0";"443.0";"443.0"
"63520.0";"443.0";"443.0"
"63530.0";"443.0";"443.0"
"63540.0";"443.0";"443.0"
"63550.0";"443.0";"443.0"
"63560.0";"443.0";"443.0"
"63570.0";"443.0";"443.0"
"63580.0";"443.0";"443.0"
"63590.0";"443.0";"443.0"
"63600.0";"443.0";"443.0"
"63610.0";"443.0";"443.0"
"63620.0";"443.0";"443.0"
"63630.0";"443.0";"443.0"
"63640.0";"443.0";"443.0"
"63650.0";"443.0";"443.0"
"63660.0";"443.0";"443.0"
"63670.0";"443.0";"443.0"
"63680.0";"443.0";"443.0"
"63690.0";"443.0";"443.0"
"63700.0";"443.0";"443.0"
"63710.0";"443.0";"443.0"
"63720.0";"443.0";"443.0"
"63730.0";"443.0";"443.0"
"63740.0";"443.0";"443.0"
"63750.0";"443.0";"443.0"
"63760.0";"443.0";"443.0"
"63770.0";"443.0";"443.0"
"63780.0";"443.0";"443.0"
"63790.0";"443.0";"443.0"
"63800.0";"443.0";"443.0"
"63810.0";"443.0";"443.0"
"63820.0";"443.0";"443.0"
"63830.0";"443.0";"443.0"
"63840.0";"443.0";"443.0"
"63850.0";"443.0";"443.0"
"63860.0";"443.0";"443.0"
"63870.0";"443.0";"443.0"
"63880.0";"443.0";"443.0"
"63890.0";"443.0";"443.0"
"63900.0";"443.0";"443.0"
"63910.0";"443.0";"443.0"
"63920.0";"443.0";"443.0"
"63930.0";"443.0";"443.0"
"63940.0";"443.0";"443.0"
"63950.0";"443.0";"443.0"
"63960.0";"443.0";"443.0"
"63970.0";"443.0";"443.0"
"63980.0";"443.0";"443.0"
"63990.0";"443.0";"443.0"
"64000.0";"443.0";"443.0"
"64010.0";"443.0";"443.0"
"64020.0";"443.0";"443.0"
"64030.0";"443.0";"443.0"
"64040.0";"443.0";"443.0"
"64050.0";"443.0";"443.0"
"64060.0";"443.0";"443.0"
"64070.0";"443.0";"443.0"
"64080.0";"443.0";"443.0"
"64090.0";"443.0";"443.0"
"64100.0";"443.0";"443.0"
"64110.0";"443.0";"443.0"
"64120.0";"443.0";"443.0"
"64130.0";"443.0";"443.0"
"64140.0";"443.0";"443.0"
"64150.0";"443.0";"443.0"
"64160.0";"443.0";"443.0"
"64170.0";"443.0";"443.0"
"64180.0";"443.0";"443.0"
"64190.0";"443.0";"443.0"
"64200.0";"443.0";"443.0"
"64210.0";"443.0";"443.0"
"64220.0";"443.0";"443.0"
"64230.0";"443.0";"443.0"
"64240.0";"443.0";"443.0"
"64250.0";"443.0";"443.0"
"64260.0";"443.0";"443.0"
"64270.0";"443.0";"443.0"
"64280.0";"443.0";"443.0"
"64290.0";"443.0";"443.0"
"64300.0";"443.0";"443.0"
"64310.0";"443.0";"443.0"
"64320.0";"443.0";"443.0"
"64330.0";"443.0";"443.0"
"64340.0";"443.0";"443.0"
"64350.0";"443.0";"443.0"
"64360.0";"443.0";"443.0"
"64370.0";"443.0";"443.0"
"64380.0";"443.0";"443.0"
"64390.0";"443.0";"443.0"
"64400.0";"443.0";"443.0"
"64410.0";"443.0";"443.0"
"64420.0";"443.0";"443.0"
"64430.0";"443.0";"443.0"
"64440.0";"443.0";"443.0"
"64450.0";"443.0";"443.0"
"64460.0";"443.0";"443.0"
"64470.0";"443.0";"443.0"
"64480.0";"443.0";"443.0"
"64490.0";"443.0";"443.0"
"64500.0";"443.0";"443.0"
"64510.0";"443.0";"443.0"
"64520.0";"443.0";"443.0"
"64530.0";"443.0";"443.0"
"64540.0";"443.0";"443.0"
"64550.0";"443.0";"443.0"
"64560.0";"443.0";"443.0"
"64570.0";"443.0";"443.0"
"64580.0";"443.0";"443.0"
"64590.0";"443.0";"443.0"
"64600.0";"443.0";"443.0"
"64610.0";"443.0";"443.0"
"64620.0";"443.0";"443.0"
"64630.0";"443.0";"443.0"
"64640.0";"443.0";"443.0"
"64650.0";"443.0";"443.0"
"64660.0";"443.0";"443.0"
"64670.0";"443.0";"443.0"
"64680.0";"443.0";"443.0"
"64690.0";"443.0";"443.0"
"64700.0";"443.0";"443.0"
"64710.0";"443.0";"443.0"
"64720.0";"443.0";"443.0"
"64730.0";"443.0";"443.0"
"64740.0";"443.0";"443.0"
"64750.0";"443.0";"443.0"
"64760.0";"443.0";"443.0"
"64770.0";"443.0";"443.0"
"64780.0";"443.0";"443.0"
"64790.0";"443.0";"443.0"
"64800.0";"443.0";"443.0"
"64810.0";"443.0";"443.0"
"64820.0";"443.0";"443.0"
"64830.0";"443.0";"443.0"
"64840.0";"443.0";"443.0"
"64850.0";"443.0";"443.0"
"64860.0";"443.0";"443.0"
"64870.0";"443.0";"443.0"
"64880.0";"443.0";"443.0"
"64890.0";"443.0";"443.0"
"64900.0";"443.0";"443.0"
"64910.0";"443.0";"443.0"
"64920.0";"443.0";"443.0"
"64930.0";"443.0";"443.0"
"64940.0";"443.0";"443.0"
"64950.0";"443.0";"443.0"
"64960.0";"443.0";"443.0"
"64970.0";"443.0";"443.0"
"64980.0";"443.0";"443.0"
"64990.0";"443.0";"443.0"
"65000.0";"443.0";"443.0"
"65010.0";"443.0";"443.0"
"65020.0";"443.0";"443.0"
"65030.0";"443.0";"443.0"
"65040.0";"443.0";"443.0"
"65050.0";"443.0";"443.0"
"65060.0";"443.0";"443.0"
"65070.0";"443.0";"443.0"
"65080.0";"443.0";"443.0"
"65090.0";"443.0";"443.0"
"65100.0";"443.0";"443.0"
"65110.0";"443.0";"443.0"
"65120.0";"443.0";"443.0"
"65130.0";"443.0";"443.0"
"65140.0";"443.0";"443.0"
"65150.0";"443.0";"443.0"
"65160.0";"443.0";"443.0"
"65170.0";"443.0";"443.0"
"65180.0";"443.0";"443.0"
"65190.0";"443.0";"443.0"
"65200.0";"443.0";"443.0"
"65210.0";"443.0";"443.0"
"65220.0";"443.0";"443.0"
"65230.0";"443.0";"443.0"
"65240.0";"443.0";"443.0"
"65250.0";"443.0";"443.0"
"65260.0";"443.0";"443.0"
"65270.0";"443.0";"443.0"
"65280.0";"443.0";"443.0"
"65290.0";"443.0";"443.0"
"65300.0";"443.0";"443.0"
"65310.0";"443.0";"443.0"
"65320.0";"443.0";"443.0"
"65330.0";"443.0";"443.0"
"65340.0";"443.0";"443.0"
"65350.0";"443.0";"443.0"
"65360.0";"443.0";"443.0"
"65370.0";"443.0";"443.0"
"65380.0";"443.0";"443.0"
"65390.0";"443.0";"443.0"
"65400.0";"443.0";"443.0"
"65410.0";"443.0";"443.0"
"65420.0";"443.0";"443.0"
"65430.0";"443.0";"443.0"
"65440.0";"443.0";"443.0"
"65450.0";"443.0";"443.0"
"65460.0";"443.0";"443.0"
"65470.0";"443.0";"443.0"
"65480.0";"443.0";"443.0"
"65490.0";"443.0";"443.0"
"65500.0";"443.0";"443.0"
"65510.0";"443.0";"443.0"
"65520.0";"443.0";"443.0"
"65530.0";"443.0";"443.0"
"65540.0";"443.0";"443.0"
"65550.0";"443.0";"443.0"
"65560.0";"443.0";"443.0"
"65570.0";"443.0";"443.0"
"65580.0";"443.0";"443.0"
"65590.0";"443.0";"443.0"
"65600.0";"443.0";"443.0"
"65610.0";"443.0";"443.0"
"65620.0";"443.0";"443.0"
"65630.0";"443.0";"443.0"
"65640.0";"443.0";"443.0"
"65650.0";"443.0";"443.0"
"65660.0";"443.0";"443.0"
"65670.0";"443.0";"443.0"
"65680.0";"443.0";"443.0"
"65690.0";"443.0";"443.0"
"65700.0";"443.0";"443.0"
"65710.0";"443.0";"443.0"
"65720.0";"443.0";"443.0"
"65730.0";"443.0";"443.0"
"65740.0";"443.0";"443.0"
"65750.0";"443.0";"443.0"
"65760.0";"443.0";"443.0"
"65770.0";"443.0";"443.0"
"65780.0";"443.0";"443.0"
"65790.0";"443.0";"443.0"
"65800.0";"443.0";"443.0"
"65810.0";"443.0";"443.0"
"65820.0";"443.0";"443.0"
"65830.0";"443.0";"443.0"
"65840.0";"443.0";"443.0"
"65850.0";"443.0";"443.0"
"65860.0";"443.0";"443.0"
"65870.0";"443.0";"443.0"
"65880.0";"443.0";"443.0"
"65890.0";"443.0";"443.0"
"65900.0";"443.0";"443.0"
"65910.0";"443.0";"443.0"
"65920.0";"443.0";"443.0"
"65930.0";"443.0";"443.0"
"65940.0";"443.0";"443.0"
"65950.0";"443.0";"443.0"
"65960.0";"443.0";"443.0"
"65970.0";"443.0";"443.0"
"65980.0";"443.0";"443.0"
"65990.0";"443.0";"443.0"
"66000.0";"443.0";"443.0"
"66010.0";"443.0";"443.0"
"66020.0";"443.0";"443.0"
"66030.0";"443.0";"443.0"
"66040.0";"443.0";"443.0"
"66050.0";"443.0";"443.0"
"66060.0";"443.0";"443.0"
"66070.0";"443.0";"443.0"
"66080.0";"443.0";"443.0"
"66090.0";"443.0";"443.0"
"66100.0";"443.0";"443.0"
"66110.0";"443.0";"443.0"
"66120.0";"443.0";"443.0"
"66130.0";"443.0";"443.0"
"66140.0";"443.0";"443.0"
"66150.0";"443.0";"443.0"
"66160.0";"443.0";"443.0"
"66170.0";"443.0";"443.0"
"66180.0";"443.0";"443.0"
"66190.0";"443.0";"443.0"
"66200.0";"443.0";"443.0"
"66210.0";"443.0";"443.0"
"66220.0";"443.0";"443.0"
"66230.0";"443.0";"443.0"
"66240.0";"443.0";"443.0"
"66250.0";"443.0";"443.0"
"66260.0";"443.0";"443.0"
"66270.0";"443.0";"443.0"
"66280.0";"443.0";"443.0"
"66290.0";"443.0";"443.0"
"66300.0";"443.0";"443.0"
"66310.0";"443.0";"443.0"
"66320.0";"443.0";"443.0"
"66330.0";"443.0";"443.0"
"66340.0";"443.0";"443.0"
"66350.0";"443.0";"443.0"
"66360.0";"443.0";"443.0"
"66370.0";"443.0";"443.0"
"66380.0";"443.0";"443.0"
"66390.0";"443.0";"443.0"
"66400.0";"443.0";"443.0"
"66410.0";"443.0";"443.0"
"66420.0";"443.0";"443.0"
"66430.0";"443.0";"443.0"
"66440.0";"443.0";"443.0"
"66450.0";"443.0";"443.0"
"66460.0";"443.0";"443.0"
"66470.0";"443.0";"443.0"
"66480.0";"443.0";"443.0"
"66490.0";"443.0";"443.0"
"66500.0";"443.0";"443.0"
"66510.0";"443.0";"443.0"
"66520.0";"443.0";"443.0"
"66530.0";"443.0";"443.0"
"66540.0";"443.0";"443.0"
"66550.0";"443.0";"443.0"
"66560.0";"443.0";"443.0"
"66570.0";"443.0";"443.0"
"66580.0";"443.0";"443.0"
"66590.0";"443.0";"443.0"
"66600.0";"443.0";"443.0"
"66610.0";"443.0";"443.0"
"66620.0";"443.0";"443.0"
"66630.0";"443.0";"443.0"
"66640.0";"443.0";"443.0"
"66650.0";"443.0";"443.0"
"66660.0";"443.0";"443.0"
"66670.0";"443.0";"443.0"
"66680.0";"443.0";"443.0"
"66690.0";"443.0";"443.0"
"66700.0";"443.0";"443.0"
"66710.0";"443.0";"443.0"
"66720.0";"443.0";"443.0"
"66730.0";"443.0";"443.0"
"66740.0";"443.0";"443.0"
"66750.0";"443.0";"443.0"
"66760.0";"443.0";"443.0"
"66770.0";"443.0";"443.0"
"66780.0";"443.0";"443.0"
"66790.0";"443.0";"443.0"
"66800.0";"443.0";"443.0"
"66810.0";"443.0";"443.0"
"66820.0";"443.0";"443.0"
"66830.0";"443.0";"443.0"
"66840.0";"443.0";"443.0"
"66850.0";"443.0";"443.0"
"66860.0";"443.0";"443.0"
"66870.0";"443.0";"443.0"
"66880.0";"443.0";"443.0"
"66890.0";"443.0";"443.0"
"66900.0";"443.0";"443.0"
"66910.0";"443.0";"443.0"
"66920.0";"443.0";"443.0"
"66930.0";"443.0";"443.0"
"66940.0";"443.0";"443.0"
"66950.0";"443.0";"443.0"
"66960.0";"443.0";"443.0"
"66970.0";"443.0";"443.0"
"66980.0";"443.0";"443.0"
"66990.0";"443.0";"443.0"
"67000.0";"443.0";"443.0"
"67010.0";"443.0";"443.0"
"67020.0";"443.0";"443.0"
"67030.0";"443.0";"443.0"
"67040.0";"443.0";"443.0"
"67050.0";"443.0";"443.0"
"67060.0";"443.0";"443.0"
"67070.0";"443.0";"443.0"
"67080.0";"443.0";"443.0"
"67090.0";"443.0";"443.0"
"67100.0";"443.0";"443.0"
"67110.0";"443.0";"443.0"
"67120.0";"443.0";"443.0"
"67130.0";"443.0";"443.0"
"67140.0";"443.0";"443.0"
"67150.0";"443.0";"443.0"
"67160.0";"443.0";"443.0"
"67170.0";"443.0";"443.0"
"67180.0";"443.0";"443.0"
"67190.0";"443.0";"443.0"
"67200.0";"443.0";"443.0"
"67210.0";"443.0";"443.0"
"67220.0";"443.0";"443.0"
"67230.0";"443.0";"443.0"
"67240.0";"443.0";"443.0"
"67250.0";"443.0";"443.0"
"67260.0";"443.0";"443.0"
"67270.0";"443.0";"443.0"
"67280.0";"443.0";"443.0"
"67290.0";"443.0";"443.0"
"67300.0";"443.0";"443.0"
"67310.0";"443.0";"443.0"
"67320.0";"443.0";"443.0"
"67330.0";"443.0";"443.0"
"67340.0";"443.0";"443.0"
"67350.0";"443.0";"443.0"
"67360.0";"443.0";"443.0"
"67370.0";"443.0";"443.0"
"67380.0";"443.0";"443.0"
"67390.0";"443.0";"443.0"
"67400.0";"443.0";"443.0"
"67410.0";"443.0";"443.0"
"67420.0";"443.0";"443.0"
"67430.0";"443.0";"443.0"
"67440.0";"443.0";"443.0"
"67450.0";"443.0";"443.0"
"67460.0";"443.0";"443.0"
"67470.0";"443.0";"443.0"
"67480.0";"443.0";"443.0"
"67490.0";"443.0";"443.0"
"67500.0";"443.0";"443.0"
"67510.0";"443.0";"443.0"
"67520.0";"443.0";"443.0"
"67530.0";"443.0";"443.0"
"67540.0";"443.0";"443.0"
"67550.0";"443.0";"443.0"
"67560.0";"443.0";"443.0"
"67570.0";"443.0";"443.0"
"67580.0";"443.0";"443.0"
"67590.0";"443.0";"443.0"
"67600.0";"443.0";"443.0"
"67610.0";"443.0";"443.0"
"67620.0";"443.0";"443.0"
"67630.0";"443.0";"443.0"
"67640.0";"443.0";"443.0"
"67650.0";"443.0";"443.0"
"67660.0";"443.0";"443.0"
"67670.0";"443.0";"443.0"
"67680.0";"443.0";"443.0"
"67690.0";"443.0";"443.0"
"67700.0";"443.0";"443.0"
"67710.0";"443.0";"443.0"
"67720.0";"443.0";"443.0"
"67730.0";"443.0";"443.0"
"67740.0";"443.0";"443.0"
"67750.0";"443.0";"443.0"
"67760.0";"443.0";"443.0"
"67770.0";"443.0";"443.0"
"67780.0";"443.0";"443.0"
"67790.0";"443.0";"443.0"
"67800.0";"443.0";"443.0"
"67810.0";"443.0";"443.0"
"67820.0";"443.0";"443.0"
"67830.0";"443.0";"443.0"
"67840.0";"443.0";"443.0"
"67850.0";"443.0";"443.0"
"67860.0";"443.0";"443.0"
"67870.0";"443.0";"443.0"
"67880.0";"443.0";"443.0"
"67890.0";"443.0";"443.0"
"67900.0";"443.0";"443.0"
"67910.0";"443.0";"443.0"
"67920.0";"443.0";"443.0"
"67930.0";"443.0";"443.0"
"67940.0";"443.0";"443.0"
"67950.0";"443.0";"443.0"
"67960.0";"443.0";"443.0"
"67970.0";"443.0";"443.0"
"67980.0";"443.0";"443.0"
"67990.0";"443.0";"443.0"
"68000.0";"443.0";"443.0"
"68010.0";"443.0";"443.0"
"68020.0";"443.0";"443.0"
"68030.0";"443.0";"443.0"
"68040.0";"443.0";"443.0"
"68050.0";"443.0";"443.0"
"68060.0";"443.0";"443.0"
"68070.0";"443.0";"443.0"
"68080.0";"443.0";"443.0"
"68090.0";"443.0";"443.0"
"68100.0";"443.0";"443.0"
"68110.0";"443.0";"443.0"
"68120.0";"443.0";"443.0"
"68130.0";"443.0";"443.0"
"68140.0";"443.0";"443.0"
"68150.0";"443.0";"443.0"
"68160.0";"443.0";"443.0"
"68170.0";"443.0";"443.0"
"68180.0";"443.0";"443.0"
"68190.0";"443.0";"443.0"
"68200.0";"443.0";"443.0"
"68210.0";"443.0";"443.0"
"68220.0";"443.0";"443.0"
"68230.0";"443.0";"443.0"
"68240.0";"443.0";"443.0"
"68250.0";"443.0";"443.0"
"68260.0";"443.0";"443.0"
"68270.0";"443.0";"443.0"
"68280.0";"443.0";"443.0"
"68290.0";"443.0";"443.0"
"68300.0";"443.0";"443.0"
"68310.0";"443.0";"443.0"
"68320.0";"443.0";"443.0"
"68330.0";"443.0";"443.0"
"68340.0";"443.0";"443.0"
"68350.0";"443.0";"443.0"
"68360.0";"443.0";"443.0"
"68370.0";"443.0";"443.0"
"68380.0";"443.0";"443.0"
"68390.0";"443.0";"443.0"
"68400.0";"443.0";"443.0"
"68410.0";"443.0";"443.0"
"68420.0";"443.0";"443.0"
"68430.0";"443.0";"443.0"
"68440.0";"443.0";"443.0"
"68450.0";"443.0";"443.0"
"68460.0";"443.0";"443.0"
"68470.0";"443.0";"443.0"
"68480.0";"443.0";"443.0"
"68490.0";"443.0";"443.0"
"68500.0";"443.0";"443.0"
"68510.0";"443.0";"443.0"
"68520.0";"443.0";"443.0"
"68530.0";"443.0";"443.0"
"68540.0";"443.0";"443.0"
"68550.0";"443.0";"443.0"
"68560.0";"443.0";"443.0"
"68570.0";"443.0";"443.0"
"68580.0";"443.0";"443.0"
"68590.0";"443.0";"443.0"
"68600.0";"443.0";"443.0"
"68610.0";"443.0";"443.0"
"68620.0";"443.0";"443.0"
"68630.0";"443.0";"443.0"
"68640.0";"443.0";"443.0"
"68650.0";"443.0";"443.0"
"68660.0";"443.0";"443.0"
"68670.0";"443.0";"443.0"
"68680.0";"443.0";"443.0"
"68690.0";"443.0";"443.0"
"68700.0";"443.0";"443.0"
"68710.0";"443.0";"443.0"
"68720.0";"443.0";"443.0"
"68730.0";"443.0";"443.0"
"68740.0";"443.0";"443.0"
"68750.0";"443.0";"443.0"
"68760.0";"443.0";"443.0"
"68770.0";"443.0";"443.0"
"68780.0";"443.0";"443.0"
"68790.0";"443.0";"443.0"
"68800.0";"443.0";"443.0"
"68810.0";"443.0";"443.0"
"68820.0";"443.0";"443.0"
"68830.0";"443.0";"443.0"
"68840.0";"443.0";"443.0"
"68850.0";"443.0";"443.0"
"68860.0";"443.0";"443.0"
"68870.0";"443.0";"443.0"
"68880.0";"443.0";"443.0"
"68890.0";"443.0";"443.0"
"68900.0";"443.0";"443.0"
"68910.0";"443.0";"443.0"
"68920.0";"443.0";"443.0"
"68930.0";"443.0";"443.0"
"68940.0";"443.0";"443.0"
"68950.0";"443.0";"443.0"
"68960.0";"443.0";"443.0"
"68970.0";"443.0";"443.0"
"68980.0";"443.0";"443.0"
"68990.0";"443.0";"443.0"
"69000.0";"443.0";"443.0"
"69010.0";"443.0";"443.0"
"69020.0";"443.0";"443.0"
"69030.0";"443.0";"443.0"
"69040.0";"443.0";"443.0"
"69050.0";"443.0";"443.0"
"69060.0";"443.0";"443.0"
"69070.0";"443.0";"443.0"
"69080.0";"443.0";"443.0"
"69090.0";"443.0";"443.0"
"69100.0";"443.0";"443.0"
"69110.0";"443.0";"443.0"
"69120.0";"443.0";"443.0"
"69130.0";"443.0";"443.0"
"69140.0";"443.0";"443.0"
"69150.0";"443.0";"443.0"
"69160.0";"443.0";"443.0"
"69170.0";"443.0";"443.0"
"69180.0";"443.0";"443.0"
"69190.0";"443.0";"443.0"
"69200.0";"443.0";"443.0"
"69210.0";"443.0";"443.0"
"69220.0";"443.0";"443.0"
"69230.0";"443.0";"443.0"
"69240.0";"443.0";"443.0"
"69250.0";"443.0";"443.0"
"69260.0";"443.0";"443.0"
"69270.0";"443.0";"443.0"
"69280.0";"443.0";"443.0"
"69290.0";"443.0";"443.0"
"69300.0";"443.0";"443.0"
"69310.0";"443.0";"443.0"
"69320.0";"443.0";"443.0"
"69330.0";"443.0";"443.0"
"69340.0";"443.0";"443.0"
"69350.0";"443.0";"443.0"
"69360.0";"443.0";"443.0"
"69370.0";"443.0";"443.0"
"69380.0";"443.0";"443.0"
"69390.0";"443.0";"443.0"
"69400.0";"443.0";"443.0"
"69410.0";"443.0";"443.0"
"69420.0";"443.0";"443.0"
"69430.0";"443.0";"443.0"
"69440.0";"443.0";"443.0"
"69450.0";"443.0";"443.0"
"69460.0";"443.0";"443.0"
"69470.0";"443.0";"443.0"
"69480.0";"443.0";"443.0"
"69490.0";"443.0";"443.0"
"69500.0";"443.0";"443.0"
"69510.0";"443.0";"443.0"
"69520.0";"443.0";"443.0"
"69530.0";"443.0";"443.0"
"69540.0";"443.0";"443.0"
"69550.0";"443.0";"443.0"
"69560.0";"443.0";"443.0"
"69570.0";"443.0";"443.0"
"69580.0";"443.0";"443.0"
"69590.0";"443.0";"443.0"
"69600.0";"443.0";"443.0"
"69610.0";"443.0";"443.0"
"69620.0";"443.0";"443.0"
"69630.0";"443.0";"443.0"
"69640.0";"443.0";"443.0"
"69650.0";"443.0";"443.0"
"69660.0";"443.0";"443.0"
"69670.0";"443.0";"443.0"
"69680.0";"443.0";"443.0"
"69690.0";"443.0";"443.0"
"69700.0";"443.0";"443.0"
"69710.0";"443.0";"443.0"
"69720.0";"443.0";"443.0"
"69730.0";"443.0";"443.0"
"69740.0";"443.0";"443.0"
"69750.0";"443.0";"443.0"
"69760.0";"443.0";"443.0"
"69770.0";"443.0";"443.0"
"69780.0";"443.0";"443.0"
"69790.0";"443.0";"443.0"
"69800.0";"443.0";"443.0"
"69810.0";"443.0";"443.0"
"69820.0";"443.0";"443.0"
"69830.0";"443.0";"443.0"
"69840.0";"443.0";"443.0"
"69850.0";"443.0";"443.0"
"69860.0";"443.0";"443.0"
"69870.0";"443.0";"443.0"
"69880.0";"443.0";"443.0"
"69890.0";"443.0";"443.0"
"69900.0";"443.0";"443.0"
"69910.0";"443.0";"443.0"
"69920.0";"443.0";"443.0"
"69930.0";"443.0";"443.0"
"69940.0";"443.0";"443.0"
"69950.0";"443.0";"443.0"
"69960.0";"443.0";"443.0"
"69970.0";"443.0";"443.0"
"69980.0";"443.0";"443.0"
"69990.0";"443.0";"443.0"
"70000.0";"443.0";"443.0"
"70010.0";"443.0";"443.0"
"70020.0";"443.0";"443.0"
"70030.0";"443.0";"443.0"
"70040.0";"443.0";"443.0"
"70050.0";"443.0";"443.0"
"70060.0";"443.0";"443.0"
"70070.0";"443.0";"443.0"
"70080.0";"443.0";"443.0"
"70090.0";"443.0";"443.0"
"70100.0";"443.0";"443.0"
"70110.0";"443.0";"443.0"
"70120.0";"443.0";"443.0"
"70130.0";"443.0";"443.0"
"70140.0";"443.0";"443.0"
"70150.0";"443.0";"443.0"
"70160.0";"443.0";"443.0"
"70170.0";"443.0";"443.0"
"70180.0";"443.0";"443.0"
"70190.0";"443.0";"443.0"
"70200.0";"443.0";"443.0"
"70210.0";"443.0";"443.0"
"70220.0";"443.0";"443.0"
"70230.0";"443.0";"443.0"
"70240.0";"443.0";"443.0"
"70250.0";"443.0";"443.0"
"70260.0";"443.0";"443.0"
"70270.0";"443.0";"443.0"
"70280.0";"443.0";"443.0"
"70290.0";"443.0";"443.0"
"70300.0";"443.0";"443.0"
"70310.0";"443.0";"443.0"
"70320.0";"443.0";"443.0"
"70330.0";"443.0";"443.0"
"70340.0";"443.0";"443.0"
"70350.0";"443.0";"443.0"
"70360.0";"443.0";"443.0"
"70370.0";"443.0";"443.0"
"70380.0";"443.0";"443.0"
"70390.0";"443.0";"443.0"
"70400.0";"443.0";"443.0"
"70410.0";"443.0";"443.0"
"70420.0";"443.0";"443.0"
"70430.0";"443.0";"443.0"
"70440.0";"443.0";"443.0"
"70450.0";"443.0";"443.0"
"70460.0";"443.0";"443.0"
"70470.0";"443.0";"443.0"
"70480.0";"443.0";"443.0"
"70490.0";"443.0";"443.0"
"70500.0";"443.0";"443.0"
"70510.0";"443.0";"443.0"
"70520.0";"443.0";"443.0"
"70530.0";"443.0";"443.0"
"70540.0";"443.0";"443.0"
"70550.0";"443.0";"443.0"
"70560.0";"443.0";"443.0"
"70570.0";"443.0";"443.0"
"70580.0";"443.0";"443.0"
"70590.0";"443.0";"443.0"
"70600.0";"443.0";"443.0"
"70610.0";"443.0";"443.0"
"70620.0";"443.0";"443.0"
"70630.0";"443.0";"443.0"
"70640.0";"443.0";"443.0"
"70650.0";"443.0";"443.0"
"70660.0";"443.0";"443.0"
"70670.0";"443.0";"443.0"
"70680.0";"443.0";"443.0"
"70690.0";"443.0";"443.0"
"70700.0";"443.0";"443.0"
"70710.0";"443.0";"443.0"
"70720.0";"443.0";"443.0"
"70730.0";"443.0";"443.0"
"70740.0";"443.0";"443.0"
"70750.0";"443.0";"443.0"
"70760.0";"443.0";"443.0"
"70770.0";"443.0";"443.0"
"70780.0";"443.0";"443.0"
"70790.0";"443.0";"443.0"
"70800.0";"443.0";"443.0"
"70810.0";"443.0";"443.0"
"70820.0";"443.0";"443.0"
"70830.0";"443.0";"443.0"
"70840.0";"443.0";"443.0"
"70850.0";"443.0";"443.0"
"70860.0";"443.0";"443.0"
"70870.0";"443.0";"443.0"
"70880.0";"443.0";"443.0"
"70890.0";"443.0";"443.0"
"70900.0";"443.0";"443.0"
"70910.0";"443.0";"443.0"
"70920.0";"443.0";"443.0"
"70930.0";"443.0";"443.0"
"70940.0";"443.0";"443.0"
"70950.0";"443.0";"443.0"
"70960.0";"443.0";"443.0"
"70970.0";"443.0";"443.0"
"70980.0";"443.0";"443.0"
"70990.0";"443.0";"443.0"
"71000.0";"443.0";"443.0"
"71010.0";"443.0";"443.0"
"71020.0";"443.0";"443.0"
"71030.0";"443.0";"443.0"
"71040.0";"443.0";"443.0"
"71050.0";"443.0";"443.0"
"71060.0";"443.0";"443.0"
"71070.0";"443.0";"443.0"
"71080.0";"443.0";"443.0"
"71090.0";"443.0";"443.0"
"71100.0";"443.0";"443.0"
"71110.0";"443.0";"443.0"
"71120.0";"443.0";"443.0"
"71130.0";"443.0";"443.0"
"71140.0";"443.0";"443.0"
"71150.0";"443.0";"443.0"
"71160.0";"443.0";"443.0"
"71170.0";"443.0";"443.0"
"71180.0";"443.0";"443.0"
"71190.0";"443.0";"443.0"
"71200.0";"443.0";"443.0"
"71210.0";"443.0";"443.0"
"71220.0";"443.0";"443.0"
"71230.0";"443.0";"443.0"
"71240.0";"443.0";"443.0"
"71250.0";"443.0";"443.0"
"71260.0";"443.0";"443.0"
"71270.0";"443.0";"443.0"
"71280.0";"443.0";"443.0"
"71290.0";"443.0";"443.0"
"71300.0";"443.0";"443.0"
"71310.0";"443.0";"443.0"
"71320.0";"443.0";"443.0"
"71330.0";"443.0";"443.0"
"71340.0";"443.0";"443.0"
"71350.0";"443.0";"443.0"
"71360.0";"443.0";"443.0"
"71370.0";"443.0";"443.0"
"71380.0";"443.0";"443.0"
"71390.0";"443.0";"443.0"
"71400.0";"443.0";"443.0"
"71410.0";"443.0";"443.0"
"71420.0";"443.0";"443.0"
"71430.0";"443.0";"443.0"
"71440.0";"443.0";"443.0"
"71450.0";"443.0";"443.0"
"71460.0";"443.0";"443.0"
"71470.0";"443.0";"443.0"
"71480.0";"443.0";"443.0"
"71490.0";"443.0";"443.0"
"71500.0";"443.0";"443.0"
"71510.0";"443.0";"443.0"
"71520.0";"443.0";"443.0"
"71530.0";"443.0";"443.0"
"71540.0";"443.0";"443.0"
"71550.0";"443.0";"443.0"
"71560.0";"443.0";"443.0"
"71570.0";"443.0";"443.0"
"71580.0";"443.0";"443.0"
"71590.0";"443.0";"443.0"
"71600.0";"443.0";"443.0"
"71610.0";"443.0";"443.0"
"71620.0";"443.0";"443.0"
"71630.0";"443.0";"443.0"
"71640.0";"443.0";"443.0"
"71650.0";"443.0";"443.0"
"71660.0";"443.0";"443.0"
"71670.0";"443.0";"443.0"
"71680.0";"443.0";"443.0"
"71690.0";"443.0";"443.0"
"71700.0";"443.0";"443.0"
"71710.0";"443.0";"443.0"
"71720.0";"443.0";"443.0"
"71730.0";"443.0";"443.0"
"71740.0";"443.0";"443.0"
"71750.0";"443.0";"443.0"
"71760.0";"443.0";"443.0"
"71770.0";"443.0";"443.0"
"71780.0";"443.0";"443.0"
"71790.0";"443.0";"443.0"
"71800.0";"443.0";"443.0"
"71810.0";"443.0";"443.0"
"71820.0";"443.0";"443.0"
"71830.0";"443.0";"443.0"
"71840.0";"443.0";"443.0"
"71850.0";"443.0";"443.0"
"71860.0";"443.0";"443.0"
"71870.0";"443.0";"443.0"
"71880.0";"443.0";"443.0"
"71890.0";"443.0";"443.0"
"71900.0";"443.0";"443.0"
"71910.0";"443.0";"443.0"
"71920.0";"443.0";"443.0"
"71930.0";"443.0";"443.0"
"71940.0";"443.0";"443.0"
"71950.0";"443.0";"443.0"
"71960.0";"443.0";"443.0"
"71970.0";"443.0";"443.0"
"71980.0";"443.0";"443.0"
"71990.0";"443.0";"443.0"
"72000.0";"443.0";"443.0"
"72010.0";"443.0";"443.0"
"72020.0";"443.0";"443.0"
"72030.0";"443.0";"443.0"
"72040.0";"443.0";"443.0"
"72050.0";"443.0";"443.0"
"72060.0";"443.0";"443.0"
"72070.0";"443.0";"443.0"
"72080.0";"443.0";"443.0"
"72090.0";"443.0";"443.0"
"72100.0";"443.0";"443.0"
"72110.0";"443.0";"443.0"
"72120.0";"443.0";"443.0"
"72130.0";"443.0";"443.0"
"72140.0";"443.0";"443.0"
"72150.0";"443.0";"443.0"
"72160.0";"443.0";"443.0"
"72170.0";"443.0";"443.0"
"72180.0";"443.0";"443.0"
"72190.0";"443.0";"443.0"
"72200.0";"443.0";"443.0"
"72210.0";"443.0";"443.0"
"72220.0";"443.0";"443.0"
"72230.0";"443.0";"443.0"
"72240.0";"443.0";"443.0"
"72250.0";"443.0";"443.0"
"72260.0";"443.0";"443.0"
"72270.0";"443.0";"443.0"
"72280.0";"443.0";"443.0"
"72290.0";"443.0";"443.0"
"72300.0";"443.0";"443.0"
"72310.0";"443.0";"443.0"
"72320.0";"443.0";"443.0"
"72330.0";"443.0";"443.0"
"72340.0";"443.0";"443.0"
"72350.0";"443.0";"443.0"
"72360.0";"443.0";"443.0"
"72370.0";"443.0";"443.0"
"72380.0";"443.0";"443.0"
"72390.0";"443.0";"443.0"
"72400.0";"443.0";"443.0"
"72410.0";"443.0";"443.0"
"72420.0";"443.0";"443.0"
"72430.0";"443.0";"443.0"
"72440.0";"443.0";"443.0"
"72450.0";"443.0";"443.0"
"72460.0";"443.0";"443.0"
"72470.0";"443.0";"443.0"
"72480.0";"443.0";"443.0"
"72490.0";"443.0";"443.0"
"72500.0";"443.0";"443.0"
"72510.0";"443.0";"443.0"
"72520.0";"443.0";"443.0"
"72530.0";"443.0";"443.0"
"72540.0";"443.0";"443.0"
"72550.0";"443.0";"443.0"
"72560.0";"443.0";"443.0"
"72570.0";"443.0";"443.0"
"72580.0";"443.0";"443.0"
"72590.0";"443.0";"443.0"
"72600.0";"443.0";"443.0"
"72610.0";"443.0";"443.0"
"72620.0";"443.0";"443.0"
"72630.0";"443.0";"443.0"
"72640.0";"443.0";"443.0"
"72650.0";"443.0";"443.0"
"72660.0";"443.0";"443.0"
"72670.0";"443.0";"443.0"
"72680.0";"443.0";"443.0"
"72690.0";"443.0";"443.0"
"72700.0";"443.0";"443.0"
"72710.0";"443.0";"443.0"
"72720.0";"443.0";"443.0"
"72730.0";"443.0";"443.0"
"72740.0";"443.0";"443.0"
"72750.0";"443.0";"443.0"
"72760.0";"443.0";"443.0"
"72770.0";"443.0";"443.0"
"72780.0";"443.0";"443.0"
"72790.0";"443.0";"443.0"
"72800.0";"443.0";"443.0"
"72810.0";"443.0";"443.0"
"72820.0";"443.0";"443.0"
"72830.0";"443.0";"443.0"
"72840.0";"443.0";"443.0"
"72850.0";"443.0";"443.0"
"72860.0";"443.0";"443.0"
"72870.0";"443.0";"443.0"
"72880.0";"443.0";"443.0"
"72890.0";"443.0";"443.0"
"72900.0";"443.0";"443.0"
"72910.0";"443.0";"443.0"
"72920.0";"443.0";"443.0"
"72930.0";"443.0";"443.0"
"72940.0";"443.0";"443.0"
"72950.0";"443.0";"443.0"
"72960.0";"443.0";"443.0"
"72970.0";"443.0";"443.0"
"72980.0";"443.0";"443.0"
"72990.0";"443.0";"443.0"
"73000.0";"443.0";"443.0"
"73010.0";"443.0";"443.0"
"73020.0";"443.0";"443.0"
"73030.0";"443.0";"443.0"
"73040.0";"443.0";"443.0"
"73050.0";"443.0";"443.0"
"73060.0";"443.0";"443.0"
"73070.0";"443.0";"443.0"
"73080.0";"443.0";"443.0"
"73090.0";"443.0";"443.0"
"73100.0";"443.0";"443.0"
"73110.0";"443.0";"443.0"
"73120.0";"443.0";"443.0"
"73130.0";"443.0";"443.0"
"73140.0";"443.0";"443.0"
"73150.0";"443.0";"443.0"
"73160.0";"443.0";"443.0"
"73170.0";"443.0";"443.0"
"73180.0";"443.0";"443.0"
"73190.0";"443.0";"443.0"
"73200.0";"443.0";"443.0"
"73210.0";"443.0";"443.0"
"73220.0";"443.0";"443.0"
"73230.0";"443.0";"443.0"
"73240.0";"443.0";"443.0"
"73250.0";"443.0";"443.0"
"73260.0";"443.0";"443.0"
"73270.0";"443.0";"443.0"
"73280.0";"443.0";"443.0"
"73290.0";"443.0";"443.0"
"73300.0";"443.0";"443.0"
"73310.0";"443.0";"443.0"
"73320.0";"443.0";"443.0"
"73330.0";"443.0";"443.0"
"73340.0";"443.0";"443.0"
"73350.0";"443.0";"443.0"
"73360.0";"443.0";"443.0"
"73370.0";"443.0";"443.0"
"73380.0";"443.0";"443.0"
"73390.0";"443.0";"443.0"
"73400.0";"443.0";"443.0"
"73410.0";"443.0";"443.0"
"73420.0";"443.0";"443.0"
"73430.0";"443.0";"443.0"
"73440.0";"443.0";"443.0"
"73450.0";"443.0";"443.0"
"73460.0";"443.0";"443.0"
"73470.0";"443.0";"443.0"
"73480.0";"443.0";"443.0"
"73490.0";"443.0";"443.0"
"73500.0";"443.0";"443.0"
"73510.0";"443.0";"443.0"
"73520.0";"443.0";"443.0"
"73530.0";"443.0";"443.0"
"73540.0";"443.0";"443.0"
"73550.0";"443.0";"443.0"
"73560.0";"443.0";"443.0"
"73570.0";"443.0";"443.0"
"73580.0";"443.0";"443.0"
"73590.0";"443.0";"443.0"
"73600.0";"443.0";"443.0"
"73610.0";"443.0";"443.0"
"73620.0";"443.0";"443.0"
"73630.0";"443.0";"443.0"
"73640.0";"443.0";"443.0"
"73650.0";"443.0";"443.0"
"73660.0";"443.0";"443.0"
"73670.0";"443.0";"443.0"
"73680.0";"443.0";"443.0"
"73690.0";"443.0";"443.0"
"73700.0";"443.0";"443.0"
"73710.0";"443.0";"443.0"
"73720.0";"443.0";"443.0"
"73730.0";"443.0";"443.0"
"73740.0";"443.0";"443.0"
"73750.0";"443.0";"443.0"
"73760.0";"443.0";"443.0"
"73770.0";"443.0";"443.0"
"73780.0";"443.0";"443.0"
"73790.0";"443.0";"443.0"
"73800.0";"443.0";"443.0"
"73810.0";"443.0";"443.0"
"73820.0";"443.0";"443.0"
"73830.0";"443.0";"443.0"
"73840.0";"443.0";"443.0"
"73850.0";"443.0";"443.0"
"73860.0";"443.0";"443.0"
"73870.0";"443.0";"443.0"
"73880.0";"443.0";"443.0"
"73890.0";"443.0";"443.0"
"73900.0";"443.0";"443.0"
"73910.0";"443.0";"443.0"
"73920.0";"443.0";"443.0"
"73930.0";"443.0";"443.0"
"73940.0";"443.0";"443.0"
"73950.0";"443.0";"443.0"
"73960.0";"443.0";"443.0"
"73970.0";"443.0";"443.0"
"73980.0";"443.0";"443.0"
"73990.0";"443.0";"443.0"
"74000.0";"443.0";"443.0"
"74010.0";"443.0";"443.0"
"74020.0";"443.0";"443.0"
"74030.0";"443.0";"443.0"
"74040.0";"443.0";"443.0"
"74050.0";"443.0";"443.0"
"74060.0";"443.0";"443.0"
"74070.0";"443.0";"443.0"
"74080.0";"443.0";"443.0"
"74090.0";"443.0";"443.0"
"74100.0";"443.0";"443.0"
"74110.0";"443.0";"443.0"
"74120.0";"443.0";"443.0"
"74130.0";"443.0";"443.0"
"74140.0";"443.0";"443.0"
"74150.0";"443.0";"443.0"
"74160.0";"443.0";"443.0"
"74170.0";"443.0";"443.0"
"74180.0";"443.0";"443.0"
"74190.0";"443.0";"443.0"
"74200.0";"443.0";"443.0"
"74210.0";"443.0";"443.0"
"74220.0";"443.0";"443.0"
"74230.0";"443.0";"443.0"
"74240.0";"443.0";"443.0"
"74250.0";"443.0";"443.0"
"74260.0";"443.0";"443.0"
"74270.0";"443.0";"443.0"
"74280.0";"443.0";"443.0"
"74290.0";"443.0";"443.0"
"74300.0";"443.0";"443.0"
"74310.0";"443.0";"443.0"
"74320.0";"443.0";"443.0"
"74330.0";"443.0";"443.0"
"74340.0";"443.0";"443.0"
"74350.0";"443.0";"443.0"
"74360.0";"443.0";"443.0"
"74370.0";"443.0";"443.0"
"74380.0";"443.0";"443.0"
"74390.0";"443.0";"443.0"
"74400.0";"443.0";"443.0"
"74410.0";"443.0";"443.0"
"74420.0";"443.0";"443.0"
"74430.0";"443.0";"443.0"
"74440.0";"443.0";"443.0"
"74450.0";"443.0";"443.0"
"74460.0";"443.0";"443.0"
"74470.0";"443.0";"443.0"
"74480.0";"443.0";"443.0"
"74490.0";"443.0";"443.0"
"74500.0";"443.0";"443.0"
"74510.0";"443.0";"443.0"
"74520.0";"443.0";"443.0"
"74530.0";"443.0";"443.0"
"74540.0";"443.0";"443.0"
"74550.0";"443.0";"443.0"
"74560.0";"443.0";"443.0"
"74570.0";"443.0";"443.0"
"74580.0";"443.0";"443.0"
"74590.0";"443.0";"443.0"
"74600.0";"443.0";"443.0"
"74610.0";"443.0";"443.0"
"74620.0";"443.0";"443.0"
"74630.0";"443.0";"443.0"
"74640.0";"443.0";"443.0"
"74650.0";"443.0";"443.0"
"74660.0";"443.0";"443.0"
"74670.0";"443.0";"443.0"
"74680.0";"443.0";"443.0"
"74690.0";"443.0";"443.0"
"74700.0";"443.0";"443.0"
"74710.0";"443.0";"443.0"
"74720.0";"443.0";"443.0"
"74730.0";"443.0";"443.0"
"74740.0";"443.0";"443.0"
"74750.0";"443.0";"443.0"
"74760.0";"443.0";"443.0"
"74770.0";"443.0";"443.0"
"74780.0";"443.0";"443.0"
"74790.0";"443.0";"443.0"
"74800.0";"443.0";"443.0"
"74810.0";"443.0";"443.0"
"74820.0";"443.0";"443.0"
"74830.0";"443.0";"443.0"
"74840.0";"443.0";"443.0"
"74850.0";"443.0";"443.0"
"74860.0";"443.0";"443.0"
"74870.0";"443.0";"443.0"
"74880.0";"443.0";"443.0"
"74890.0";"443.0";"443.0"
"74900.0";"443.0";"443.0"
"74910.0";"443.0";"443.0"
"74920.0";"443.0";"443.0"
"74930.0";"443.0";"443.0"
"74940.0";"443.0";"443.0"
"74950.0";"443.0";"443.0"
"74960.0";"443.0";"443.0"
"74970.0";"443.0";"443.0"
"74980.0";"443.0";"443.0"
"74990.0";"443.0";"443.0"
"75000.0";"443.0";"443.0"
"75010.0";"443.0";"443.0"
"75020.0";"443.0";"443.0"
"75030.0";"443.0";"443.0"
"75040.0";"443.0";"443.0"
"75050.0";"443.0";"443.0"
"75060.0";"443.0";"443.0"
"75070.0";"443.0";"443.0"
"75080.0";"443.0";"443.0"
"75090.0";"443.0";"443.0"
"75100.0";"443.0";"443.0"
"75110.0";"443.0";"443.0"
"75120.0";"443.0";"443.0"
"75130.0";"443.0";"443.0"
"75140.0";"443.0";"443.0"
"75150.0";"443.0";"443.0"
"75160.0";"443.0";"443.0"
"75170.0";"443.0";"443.0"
"75180.0";"443.0";"443.0"
"75190.0";"443.0";"443.0"
"75200.0";"443.0";"443.0"
"75210.0";"443.0";"443.0"
"75220.0";"443.0";"443.0"
"75230.0";"443.0";"443.0"
"75240.0";"443.0";"443.0"
"75250.0";"443.0";"443.0"
"75260.0";"443.0";"443.0"
"75270.0";"443.0";"443.0"
"75280.0";"443.0";"443.0"
"75290.0";"443.0";"443.0"
"75300.0";"443.0";"443.0"
"75310.0";"443.0";"443.0"
"75320.0";"443.0";"443.0"
"75330.0";"443.0";"443.0"
"75340.0";"443.0";"443.0"
"75350.0";"443.0";"443.0"
"75360.0";"443.0";"443.0"
"75370.0";"443.0";"443.0"
"75380.0";"443.0";"443.0"
"75390.0";"443.0";"443.0"
"75400.0";"443.0";"443.0"
"75410.0";"443.0";"443.0"
"75420.0";"443.0";"443.0"
"75430.0";"443.0";"443.0"
"75440.0";"443.0";"443.0"
"75450.0";"443.0";"443.0"
"75460.0";"443.0";"443.0"
"75470.0";"443.0";"443.0"
"75480.0";"443.0";"443.0"
"75490.0";"443.0";"443.0"
"75500.0";"443.0";"443.0"
"75510.0";"443.0";"443.0"
"75520.0";"443.0";"443.0"
"75530.0";"443.0";"443.0"
"75540.0";"443.0";"443.0"
"75550.0";"443.0";"443.0"
"75560.0";"443.0";"443.0"
"75570.0";"443.0";"443.0"
"75580.0";"443.0";"443.0"
"75590.0";"443.0";"443.0"
"75600.0";"443.0";"443.0"
"75610.0";"443.0";"443.0"
"75620.0";"443.0";"443.0"
"75630.0";"443.0";"443.0"
"75640.0";"443.0";"443.0"
"75650.0";"443.0";"443.0"
"75660.0";"443.0";"443.0"
"75670.0";"443.0";"443.0"
"75680.0";"443.0";"443.0"
"75690.0";"443.0";"443.0"
"75700.0";"443.0";"443.0"
"75710.0";"443.0";"443.0"
"75720.0";"443.0";"443.0"
"75730.0";"443.0";"443.0"
"75740.0";"443.0";"443.0"
"75750.0";"443.0";"443.0"
"75760.0";"443.0";"443.0"
"75770.0";"443.0";"443.0"
"75780.0";"443.0";"443.0"
"75790.0";"443.0";"443.0"
"75800.0";"443.0";"443.0"
"75810.0";"443.0";"443.0"
"75820.0";"443.0";"443.0"
"75830.0";"443.0";"443.0"
"75840.0";"443.0";"443.0"
"75850.0";"443.0";"443.0"
"75860.0";"443.0";"443.0"
"75870.0";"443.0";"443.0"
"75880.0";"443.0";"443.0"
"75890.0";"443.0";"443.0"
"75900.0";"443.0";"443.0"
"75910.0";"443.0";"443.0"
"75920.0";"443.0";"443.0"
"75930.0";"443.0";"443.0"
"75940.0";"443.0";"443.0"
"75950.0";"443.0";"443.0"
"75960.0";"443.0";"443.0"
"75970.0";"443.0";"443.0"
"75980.0";"443.0";"443.0"
"75990.0";"443.0";"443.0"
"76000.0";"443.0";"443.0"
"76010.0";"443.0";"443.0"
"76020.0";"443.0";"443.0"
"76030.0";"443.0";"443.0"
"76040.0";"443.0";"443.0"
"76050.0";"443.0";"443.0"
"76060.0";"443.0";"443.0"
"76070.0";"443.0";"443.0"
"76080.0";"443.0";"443.0"
"76090.0";"443.0";"443.0"
"76100.0";"443.0";"443.0"
"76110.0";"443.0";"443.0"
"76120.0";"443.0";"443.0"
"76130.0";"443.0";"443.0"
"76140.0";"443.0";"443.0"
"76150.0";"443.0";"443.0"
"76160.0";"443.0";"443.0"
"76170.0";"443.0";"443.0"
"76180.0";"443.0";"443.0"
"76190.0";"443.0";"443.0"
"76200.0";"443.0";"443.0"
"76210.0";"443.0";"443.0"
"76220.0";"443.0";"443.0"
"76230.0";"443.0";"443.0"
"76240.0";"443.0";"443.0"
"76250.0";"443.0";"443.0"
"76260.0";"443.0";"443.0"
"76270.0";"443.0";"443.0"
"76280.0";"443.0";"443.0"
"76290.0";"443.0";"443.0"
"76300.0";"443.0";"443.0"
"76310.0";"443.0";"443.0"
"76320.0";"443.0";"443.0"
"76330.0";"443.0";"443.0"
"76340.0";"443.0";"443.0"
"76350.0";"443.0";"443.0"
"76360.0";"443.0";"443.0"
"76370.0";"443.0";"443.0"
"76380.0";"443.0";"443.0"
"76390.0";"443.0";"443.0"
"76400.0";"443.0";"443.0"
"76410.0";"443.0";"443.0"
"76420.0";"443.0";"443.0"
"76430.0";"443.0";"443.0"
"76440.0";"443.0";"443.0"
"76450.0";"443.0";"443.0"
"76460.0";"443.0";"443.0"
"76470.0";"443.0";"443.0"
"76480.0";"443.0";"443.0"
"76490.0";"443.0";"443.0"
"76500.0";"443.0";"443.0"
"76510.0";"443.0";"443.0"
"76520.0";"443.0";"443.0"
"76530.0";"443.0";"443.0"
"76540.0";"443.0";"443.0"
"76550.0";"443.0";"443.0"
"76560.0";"443.0";"443.0"
"76570.0";"443.0";"443.0"
"76580.0";"443.0";"443.0"
"76590.0";"443.0";"443.0"
"76600.0";"443.0";"443.0"
"76610.0";"443.0";"443.0"
"76620.0";"443.0";"443.0"
"76630.0";"443.0";"443.0"
"76640.0";"443.0";"443.0"
"76650.0";"443.0";"443.0"
"76660.0";"443.0";"443.0"
"76670.0";"443.0";"443.0"
"76680.0";"443.0";"443.0"
"76690.0";"443.0";"443.0"
"76700.0";"443.0";"443.0"
"76710.0";"443.0";"443.0"
"76720.0";"443.0";"443.0"
"76730.0";"443.0";"443.0"
"76740.0";"443.0";"443.0"
"76750.0";"443.0";"443.0"
"76760.0";"443.0";"443.0"
"76770.0";"443.0";"443.0"
"76780.0";"443.0";"443.0"
"76790.0";"443.0";"443.0"
"76800.0";"443.0";"443.0"
"76810.0";"443.0";"443.0"
"76820.0";"443.0";"443.0"
"76830.0";"443.0";"443.0"
"76840.0";"443.0";"443.0"
"76850.0";"443.0";"443.0"
"76860.0";"443.0";"443.0"
"76870.0";"443.0";"443.0"
"76880.0";"443.0";"443.0"
"76890.0";"443.0";"443.0"
"76900.0";"443.0";"443.0"
"76910.0";"443.0";"443.0"
"76920.0";"443.0";"443.0"
"76930.0";"443.0";"443.0"
"76940.0";"443.0";"443.0"
"76950.0";"443.0";"443.0"
"76960.0";"443.0";"443.0"
"76970.0";"443.0";"443.0"
"76980.0";"443.0";"443.0"
"76990.0";"443.0";"443.0"
"77000.0";"443.0";"443.0"
"77010.0";"443.0";"443.0"
"77020.0";"443.0";"443.0"
"77030.0";"443.0";"443.0"
"77040.0";"443.0";"443.0"
"77050.0";"443.0";"443.0"
"77060.0";"443.0";"443.0"
"77070.0";"443.0";"443.0"
"77080.0";"443.0";"443.0"
"77090.0";"443.0";"443.0"
"77100.0";"443.0";"443.0"
"77110.0";"443.0";"443.0"
"77120.0";"443.0";"443.0"
"77130.0";"443.0";"443.0"
"77140.0";"443.0";"443.0"
"77150.0";"443.0";"443.0"
"77160.0";"443.0";"443.0"
"77170.0";"443.0";"443.0"
"77180.0";"443.0";"443.0"
"77190.0";"443.0";"443.0"
"77200.0";"443.0";"443.0"
"77210.0";"443.0";"443.0"
"77220.0";"443.0";"443.0"
"77230.0";"443.0";"443.0"
"77240.0";"443.0";"443.0"
"77250.0";"443.0";"443.0"
"77260.0";"443.0";"443.0"
"77270.0";"443.0";"443.0"
"77280.0";"443.0";"443.0"
"77290.0";"443.0";"443.0"
"77300.0";"443.0";"443.0"
"77310.0";"443.0";"443.0"
"77320.0";"443.0";"443.0"
"77330.0";"443.0";"443.0"
"77340.0";"443.0";"443.0"
"77350.0";"443.0";"443.0"
"77360.0";"443.0";"443.0"
"77370.0";"443.0";"443.0"
"77380.0";"443.0";"443.0"
"77390.0";"443.0";"443.0"
"77400.0";"443.0";"443.0"
"77410.0";"443.0";"443.0"
"77420.0";"443.0";"443.0"
"77430.0";"443.0";"443.0"
"77440.0";"443.0";"443.0"
"77450.0";"443.0";"443.0"
"77460.0";"443.0";"443.0"
"77470.0";"443.0";"443.0"
"77480.0";"443.0";"443.0"
"77490.0";"443.0";"443.0"
"77500.0";"443.0";"443.0"
"77510.0";"443.0";"443.0"
"77520.0";"443.0";"443.0"
"77530.0";"443.0";"443.0"
"77540.0";"443.0";"443.0"
"77550.0";"443.0";"443.0"
"77560.0";"443.0";"443.0"
"77570.0";"443.0";"443.0"
"77580.0";"443.0";"443.0"
"77590.0";"443.0";"443.0"
"77600.0";"443.0";"443.0"
"77610.0";"443.0";"443.0"
"77620.0";"443.0";"443.0"
"77630.0";"443.0";"443.0"
"77640.0";"443.0";"443.0"
"77650.0";"443.0";"443.0"
"77660.0";"443.0";"443.0"
"77670.0";"443.0";"443.0"
"77680.0";"443.0";"443.0"
"77690.0";"443.0";"443.0"
"77700.0";"443.0";"443.0"
"77710.0";"443.0";"443.0"
"77720.0";"443.0";"443.0"
"77730.0";"443.0";"443.0"
"77740.0";"443.0";"443.0"
"77750.0";"443.0";"443.0"
"77760.0";"443.0";"443.0"
"77770.0";"443.0";"443.0"
"77780.0";"443.0";"443.0"
"77790.0";"443.0";"443.0"
"77800.0";"443.0";"443.0"
"77810.0";"443.0";"443.0"
"77820.0";"443.0";"443.0"
"77830.0";"443.0";"443.0"
"77840.0";"443.0";"443.0"
"77850.0";"443.0";"443.0"
"77860.0";"443.0";"443.0"
"77870.0";"443.0";"443.0"
"77880.0";"443.0";"443.0"
"77890.0";"443.0";"443.0"
"77900.0";"443.0";"443.0"
"77910.0";"443.0";"443.0"
"77920.0";"443.0";"443.0"
"77930.0";"443.0";"443.0"
"77940.0";"443.0";"443.0"
"77950.0";"443.0";"443.0"
"77960.0";"443.0";"443.0"
"77970.0";"443.0";"443.0"
"77980.0";"443.0";"443.0"
"77990.0";"443.0";"443.0"
"78000.0";"443.0";"443.0"
"78010.0";"443.0";"443.0"
"78020.0";"443.0";"443.0"
"78030.0";"443.0";"443.0"
"78040.0";"443.0";"443.0"
"78050.0";"443.0";"443.0"
"78060.0";"443.0";"443.0"
"78070.0";"443.0";"443.0"
"78080.0";"443.0";"443.0"
"78090.0";"443.0";"443.0"
"78100.0";"443.0";"443.0"
"78110.0";"443.0";"443.0"
"78120.0";"443.0";"443.0"
"78130.0";"443.0";"443.0"
"78140.0";"443.0";"443.0"
"78150.0";"443.0";"443.0"
"78160.0";"443.0";"443.0"
"78170.0";"443.0";"443.0"
"78180.0";"443.0";"443.0"
"78190.0";"443.0";"443.0"
"78200.0";"443.0";"443.0"
"78210.0";"443.0";"443.0"
"78220.0";"443.0";"443.0"
"78230.0";"443.0";"443.0"
"78240.0";"443.0";"443.0"
"78250.0";"443.0";"443.0"
"78260.0";"443.0";"443.0"
"78270.0";"443.0";"443.0"
"78280.0";"443.0";"443.0"
"78290.0";"443.0";"443.0"
"78300.0";"443.0";"443.0"
"78310.0";"443.0";"443.0"
"78320.0";"443.0";"443.0"
"78330.0";"443.0";"443.0"
"78340.0";"443.0";"443.0"
"78350.0";"443.0";"443.0"
"78360.0";"443.0";"443.0"
"78370.0";"443.0";"443.0"
"78380.0";"443.0";"443.0"
"78390.0";"443.0";"443.0"
"78400.0";"443.0";"443.0"
"78410.0";"443.0";"443.0"
"78420.0";"443.0";"443.0"
"78430.0";"443.0";"443.0"
"78440.0";"443.0";"443.0"
"78450.0";"443.0";"443.0"
"78460.0";"443.0";"443.0"
"78470.0";"443.0";"443.0"
"78480.0";"443.0";"443.0"
"78490.0";"443.0";"443.0"
"78500.0";"443.0";"443.0"
"78510.0";"443.0";"443.0"
"78520.0";"443.0";"443.0"
"78530.0";"443.0";"443.0"
"78540.0";"443.0";"443.0"
"78550.0";"443.0";"443.0"
"78560.0";"443.0";"443.0"
"78570.0";"443.0";"443.0"
"78580.0";"443.0";"443.0"
"78590.0";"443.0";"443.0"
"78600.0";"443.0";"443.0"
"78610.0";"443.0";"443.0"
"78620.0";"443.0";"443.0"
"78630.0";"443.0";"443.0"
"78640.0";"443.0";"443.0"
"78650.0";"443.0";"443.0"
"78660.0";"443.0";"443.0"
"78670.0";"443.0";"443.0"
"78680.0";"443.0";"443.0"
"78690.0";"443.0";"443.0"
"78700.0";"443.0";"443.0"
"78710.0";"443.0";"443.0"
"78720.0";"443.0";"443.0"
"78730.0";"443.0";"443.0"
"78740.0";"443.0";"443.0"
"78750.0";"443.0";"443.0"
"78760.0";"443.0";"443.0"
"78770.0";"443.0";"443.0"
"78780.0";"443.0";"443.0"
"78790.0";"443.0";"443.0"
"78800.0";"443.0";"443.0"
"78810.0";"443.0";"443.0"
"78820.0";"443.0";"443.0"
"78830.0";"443.0";"443.0"
"78840.0";"443.0";"443.0"
"78850.0";"443.0";"443.0"
"78860.0";"443.0";"443.0"
"78870.0";"443.0";"443.0"
"78880.0";"443.0";"443.0"
"78890.0";"443.0";"443.0"
"78900.0";"443.0";"443.0"
"78910.0";"443.0";"443.0"
"78920.0";"443.0";"443.0"
"78930.0";"443.0";"443.0"
"78940.0";"443.0";"443.0"
"78950.0";"443.0";"443.0"
"78960.0";"443.0";"443.0"
"78970.0";"443.0";"443.0"
"78980.0";"443.0";"443.0"
"78990.0";"443.0";"443.0"
"79000.0";"443.0";"443.0"
"79010.0";"443.0";"443.0"
"79020.0";"443.0";"443.0"
"79030.0";"443.0";"443.0"
"79040.0";"443.0";"443.0"
"79050.0";"443.0";"443.0"
"79060.0";"443.0";"443.0"
"79070.0";"443.0";"443.0"
"79080.0";"443.0";"443.0"
"79090.0";"443.0";"443.0"
"79100.0";"443.0";"443.0"
"79110.0";"443.0";"443.0"
"79120.0";"443.0";"443.0"
"79130.0";"443.0";"443.0"
"79140.0";"443.0";"443.0"
"79150.0";"443.0";"443.0"
"79160.0";"443.0";"443.0"
"79170.0";"443.0";"443.0"
"79180.0";"443.0";"443.0"
"79190.0";"443.0";"443.0"
"79200.0";"443.0";"443.0"
"79210.0";"443.0";"443.0"
"79220.0";"443.0";"443.0"
"79230.0";"443.0";"443.0"
"79240.0";"443.0";"443.0"
"79250.0";"443.0";"443.0"
"79260.0";"443.0";"443.0"
"79270.0";"443.0";"443.0"
"79280.0";"443.0";"443.0"
"79290.0";"443.0";"443.0"
"79300.0";"443.0";"443.0"
"79310.0";"443.0";"443.0"
"79320.0";"443.0";"443.0"
"79330.0";"443.0";"443.0"
"79340.0";"443.0";"443.0"
"79350.0";"443.0";"443.0"
"79360.0";"443.0";"443.0"
"79370.0";"443.0";"443.0"
"79380.0";"443.0";"443.0"
"79390.0";"443.0";"443.0"
"79400.0";"443.0";"443.0"
"79410.0";"443.0";"443.0"
"79420.0";"443.0";"443.0"
"79430.0";"443.0";"443.0"
"79440.0";"443.0";"443.0"
"79450.0";"443.0";"443.0"
"79460.0";"443.0";"443.0"
"79470.0";"443.0";"443.0"
"79480.0";"443.0";"443.0"
"79490.0";"443.0";"443.0"
"79500.0";"443.0";"443.0"
"79510.0";"443.0";"443.0"
"79520.0";"443.0";"443.0"
"79530.0";"443.0";"443.0"
"79540.0";"443.0";"443.0"
"79550.0";"443.0";"443.0"
"79560.0";"443.0";"443.0"
"79570.0";"443.0";"443.0"
"79580.0";"443.0";"443.0"
"79590.0";"443.0";"443.0"
"79600.0";"443.0";"443.0"
"79610.0";"443.0";"443.0"
"79620.0";"443.0";"443.0"
"79630.0";"443.0";"443.0"
"79640.0";"443.0";"443.0"
"79650.0";"443.0";"443.0"
"79660.0";"443.0";"443.0"
"79670.0";"443.0";"443.0"
"79680.0";"443.0";"443.0"
"79690.0";"443.0";"443.0"
"79700.0";"443.0";"443.0"
"79710.0";"443.0";"443.0"
"79720.0";"443.0";"443.0"
"79730.0";"443.0";"443.0"
"79740.0";"443.0";"443.0"
"79750.0";"443.0";"443.0"
"79760.0";"443.0";"443.0"
"79770.0";"443.0";"443.0"
"79780.0";"443.0";"443.0"
"79790.0";"443.0";"443.0"
"79800.0";"443.0";"443.0"
"79810.0";"443.0";"443.0"
"79820.0";"443.0";"443.0"
"79830.0";"443.0";"443.0"
"79840.0";"443.0";"443.0"
"79850.0";"443.0";"443.0"
"79860.0";"443.0";"443.0"
"79870.0";"443.0";"443.0"
"79880.0";"443.0";"443.0"
"79890.0";"443.0";"443.0"
"79900.0";"443.0";"443.0"
"79910.0";"443.0";"443.0"
"79920.0";"443.0";"443.0"
"79930.0";"443.0";"443.0"
"79940.0";"443.0";"443.0"
"79950.0";"443.0";"443.0"
"79960.0";"443.0";"443.0"
"79970.0";"443.0";"443.0"
"79980.0";"443.0";"443.0"
"79990.0";"443.0";"443.0"
"80000.0";"443.0";"443.0"
"80010.0";"443.0";"443.0"
"80020.0";"443.0";"443.0"
"80030.0";"443.0";"443.0"
"80040.0";"443.0";"443.0"
"80050.0";"443.0";"443.0"
"80060.0";"443.0";"443.0"
"80070.0";"443.0";"443.0"
"80080.0";"443.0";"443.0"
"80090.0";"443.0";"443.0"
"80100.0";"443.0";"443.0"
"80110.0";"443.0";"443.0"
"80120.0";"443.0";"443.0"
"80130.0";"443.0";"443.0"
"80140.0";"443.0";"443.0"
"80150.0";"443.0";"443.0"
"80160.0";"443.0";"443.0"
"80170.0";"443.0";"443.0"
"80180.0";"443.0";"443.0"
"80190.0";"443.0";"443.0"
"80200.0";"443.0";"443.0"
"80210.0";"443.0";"443.0"
"80220.0";"443.0";"443.0"
"80230.0";"443.0";"443.0"
"80240.0";"443.0";"443.0"
"80250.0";"443.0";"443.0"
"80260.0";"443.0";"443.0"
"80270.0";"443.0";"443.0"
"80280.0";"443.0";"443.0"
"80290.0";"443.0";"443.0"
"80300.0";"443.0";"443.0"
"80310.0";"443.0";"443.0"
"80320.0";"443.0";"443.0"
"80330.0";"443.0";"443.0"
"80340.0";"443.0";"443.0"
"80350.0";"443.0";"443.0"
"80360.0";"443.0";"443.0"
"80370.0";"443.0";"443.0"
"80380.0";"443.0";"443.0"
"80390.0";"443.0";"443.0"
"80400.0";"443.0";"443.0"
"80410.0";"443.0";"443.0"
"80420.0";"443.0";"443.0"
"80430.0";"443.0";"443.0"
"80440.0";"443.0";"443.0"
"80450.0";"443.0";"443.0"
"80460.0";"443.0";"443.0"
"80470.0";"443.0";"443.0"
"80480.0";"443.0";"443.0"
"80490.0";"443.0";"443.0"
"80500.0";"443.0";"443.0"
"80510.0";"443.0";"443.0"
"80520.0";"443.0";"443.0"
"80530.0";"443.0";"443.0"
"80540.0";"443.0";"443.0"
"80550.0";"443.0";"443.0"
"80560.0";"443.0";"443.0"
"80570.0";"443.0";"443.0"
"80580.0";"443.0";"443.0"
"80590.0";"443.0";"443.0"
"80600.0";"443.0";"443.0"
"80610.0";"443.0";"443.0"
"80620.0";"443.0";"443.0"
"80630.0";"443.0";"443.0"
"80640.0";"443.0";"443.0"
"80650.0";"443.0";"443.0"
"80660.0";"443.0";"443.0"
"80670.0";"443.0";"443.0"
"80680.0";"443.0";"443.0"
"80690.0";"443.0";"443.0"
"80700.0";"443.0";"443.0"
"80710.0";"443.0";"443.0"
"80720.0";"443.0";"443.0"
"80730.0";"443.0";"443.0"
"80740.0";"443.0";"443.0"
"80750.0";"443.0";"443.0"
"80760.0";"443.0";"443.0"
"80770.0";"443.0";"443.0"
"80780.0";"443.0";"443.0"
"80790.0";"443.0";"443.0"
"80800.0";"443.0";"443.0"
"80810.0";"443.0";"443.0"
"80820.0";"443.0";"443.0"
"80830.0";"443.0";"443.0"
"80840.0";"443.0";"443.0"
"80850.0";"443.0";"443.0"
"80860.0";"443.0";"443.0"
"80870.0";"443.0";"443.0"
"80880.0";"443.0";"443.0"
"80890.0";"443.0";"443.0"
"80900.0";"443.0";"443.0"
"80910.0";"443.0";"443.0"
"80920.0";"443.0";"443.0"
"80930.0";"443.0";"443.0"
"80940.0";"443.0";"443.0"
"80950.0";"443.0";"443.0"
"80960.0";"443.0";"443.0"
"80970.0";"443.0";"443.0"
"80980.0";"443.0";"443.0"
"80990.0";"443.0";"443.0"
"81000.0";"443.0";"443.0"
"81010.0";"443.0";"443.0"
"81020.0";"443.0";"443.0"
"81030.0";"443.0";"443.0"
"81040.0";"443.0";"443.0"
"81050.0";"443.0";"443.0"
"81060.0";"443.0";"443.0"
"81070.0";"443.0";"443.0"
"81080.0";"443.0";"443.0"
"81090.0";"443.0";"443.0"
"81100.0";"443.0";"443.0"
"81110.0";"443.0";"443.0"
"81120.0";"443.0";"443.0"
"81130.0";"443.0";"443.0"
"81140.0";"443.0";"443.0"
"81150.0";"443.0";"443.0"
"81160.0";"443.0";"443.0"
"81170.0";"443.0";"443.0"
"81180.0";"443.0";"443.0"
"81190.0";"443.0";"443.0"
"81200.0";"443.0";"443.0"
"81210.0";"443.0";"443.0"
"81220.0";"443.0";"443.0"
"81230.0";"443.0";"443.0"
"81240.0";"443.0";"443.0"
"81250.0";"443.0";"443.0"
"81260.0";"443.0";"443.0"
"81270.0";"443.0";"443.0"
"81280.0";"443.0";"443.0"
"81290.0";"443.0";"443.0"
"81300.0";"443.0";"443.0"
"81310.0";"443.0";"443.0"
"81320.0";"443.0";"443.0"
"81330.0";"443.0";"443.0"
"81340.0";"443.0";"443.0"
"81350.0";"443.0";"443.0"
"81360.0";"443.0";"443.0"
"81370.0";"443.0";"443.0"
"81380.0";"443.0";"443.0"
"81390.0";"443.0";"443.0"
"81400.0";"443.0";"443.0"
"81410.0";"443.0";"443.0"
"81420.0";"443.0";"443.0"
"81430.0";"443.0";"443.0"
"81440.0";"443.0";"443.0"
"81450.0";"443.0";"443.0"
"81460.0";"443.0";"443.0"
"81470.0";"443.0";"443.0"
"81480.0";"443.0";"443.0"
"81490.0";"443.0";"443.0"
"81500.0";"443.0";"443.0"
"81510.0";"443.0";"443.0"
"81520.0";"443.0";"443.0"
"81530.0";"443.0";"443.0"
"81540.0";"443.0";"443.0"
"81550.0";"443.0";"443.0"
"81560.0";"443.0";"443.0"
"81570.0";"443.0";"443.0"
"81580.0";"443.0";"443.0"
"81590.0";"443.0";"443.0"
"81600.0";"443.0";"443.0"
"81610.0";"443.0";"443.0"
"81620.0";"443.0";"443.0"
"81630.0";"443.0";"443.0"
"81640.0";"443.0";"443.0"
"81650.0";"443.0";"443.0"
"81660.0";"443.0";"443.0"
"81670.0";"443.0";"443.0"
"81680.0";"443.0";"443.0"
"81690.0";"443.0";"443.0"
"81700.0";"443.0";"443.0"
"81710.0";"443.0";"443.0"
"81720.0";"443.0";"443.0"
"81730.0";"443.0";"443.0"
"81740.0";"443.0";"443.0"
"81750.0";"443.0";"443.0"
"81760.0";"443.0";"443.0"
"81770.0";"443.0";"443.0"
"81780.0";"443.0";"443.0"
"81790.0";"443.0";"443.0"
"81800.0";"443.0";"443.0"
"81810.0";"443.0";"443.0"
"81820.0";"443.0";"443.0"
"81830.0";"443.0";"443.0"
"81840.0";"443.0";"443.0"
"81850.0";"443.0";"443.0"
"81860.0";"443.0";"443.0"
"81870.0";"443.0";"443.0"
"81880.0";"443.0";"443.0"
"81890.0";"443.0";"443.0"
"81900.0";"443.0";"443.0"
"81910.0";"443.0";"443.0"
"81920.0";"443.0";"443.0"
"81930.0";"443.0";"443.0"
"81940.0";"443.0";"443.0"
"81950.0";"443.0";"443.0"
"81960.0";"443.0";"443.0"
"81970.0";"443.0";"443.0"
"81980.0";"443.0";"443.0"
"81990.0";"443.0";"443.0"
"82000.0";"443.0";"443.0"
"82010.0";"443.0";"443.0"
"82020.0";"443.0";"443.0"
"82030.0";"443.0";"443.0"
"82040.0";"443.0";"443.0"
"82050.0";"443.0";"443.0"
"82060.0";"443.0";"443.0"
"82070.0";"443.0";"443.0"
"82080.0";"443.0";"443.0"
"82090.0";"443.0";"443.0"
"82100.0";"443.0";"443.0"
"82110.0";"443.0";"443.0"
"82120.0";"443.0";"443.0"
"82130.0";"443.0";"443.0"
"82140.0";"443.0";"443.0"
"82150.0";"443.0";"443.0"
"82160.0";"443.0";"443.0"
"82170.0";"443.0";"443.0"
"82180.0";"443.0";"443.0"
"82190.0";"443.0";"443.0"
"82200.0";"443.0";"443.0"
"82210.0";"443.0";"443.0"
"82220.0";"443.0";"443.0"
"82230.0";"443.0";"443.0"
"82240.0";"443.0";"443.0"
"82250.0";"443.0";"443.0"
"82260.0";"443.0";"443.0"
"82270.0";"443.0";"443.0"
"82280.0";"443.0";"443.0"
"82290.0";"443.0";"443.0"
"82300.0";"443.0";"443.0"
"82310.0";"443.0";"443.0"
"82320.0";"443.0";"443.0"
"82330.0";"443.0";"443.0"
"82340.0";"443.0";"443.0"
"82350.0";"443.0";"443.0"
"82360.0";"443.0";"443.0"
"82370.0";"443.0";"443.0"
"82380.0";"443.0";"443.0"
"82390.0";"443.0";"443.0"
"82400.0";"443.0";"443.0"
"82410.0";"443.0";"443.0"
"82420.0";"443.0";"443.0"
"82430.0";"443.0";"443.0"
"82440.0";"443.0";"443.0"
"82450.0";"443.0";"443.0"
"82460.0";"443.0";"443.0"
"82470.0";"443.0";"443.0"
"82480.0";"443.0";"443.0"
"82490.0";"443.0";"443.0"
"82500.0";"443.0";"443.0"
"82510.0";"443.0";"443.0"
"82520.0";"443.0";"443.0"
"82530.0";"443.0";"443.0"
"82540.0";"443.0";"443.0"
"82550.0";"443.0";"443.0"
"82560.0";"443.0";"443.0"
"82570.0";"443.0";"443.0"
"82580.0";"443.0";"443.0"
"82590.0";"443.0";"443.0"
"82600.0";"443.0";"443.0"
"82610.0";"443.0";"443.0"
"82620.0";"443.0";"443.0"
"82630.0";"443.0";"443.0"
"82640.0";"443.0";"443.0"
"82650.0";"443.0";"443.0"
"82660.0";"443.0";"443.0"
"82670.0";"443.0";"443.0"
"82680.0";"443.0";"443.0"
"82690.0";"443.0";"443.0"
"82700.0";"443.0";"443.0"
"82710.0";"443.0";"443.0"
"82720.0";"443.0";"443.0"
"82730.0";"443.0";"443.0"
"82740.0";"443.0";"443.0"
"82750.0";"443.0";"443.0"
"82760.0";"443.0";"443.0"
"82770.0";"443.0";"443.0"
"82780.0";"443.0";"443.0"
"82790.0";"443.0";"443.0"
"82800.0";"443.0";"443.0"
"82810.0";"443.0";"443.0"
"82820.0";"443.0";"443.0"
"82830.0";"443.0";"443.0"
"82840.0";"443.0";"443.0"
"82850.0";"443.0";"443.0"
"82860.0";"443.0";"443.0"
"82870.0";"443.0";"443.0"
"82880.0";"443.0";"443.0"
"82890.0";"443.0";"443.0"
"82900.0";"443.0";"443.0"
"82910.0";"443.0";"443.0"
"82920.0";"443.0";"443.0"
"82930.0";"443.0";"443.0"
"82940.0";"443.0";"443.0"
"82950.0";"443.0";"443.0"
"82960.0";"443.0";"443.0"
"82970.0";"443.0";"443.0"
"82980.0";"443.0";"443.0"
"82990.0";"443.0";"443.0"
"83000.0";"443.0";"443.0"
"83010.0";"443.0";"443.0"
"83020.0";"443.0";"443.0"
"83030.0";"443.0";"443.0"
"83040.0";"443.0";"443.0"
"83050.0";"443.0";"443.0"
"83060.0";"443.0";"443.0"
"83070.0";"443.0";"443.0"
"83080.0";"443.0";"443.0"
"83090.0";"443.0";"443.0"
"83100.0";"443.0";"443.0"
"83110.0";"443.0";"443.0"
"83120.0";"443.0";"443.0"
"83130.0";"443.0";"443.0"
"83140.0";"443.0";"443.0"
"83150.0";"443.0";"443.0"
"83160.0";"443.0";"443.0"
"83170.0";"443.0";"443.0"
"83180.0";"443.0";"443.0"
"83190.0";"443.0";"443.0"
"83200.0";"443.0";"443.0"
"83210.0";"443.0";"443.0"
"83220.0";"443.0";"443.0"
"83230.0";"443.0";"443.0"
"83240.0";"443.0";"443.0"
"83250.0";"443.0";"443.0"
"83260.0";"443.0";"443.0"
"83270.0";"443.0";"443.0"
"83280.0";"443.0";"443.0"
"83290.0";"443.0";"443.0"
"83300.0";"443.0";"443.0"
"83310.0";"443.0";"443.0"
"83320.0";"443.0";"443.0"
"83330.0";"443.0";"443.0"
"83340.0";"443.0";"443.0"
"83350.0";"443.0";"443.0"
"83360.0";"443.0";"443.0"
"83370.0";"443.0";"443.0"
"83380.0";"443.0";"443.0"
"83390.0";"443.0";"443.0"
"83400.0";"443.0";"443.0"
"83410.0";"443.0";"443.0"
"83420.0";"443.0";"443.0"
"83430.0";"443.0";"443.0"
"83440.0";"443.0";"443.0"
"83450.0";"443.0";"443.0"
"83460.0";"443.0";"443.0"
"83470.0";"443.0";"443.0"
"83480.0";"443.0";"443.0"
"83490.0";"443.0";"443.0"
"83500.0";"443.0";"443.0"
"83510.0";"443.0";"443.0"
"83520.0";"443.0";"443.0"
"83530.0";"443.0";"443.0"
"83540.0";"443.0";"443.0"
"83550.0";"443.0";"443.0"
"83560.0";"443.0";"443.0"
"83570.0";"443.0";"443.0"
"83580.0";"443.0";"443.0"
"83590.0";"443.0";"443.0"
"83600.0";"443.0";"443.0"
"83610.0";"443.0";"443.0"
"83620.0";"443.0";"443.0"
"83630.0";"443.0";"443.0"
"83640.0";"443.0";"443.0"
"83650.0";"443.0";"443.0"
"83660.0";"443.0";"443.0"
"83670.0";"443.0";"443.0"
"83680.0";"443.0";"443.0"
"83690.0";"443.0";"443.0"
"83700.0";"443.0";"443.0"
"83710.0";"443.0";"443.0"
"83720.0";"443.0";"443.0"
"83730.0";"443.0";"443.0"
"83740.0";"443.0";"443.0"
"83750.0";"443.0";"443.0"
"83760.0";"443.0";"443.0"
"83770.0";"443.0";"443.0"
"83780.0";"443.0";"443.0"
"83790.0";"443.0";"443.0"
"83800.0";"443.0";"443.0"
"83810.0";"443.0";"443.0"
"83820.0";"443.0";"443.0"
"83830.0";"443.0";"443.0"
"83840.0";"443.0";"443.0"
"83850.0";"443.0";"443.0"
"83860.0";"443.0";"443.0"
"83870.0";"443.0";"443.0"
"83880.0";"443.0";"443.0"
"83890.0";"443.0";"443.0"
"83900.0";"443.0";"443.0"
"83910.0";"443.0";"443.0"
"83920.0";"443.0";"443.0"
"83930.0";"443.0";"443.0"
"83940.0";"443.0";"443.0"
"83950.0";"443.0";"443.0"
"83960.0";"443.0";"443.0"
"83970.0";"443.0";"443.0"
"83980.0";"443.0";"443.0"
"83990.0";"443.0";"443.0"
"84000.0";"443.0";"443.0"
"84010.0";"443.0";"443.0"
"84020.0";"443.0";"443.0"
"84030.0";"443.0";"443.0"
"84040.0";"443.0";"443.0"
"84050.0";"443.0";"443.0"
"84060.0";"443.0";"443.0"
"84070.0";"443.0";"443.0"
"84080.0";"443.0";"443.0"
"84090.0";"443.0";"443.0"
"84100.0";"443.0";"443.0"
"84110.0";"443.0";"443.0"
"84120.0";"443.0";"443.0"
"84130.0";"443.0";"443.0"
"84140.0";"443.0";"443.0"
"84150.0";"443.0";"443.0"
"84160.0";"443.0";"443.0"
"84170.0";"443.0";"443.0"
"84180.0";"443.0";"443.0"
"84190.0";"443.0";"443.0"
"84200.0";"443.0";"443.0"
"84210.0";"443.0";"443.0"
"84220.0";"443.0";"443.0"
"84230.0";"443.0";"443.0"
"84240.0";"443.0";"443.0"
"84250.0";"443.0";"443.0"
"84260.0";"443.0";"443.0"
"84270.0";"443.0";"443.0"
"84280.0";"443.0";"443.0"
"84290.0";"443.0";"443.0"
"84300.0";"443.0";"443.0"
"84310.0";"443.0";"443.0"
"84320.0";"443.0";"443.0"
"84330.0";"443.0";"443.0"
"84340.0";"443.0";"443.0"
"84350.0";"443.0";"443.0"
"84360.0";"443.0";"443.0"
"84370.0";"443.0";"443.0"
"84380.0";"443.0";"443.0"
"84390.0";"443.0";"443.0"
"84400.0";"443.0";"443.0"
"84410.0";"443.0";"443.0"
"84420.0";"443.0";"443.0"
"84430.0";"443.0";"443.0"
"84440.0";"443.0";"443.0"
"84450.0";"443.0";"443.0"
"84460.0";"443.0";"443.0"
"84470.0";"443.0";"443.0"
"84480.0";"443.0";"443.0"
"84490.0";"443.0";"443.0"
"84500.0";"443.0";"443.0"
"84510.0";"443.0";"443.0"
"84520.0";"443.0";"443.0"
"84530.0";"443.0";"443.0"
"84540.0";"443.0";"443.0"
"84550.0";"443.0";"443.0"
"84560.0";"443.0";"443.0"
"84570.0";"443.0";"443.0"
"84580.0";"443.0";"443.0"
"84590.0";"443.0";"443.0"
"84600.0";"443.0";"443.0"
"84610.0";"443.0";"443.0"
"84620.0";"443.0";"443.0"
"84630.0";"443.0";"443.0"
"84640.0";"443.0";"443.0"
"84650.0";"443.0";"443.0"
"84660.0";"443.0";"443.0"
"84670.0";"443.0";"443.0"
"84680.0";"443.0";"443.0"
"84690.0";"443.0";"443.0"
"84700.0";"443.0";"443.0"
"84710.0";"443.0";"443.0"
"84720.0";"443.0";"443.0"
"84730.0";"443.0";"443.0"
"84740.0";"443.0";"443.0"
"84750.0";"443.0";"443.0"
"84760.0";"443.0";"443.0"
"84770.0";"443.0";"443.0"
"84780.0";"443.0";"443.0"
"84790.0";"443.0";"443.0"
"84800.0";"443.0";"443.0"
"84810.0";"443.0";"443.0"
"84820.0";"443.0";"443.0"
"84830.0";"443.0";"443.0"
"84840.0";"443.0";"443.0"
"84850.0";"443.0";"443.0"
"84860.0";"443.0";"443.0"
"84870.0";"443.0";"443.0"
"84880.0";"443.0";"443.0"
"84890.0";"443.0";"443.0"
"84900.0";"443.0";"443.0"
"84910.0";"443.0";"443.0"
"84920.0";"443.0";"443.0"
"84930.0";"443.0";"443.0"
"84940.0";"443.0";"443.0"
"84950.0";"443.0";"443.0"
"84960.0";"443.0";"443.0"
"84970.0";"443.0";"443.0"
"84980.0";"443.0";"443.0"
"84990.0";"443.0";"443.0"
"85000.0";"443.0";"443.0"
"85010.0";"443.0";"443.0"
"85020.0";"443.0";"443.0"
"85030.0";"443.0";"443.0"
"85040.0";"443.0";"443.0"
"85050.0";"443.0";"443.0"
"85060.0";"443.0";"443.0"
"85070.0";"443.0";"443.0"
"85080.0";"443.0";"443.0"
"85090.0";"443.0";"443.0"
"85100.0";"443.0";"443.0"
"85110.0";"443.0";"443.0"
"85120.0";"443.0";"443.0"
"85130.0";"443.0";"443.0"
"85140.0";"443.0";"443.0"
"85150.0";"443.0";"443.0"
"85160.0";"443.0";"443.0"
"85170.0";"443.0";"443.0"
"85180.0";"443.0";"443.0"
"85190.0";"443.0";"443.0"
"85200.0";"443.0";"443.0"
"85210.0";"443.0";"443.0"
"85220.0";"443.0";"443.0"
"85230.0";"443.0";"443.0"
"85240.0";"443.0";"443.0"
"85250.0";"443.0";"443.0"
"85260.0";"443.0";"443.0"
"85270.0";"443.0";"443.0"
"85280.0";"443.0";"443.0"
"85290.0";"443.0";"443.0"
"85300.0";"443.0";"443.0"
"85310.0";"443.0";"443.0"
"85320.0";"443.0";"443.0"
"85330.0";"443.0";"443.0"
"85340.0";"443.0";"443.0"
"85350.0";"443.0";"443.0"
"85360.0";"443.0";"443.0"
"85370.0";"443.0";"443.0"
"85380.0";"443.0";"443.0"
"85390.0";"443.0";"443.0"
"85400.0";"443.0";"443.0"
"85410.0";"443.0";"443.0"
"85420.0";"443.0";"443.0"
"85430.0";"443.0";"443.0"
"85440.0";"443.0";"443.0"
"85450.0";"443.0";"443.0"
"85460.0";"443.0";"443.0"
"85470.0";"443.0";"443.0"
"85480.0";"443.0";"443.0"
"85490.0";"443.0";"443.0"
"85500.0";"443.0";"443.0"
"85510.0";"443.0";"443.0"
"85520.0";"443.0";"443.0"
"85530.0";"443.0";"443.0"
"85540.0";"443.0";"443.0"
"85550.0";"443.0";"443.0"
"85560.0";"443.0";"443.0"
"85570.0";"443.0";"443.0"
"85580.0";"443.0";"443.0"
"85590.0";"443.0";"443.0"
"85600.0";"443.0";"443.0"
"85610.0";"443.0";"443.0"
"85620.0";"443.0";"443.0"
"85630.0";"443.0";"443.0"
"85640.0";"443.0";"443.0"
"85650.0";"443.0";"443.0"
"85660.0";"443.0";"443.0"
"85670.0";"443.0";"443.0"
"85680.0";"443.0";"443.0"
"85690.0";"443.0";"443.0"
"85700.0";"443.0";"443.0"
"85710.0";"443.0";"443.0"
"85720.0";"443.0";"443.0"
"85730.0";"443.0";"443.0"
"85740.0";"443.0";"443.0"
"85750.0";"443.0";"443.0"
"85760.0";"443.0";"443.0"
"85770.0";"443.0";"443.0"
"85780.0";"443.0";"443.0"
"85790.0";"443.0";"443.0"
"85800.0";"443.0";"443.0"
"85810.0";"443.0";"443.0"
"85820.0";"443.0";"443.0"
"85830.0";"443.0";"443.0"
"85840.0";"443.0";"443.0"
"85850.0";"443.0";"443.0"
"85860.0";"443.0";"443.0"
"85870.0";"443.0";"443.0"
"85880.0";"443.0";"443.0"
"85890.0";"443.0";"443.0"
"85900.0";"443.0";"443.0"
"85910.0";"443.0";"443.0"
"85920.0";"443.0";"443.0"
"85930.0";"443.0";"443.0"
"85940.0";"443.0";"443.0"
"85950.0";"443.0";"443.0"
"85960.0";"443.0";"443.0"
"85970.0";"443.0";"443.0"
"85980.0";"443.0";"443.0"
"85990.0";"443.0";"443.0"
"86000.0";"443.0";"443.0"
"86010.0";"443.0";"443.0"
"86020.0";"443.0";"443.0"
"86030.0";"443.0";"443.0"
"86040.0";"443.0";"443.0"
"86050.0";"443.0";"443.0"
"86060.0";"443.0";"443.0"
"86070.0";"443.0";"443.0"
"86080.0";"443.0";"443.0"
"86090.0";"443.0";"443.0"
"86100.0";"443.0";"443.0"
"86110.0";"443.0";"443.0"
"86120.0";"443.0";"443.0"
"86130.0";"443.0";"443.0"
"86140.0";"443.0";"443.0"
"86150.0";"443.0";"443.0"
"86160.0";"443.0";"443.0"
"86170.0";"443.0";"443.0"
"86180.0";"443.0";"443.0"
"86190.0";"443.0";"443.0"
"86200.0";"443.0";"443.0"
"86210.0";"443.0";"443.0"
"86220.0";"443.0";"443.0"
"86230.0";"443.0";"443.0"
"86240.0";"443.0";"443.0"
"86250.0";"443.0";"443.0"
"86260.0";"443.0";"443.0"
"86270.0";"443.0";"443.0"
"86280.0";"443.0";"443.0"
"86290.0";"443.0";"443.0"
"86300.0";"443.0";"443.0"
"86310.0";"443.0";"443.0"
"86320.0";"443.0";"443.0"
"86330.0";"443.0";"443.0"
"86340.0";"443.0";"443.0"
"86350.0";"443.0";"443.0"
"86360.0";"443.0";"443.0"
"86370.0";"443.0";"443.0"
"86380.0";"443.0";"443.0"
"86390.0";"443.0";"443.0"
"86400.0";"443.0";"443.0"
"86410.0";"443.0";"443.0"
"86420.0";"443.0";"443.0"
"86430.0";"443.0";"443.0"
"86440.0";"443.0";"443.0"
"86450.0";"443.0";"443.0"
"86460.0";"443.0";"443.0"
"86470.0";"443.0";"443.0"
"86480.0";"443.0";"443.0"
"86490.0";"443.0";"443.0"
"86500.0";"443.0";"443.0"
"86510.0";"443.0";"443.0"
"86520.0";"443.0";"443.0"
"86530.0";"443.0";"443.0"
"86540.0";"443.0";"443.0"
"86550.0";"443.0";"443.0"
"86560.0";"443.0";"443.0"
"86570.0";"443.0";"443.0"
"86580.0";"443.0";"443.0"
"86590.0";"443.0";"443.0"
"86600.0";"443.0";"443.0"
"86610.0";"443.0";"443.0"
"86620.0";"443.0";"443.0"
"86630.0";"443.0";"443.0"
"86640.0";"443.0";"443.0"
"86650.0";"443.0";"443.0"
"86660.0";"443.0";"443.0"
"86670.0";"443.0";"443.0"
"86680.0";"443.0";"443.0"
"86690.0";"443.0";"443.0"
"86700.0";"443.0";"443.0"
"86710.0";"443.0";"443.0"
"86720.0";"443.0";"443.0"
"86730.0";"443.0";"443.0"
"86740.0";"443.0";"443.0"
"86750.0";"443.0";"443.0"
"86760.0";"443.0";"443.0"
"86770.0";"443.0";"443.0"
"86780.0";"443.0";"443.0"
"86790.0";"443.0";"443.0"
"86800.0";"443.0";"443.0"
"86810.0";"443.0";"443.0"
"86820.0";"443.0";"443.0"
"86830.0";"443.0";"443.0"
"86840.0";"443.0";"443.0"
"86850.0";"443.0";"443.0"
"86860.0";"443.0";"443.0"
"86870.0";"443.0";"443.0"
"86880.0";"443.0";"443.0"
"86890.0";"443.0";"443.0"
"86900.0";"443.0";"443.0"
"86910.0";"443.0";"443.0"
"86920.0";"443.0";"443.0"
"86930.0";"443.0";"443.0"
"86940.0";"443.0";"443.0"
"86950.0";"443.0";"443.0"
"86960.0";"443.0";"443.0"
"86970.0";"443.0";"443.0"
"86980.0";"443.0";"443.0"
"86990.0";"443.0";"443.0"
"87000.0";"443.0";"443.0"
"87010.0";"443.0";"443.0"
"87020.0";"443.0";"443.0"
"87030.0";"443.0";"443.0"
"87040.0";"443.0";"443.0"
"87050.0";"443.0";"443.0"
"87060.0";"443.0";"443.0"
"87070.0";"443.0";"443.0"
"87080.0";"443.0";"443.0"
"87090.0";"443.0";"443.0"
"87100.0";"443.0";"443.0"
"87110.0";"443.0";"443.0"
"87120.0";"443.0";"443.0"
"87130.0";"443.0";"443.0"
"87140.0";"443.0";"443.0"
"87150.0";"443.0";"443.0"
"87160.0";"443.0";"443.0"
"87170.0";"443.0";"443.0"
"87180.0";"443.0";"443.0"
"87190.0";"443.0";"443.0"
"87200.0";"443.0";"443.0"
"87210.0";"443.0";"443.0"
"87220.0";"443.0";"443.0"
"87230.0";"443.0";"443.0"
"87240.0";"443.0";"443.0"
"87250.0";"443.0";"443.0"
"87260.0";"443.0";"443.0"
"87270.0";"443.0";"443.0"
"87280.0";"443.0";"443.0"
"87290.0";"443.0";"443.0"
"87300.0";"443.0";"443.0"
"87310.0";"443.0";"443.0"
"87320.0";"443.0";"443.0"
"87330.0";"443.0";"443.0"
"87340.0";"443.0";"443.0"
"87350.0";"443.0";"443.0"
"87360.0";"443.0";"443.0"
"87370.0";"443.0";"443.0"
"87380.0";"443.0";"443.0"
"87390.0";"443.0";"443.0"
"87400.0";"443.0";"443.0"
"87410.0";"443.0";"443.0"
"87420.0";"443.0";"443.0"
"87430.0";"443.0";"443.0"
"87440.0";"443.0";"443.0"
"87450.0";"443.0";"443.0"
"87460.0";"443.0";"443.0"
"87470.0";"443.0";"443.0"
"87480.0";"443.0";"443.0"
"87490.0";"443.0";"443.0"
"87500.0";"443.0";"443.0"
"87510.0";"443.0";"443.0"
"87520.0";"443.0";"443.0"
"87530.0";"443.0";"443.0"
"87540.0";"443.0";"443.0"
"87550.0";"443.0";"443.0"
"87560.0";"443.0";"443.0"
"87570.0";"443.0";"443.0"
"87580.0";"443.0";"443.0"
"87590.0";"443.0";"443.0"
"87600.0";"443.0";"443.0"
"87610.0";"443.0";"443.0"
"87620.0";"443.0";"443.0"
"87630.0";"443.0";"443.0"
"87640.0";"443.0";"443.0"
"87650.0";"443.0";"443.0"
"87660.0";"443.0";"443.0"
"87670.0";"443.0";"443.0"
"87680.0";"443.0";"443.0"
"87690.0";"443.0";"443.0"
"87700.0";"443.0";"443.0"
"87710.0";"443.0";"443.0"
"87720.0";"443.0";"443.0"
"87730.0";"443.0";"443.0"
"87740.0";"443.0";"443.0"
"87750.0";"443.0";"443.0"
"87760.0";"443.0";"443.0"
"87770.0";"443.0";"443.0"
"87780.0";"443.0";"443.0"
"87790.0";"443.0";"443.0"
"87800.0";"443.0";"443.0"
"87810.0";"443.0";"443.0"
"87820.0";"443.0";"443.0"
"87830.0";"443.0";"443.0"
"87840.0";"443.0";"443.0"
"87850.0";"443.0";"443.0"
"87860.0";"443.0";"443.0"
"87870.0";"443.0";"443.0"
"87880.0";"443.0";"443.0"
"87890.0";"443.0";"443.0"
"87900.0";"443.0";"443.0"
"87910.0";"443.0";"443.0"
"87920.0";"443.0";"443.0"
"87930.0";"443.0";"443.0"
"87940.0";"443.0";"443.0"
"87950.0";"443.0";"443.0"
"87960.0";"443.0";"443.0"
"87970.0";"443.0";"443.0"
"87980.0";"443.0";"443.0"
"87990.0";"443.0";"443.0"
"88000.0";"443.0";"443.0"
"88010.0";"443.0";"443.0"
"88020.0";"443.0";"443.0"
"88030.0";"443.0";"443.0"
"88040.0";"443.0";"443.0"
"88050.0";"443.0";"443.0"
"88060.0";"443.0";"443.0"
"88070.0";"443.0";"443.0"
"88080.0";"443.0";"443.0"
"88090.0";"443.0";"443.0"
"88100.0";"443.0";"443.0"
"88110.0";"443.0";"443.0"
"88120.0";"443.0";"443.0"
"88130.0";"443.0";"443.0"
"88140.0";"443.0";"443.0"
"88150.0";"443.0";"443.0"
"88160.0";"443.0";"443.0"
"88170.0";"443.0";"443.0"
"88180.0";"443.0";"443.0"
"88190.0";"443.0";"443.0"
"88200.0";"443.0";"443.0"
"88210.0";"443.0";"443.0"
"88220.0";"443.0";"443.0"
"88230.0";"443.0";"443.0"
"88240.0";"443.0";"443.0"
"88250.0";"443.0";"443.0"
"88260.0";"443.0";"443.0"
"88270.0";"443.0";"443.0"
"88280.0";"443.0";"443.0"
"88290.0";"443.0";"443.0"
"88300.0";"443.0";"443.0"
"88310.0";"443.0";"443.0"
"88320.0";"443.0";"443.0"
"88330.0";"443.0";"443.0"
"88340.0";"443.0";"443.0"
"88350.0";"443.0";"443.0"
"88360.0";"443.0";"443.0"
"88370.0";"443.0";"443.0"
"88380.0";"443.0";"443.0"
"88390.0";"443.0";"443.0"
"88400.0";"443.0";"443.0"
"88410.0";"443.0";"443.0"
"88420.0";"443.0";"443.0"
"88430.0";"443.0";"443.0"
"88440.0";"443.0";"443.0"
"88450.0";"443.0";"443.0"
"88460.0";"443.0";"443.0"
"88470.0";"443.0";"443.0"
"88480.0";"443.0";"443.0"
"88490.0";"443.0";"443.0"
"88500.0";"443.0";"443.0"
"88510.0";"443.0";"443.0"
"88520.0";"443.0";"443.0"
"88530.0";"443.0";"443.0"
"88540.0";"443.0";"443.0"
"88550.0";"443.0";"443.0"
"88560.0";"443.0";"443.0"
"88570.0";"443.0";"443.0"
"88580.0";"443.0";"443.0"
"88590.0";"443.0";"443.0"
"88600.0";"443.0";"443.0"
"88610.0";"443.0";"443.0"
"88620.0";"443.0";"443.0"
"88630.0";"443.0";"443.0"
"88640.0";"443.0";"443.0"
"88650.0";"443.0";"443.0"
"88660.0";"443.0";"443.0"
"88670.0";"443.0";"443.0"
"88680.0";"443.0";"443.0"
"88690.0";"443.0";"443.0"
"88700.0";"443.0";"443.0"
"88710.0";"443.0";"443.0"
"88720.0";"443.0";"443.0"
"88730.0";"443.0";"443.0"
"88740.0";"443.0";"443.0"
"88750.0";"443.0";"443.0"
"88760.0";"443.0";"443.0"
"88770.0";"443.0";"443.0"
"88780.0";"443.0";"443.0"
"88790.0";"443.0";"443.0"
"88800.0";"443.0";"443.0"
"88810.0";"443.0";"443.0"
"88820.0";"443.0";"443.0"
"88830.0";"443.0";"443.0"
"88840.0";"443.0";"443.0"
"88850.0";"443.0";"443.0"
"88860.0";"443.0";"443.0"
"88870.0";"443.0";"443.0"
"88880.0";"443.0";"443.0"
"88890.0";"443.0";"443.0"
"88900.0";"443.0";"443.0"
"88910.0";"443.0";"443.0"
"88920.0";"443.0";"443.0"
"88930.0";"443.0";"443.0"
"88940.0";"443.0";"443.0"
"88950.0";"443.0";"443.0"
"88960.0";"443.0";"443.0"
"88970.0";"443.0";"443.0"
"88980.0";"443.0";"443.0"
"88990.0";"443.0";"443.0"
"89000.0";"443.0";"443.0"
"89010.0";"443.0";"443.0"
"89020.0";"443.0";"443.0"
"89030.0";"443.0";"443.0"
"89040.0";"443.0";"443.0"
"89050.0";"443.0";"443.0"
"89060.0";"443.0";"443.0"
"89070.0";"443.0";"443.0"
"89080.0";"443.0";"443.0"
"89090.0";"443.0";"443.0"
"89100.0";"443.0";"443.0"
"89110.0";"443.0";"443.0"
"89120.0";"443.0";"443.0"
"89130.0";"443.0";"443.0"
"89140.0";"443.0";"443.0"
"89150.0";"443.0";"443.0"
"89160.0";"443.0";"443.0"
"89170.0";"443.0";"443.0"
"89180.0";"443.0";"443.0"
"89190.0";"443.0";"443.0"
"89200.0";"443.0";"443.0"
"89210.0";"443.0";"443.0"
"89220.0";"443.0";"443.0"
"89230.0";"443.0";"443.0"
"89240.0";"443.0";"443.0"
"89250.0";"443.0";"443.0"
"89260.0";"443.0";"443.0"
"89270.0";"443.0";"443.0"
"89280.0";"443.0";"443.0"
"89290.0";"443.0";"443.0"
"89300.0";"443.0";"443.0"
"89310.0";"443.0";"443.0"
"89320.0";"443.0";"443.0"
"89330.0";"443.0";"443.0"
"89340.0";"443.0";"443.0"
"89350.0";"443.0";"443.0"
"89360.0";"443.0";"443.0"
"89370.0";"443.0";"443.0"
"89380.0";"443.0";"443.0"
"89390.0";"443.0";"443.0"
"89400.0";"443.0";"443.0"
"89410.0";"443.0";"443.0"
"89420.0";"443.0";"443.0"
"89430.0";"443.0";"443.0"
"89440.0";"443.0";"443.0"
"89450.0";"443.0";"443.0"
"89460.0";"443.0";"443.0"
"89470.0";"443.0";"443.0"
"89480.0";"443.0";"443.0"
"89490.0";"443.0";"443.0"
"89500.0";"443.0";"443.0"
"89510.0";"443.0";"443.0"
"89520.0";"443.0";"443.0"
"89530.0";"443.0";"443.0"
"89540.0";"443.0";"443.0"
"89550.0";"443.0";"443.0"
"89560.0";"443.0";"443.0"
"89570.0";"443.0";"443.0"
"89580.0";"443.0";"443.0"
"89590.0";"443.0";"443.0"
"89600.0";"443.0";"443.0"
"89610.0";"443.0";"443.0"
"89620.0";"443.0";"443.0"
"89630.0";"443.0";"443.0"
"89640.0";"443.0";"443.0"
"89650.0";"443.0";"443.0"
"89660.0";"443.0";"443.0"
"89670.0";"443.0";"443.0"
"89680.0";"443.0";"443.0"
"89690.0";"443.0";"443.0"
"89700.0";"443.0";"443.0"
"89710.0";"443.0";"443.0"
"89720.0";"443.0";"443.0"
"89730.0";"443.0";"443.0"
"89740.0";"443.0";"443.0"
"89750.0";"443.0";"443.0"
"89760.0";"443.0";"443.0"
"89770.0";"443.0";"443.0"
"89780.0";"443.0";"443.0"
"89790.0";"443.0";"443.0"
"89800.0";"443.0";"443.0"
"89810.0";"443.0";"443.0"
"89820.0";"443.0";"443.0"
"89830.0";"443.0";"443.0"
"89840.0";"443.0";"443.0"
"89850.0";"443.0";"443.0"
"89860.0";"443.0";"443.0"
"89870.0";"443.0";"443.0"
"89880.0";"443.0";"443.0"
"89890.0";"443.0";"443.0"
"89900.0";"443.0";"443.0"
"89910.0";"443.0";"443.0"
"89920.0";"443.0";"443.0"
"89930.0";"443.0";"443.0"
"89940.0";"443.0";"443.0"
"89950.0";"443.0";"443.0"
"89960.0";"443.0";"443.0"
"89970.0";"443.0";"443.0"
"89980.0";"443.0";"443.0"
"89990.0";"443.0";"443.0"
"90000.0";"443.0";"443.0"
"90010.0";"443.0";"443.0"
"90020.0";"443.0";"443.0"
"90030.0";"443.0";"443.0"
"90040.0";"443.0";"443.0"
"90050.0";"443.0";"443.0"
"90060.0";"443.0";"443.0"
"90070.0";"443.0";"443.0"
"90080.0";"443.0";"443.0"
"90090.0";"443.0";"443.0"
"90100.0";"443.0";"443.0"
"90110.0";"443.0";"443.0"
"90120.0";"443.0";"443.0"
"90130.0";"443.0";"443.0"
"90140.0";"443.0";"443.0"
"90150.0";"443.0";"443.0"
"90160.0";"443.0";"443.0"
"90170.0";"443.0";"443.0"
"90180.0";"443.0";"443.0"
"90190.0";"443.0";"443.0"
"90200.0";"443.0";"443.0"
"90210.0";"443.0";"443.0"
"90220.0";"443.0";"443.0"
"90230.0";"443.0";"443.0"
"90240.0";"443.0";"443.0"
"90250.0";"443.0";"443.0"
"90260.0";"443.0";"443.0"
"90270.0";"443.0";"443.0"
"90280.0";"443.0";"443.0"
"90290.0";"443.0";"443.0"
"90300.0";"443.0";"443.0"
"90310.0";"443.0";"443.0"
"90320.0";"443.0";"443.0"
"90330.0";"443.0";"443.0"
"90340.0";"443.0";"443.0"
"90350.0";"443.0";"443.0"
"90360.0";"443.0";"443.0"
"90370.0";"443.0";"443.0"
"90380.0";"443.0";"443.0"
"90390.0";"443.0";"443.0"
"90400.0";"443.0";"443.0"
"90410.0";"443.0";"443.0"
"90420.0";"443.0";"443.0"
"90430.0";"443.0";"443.0"
"90440.0";"443.0";"443.0"
"90450.0";"443.0";"443.0"
"90460.0";"443.0";"443.0"
"90470.0";"443.0";"443.0"
"90480.0";"443.0";"443.0"
"90490.0";"443.0";"443.0"
"90500.0";"443.0";"443.0"
"90510.0";"443.0";"443.0"
"90520.0";"443.0";"443.0"
"90530.0";"443.0";"443.0"
"90540.0";"443.0";"443.0"
"90550.0";"443.0";"443.0"
"90560.0";"443.0";"443.0"
"90570.0";"443.0";"443.0"
"90580.0";"443.0";"443.0"
"90590.0";"443.0";"443.0"
"90600.0";"443.0";"443.0"
"90610.0";"443.0";"443.0"
"90620.0";"443.0";"443.0"
"90630.0";"443.0";"443.0"
"90640.0";"443.0";"443.0"
"90650.0";"443.0";"443.0"
"90660.0";"443.0";"443.0"
"90670.0";"443.0";"443.0"
"90680.0";"443.0";"443.0"
"90690.0";"443.0";"443.0"
"90700.0";"443.0";"443.0"
"90710.0";"443.0";"443.0"
"90720.0";"443.0";"443.0"
"90730.0";"443.0";"443.0"
"90740.0";"443.0";"443.0"
"90750.0";"443.0";"443.0"
"90760.0";"443.0";"443.0"
"90770.0";"443.0";"443.0"
"90780.0";"443.0";"443.0"
"90790.0";"443.0";"443.0"
"90800.0";"443.0";"443.0"
"90810.0";"443.0";"443.0"
"90820.0";"443.0";"443.0"
"90830.0";"443.0";"443.0"
"90840.0";"443.0";"443.0"
"90850.0";"443.0";"443.0"
"90860.0";"443.0";"443.0"
"90870.0";"443.0";"443.0"
"90880.0";"443.0";"443.0"
"90890.0";"443.0";"443.0"
"90900.0";"443.0";"443.0"
"90910.0";"443.0";"443.0"
"90920.0";"443.0";"443.0"
"90930.0";"443.0";"443.0"
"90940.0";"443.0";"443.0"
"90950.0";"443.0";"443.0"
"90960.0";"443.0";"443.0"
"90970.0";"443.0";"443.0"
"90980.0";"443.0";"443.0"
"90990.0";"443.0";"443.0"
"91000.0";"443.0";"443.0"
"91010.0";"443.0";"443.0"
"91020.0";"443.0";"443.0"
"91030.0";"443.0";"443.0"
"91040.0";"443.0";"443.0"
"91050.0";"443.0";"443.0"
"91060.0";"443.0";"443.0"
"91070.0";"443.0";"443.0"
"91080.0";"443.0";"443.0"
"91090.0";"443.0";"443.0"
"91100.0";"443.0";"443.0"
"91110.0";"443.0";"443.0"
"91120.0";"443.0";"443.0"
"91130.0";"443.0";"443.0"
"91140.0";"443.0";"443.0"
"91150.0";"443.0";"443.0"
"91160.0";"443.0";"443.0"
"91170.0";"443.0";"443.0"
"91180.0";"443.0";"443.0"
"91190.0";"443.0";"443.0"
"91200.0";"443.0";"443.0"
"91210.0";"443.0";"443.0"
"91220.0";"443.0";"443.0"
"91230.0";"443.0";"443.0"
"91240.0";"443.0";"443.0"
"91250.0";"443.0";"443.0"
"91260.0";"443.0";"443.0"
"91270.0";"443.0";"443.0"
"91280.0";"443.0";"443.0"
"91290.0";"443.0";"443.0"
"91300.0";"443.0";"443.0"
"91310.0";"443.0";"443.0"
"91320.0";"443.0";"443.0"
"91330.0";"443.0";"443.0"
"91340.0";"443.0";"443.0"
"91350.0";"443.0";"443.0"
"91360.0";"443.0";"443.0"
"91370.0";"443.0";"443.0"
"91380.0";"443.0";"443.0"
"91390.0";"443.0";"443.0"
"91400.0";"443.0";"443.0"
"91410.0";"443.0";"443.0"
"91420.0";"443.0";"443.0"
"91430.0";"443.0";"443.0"
"91440.0";"443.0";"443.0"
"91450.0";"443.0";"443.0"
"91460.0";"443.0";"443.0"
"91470.0";"443.0";"443.0"
"91480.0";"443.0";"443.0"
"91490.0";"443.0";"443.0"
"91500.0";"443.0";"443.0"
"91510.0";"443.0";"443.0"
"91520.0";"443.0";"443.0"
"91530.0";"443.0";"443.0"
"91540.0";"443.0";"443.0"
"91550.0";"443.0";"443.0"
"91560.0";"443.0";"443.0"
"91570.0";"443.0";"443.0"
"91580.0";"443.0";"443.0"
"91590.0";"443.0";"443.0"
"91600.0";"443.0";"443.0"
"91610.0";"443.0";"443.0"
"91620.0";"443.0";"443.0"
"91630.0";"443.0";"443.0"
"91640.0";"443.0";"443.0"
"91650.0";"443.0";"443.0"
"91660.0";"443.0";"443.0"
"91670.0";"443.0";"443.0"
"91680.0";"443.0";"443.0"
"91690.0";"443.0";"443.0"
"91700.0";"443.0";"443.0"
"91710.0";"443.0";"443.0"
"91720.0";"443.0";"443.0"
"91730.0";"443.0";"443.0"
"91740.0";"443.0";"443.0"
"91750.0";"443.0";"443.0"
"91760.0";"443.0";"443.0"
"91770.0";"443.0";"443.0"
"91780.0";"443.0";"443.0"
"91790.0";"443.0";"443.0"
"91800.0";"443.0";"443.0"
"91810.0";"443.0";"443.0"
"91820.0";"443.0";"443.0"
"91830.0";"443.0";"443.0"
"91840.0";"443.0";"443.0"
"91850.0";"443.0";"443.0"
"91860.0";"443.0";"443.0"
"91870.0";"443.0";"443.0"
"91880.0";"443.0";"443.0"
"91890.0";"443.0";"443.0"
"91900.0";"443.0";"443.0"
"91910.0";"443.0";"443.0"
"91920.0";"443.0";"443.0"
"91930.0";"443.0";"443.0"
"91940.0";"443.0";"443.0"
"91950.0";"443.0";"443.0"
"91960.0";"443.0";"443.0"
"91970.0";"443.0";"443.0"
"91980.0";"443.0";"443.0"
"91990.0";"443.0";"443.0"
"92000.0";"443.0";"443.0"
"92010.0";"443.0";"443.0"
"92020.0";"443.0";"443.0"
"92030.0";"443.0";"443.0"
"92040.0";"443.0";"443.0"
"92050.0";"443.0";"443.0"
"92060.0";"443.0";"443.0"
"92070.0";"443.0";"443.0"
"92080.0";"443.0";"443.0"
"92090.0";"443.0";"443.0"
"92100.0";"443.0";"443.0"
"92110.0";"443.0";"443.0"
"92120.0";"443.0";"443.0"
"92130.0";"443.0";"443.0"
"92140.0";"443.0";"443.0"
"92150.0";"443.0";"443.0"
"92160.0";"443.0";"443.0"
"92170.0";"443.0";"443.0"
"92180.0";"443.0";"443.0"
"92190.0";"443.0";"443.0"
"92200.0";"443.0";"443.0"
"92210.0";"443.0";"443.0"
"92220.0";"443.0";"443.0"
"92230.0";"443.0";"443.0"
"92240.0";"443.0";"443.0"
"92250.0";"443.0";"443.0"
"92260.0";"443.0";"443.0"
"92270.0";"443.0";"443.0"
"92280.0";"443.0";"443.0"
"92290.0";"443.0";"443.0"
"92300.0";"443.0";"443.0"
"92310.0";"443.0";"443.0"
"92320.0";"443.0";"443.0"
"92330.0";"443.0";"443.0"
"92340.0";"443.0";"443.0"
"92350.0";"443.0";"443.0"
"92360.0";"443.0";"443.0"
"92370.0";"443.0";"443.0"
"92380.0";"443.0";"443.0"
"92390.0";"443.0";"443.0"
"92400.0";"443.0";"443.0"
"92410.0";"443.0";"443.0"
"92420.0";"443.0";"443.0"
"92430.0";"443.0";"443.0"
"92440.0";"443.0";"443.0"
"92450.0";"443.0";"443.0"
"92460.0";"443.0";"443.0"
"92470.0";"443.0";"443.0"
"92480.0";"443.0";"443.0"
"92490.0";"443.0";"443.0"
"92500.0";"443.0";"443.0"
"92510.0";"443.0";"443.0"
"92520.0";"443.0";"443.0"
"92530.0";"443.0";"443.0"
"92540.0";"443.0";"443.0"
"92550.0";"443.0";"443.0"
"92560.0";"443.0";"443.0"
"92570.0";"443.0";"443.0"
"92580.0";"443.0";"443.0"
"92590.0";"443.0";"443.0"
"92600.0";"443.0";"443.0"
"92610.0";"443.0";"443.0"
"92620.0";"443.0";"443.0"
"92630.0";"443.0";"443.0"
"92640.0";"443.0";"443.0"
"92650.0";"443.0";"443.0"
"92660.0";"443.0";"443.0"
"92670.0";"443.0";"443.0"
"92680.0";"443.0";"443.0"
"92690.0";"443.0";"443.0"
"92700.0";"443.0";"443.0"
"92710.0";"443.0";"443.0"
"92720.0";"443.0";"443.0"
"92730.0";"443.0";"443.0"
"92740.0";"443.0";"443.0"
"92750.0";"443.0";"443.0"
"92760.0";"443.0";"443.0"
"92770.0";"443.0";"443.0"
"92780.0";"443.0";"443.0"
"92790.0";"443.0";"443.0"
"92800.0";"443.0";"443.0"
"92810.0";"443.0";"443.0"
"92820.0";"443.0";"443.0"
"92830.0";"443.0";"443.0"
"92840.0";"443.0";"443.0"
"92850.0";"443.0";"443.0"
"92860.0";"443.0";"443.0"
"92870.0";"443.0";"443.0"
"92880.0";"443.0";"443.0"
"92890.0";"443.0";"443.0"
"92900.0";"443.0";"443.0"
"92910.0";"443.0";"443.0"
"92920.0";"443.0";"443.0"
"92930.0";"443.0";"443.0"
"92940.0";"443.0";"443.0"
"92950.0";"443.0";"443.0"
"92960.0";"443.0";"443.0"
"92970.0";"443.0";"443.0"
"92980.0";"443.0";"443.0"
"92990.0";"443.0";"443.0"
"93000.0";"443.0";"443.0"
"93010.0";"443.0";"443.0"
"93020.0";"443.0";"443.0"
"93030.0";"443.0";"443.0"
"93040.0";"443.0";"443.0"
"93050.0";"443.0";"443.0"
"93060.0";"443.0";"443.0"
"93070.0";"443.0";"443.0"
"93080.0";"443.0";"443.0"
"93090.0";"443.0";"443.0"
"93100.0";"443.0";"443.0"
"93110.0";"443.0";"443.0"
"93120.0";"443.0";"443.0"
"93130.0";"443.0";"443.0"
"93140.0";"443.0";"443.0"
"93150.0";"443.0";"443.0"
"93160.0";"443.0";"443.0"
"93170.0";"443.0";"443.0"
"93180.0";"443.0";"443.0"
"93190.0";"443.0";"443.0"
"93200.0";"443.0";"443.0"
"93210.0";"443.0";"443.0"
"93220.0";"443.0";"443.0"
"93230.0";"443.0";"443.0"
"93240.0";"443.0";"443.0"
"93250.0";"443.0";"443.0"
"93260.0";"443.0";"443.0"
"93270.0";"443.0";"443.0"
"93280.0";"443.0";"443.0"
"93290.0";"443.0";"443.0"
"93300.0";"443.0";"443.0"
"93310.0";"443.0";"443.0"
"93320.0";"443.0";"443.0"
"93330.0";"443.0";"443.0"
"93340.0";"443.0";"443.0"
"93350.0";"443.0";"443.0"
"93360.0";"443.0";"443.0"
"93370.0";"443.0";"443.0"
"93380.0";"443.0";"443.0"
"93390.0";"443.0";"443.0"
"93400.0";"443.0";"443.0"
"93410.0";"443.0";"443.0"
"93420.0";"443.0";"443.0"
"93430.0";"443.0";"443.0"
"93440.0";"443.0";"443.0"
"93450.0";"443.0";"443.0"
"93460.0";"443.0";"443.0"
"93470.0";"443.0";"443.0"
"93480.0";"443.0";"443.0"
"93490.0";"443.0";"443.0"
"93500.0";"443.0";"443.0"
"93510.0";"443.0";"443.0"
"93520.0";"443.0";"443.0"
"93530.0";"443.0";"443.0"
"93540.0";"443.0";"443.0"
"93550.0";"443.0";"443.0"
"93560.0";"443.0";"443.0"
"93570.0";"443.0";"443.0"
"93580.0";"443.0";"443.0"
"93590.0";"443.0";"443.0"
"93600.0";"443.0";"443.0"
"93610.0";"443.0";"443.0"
"93620.0";"443.0";"443.0"
"93630.0";"443.0";"443.0"
"93640.0";"443.0";"443.0"
"93650.0";"443.0";"443.0"
"93660.0";"443.0";"443.0"
"93670.0";"443.0";"443.0"
"93680.0";"443.0";"443.0"
"93690.0";"443.0";"443.0"
"93700.0";"443.0";"443.0"
"93710.0";"443.0";"443.0"
"93720.0";"443.0";"443.0"
"93730.0";"443.0";"443.0"
"93740.0";"443.0";"443.0"
"93750.0";"443.0";"443.0"
"93760.0";"443.0";"443.0"
"93770.0";"443.0";"443.0"
"93780.0";"443.0";"443.0"
"93790.0";"443.0";"443.0"
"93800.0";"443.0";"443.0"
"93810.0";"443.0";"443.0"
"93820.0";"443.0";"443.0"
"93830.0";"443.0";"443.0"
"93840.0";"443.0";"443.0"
"93850.0";"443.0";"443.0"
"93860.0";"443.0";"443.0"
"93870.0";"443.0";"443.0"
"93880.0";"443.0";"443.0"
"93890.0";"443.0";"443.0"
"93900.0";"443.0";"443.0"
"93910.0";"443.0";"443.0"
"93920.0";"443.0";"443.0"
"93930.0";"443.0";"443.0"
"93940.0";"443.0";"443.0"
"93950.0";"443.0";"443.0"
"93960.0";"443.0";"443.0"
"93970.0";"443.0";"443.0"
"93980.0";"443.0";"443.0"
"93990.0";"443.0";"443.0"
"94000.0";"443.0";"443.0"
"94010.0";"443.0";"443.0"
"94020.0";"443.0";"443.0"
"94030.0";"443.0";"443.0"
"94040.0";"443.0";"443.0"
"94050.0";"443.0";"443.0"
"94060.0";"443.0";"443.0"
"94070.0";"443.0";"443.0"
"94080.0";"443.0";"443.0"
"94090.0";"443.0";"443.0"
"94100.0";"443.0";"443.0"
"94110.0";"443.0";"443.0"
"94120.0";"443.0";"443.0"
"94130.0";"443.0";"443.0"
"94140.0";"443.0";"443.0"
"94150.0";"443.0";"443.0"
"94160.0";"443.0";"443.0"
"94170.0";"443.0";"443.0"
"94180.0";"443.0";"443.0"
"94190.0";"443.0";"443.0"
"94200.0";"443.0";"443.0"
"94210.0";"443.0";"443.0"
"94220.0";"443.0";"443.0"
"94230.0";"443.0";"443.0"
"94240.0";"443.0";"443.0"
"94250.0";"443.0";"443.0"
"94260.0";"443.0";"443.0"
"94270.0";"443.0";"443.0"
"94280.0";"443.0";"443.0"
"94290.0";"443.0";"443.0"
"94300.0";"443.0";"443.0"
"94310.0";"443.0";"443.0"
"94320.0";"443.0";"443.0"
"94330.0";"443.0";"443.0"
"94340.0";"443.0";"443.0"
"94350.0";"443.0";"443.0"
"94360.0";"443.0";"443.0"
"94370.0";"443.0";"443.0"
"94380.0";"443.0";"443.0"
"94390.0";"443.0";"443.0"
"94400.0";"443.0";"443.0"
"94410.0";"443.0";"443.0"
"94420.0";"443.0";"443.0"
"94430.0";"443.0";"443.0"
"94440.0";"443.0";"443.0"
"94450.0";"443.0";"443.0"
"94460.0";"443.0";"443.0"
"94470.0";"443.0";"443.0"
"94480.0";"443.0";"443.0"
"94490.0";"443.0";"443.0"
"94500.0";"443.0";"443.0"
"94510.0";"443.0";"443.0"
"94520.0";"443.0";"443.0"
"94530.0";"443.0";"443.0"
"94540.0";"443.0";"443.0"
"94550.0";"443.0";"443.0"
"94560.0";"443.0";"443.0"
"94570.0";"443.0";"443.0"
"94580.0";"443.0";"443.0"
"94590.0";"443.0";"443.0"
"94600.0";"443.0";"443.0"
"94610.0";"443.0";"443.0"
"94620.0";"443.0";"443.0"
"94630.0";"443.0";"443.0"
"94640.0";"443.0";"443.0"
"94650.0";"443.0";"443.0"
"94660.0";"443.0";"443.0"
"94670.0";"443.0";"443.0"
"94680.0";"443.0";"443.0"
"94690.0";"443.0";"443.0"
"94700.0";"443.0";"443.0"
"94710.0";"443.0";"443.0"
"94720.0";"443.0";"443.0"
"94730.0";"443.0";"443.0"
"94740.0";"443.0";"443.0"
"94750.0";"443.0";"443.0"
"94760.0";"443.0";"443.0"
"94770.0";"443.0";"443.0"
"94780.0";"443.0";"443.0"
"94790.0";"443.0";"443.0"
"94800.0";"443.0";"443.0"
"94810.0";"443.0";"443.0"
"94820.0";"443.0";"443.0"
"94830.0";"443.0";"443.0"
"94840.0";"443.0";"443.0"
"94850.0";"443.0";"443.0"
"94860.0";"443.0";"443.0"
"94870.0";"443.0";"443.0"
"94880.0";"443.0";"443.0"
"94890.0";"443.0";"443.0"
"94900.0";"443.0";"443.0"
"94910.0";"443.0";"443.0"
"94920.0";"443.0";"443.0"
"94930.0";"443.0";"443.0"
"94940.0";"443.0";"443.0"
"94950.0";"443.0";"443.0"
"94960.0";"443.0";"443.0"
"94970.0";"443.0";"443.0"
"94980.0";"443.0";"443.0"
"94990.0";"443.0";"443.0"
"95000.0";"443.0";"443.0"
"95010.0";"443.0";"443.0"
"95020.0";"443.0";"443.0"
"95030.0";"443.0";"443.0"
"95040.0";"443.0";"443.0"
"95050.0";"443.0";"443.0"
"95060.0";"443.0";"443.0"
"95070.0";"443.0";"443.0"
"95080.0";"443.0";"443.0"
"95090.0";"443.0";"443.0"
"95100.0";"443.0";"443.0"
"95110.0";"443.0";"443.0"
"95120.0";"443.0";"443.0"
"95130.0";"443.0";"443.0"
"95140.0";"443.0";"443.0"
"95150.0";"443.0";"443.0"
"95160.0";"443.0";"443.0"
"95170.0";"443.0";"443.0"
"95180.0";"443.0";"443.0"
"95190.0";"443.0";"443.0"
"95200.0";"443.0";"443.0"
"95210.0";"443.0";"443.0"
"95220.0";"443.0";"443.0"
"95230.0";"443.0";"443.0"
"95240.0";"443.0";"443.0"
"95250.0";"443.0";"443.0"
"95260.0";"443.0";"443.0"
"95270.0";"443.0";"443.0"
"95280.0";"443.0";"443.0"
"95290.0";"443.0";"443.0"
"95300.0";"443.0";"443.0"
"95310.0";"443.0";"443.0"
"95320.0";"443.0";"443.0"
"95330.0";"443.0";"443.0"
"95340.0";"443.0";"443.0"
"95350.0";"443.0";"443.0"
"95360.0";"443.0";"443.0"
"95370.0";"443.0";"443.0"
"95380.0";"443.0";"443.0"
"95390.0";"443.0";"443.0"
"95400.0";"443.0";"443.0"
"95410.0";"443.0";"443.0"
"95420.0";"443.0";"443.0"
"95430.0";"443.0";"443.0"
"95440.0";"443.0";"443.0"
"95450.0";"443.0";"443.0"
"95460.0";"443.0";"443.0"
"95470.0";"443.0";"443.0"
"95480.0";"443.0";"443.0"
"95490.0";"443.0";"443.0"
"95500.0";"443.0";"443.0"
"95510.0";"443.0";"443.0"
"95520.0";"443.0";"443.0"
"95530.0";"443.0";"443.0"
"95540.0";"443.0";"443.0"
"95550.0";"443.0";"443.0"
"95560.0";"443.0";"443.0"
"95570.0";"443.0";"443.0"
"95580.0";"443.0";"443.0"
"95590.0";"443.0";"443.0"
"95600.0";"443.0";"443.0"
"95610.0";"443.0";"443.0"
"95620.0";"443.0";"443.0"
"95630.0";"443.0";"443.0"
"95640.0";"443.0";"443.0"
"95650.0";"443.0";"443.0"
"95660.0";"443.0";"443.0"
"95670.0";"443.0";"443.0"
"95680.0";"443.0";"443.0"
"95690.0";"443.0";"443.0"
"95700.0";"443.0";"443.0"
"95710.0";"443.0";"443.0"
"95720.0";"443.0";"443.0"
"95730.0";"443.0";"443.0"
"95740.0";"443.0";"443.0"
"95750.0";"443.0";"443.0"
"95760.0";"443.0";"443.0"
"95770.0";"443.0";"443.0"
"95780.0";"443.0";"443.0"
"95790.0";"443.0";"443.0"
"95800.0";"443.0";"443.0"
"95810.0";"443.0";"443.0"
"95820.0";"443.0";"443.0"
"95830.0";"443.0";"443.0"
"95840.0";"443.0";"443.0"
"95850.0";"443.0";"443.0"
"95860.0";"443.0";"443.0"
"95870.0";"443.0";"443.0"
"95880.0";"443.0";"443.0"
"95890.0";"443.0";"443.0"
"95900.0";"443.0";"443.0"
"95910.0";"443.0";"443.0"
"95920.0";"443.0";"443.0"
"95930.0";"443.0";"443.0"
"95940.0";"443.0";"443.0"
"95950.0";"443.0";"443.0"
"95960.0";"443.0";"443.0"
"95970.0";"443.0";"443.0"
"95980.0";"443.0";"443.0"
"95990.0";"443.0";"443.0"
"96000.0";"443.0";"443.0"
"96010.0";"443.0";"443.0"
"96020.0";"443.0";"443.0"
"96030.0";"443.0";"443.0"
"96040.0";"443.0";"443.0"
"96050.0";"443.0";"443.0"
"96060.0";"443.0";"443.0"
"96070.0";"443.0";"443.0"
"96080.0";"443.0";"443.0"
"96090.0";"443.0";"443.0"
"96100.0";"443.0";"443.0"
"96110.0";"443.0";"443.0"
"96120.0";"443.0";"443.0"
"96130.0";"443.0";"443.0"
"96140.0";"443.0";"443.0"
"96150.0";"443.0";"443.0"
"96160.0";"443.0";"443.0"
"96170.0";"443.0";"443.0"
"96180.0";"443.0";"443.0"
"96190.0";"443.0";"443.0"
"96200.0";"443.0";"443.0"
"96210.0";"443.0";"443.0"
"96220.0";"443.0";"443.0"
"96230.0";"443.0";"443.0"
"96240.0";"443.0";"443.0"
"96250.0";"443.0";"443.0"
"96260.0";"443.0";"443.0"
"96270.0";"443.0";"443.0"
"96280.0";"443.0";"443.0"
"96290.0";"443.0";"443.0"
"96300.0";"443.0";"443.0"
"96310.0";"443.0";"443.0"
"96320.0";"443.0";"443.0"
"96330.0";"443.0";"443.0"
"96340.0";"443.0";"443.0"
"96350.0";"443.0";"443.0"
"96360.0";"443.0";"443.0"
"96370.0";"443.0";"443.0"
"96380.0";"443.0";"443.0"
"96390.0";"443.0";"443.0"
"96400.0";"443.0";"443.0"
"96410.0";"443.0";"443.0"
"96420.0";"443.0";"443.0"
"96430.0";"443.0";"443.0"
"96440.0";"443.0";"443.0"
"96450.0";"443.0";"443.0"
"96460.0";"443.0";"443.0"
"96470.0";"443.0";"443.0"
"96480.0";"443.0";"443.0"
"96490.0";"443.0";"443.0"
"96500.0";"443.0";"443.0"
"96510.0";"443.0";"443.0"
"96520.0";"443.0";"443.0"
"96530.0";"443.0";"443.0"
"96540.0";"443.0";"443.0"
"96550.0";"443.0";"443.0"
"96560.0";"443.0";"443.0"
"96570.0";"443.0";"443.0"
"96580.0";"443.0";"443.0"
"96590.0";"443.0";"443.0"
"96600.0";"443.0";"443.0"
"96610.0";"443.0";"443.0"
"96620.0";"443.0";"443.0"
"96630.0";"443.0";"443.0"
"96640.0";"443.0";"443.0"
"96650.0";"443.0";"443.0"
"96660.0";"443.0";"443.0"
"96670.0";"443.0";"443.0"
"96680.0";"443.0";"443.0"
"96690.0";"443.0";"443.0"
"96700.0";"443.0";"443.0"
"96710.0";"443.0";"443.0"
"96720.0";"443.0";"443.0"
"96730.0";"443.0";"443.0"
"96740.0";"443.0";"443.0"
"96750.0";"443.0";"443.0"
"96760.0";"443.0";"443.0"
"96770.0";"443.0";"443.0"
"96780.0";"443.0";"443.0"
"96790.0";"443.0";"443.0"
"96800.0";"443.0";"443.0"
"96810.0";"443.0";"443.0"
"96820.0";"443.0";"443.0"
"96830.0";"443.0";"443.0"
"96840.0";"443.0";"443.0"
"96850.0";"443.0";"443.0"
"96860.0";"443.0";"443.0"
"96870.0";"443.0";"443.0"
"96880.0";"443.0";"443.0"
"96890.0";"443.0";"443.0"
"96900.0";"443.0";"443.0"
"96910.0";"443.0";"443.0"
"96920.0";"443.0";"443.0"
"96930.0";"443.0";"443.0"
"96940.0";"443.0";"443.0"
"96950.0";"443.0";"443.0"
"96960.0";"443.0";"443.0"
"96970.0";"443.0";"443.0"
"96980.0";"443.0";"443.0"
"96990.0";"443.0";"443.0"
"97000.0";"443.0";"443.0"
"97010.0";"443.0";"443.0"
"97020.0";"443.0";"443.0"
"97030.0";"443.0";"443.0"
"97040.0";"443.0";"443.0"
"97050.0";"443.0";"443.0"
"97060.0";"443.0";"443.0"
"97070.0";"443.0";"443.0"
"97080.0";"443.0";"443.0"
"97090.0";"443.0";"443.0"
"97100.0";"443.0";"443.0"
"97110.0";"443.0";"443.0"
"97120.0";"443.0";"443.0"
"97130.0";"443.0";"443.0"
"97140.0";"443.0";"443.0"
"97150.0";"443.0";"443.0"
"97160.0";"443.0";"443.0"
"97170.0";"443.0";"443.0"
"97180.0";"443.0";"443.0"
"97190.0";"443.0";"443.0"
"97200.0";"443.0";"443.0"
"97210.0";"443.0";"443.0"
"97220.0";"443.0";"443.0"
"97230.0";"443.0";"443.0"
"97240.0";"443.0";"443.0"
"97250.0";"443.0";"443.0"
"97260.0";"443.0";"443.0"
"97270.0";"443.0";"443.0"
"97280.0";"443.0";"443.0"
"97290.0";"443.0";"443.0"
"97300.0";"443.0";"443.0"
"97310.0";"443.0";"443.0"
"97320.0";"443.0";"443.0"
"97330.0";"443.0";"443.0"
"97340.0";"443.0";"443.0"
"97350.0";"443.0";"443.0"
"97360.0";"443.0";"443.0"
"97370.0";"443.0";"443.0"
"97380.0";"443.0";"443.0"
"97390.0";"443.0";"443.0"
"97400.0";"443.0";"443.0"
"97410.0";"443.0";"443.0"
"97420.0";"443.0";"443.0"
"97430.0";"443.0";"443.0"
"97440.0";"443.0";"443.0"
"97450.0";"443.0";"443.0"
"97460.0";"443.0";"443.0"
"97470.0";"443.0";"443.0"
"97480.0";"443.0";"443.0"
"97490.0";"443.0";"443.0"
"97500.0";"443.0";"443.0"
"97510.0";"443.0";"443.0"
"97520.0";"443.0";"443.0"
"97530.0";"443.0";"443.0"
"97540.0";"443.0";"443.0"
"97550.0";"443.0";"443.0"
"97560.0";"443.0";"443.0"
"97570.0";"443.0";"443.0"
"97580.0";"443.0";"443.0"
"97590.0";"443.0";"443.0"
"97600.0";"443.0";"443.0"
"97610.0";"443.0";"443.0"
"97620.0";"443.0";"443.0"
"97630.0";"443.0";"443.0"
"97640.0";"443.0";"443.0"
"97650.0";"443.0";"443.0"
"97660.0";"443.0";"443.0"
"97670.0";"443.0";"443.0"
"97680.0";"443.0";"443.0"
"97690.0";"443.0";"443.0"
"97700.0";"443.0";"443.0"
"97710.0";"443.0";"443.0"
"97720.0";"443.0";"443.0"
"97730.0";"443.0";"443.0"
"97740.0";"443.0";"443.0"
"97750.0";"443.0";"443.0"
"97760.0";"443.0";"443.0"
"97770.0";"443.0";"443.0"
"97780.0";"443.0";"443.0"
"97790.0";"443.0";"443.0"
"97800.0";"443.0";"443.0"
"97810.0";"443.0";"443.0"
"97820.0";"443.0";"443.0"
"97830.0";"443.0";"443.0"
"97840.0";"443.0";"443.0"
"97850.0";"443.0";"443.0"
"97860.0";"443.0";"443.0"
"97870.0";"443.0";"443.0"
"97880.0";"443.0";"443.0"
"97890.0";"443.0";"443.0"
"97900.0";"443.0";"443.0"
"97910.0";"443.0";"443.0"
"97920.0";"443.0";"443.0"
"97930.0";"443.0";"443.0"
"97940.0";"443.0";"443.0"
"97950.0";"443.0";"443.0"
"97960.0";"443.0";"443.0"
"97970.0";"443.0";"443.0"
"97980.0";"443.0";"443.0"
"97990.0";"443.0";"443.0"
"98000.0";"443.0";"443.0"
"98010.0";"443.0";"443.0"
"98020.0";"443.0";"443.0"
"98030.0";"443.0";"443.0"
"98040.0";"443.0";"443.0"
"98050.0";"443.0";"443.0"
"98060.0";"443.0";"443.0"
"98070.0";"443.0";"443.0"
"98080.0";"443.0";"443.0"
"98090.0";"443.0";"443.0"
"98100.0";"443.0";"443.0"
"98110.0";"443.0";"443.0"
"98120.0";"443.0";"443.0"
"98130.0";"443.0";"443.0"
"98140.0";"443.0";"443.0"
"98150.0";"443.0";"443.0"
"98160.0";"443.0";"443.0"
"98170.0";"443.0";"443.0"
"98180.0";"443.0";"443.0"
"98190.0";"443.0";"443.0"
"98200.0";"443.0";"443.0"
"98210.0";"443.0";"443.0"
"98220.0";"443.0";"443.0"
"98230.0";"443.0";"443.0"
"98240.0";"443.0";"443.0"
"98250.0";"443.0";"443.0"
"98260.0";"443.0";"443.0"
"98270.0";"443.0";"443.0"
"98280.0";"443.0";"443.0"
"98290.0";"443.0";"443.0"
"98300.0";"443.0";"443.0"
"98310.0";"443.0";"443.0"
"98320.0";"443.0";"443.0"
"98330.0";"443.0";"443.0"
"98340.0";"443.0";"443.0"
"98350.0";"443.0";"443.0"
"98360.0";"443.0";"443.0"
"98370.0";"443.0";"443.0"
"98380.0";"443.0";"443.0"
"98390.0";"443.0";"443.0"
"98400.0";"443.0";"443.0"
"98410.0";"443.0";"443.0"
"98420.0";"443.0";"443.0"
"98430.0";"443.0";"443.0"
"98440.0";"443.0";"443.0"
"98450.0";"443.0";"443.0"
"98460.0";"443.0";"443.0"
"98470.0";"443.0";"443.0"
"98480.0";"443.0";"443.0"
"98490.0";"443.0";"443.0"
"98500.0";"443.0";"443.0"
"98510.0";"443.0";"443.0"
"98520.0";"443.0";"443.0"
"98530.0";"443.0";"443.0"
"98540.0";"443.0";"443.0"
"98550.0";"443.0";"443.0"
"98560.0";"443.0";"443.0"
"98570.0";"443.0";"443.0"
"98580.0";"443.0";"443.0"
"98590.0";"443.0";"443.0"
"98600.0";"443.0";"443.0"
"98610.0";"443.0";"443.0"
"98620.0";"443.0";"443.0"
"98630.0";"443.0";"443.0"
"98640.0";"443.0";"443.0"
"98650.0";"443.0";"443.0"
"98660.0";"443.0";"443.0"
"98670.0";"443.0";"443.0"
"98680.0";"443.0";"443.0"
"98690.0";"443.0";"443.0"
"98700.0";"443.0";"443.0"
"98710.0";"443.0";"443.0"
"98720.0";"443.0";"443.0"
"98730.0";"443.0";"443.0"
"98740.0";"443.0";"443.0"
"98750.0";"443.0";"443.0"
"98760.0";"443.0";"443.0"
"98770.0";"443.0";"443.0"
"98780.0";"443.0";"443.0"
"98790.0";"443.0";"443.0"
"98800.0";"443.0";"443.0"
"98810.0";"443.0";"443.0"
"98820.0";"443.0";"443.0"
"98830.0";"443.0";"443.0"
"98840.0";"443.0";"443.0"
"98850.0";"443.0";"443.0"
"98860.0";"443.0";"443.0"
"98870.0";"443.0";"443.0"
"98880.0";"443.0";"443.0"
"98890.0";"443.0";"443.0"
"98900.0";"443.0";"443.0"
"98910.0";"443.0";"443.0"
"98920.0";"443.0";"443.0"
"98930.0";"443.0";"443.0"
"98940.0";"443.0";"443.0"
"98950.0";"443.0";"443.0"
"98960.0";"443.0";"443.0"
"98970.0";"443.0";"443.0"
"98980.0";"443.0";"443.0"
"98990.0";"443.0";"443.0"
"99000.0";"443.0";"443.0"
"99010.0";"443.0";"443.0"
"99020.0";"443.0";"443.0"
"99030.0";"443.0";"443.0"
"99040.0";"443.0";"443.0"
"99050.0";"443.0";"443.0"
"99060.0";"443.0";"443.0"
"99070.0";"443.0";"443.0"
"99080.0";"443.0";"443.0"
"99090.0";"443.0";"443.0"
"99100.0";"443.0";"443.0"
"99110.0";"443.0";"443.0"
"99120.0";"443.0";"443.0"
"99130.0";"443.0";"443.0"
"99140.0";"443.0";"443.0"
"99150.0";"443.0";"443.0"
"99160.0";"443.0";"443.0"
"99170.0";"443.0";"443.0"
"99180.0";"443.0";"443.0"
"99190.0";"443.0";"443.0"
"99200.0";"443.0";"443.0"
"99210.0";"443.0";"443.0"
"99220.0";"443.0";"443.0"
"99230.0";"443.0";"443.0"
"99240.0";"443.0";"443.0"
"99250.0";"443.0";"443.0"
"99260.0";"443.0";"443.0"
"99270.0";"443.0";"443.0"
"99280.0";"443.0";"443.0"
"99290.0";"443.0";"443.0"
"99300.0";"443.0";"443.0"
"99310.0";"443.0";"443.0"
"99320.0";"443.0";"443.0"
"99330.0";"443.0";"443.0"
"99340.0";"443.0";"443.0"
"99350.0";"443.0";"443.0"
"99360.0";"443.0";"443.0"
"99370.0";"443.0";"443.0"
"99380.0";"443.0";"443.0"
"99390.0";"443.0";"443.0"
"99400.0";"443.0";"443.0"
"99410.0";"443.0";"443.0"
"99420.0";"443.0";"443.0"
"99430.0";"443.0";"443.0"
"99440.0";"443.0";"443.0"
"99450.0";"443.0";"443.0"
"99460.0";"443.0";"443.0"
"99470.0";"443.0";"443.0"
"99480.0";"443.0";"443.0"
"99490.0";"443.0";"443.0"
"99500.0";"443.0";"443.0"
"99510.0";"443.0";"443.0"
"99520.0";"443.0";"443.0"
"99530.0";"443.0";"443.0"
"99540.0";"443.0";"443.0"
"99550.0";"443.0";"443.0"
"99560.0";"443.0";"443.0"
"99570.0";"443.0";"443.0"
"99580.0";"443.0";"443.0"
"99590.0";"443.0";"443.0"
"99600.0";"443.0";"443.0"
"99610.0";"443.0";"443.0"
"99620.0";"443.0";"443.0"
"99630.0";"443.0";"443.0"
"99640.0";"443.0";"443.0"
"99650.0";"443.0";"443.0"
"99660.0";"443.0";"443.0"
"99670.0";"443.0";"443.0"
"99680.0";"443.0";"443.0"
"99690.0";"443.0";"443.0"
"99700.0";"443.0";"443.0"
"99710.0";"443.0";"443.0"
"99720.0";"443.0";"443.0"
"99730.0";"443.0";"443.0"
"99740.0";"443.0";"443.0"
"99750.0";"443.0";"443.0"
"99760.0";"443.0";"443.0"
"99770.0";"443.0";"443.0"
"99780.0";"443.0";"443.0"
"99790.0";"443.0";"443.0"
"99800.0";"443.0";"443.0"
"99810.0";"443.0";"443.0"
"99820.0";"443.0";"443.0"
"99830.0";"443.0";"443.0"
"99840.0";"443.0";"443.0"
"99850.0";"443.0";"443.0"
"99860.0";"443.0";"443.0"
"99870.0";"443.0";"443.0"
"99880.0";"443.0";"443.0"
"99890.0";"443.0";"443.0"
"99900.0";"443.0";"443.0"
"99910.0";"443.0";"443.0"
"99920.0";"443.0";"443.0"
"99930.0";"443.0";"443.0"
"99940.0";"443.0";"443.0"
"99950.0";"443.0";"443.0"
"99960.0";"443.0";"443.0"
"99970.0";"443.0";"443.0"
"99980.0";"443.0";"443.0"
"99990.0";"443.0";"443.0"
"100000.0";"443.0";"443.0"
"100010.0";"443.0";"443.0"
"100020.0";"443.0";"443.0"
"100030.0";"443.0";"443.0"
"100040.0";"443.0";"443.0"
"100050.0";"443.0";"443.0"
"100060.0";"443.0";"443.0"
"100070.0";"443.0";"443.0"
"100080.0";"443.0";"443.0"
"100090.0";"443.0";"443.0"
"100100.0";"443.0";"443.0"
"100110.0";"443.0";"443.0"
"100120.0";"443.0";"443.0"
"100130.0";"443.0";"443.0"
"100140.0";"443.0";"443.0"
"100150.0";"443.0";"443.0"
"100160.0";"443.0";"443.0"
"100170.0";"443.0";"443.0"
"100180.0";"443.0";"443.0"
"100190.0";"443.0";"443.0"
"100200.0";"443.0";"443.0"
"100210.0";"443.0";"443.0"
"100220.0";"443.0";"443.0"
"100230.0";"443.0";"443.0"
"100240.0";"443.0";"443.0"
"100250.0";"443.0";"443.0"
"100260.0";"443.0";"443.0"
"100270.0";"443.0";"443.0"
"100280.0";"443.0";"443.0"
"100290.0";"443.0";"443.0"
"100300.0";"443.0";"443.0"
"100310.0";"443.0";"443.0"
"100320.0";"443.0";"443.0"
"100330.0";"443.0";"443.0"
"100340.0";"443.0";"443.0"
"100350.0";"443.0";"443.0"
"100360.0";"443.0";"443.0"
"100370.0";"443.0";"443.0"
"100380.0";"443.0";"443.0"
"100390.0";"443.0";"443.0"
"100400.0";"443.0";"443.0"
"100410.0";"443.0";"443.0"
"100420.0";"443.0";"443.0"
"100430.0";"443.0";"443.0"
"100440.0";"443.0";"443.0"
"100450.0";"443.0";"443.0"
"100460.0";"443.0";"443.0"
"100470.0";"443.0";"443.0"
"100480.0";"443.0";"443.0"
"100490.0";"443.0";"443.0"
"100500.0";"443.0";"443.0"
"100510.0";"443.0";"443.0"
"100520.0";"443.0";"443.0"
"100530.0";"443.0";"443.0"
"100540.0";"443.0";"443.0"
"100550.0";"443.0";"443.0"
"100560.0";"443.0";"443.0"
"100570.0";"443.0";"443.0"
"100580.0";"443.0";"443.0"
"100590.0";"443.0";"443.0"
"100600.0";"443.0";"443.0"
"100610.0";"443.0";"443.0"
"100620.0";"443.0";"443.0"
"100630.0";"443.0";"443.0"
"100640.0";"443.0";"443.0"
"100650.0";"443.0";"443.0"
"100660.0";"443.0";"443.0"
"100670.0";"443.0";"443.0"
"100680.0";"443.0";"443.0"
"100690.0";"443.0";"443.0"
"100700.0";"443.0";"443.0"
"100710.0";"443.0";"443.0"
"100720.0";"443.0";"443.0"
"100730.0";"443.0";"443.0"
"100740.0";"443.0";"443.0"
"100750.0";"443.0";"443.0"
"100760.0";"443.0";"443.0"
"100770.0";"443.0";"443.0"
"100780.0";"443.0";"443.0"
"100790.0";"443.0";"443.0"
"100800.0";"443.0";"443.0"
"100810.0";"443.0";"443.0"
"100820.0";"443.0";"443.0"
"100830.0";"443.0";"443.0"
"100840.0";"443.0";"443.0"
"100850.0";"443.0";"443.0"
"100860.0";"443.0";"443.0"
"100870.0";"443.0";"443.0"
"100880.0";"443.0";"443.0"
"100890.0";"443.0";"443.0"
"100900.0";"443.0";"443.0"
"100910.0";"443.0";"443.0"
"100920.0";"443.0";"443.0"
"100930.0";"443.0";"443.0"
"100940.0";"443.0";"443.0"
"100950.0";"443.0";"443.0"
"100960.0";"443.0";"443.0"
"100970.0";"443.0";"443.0"
"100980.0";"443.0";"443.0"
"100990.0";"443.0";"443.0"
"101000.0";"443.0";"443.0"
"101010.0";"443.0";"443.0"
"101020.0";"443.0";"443.0"
"101030.0";"443.0";"443.0"
"101040.0";"443.0";"443.0"
"101050.0";"443.0";"443.0"
"101060.0";"443.0";"443.0"
"101070.0";"443.0";"443.0"
"101080.0";"443.0";"443.0"
"101090.0";"443.0";"443.0"
"101100.0";"443.0";"443.0"
"101110.0";"443.0";"443.0"
"101120.0";"443.0";"443.0"
"101130.0";"443.0";"443.0"
"101140.0";"443.0";"443.0"
"101150.0";"443.0";"443.0"
"101160.0";"443.0";"443.0"
"101170.0";"443.0";"443.0"
"101180.0";"443.0";"443.0"
"101190.0";"443.0";"443.0"
"101200.0";"443.0";"443.0"
"101210.0";"443.0";"443.0"
"101220.0";"443.0";"443.0"
"101230.0";"443.0";"443.0"
"101240.0";"443.0";"443.0"
"101250.0";"443.0";"443.0"
"101260.0";"443.0";"443.0"
"101270.0";"443.0";"443.0"
"101280.0";"443.0";"443.0"
"101290.0";"443.0";"443.0"
"101300.0";"443.0";"443.0"
"101310.0";"443.0";"443.0"
"101320.0";"443.0";"443.0"
"101330.0";"443.0";"443.0"
"101340.0";"443.0";"443.0"
"101350.0";"443.0";"443.0"
"101360.0";"443.0";"443.0"
"101370.0";"443.0";"443.0"
"101380.0";"443.0";"443.0"
"101390.0";"443.0";"443.0"
"101400.0";"443.0";"443.0"
"101410.0";"443.0";"443.0"
"101420.0";"443.0";"443.0"
"101430.0";"443.0";"443.0"
"101440.0";"443.0";"443.0"
"101450.0";"443.0";"443.0"
"101460.0";"443.0";"443.0"
"101470.0";"443.0";"443.0"
"101480.0";"443.0";"443.0"
"101490.0";"443.0";"443.0"
"101500.0";"443.0";"443.0"
"101510.0";"443.0";"443.0"
"101520.0";"443.0";"443.0"
"101530.0";"443.0";"443.0"
"101540.0";"443.0";"443.0"
"101550.0";"443.0";"443.0"
"101560.0";"443.0";"443.0"
"101570.0";"443.0";"443.0"
"101580.0";"443.0";"443.0"
"101590.0";"443.0";"443.0"
"101600.0";"443.0";"443.0"
"101610.0";"443.0";"443.0"
"101620.0";"443.0";"443.0"
"101630.0";"443.0";"443.0"
"101640.0";"443.0";"443.0"
"101650.0";"443.0";"443.0"
"101660.0";"443.0";"443.0"
"101670.0";"443.0";"443.0"
"101680.0";"443.0";"443.0"
"101690.0";"443.0";"443.0"
"101700.0";"443.0";"443.0"
"101710.0";"443.0";"443.0"
"101720.0";"443.0";"443.0"
"101730.0";"443.0";"443.0"
"101740.0";"443.0";"443.0"
"101750.0";"443.0";"443.0"
"101760.0";"443.0";"443.0"
"101770.0";"443.0";"443.0"
"101780.0";"443.0";"443.0"
"101790.0";"443.0";"443.0"
"101800.0";"443.0";"443.0"
"101810.0";"443.0";"443.0"
"101820.0";"443.0";"443.0"
"101830.0";"443.0";"443.0"
"101840.0";"443.0";"443.0"
"101850.0";"443.0";"443.0"
"101860.0";"443.0";"443.0"
"101870.0";"443.0";"443.0"
"101880.0";"443.0";"443.0"
"101890.0";"443.0";"443.0"
"101900.0";"443.0";"443.0"
"101910.0";"443.0";"443.0"
"101920.0";"443.0";"443.0"
"101930.0";"443.0";"443.0"
"101940.0";"443.0";"443.0"
"101950.0";"443.0";"443.0"
"101960.0";"443.0";"443.0"
"101970.0";"443.0";"443.0"
"101980.0";"443.0";"443.0"
"101990.0";"443.0";"443.0"
"102000.0";"443.0";"443.0"
"102010.0";"443.0";"443.0"
"102020.0";"443.0";"443.0"
"102030.0";"443.0";"443.0"
"102040.0";"443.0";"443.0"
"102050.0";"443.0";"443.0"
"102060.0";"443.0";"443.0"
"102070.0";"443.0";"443.0"
"102080.0";"443.0";"443.0"
"102090.0";"443.0";"443.0"
"102100.0";"443.0";"443.0"
"102110.0";"443.0";"443.0"
"102120.0";"443.0";"443.0"
"102130.0";"443.0";"443.0"
"102140.0";"443.0";"443.0"
"102150.0";"443.0";"443.0"
"102160.0";"443.0";"443.0"
"102170.0";"443.0";"443.0"
"102180.0";"443.0";"443.0"
"102190.0";"443.0";"443.0"
"102200.0";"443.0";"443.0"
"102210.0";"443.0";"443.0"
"102220.0";"443.0";"443.0"
"102230.0";"443.0";"443.0"
"102240.0";"443.0";"443.0"
"102250.0";"443.0";"443.0"
"102260.0";"443.0";"443.0"
"102270.0";"443.0";"443.0"
"102280.0";"443.0";"443.0"
"102290.0";"443.0";"443.0"
"102300.0";"443.0";"443.0"
"102310.0";"443.0";"443.0"
"102320.0";"443.0";"443.0"
"102330.0";"443.0";"443.0"
"102340.0";"443.0";"443.0"
"102350.0";"443.0";"443.0"
"102360.0";"443.0";"443.0"
"102370.0";"443.0";"443.0"
"102380.0";"443.0";"443.0"
"102390.0";"443.0";"443.0"
"102400.0";"443.0";"443.0"
"102410.0";"443.0";"443.0"
"102420.0";"443.0";"443.0"
"102430.0";"443.0";"443.0"
"102440.0";"443.0";"443.0"
"102450.0";"443.0";"443.0"
"102460.0";"443.0";"443.0"
"102470.0";"443.0";"443.0"
"102480.0";"443.0";"443.0"
"102490.0";"443.0";"443.0"
"102500.0";"443.0";"443.0"
"102510.0";"443.0";"443.0"
"102520.0";"443.0";"443.0"
"102530.0";"443.0";"443.0"
"102540.0";"443.0";"443.0"
"102550.0";"443.0";"443.0"
"102560.0";"443.0";"443.0"
"102570.0";"443.0";"443.0"
"102580.0";"443.0";"443.0"
"102590.0";"443.0";"443.0"
"102600.0";"443.0";"443.0"
"102610.0";"443.0";"443.0"
"102620.0";"443.0";"443.0"
"102630.0";"443.0";"443.0"
"102640.0";"443.0";"443.0"
"102650.0";"443.0";"443.0"
"102660.0";"443.0";"443.0"
"102670.0";"443.0";"443.0"
"102680.0";"443.0";"443.0"
"102690.0";"443.0";"443.0"
"102700.0";"443.0";"443.0"
"102710.0";"443.0";"443.0"
"102720.0";"443.0";"443.0"
"102730.0";"443.0";"443.0"
"102740.0";"443.0";"443.0"
"102750.0";"443.0";"443.0"
"102760.0";"443.0";"443.0"
"102770.0";"443.0";"443.0"
"102780.0";"443.0";"443.0"
"102790.0";"443.0";"443.0"
"102800.0";"443.0";"443.0"
"102810.0";"443.0";"443.0"
"102820.0";"443.0";"443.0"
"102830.0";"443.0";"443.0"
"102840.0";"443.0";"443.0"
"102850.0";"443.0";"443.0"
"102860.0";"443.0";"443.0"
"102870.0";"443.0";"443.0"
"102880.0";"443.0";"443.0"
"102890.0";"443.0";"443.0"
"102900.0";"443.0";"443.0"
"102910.0";"443.0";"443.0"
"102920.0";"443.0";"443.0"
"102930.0";"443.0";"443.0"
"102940.0";"443.0";"443.0"
"102950.0";"443.0";"443.0"
"102960.0";"443.0";"443.0"
"102970.0";"443.0";"443.0"
"102980.0";"443.0";"443.0"
"102990.0";"443.0";"443.0"
"103000.0";"443.0";"443.0"
"103010.0";"443.0";"443.0"
"103020.0";"443.0";"443.0"
"103030.0";"443.0";"443.0"
"103040.0";"443.0";"443.0"
"103050.0";"443.0";"443.0"
"103060.0";"443.0";"443.0"
"103070.0";"443.0";"443.0"
"103080.0";"443.0";"443.0"
"103090.0";"443.0";"443.0"
"103100.0";"443.0";"443.0"
"103110.0";"443.0";"443.0"
"103120.0";"443.0";"443.0"
"103130.0";"443.0";"443.0"
"103140.0";"443.0";"443.0"
"103150.0";"443.0";"443.0"
"103160.0";"443.0";"443.0"
"103170.0";"443.0";"443.0"
"103180.0";"443.0";"443.0"
"103190.0";"443.0";"443.0"
"103200.0";"443.0";"443.0"
"103210.0";"443.0";"443.0"
"103220.0";"443.0";"443.0"
"103230.0";"443.0";"443.0"
"103240.0";"443.0";"443.0"
"103250.0";"443.0";"443.0"
"103260.0";"443.0";"443.0"
"103270.0";"443.0";"443.0"
"103280.0";"443.0";"443.0"
"103290.0";"443.0";"443.0"
"103300.0";"443.0";"443.0"
"103310.0";"443.0";"443.0"
"103320.0";"443.0";"443.0"
"103330.0";"443.0";"443.0"
"103340.0";"443.0";"443.0"
"103350.0";"443.0";"443.0"
"103360.0";"443.0";"443.0"
"103370.0";"443.0";"443.0"
"103380.0";"443.0";"443.0"
"103390.0";"443.0";"443.0"
"103400.0";"443.0";"443.0"
"103410.0";"443.0";"443.0"
"103420.0";"443.0";"443.0"
"103430.0";"443.0";"443.0"
"103440.0";"443.0";"443.0"
"103450.0";"443.0";"443.0"
"103460.0";"443.0";"443.0"
"103470.0";"443.0";"443.0"
"103480.0";"443.0";"443.0"
"103490.0";"443.0";"443.0"
"103500.0";"443.0";"443.0"
"103510.0";"443.0";"443.0"
"103520.0";"443.0";"443.0"
"103530.0";"443.0";"443.0"
"103540.0";"443.0";"443.0"
"103550.0";"443.0";"443.0"
"103560.0";"443.0";"443.0"
"103570.0";"443.0";"443.0"
"103580.0";"443.0";"443.0"
"103590.0";"443.0";"443.0"
"103600.0";"443.0";"443.0"
"103610.0";"443.0";"443.0"
"103620.0";"443.0";"443.0"
"103630.0";"443.0";"443.0"
"103640.0";"443.0";"443.0"
"103650.0";"443.0";"443.0"
"103660.0";"443.0";"443.0"
"103670.0";"443.0";"443.0"
"103680.0";"443.0";"443.0"
"103690.0";"443.0";"443.0"
"103700.0";"443.0";"443.0"
"103710.0";"443.0";"443.0"
"103720.0";"443.0";"443.0"
"103730.0";"443.0";"443.0"
"103740.0";"443.0";"443.0"
"103750.0";"443.0";"443.0"
"103760.0";"443.0";"443.0"
"103770.0";"443.0";"443.0"
"103780.0";"443.0";"443.0"
"103790.0";"443.0";"443.0"
"103800.0";"443.0";"443.0"
"103810.0";"443.0";"443.0"
"103820.0";"443.0";"443.0"
"103830.0";"443.0";"443.0"
"103840.0";"443.0";"443.0"
"103850.0";"443.0";"443.0"
"103860.0";"443.0";"443.0"
"103870.0";"443.0";"443.0"
"103880.0";"443.0";"443.0"
"103890.0";"443.0";"443.0"
"103900.0";"443.0";"443.0"
"103910.0";"443.0";"443.0"
"103920.0";"443.0";"443.0"
"103930.0";"443.0";"443.0"
"103940.0";"443.0";"443.0"
"103950.0";"443.0";"443.0"
"103960.0";"443.0";"443.0"
"103970.0";"443.0";"443.0"
"103980.0";"443.0";"443.0"
"103990.0";"443.0";"443.0"
"104000.0";"443.0";"443.0"
"104010.0";"443.0";"443.0"
"104020.0";"443.0";"443.0"
"104030.0";"443.0";"443.0"
"104040.0";"443.0";"443.0"
"104050.0";"443.0";"443.0"
"104060.0";"443.0";"443.0"
"104070.0";"443.0";"443.0"
"104080.0";"443.0";"443.0"
"104090.0";"443.0";"443.0"
"104100.0";"443.0";"443.0"
"104110.0";"443.0";"443.0"
"104120.0";"443.0";"443.0"
"104130.0";"443.0";"443.0"
"104140.0";"443.0";"443.0"
"104150.0";"443.0";"443.0"
"104160.0";"443.0";"443.0"
"104170.0";"443.0";"443.0"
"104180.0";"443.0";"443.0"
"104190.0";"443.0";"443.0"
"104200.0";"443.0";"443.0"
"104210.0";"443.0";"443.0"
"104220.0";"443.0";"443.0"
"104230.0";"443.0";"443.0"
"104240.0";"443.0";"443.0"
"104250.0";"443.0";"443.0"
"104260.0";"443.0";"443.0"
"104270.0";"443.0";"443.0"
"104280.0";"443.0";"443.0"
"104290.0";"443.0";"443.0"
"104300.0";"443.0";"443.0"
"104310.0";"443.0";"443.0"
"104320.0";"443.0";"443.0"
"104330.0";"443.0";"443.0"
"104340.0";"443.0";"443.0"
"104350.0";"443.0";"443.0"
"104360.0";"443.0";"443.0"
"104370.0";"443.0";"443.0"
"104380.0";"443.0";"443.0"
"104390.0";"443.0";"443.0"
"104400.0";"443.0";"443.0"
"104410.0";"443.0";"443.0"
"104420.0";"443.0";"443.0"
"104430.0";"443.0";"443.0"
"104440.0";"443.0";"443.0"
"104450.0";"443.0";"443.0"
"104460.0";"443.0";"443.0"
"104470.0";"443.0";"443.0"
"104480.0";"443.0";"443.0"
"104490.0";"443.0";"443.0"
"104500.0";"443.0";"443.0"
"104510.0";"443.0";"443.0"
"104520.0";"443.0";"443.0"
"104530.0";"443.0";"443.0"
"104540.0";"443.0";"443.0"
"104550.0";"443.0";"443.0"
"104560.0";"443.0";"443.0"
"104570.0";"443.0";"443.0"
"104580.0";"443.0";"443.0"
"104590.0";"443.0";"443.0"
"104600.0";"443.0";"443.0"
"104610.0";"443.0";"443.0"
"104620.0";"443.0";"443.0"
"104630.0";"443.0";"443.0"
"104640.0";"443.0";"443.0"
"104650.0";"443.0";"443.0"
"104660.0";"443.0";"443.0"
"104670.0";"443.0";"443.0"
"104680.0";"443.0";"443.0"
"104690.0";"443.0";"443.0"
"104700.0";"443.0";"443.0"
"104710.0";"443.0";"443.0"
"104720.0";"443.0";"443.0"
"104730.0";"443.0";"443.0"
"104740.0";"443.0";"443.0"
"104750.0";"443.0";"443.0"
"104760.0";"443.0";"443.0"
"104770.0";"443.0";"443.0"
"104780.0";"443.0";"443.0"
"104790.0";"443.0";"443.0"
"104800.0";"443.0";"443.0"
"104810.0";"443.0";"443.0"
"104820.0";"443.0";"443.0"
"104830.0";"443.0";"443.0"
"104840.0";"443.0";"443.0"
"104850.0";"443.0";"443.0"
"104860.0";"443.0";"443.0"
"104870.0";"443.0";"443.0"
"104880.0";"443.0";"443.0"
"104890.0";"443.0";"443.0"
"104900.0";"443.0";"443.0"
"104910.0";"443.0";"443.0"
"104920.0";"443.0";"443.0"
"104930.0";"443.0";"443.0"
"104940.0";"443.0";"443.0"
"104950.0";"443.0";"443.0"
"104960.0";"443.0";"443.0"
"104970.0";"443.0";"443.0"
"104980.0";"443.0";"443.0"
"104990.0";"443.0";"443.0"
"105000.0";"443.0";"443.0"
"105010.0";"443.0";"443.0"
"105020.0";"443.0";"443.0"
"105030.0";"443.0";"443.0"
"105040.0";"443.0";"443.0"
"105050.0";"443.0";"443.0"
"105060.0";"443.0";"443.0"
"105070.0";"443.0";"443.0"
"105080.0";"443.0";"443.0"
"105090.0";"443.0";"443.0"
"105100.0";"443.0";"443.0"
"105110.0";"443.0";"443.0"
"105120.0";"443.0";"443.0"
"105130.0";"443.0";"443.0"
"105140.0";"443.0";"443.0"
"105150.0";"443.0";"443.0"
"105160.0";"443.0";"443.0"
"105170.0";"443.0";"443.0"
"105180.0";"443.0";"443.0"
"105190.0";"443.0";"443.0"
"105200.0";"443.0";"443.0"
"105210.0";"443.0";"443.0"
"105220.0";"443.0";"443.0"
"105230.0";"443.0";"443.0"
"105240.0";"443.0";"443.0"
"105250.0";"443.0";"443.0"
"105260.0";"443.0";"443.0"
"105270.0";"443.0";"443.0"
"105280.0";"443.0";"443.0"
"105290.0";"443.0";"443.0"
"105300.0";"443.0";"443.0"
"105310.0";"443.0";"443.0"
"105320.0";"443.0";"443.0"
"105330.0";"443.0";"443.0"
"105340.0";"443.0";"443.0"
"105350.0";"443.0";"443.0"
"105360.0";"443.0";"443.0"
"105370.0";"443.0";"443.0"
"105380.0";"443.0";"443.0"
"105390.0";"443.0";"443.0"
"105400.0";"443.0";"443.0"
"105410.0";"443.0";"443.0"
"105420.0";"443.0";"443.0"
"105430.0";"443.0";"443.0"
"105440.0";"443.0";"443.0"
"105450.0";"443.0";"443.0"
"105460.0";"443.0";"443.0"
"105470.0";"443.0";"443.0"
"105480.0";"443.0";"443.0"
"105490.0";"443.0";"443.0"
"105500.0";"443.0";"443.0"
"105510.0";"443.0";"443.0"
"105520.0";"443.0";"443.0"
"105530.0";"443.0";"443.0"
"105540.0";"443.0";"443.0"
"105550.0";"443.0";"443.0"
"105560.0";"443.0";"443.0"
"105570.0";"443.0";"443.0"
"105580.0";"443.0";"443.0"
"105590.0";"443.0";"443.0"
"105600.0";"443.0";"443.0"
"105610.0";"443.0";"443.0"
"105620.0";"443.0";"443.0"
"105630.0";"443.0";"443.0"
"105640.0";"443.0";"443.0"
"105650.0";"443.0";"443.0"
"105660.0";"443.0";"443.0"
"105670.0";"443.0";"443.0"
"105680.0";"443.0";"443.0"
"105690.0";"443.0";"443.0"
"105700.0";"443.0";"443.0"
"105710.0";"443.0";"443.0"
"105720.0";"443.0";"443.0"
"105730.0";"443.0";"443.0"
"105740.0";"443.0";"443.0"
"105750.0";"443.0";"443.0"
"105760.0";"443.0";"443.0"
"105770.0";"443.0";"443.0"
"105780.0";"443.0";"443.0"
"105790.0";"443.0";"443.0"
"105800.0";"443.0";"443.0"
"105810.0";"443.0";"443.0"
"105820.0";"443.0";"443.0"
"105830.0";"443.0";"443.0"
"105840.0";"443.0";"443.0"
"105850.0";"443.0";"443.0"
"105860.0";"443.0";"443.0"
"105870.0";"443.0";"443.0"
"105880.0";"443.0";"443.0"
"105890.0";"443.0";"443.0"
"105900.0";"443.0";"443.0"
"105910.0";"443.0";"443.0"
"105920.0";"443.0";"443.0"
"105930.0";"443.0";"443.0"
"105940.0";"443.0";"443.0"
"105950.0";"443.0";"443.0"
"105960.0";"443.0";"443.0"
"105970.0";"443.0";"443.0"
"105980.0";"443.0";"443.0"
"105990.0";"443.0";"443.0"
"106000.0";"443.0";"443.0"
"106010.0";"443.0";"443.0"
"106020.0";"443.0";"443.0"
"106030.0";"443.0";"443.0"
"106040.0";"443.0";"443.0"
"106050.0";"443.0";"443.0"
"106060.0";"443.0";"443.0"
"106070.0";"443.0";"443.0"
"106080.0";"443.0";"443.0"
"106090.0";"443.0";"443.0"
"106100.0";"443.0";"443.0"
"106110.0";"443.0";"443.0"
"106120.0";"443.0";"443.0"
"106130.0";"443.0";"443.0"
"106140.0";"443.0";"443.0"
"106150.0";"443.0";"443.0"
"106160.0";"443.0";"443.0"
"106170.0";"443.0";"443.0"
"106180.0";"443.0";"443.0"
"106190.0";"443.0";"443.0"
"106200.0";"443.0";"443.0"
"106210.0";"443.0";"443.0"
"106220.0";"443.0";"443.0"
"106230.0";"443.0";"443.0"
"106240.0";"443.0";"443.0"
"106250.0";"443.0";"443.0"
"106260.0";"443.0";"443.0"
"106270.0";"443.0";"443.0"
"106280.0";"443.0";"443.0"
"106290.0";"443.0";"443.0"
"106300.0";"443.0";"443.0"
"106310.0";"443.0";"443.0"
"106320.0";"443.0";"443.0"
"106330.0";"443.0";"443.0"
"106340.0";"443.0";"443.0"
"106350.0";"443.0";"443.0"
"106360.0";"443.0";"443.0"
"106370.0";"443.0";"443.0"
"106380.0";"443.0";"443.0"
"106390.0";"443.0";"443.0"
"106400.0";"443.0";"443.0"
"106410.0";"443.0";"443.0"
"106420.0";"443.0";"443.0"
"106430.0";"443.0";"443.0"
"106440.0";"443.0";"443.0"
"106450.0";"443.0";"443.0"
"106460.0";"443.0";"443.0"
"106470.0";"443.0";"443.0"
"106480.0";"443.0";"443.0"
"106490.0";"443.0";"443.0"
"106500.0";"443.0";"443.0"
"106510.0";"443.0";"443.0"
"106520.0";"443.0";"443.0"
"106530.0";"443.0";"443.0"
"106540.0";"443.0";"443.0"
"106550.0";"443.0";"443.0"
"106560.0";"443.0";"443.0"
"106570.0";"443.0";"443.0"
"106580.0";"443.0";"443.0"
"106590.0";"443.0";"443.0"
"106600.0";"443.0";"443.0"
"106610.0";"443.0";"443.0"
"106620.0";"443.0";"443.0"
"106630.0";"443.0";"443.0"
"106640.0";"443.0";"443.0"
"106650.0";"443.0";"443.0"
"106660.0";"443.0";"443.0"
"106670.0";"443.0";"443.0"
"106680.0";"443.0";"443.0"
"106690.0";"443.0";"443.0"
"106700.0";"443.0";"443.0"
"106710.0";"443.0";"443.0"
"106720.0";"443.0";"443.0"
"106730.0";"443.0";"443.0"
"106740.0";"443.0";"443.0"
"106750.0";"443.0";"443.0"
"106760.0";"443.0";"443.0"
"106770.0";"443.0";"443.0"
"106780.0";"443.0";"443.0"
"106790.0";"443.0";"443.0"
"106800.0";"443.0";"443.0"
"106810.0";"443.0";"443.0"
"106820.0";"443.0";"443.0"
"106830.0";"443.0";"443.0"
"106840.0";"443.0";"443.0"
"106850.0";"443.0";"443.0"
"106860.0";"443.0";"443.0"
"106870.0";"443.0";"443.0"
"106880.0";"443.0";"443.0"
"106890.0";"443.0";"443.0"
"106900.0";"443.0";"443.0"
"106910.0";"443.0";"443.0"
"106920.0";"443.0";"443.0"
"106930.0";"443.0";"443.0"
"106940.0";"443.0";"443.0"
"106950.0";"443.0";"443.0"
"106960.0";"443.0";"443.0"
"106970.0";"443.0";"443.0"
"106980.0";"443.0";"443.0"
"106990.0";"443.0";"443.0"
"107000.0";"443.0";"443.0"
"107010.0";"443.0";"443.0"
"107020.0";"443.0";"443.0"
"107030.0";"443.0";"443.0"
"107040.0";"443.0";"443.0"
"107050.0";"443.0";"443.0"
"107060.0";"443.0";"443.0"
"107070.0";"443.0";"443.0"
"107080.0";"443.0";"443.0"
"107090.0";"443.0";"443.0"
"107100.0";"443.0";"443.0"
"107110.0";"443.0";"443.0"
"107120.0";"443.0";"443.0"
"107130.0";"443.0";"443.0"
"107140.0";"443.0";"443.0"
"107150.0";"443.0";"443.0"
"107160.0";"443.0";"443.0"
"107170.0";"443.0";"443.0"
"107180.0";"443.0";"443.0"
"107190.0";"443.0";"443.0"
"107200.0";"443.0";"443.0"
"107210.0";"443.0";"443.0"
"107220.0";"443.0";"443.0"
"107230.0";"443.0";"443.0"
"107240.0";"443.0";"443.0"
"107250.0";"443.0";"443.0"
"107260.0";"443.0";"443.0"
"107270.0";"443.0";"443.0"
"107280.0";"443.0";"443.0"
"107290.0";"443.0";"443.0"
"107300.0";"443.0";"443.0"
"107310.0";"443.0";"443.0"
"107320.0";"443.0";"443.0"
"107330.0";"443.0";"443.0"
"107340.0";"443.0";"443.0"
"107350.0";"443.0";"443.0"
"107360.0";"443.0";"443.0"
"107370.0";"443.0";"443.0"
"107380.0";"443.0";"443.0"
"107390.0";"443.0";"443.0"
"107400.0";"443.0";"443.0"
"107410.0";"443.0";"443.0"
"107420.0";"443.0";"443.0"
"107430.0";"443.0";"443.0"
"107440.0";"443.0";"443.0"
"107450.0";"443.0";"443.0"
"107460.0";"443.0";"443.0"
"107470.0";"443.0";"443.0"
"107480.0";"443.0";"443.0"
"107490.0";"443.0";"443.0"
"107500.0";"443.0";"443.0"
"107510.0";"443.0";"443.0"
"107520.0";"443.0";"443.0"
"107530.0";"443.0";"443.0"
"107540.0";"443.0";"443.0"
"107550.0";"443.0";"443.0"
"107560.0";"443.0";"443.0"
"107570.0";"443.0";"443.0"
"107580.0";"443.0";"443.0"
"107590.0";"443.0";"443.0"
"107600.0";"443.0";"443.0"
"107610.0";"443.0";"443.0"
"107620.0";"443.0";"443.0"
"107630.0";"443.0";"443.0"
"107640.0";"443.0";"443.0"
"107650.0";"443.0";"443.0"
"107660.0";"443.0";"443.0"
"107670.0";"443.0";"443.0"
"107680.0";"443.0";"443.0"
"107690.0";"443.0";"443.0"
"107700.0";"443.0";"443.0"
"107710.0";"443.0";"443.0"
"107720.0";"443.0";"443.0"
"107730.0";"443.0";"443.0"
"107740.0";"443.0";"443.0"
"107750.0";"443.0";"443.0"
"107760.0";"443.0";"443.0"
"107770.0";"443.0";"443.0"
"107780.0";"443.0";"443.0"
"107790.0";"443.0";"443.0"
"107800.0";"443.0";"443.0"
"107810.0";"443.0";"443.0"
"107820.0";"443.0";"443.0"
"107830.0";"443.0";"443.0"
"107840.0";"443.0";"443.0"
"107850.0";"443.0";"443.0"
"107860.0";"443.0";"443.0"
"107870.0";"443.0";"443.0"
"107880.0";"443.0";"443.0"
"107890.0";"443.0";"443.0"
"107900.0";"443.0";"443.0"
"107910.0";"443.0";"443.0"
"107920.0";"443.0";"443.0"
"107930.0";"443.0";"443.0"
"107940.0";"443.0";"443.0"
"107950.0";"443.0";"443.0"
"107960.0";"443.0";"443.0"
"107970.0";"443.0";"443.0"
"107980.0";"443.0";"443.0"
"107990.0";"443.0";"443.0"
"108000.0";"443.0";"443.0"
"108010.0";"443.0";"443.0"
"108020.0";"443.0";"443.0"
"108030.0";"443.0";"443.0"
"108040.0";"443.0";"443.0"
"108050.0";"443.0";"443.0"
"108060.0";"443.0";"443.0"
"108070.0";"443.0";"443.0"
"108080.0";"443.0";"443.0"
"108090.0";"443.0";"443.0"
"108100.0";"443.0";"443.0"
"108110.0";"443.0";"443.0"
"108120.0";"443.0";"443.0"
"108130.0";"443.0";"443.0"
"108140.0";"443.0";"443.0"
"108150.0";"443.0";"443.0"
"108160.0";"443.0";"443.0"
"108170.0";"443.0";"443.0"
"108180.0";"443.0";"443.0"
"108190.0";"443.0";"443.0"
"108200.0";"443.0";"443.0"
"108210.0";"443.0";"443.0"
"108220.0";"443.0";"443.0"
"108230.0";"443.0";"443.0"
"108240.0";"443.0";"443.0"
"108250.0";"443.0";"443.0"
"108260.0";"443.0";"443.0"
"108270.0";"443.0";"443.0"
"108280.0";"443.0";"443.0"
"108290.0";"443.0";"443.0"
"108300.0";"443.0";"443.0"
"108310.0";"443.0";"443.0"
"108320.0";"443.0";"443.0"
"108330.0";"443.0";"443.0"
"108340.0";"443.0";"443.0"
"108350.0";"443.0";"443.0"
"108360.0";"443.0";"443.0"
"108370.0";"443.0";"443.0"
"108380.0";"443.0";"443.0"
"108390.0";"443.0";"443.0"
"108400.0";"443.0";"443.0"
"108410.0";"443.0";"443.0"
"108420.0";"443.0";"443.0"
"108430.0";"443.0";"443.0"
"108440.0";"443.0";"443.0"
"108450.0";"443.0";"443.0"
"108460.0";"443.0";"443.0"
"108470.0";"443.0";"443.0"
"108480.0";"443.0";"443.0"
"108490.0";"443.0";"443.0"
"108500.0";"443.0";"443.0"
"108510.0";"443.0";"443.0"
"108520.0";"443.0";"443.0"
"108530.0";"443.0";"443.0"
"108540.0";"443.0";"443.0"
"108550.0";"443.0";"443.0"
"108560.0";"443.0";"443.0"
"108570.0";"443.0";"443.0"
"108580.0";"443.0";"443.0"
"108590.0";"443.0";"443.0"
"108600.0";"443.0";"443.0"
"108610.0";"443.0";"443.0"
"108620.0";"443.0";"443.0"
"108630.0";"443.0";"443.0"
"108640.0";"443.0";"443.0"
"108650.0";"443.0";"443.0"
"108660.0";"443.0";"443.0"
"108670.0";"443.0";"443.0"
"108680.0";"443.0";"443.0"
"108690.0";"443.0";"443.0"
"108700.0";"443.0";"443.0"
"108710.0";"443.0";"443.0"
"108720.0";"443.0";"443.0"
"108730.0";"443.0";"443.0"
"108740.0";"443.0";"443.0"
"108750.0";"443.0";"443.0"
"108760.0";"443.0";"443.0"
"108770.0";"443.0";"443.0"
"108780.0";"443.0";"443.0"
"108790.0";"443.0";"443.0"
"108800.0";"443.0";"443.0"
"108810.0";"443.0";"443.0"
"108820.0";"443.0";"443.0"
"108830.0";"443.0";"443.0"
"108840.0";"443.0";"443.0"
"108850.0";"443.0";"443.0"
"108860.0";"443.0";"443.0"
"108870.0";"443.0";"443.0"
"108880.0";"443.0";"443.0"
"108890.0";"443.0";"443.0"
"108900.0";"443.0";"443.0"
"108910.0";"443.0";"443.0"
"108920.0";"443.0";"443.0"
"108930.0";"443.0";"443.0"
"108940.0";"443.0";"443.0"
"108950.0";"443.0";"443.0"
"108960.0";"443.0";"443.0"
"108970.0";"443.0";"443.0"
"108980.0";"443.0";"443.0"
"108990.0";"443.0";"443.0"
"109000.0";"443.0";"443.0"
"109010.0";"443.0";"443.0"
"109020.0";"443.0";"443.0"
"109030.0";"443.0";"443.0"
"109040.0";"443.0";"443.0"
"109050.0";"443.0";"443.0"
"109060.0";"443.0";"443.0"
"109070.0";"443.0";"443.0"
"109080.0";"443.0";"443.0"
"109090.0";"443.0";"443.0"
"109100.0";"443.0";"443.0"
"109110.0";"443.0";"443.0"
"109120.0";"443.0";"443.0"
"109130.0";"443.0";"443.0"
"109140.0";"443.0";"443.0"
"109150.0";"443.0";"443.0"
"109160.0";"443.0";"443.0"
"109170.0";"443.0";"443.0"
"109180.0";"443.0";"443.0"
"109190.0";"443.0";"443.0"
"109200.0";"443.0";"443.0"
"109210.0";"443.0";"443.0"
"109220.0";"443.0";"443.0"
"109230.0";"443.0";"443.0"
"109240.0";"443.0";"443.0"
"109250.0";"443.0";"443.0"
"109260.0";"443.0";"443.0"
"109270.0";"443.0";"443.0"
"109280.0";"443.0";"443.0"
"109290.0";"443.0";"443.0"
"109300.0";"443.0";"443.0"
"109310.0";"443.0";"443.0"
"109320.0";"443.0";"443.0"
"109330.0";"443.0";"443.0"
"109340.0";"443.0";"443.0"
"109350.0";"443.0";"443.0"
"109360.0";"443.0";"443.0"
"109370.0";"443.0";"443.0"
"109380.0";"443.0";"443.0"
"109390.0";"443.0";"443.0"
"109400.0";"443.0";"443.0"
"109410.0";"443.0";"443.0"
"109420.0";"443.0";"443.0"
"109430.0";"443.0";"443.0"
"109440.0";"443.0";"443.0"
"109450.0";"443.0";"443.0"
"109460.0";"443.0";"443.0"
"109470.0";"443.0";"443.0"
"109480.0";"443.0";"443.0"
"109490.0";"443.0";"443.0"
"109500.0";"443.0";"443.0"
"109510.0";"443.0";"443.0"
"109520.0";"443.0";"443.0"
"109530.0";"443.0";"443.0"
"109540.0";"443.0";"443.0"
"109550.0";"443.0";"443.0"
"109560.0";"443.0";"443.0"
"109570.0";"443.0";"443.0"
"109580.0";"443.0";"443.0"
"109590.0";"443.0";"443.0"
"109600.0";"443.0";"443.0"
"109610.0";"443.0";"443.0"
"109620.0";"443.0";"443.0"
"109630.0";"443.0";"443.0"
"109640.0";"443.0";"443.0"
"109650.0";"443.0";"443.0"
"109660.0";"443.0";"443.0"
"109670.0";"443.0";"443.0"
"109680.0";"443.0";"443.0"
"109690.0";"443.0";"443.0"
"109700.0";"443.0";"443.0"
"109710.0";"443.0";"443.0"
"109720.0";"443.0";"443.0"
"109730.0";"443.0";"443.0"
"109740.0";"443.0";"443.0"
"109750.0";"443.0";"443.0"
"109760.0";"443.0";"443.0"
"109770.0";"443.0";"443.0"
"109780.0";"443.0";"443.0"
"109790.0";"443.0";"443.0"
"109800.0";"443.0";"443.0"
"109810.0";"443.0";"443.0"
"109820.0";"443.0";"443.0"
"109830.0";"443.0";"443.0"
"109840.0";"443.0";"443.0"
"109850.0";"443.0";"443.0"
"109860.0";"443.0";"443.0"
"109870.0";"443.0";"443.0"
"109880.0";"443.0";"443.0"
"109890.0";"443.0";"443.0"
"109900.0";"443.0";"443.0"
"109910.0";"443.0";"443.0"
"109920.0";"443.0";"443.0"
"109930.0";"443.0";"443.0"
"109940.0";"443.0";"443.0"
"109950.0";"443.0";"443.0"
"109960.0";"443.0";"443.0"
"109970.0";"443.0";"443.0"
"109980.0";"443.0";"443.0"
"109990.0";"443.0";"443.0"
"110000.0";"443.0";"443.0"
"110010.0";"443.0";"443.0"
"110020.0";"443.0";"443.0"
"110030.0";"443.0";"443.0"
"110040.0";"443.0";"443.0"
"110050.0";"443.0";"443.0"
"110060.0";"443.0";"443.0"
"110070.0";"443.0";"443.0"
"110080.0";"443.0";"443.0"
"110090.0";"443.0";"443.0"
"110100.0";"443.0";"443.0"
"110110.0";"443.0";"443.0"
"110120.0";"443.0";"443.0"
"110130.0";"443.0";"443.0"
"110140.0";"443.0";"443.0"
"110150.0";"443.0";"443.0"
"110160.0";"443.0";"443.0"
"110170.0";"443.0";"443.0"
"110180.0";"443.0";"443.0"
"110190.0";"443.0";"443.0"
"110200.0";"443.0";"443.0"
"110210.0";"443.0";"443.0"
"110220.0";"443.0";"443.0"
"110230.0";"443.0";"443.0"
"110240.0";"443.0";"443.0"
"110250.0";"443.0";"443.0"
"110260.0";"443.0";"443.0"
"110270.0";"443.0";"443.0"
"110280.0";"443.0";"443.0"
"110290.0";"443.0";"443.0"
"110300.0";"443.0";"443.0"
"110310.0";"443.0";"443.0"
"110320.0";"443.0";"443.0"
"110330.0";"443.0";"443.0"
"110340.0";"443.0";"443.0"
"110350.0";"443.0";"443.0"
"110360.0";"443.0";"443.0"
"110370.0";"443.0";"443.0"
"110380.0";"443.0";"443.0"
"110390.0";"443.0";"443.0"
"110400.0";"443.0";"443.0"
"110410.0";"443.0";"443.0"
"110420.0";"443.0";"443.0"
"110430.0";"443.0";"443.0"
"110440.0";"443.0";"443.0"
"110450.0";"443.0";"443.0"
"110460.0";"443.0";"443.0"
"110470.0";"443.0";"443.0"
"110480.0";"443.0";"443.0"
"110490.0";"443.0";"443.0"
"110500.0";"443.0";"443.0"
"110510.0";"443.0";"443.0"
"110520.0";"443.0";"443.0"
"110530.0";"443.0";"443.0"
"110540.0";"443.0";"443.0"
"110550.0";"443.0";"443.0"
"110560.0";"443.0";"443.0"
"110570.0";"443.0";"443.0"
"110580.0";"443.0";"443.0"
"110590.0";"443.0";"443.0"
"110600.0";"443.0";"443.0"
"110610.0";"443.0";"443.0"
"110620.0";"443.0";"443.0"
"110630.0";"443.0";"443.0"
"110640.0";"443.0";"443.0"
"110650.0";"443.0";"443.0"
"110660.0";"443.0";"443.0"
"110670.0";"443.0";"443.0"
"110680.0";"443.0";"443.0"
"110690.0";"443.0";"443.0"
"110700.0";"443.0";"443.0"
"110710.0";"443.0";"443.0"
"110720.0";"443.0";"443.0"
"110730.0";"443.0";"443.0"
"110740.0";"443.0";"443.0"
"110750.0";"443.0";"443.0"
"110760.0";"443.0";"443.0"
"110770.0";"443.0";"443.0"
"110780.0";"443.0";"443.0"
"110790.0";"443.0";"443.0"
"110800.0";"443.0";"443.0"
"110810.0";"443.0";"443.0"
"110820.0";"443.0";"443.0"
"110830.0";"443.0";"443.0"
"110840.0";"443.0";"443.0"
"110850.0";"443.0";"443.0"
"110860.0";"443.0";"443.0"
"110870.0";"443.0";"443.0"
"110880.0";"443.0";"443.0"
"110890.0";"443.0";"443.0"
"110900.0";"443.0";"443.0"
"110910.0";"443.0";"443.0"
"110920.0";"443.0";"443.0"
"110930.0";"443.0";"443.0"
"110940.0";"443.0";"443.0"
"110950.0";"443.0";"443.0"
"110960.0";"443.0";"443.0"
"110970.0";"443.0";"443.0"
"110980.0";"443.0";"443.0"
"110990.0";"443.0";"443.0"
"111000.0";"443.0";"443.0"
"111010.0";"443.0";"443.0"
"111020.0";"443.0";"443.0"
"111030.0";"443.0";"443.0"
"111040.0";"443.0";"443.0"
"111050.0";"443.0";"443.0"
"111060.0";"443.0";"443.0"
"111070.0";"443.0";"443.0"
"111080.0";"443.0";"443.0"
"111090.0";"443.0";"443.0"
"111100.0";"443.0";"443.0"
"111110.0";"443.0";"443.0"
"111120.0";"443.0";"443.0"
"111130.0";"443.0";"443.0"
"111140.0";"443.0";"443.0"
"111150.0";"443.0";"443.0"
"111160.0";"443.0";"443.0"
"111170.0";"443.0";"443.0"
"111180.0";"443.0";"443.0"
"111190.0";"443.0";"443.0"
"111200.0";"443.0";"443.0"
"111210.0";"443.0";"443.0"
"111220.0";"443.0";"443.0"
"111230.0";"443.0";"443.0"
"111240.0";"443.0";"443.0"
"111250.0";"443.0";"443.0"
"111260.0";"443.0";"443.0"
"111270.0";"443.0";"443.0"
"111280.0";"443.0";"443.0"
"111290.0";"443.0";"443.0"
"111300.0";"443.0";"443.0"
"111310.0";"443.0";"443.0"
"111320.0";"443.0";"443.0"
"111330.0";"443.0";"443.0"
"111340.0";"443.0";"443.0"
"111350.0";"443.0";"443.0"
"111360.0";"443.0";"443.0"
"111370.0";"443.0";"443.0"
"111380.0";"443.0";"443.0"
"111390.0";"443.0";"443.0"
"111400.0";"443.0";"443.0"
"111410.0";"443.0";"443.0"
"111420.0";"443.0";"443.0"
"111430.0";"443.0";"443.0"
"111440.0";"443.0";"443.0"
"111450.0";"443.0";"443.0"
"111460.0";"443.0";"443.0"
"111470.0";"443.0";"443.0"
"111480.0";"443.0";"443.0"
"111490.0";"443.0";"443.0"
"111500.0";"443.0";"443.0"
"111510.0";"443.0";"443.0"
"111520.0";"443.0";"443.0"
"111530.0";"443.0";"443.0"
"111540.0";"443.0";"443.0"
"111550.0";"443.0";"443.0"
"111560.0";"443.0";"443.0"
"111570.0";"443.0";"443.0"
"111580.0";"443.0";"443.0"
"111590.0";"443.0";"443.0"
"111600.0";"443.0";"443.0"
"111610.0";"443.0";"443.0"
"111620.0";"443.0";"443.0"
"111630.0";"443.0";"443.0"
"111640.0";"443.0";"443.0"
"111650.0";"443.0";"443.0"
"111660.0";"443.0";"443.0"
"111670.0";"443.0";"443.0"
"111680.0";"443.0";"443.0"
"111690.0";"443.0";"443.0"
"111700.0";"443.0";"443.0"
"111710.0";"443.0";"443.0"
"111720.0";"443.0";"443.0"
"111730.0";"443.0";"443.0"
"111740.0";"443.0";"443.0"
"111750.0";"443.0";"443.0"
"111760.0";"443.0";"443.0"
"111770.0";"443.0";"443.0"
"111780.0";"443.0";"443.0"
"111790.0";"443.0";"443.0"
"111800.0";"443.0";"443.0"
"111810.0";"443.0";"443.0"
"111820.0";"443.0";"443.0"
"111830.0";"443.0";"443.0"
"111840.0";"443.0";"443.0"
"111850.0";"443.0";"443.0"
"111860.0";"443.0";"443.0"
"111870.0";"443.0";"443.0"
"111880.0";"443.0";"443.0"
"111890.0";"443.0";"443.0"
"111900.0";"443.0";"443.0"
"111910.0";"443.0";"443.0"
"111920.0";"443.0";"443.0"
"111930.0";"443.0";"443.0"
"111940.0";"443.0";"443.0"
"111950.0";"443.0";"443.0"
"111960.0";"443.0";"443.0"
"111970.0";"443.0";"443.0"
"111980.0";"443.0";"443.0"
"111990.0";"443.0";"443.0"
"112000.0";"443.0";"443.0"
"112010.0";"443.0";"443.0"
"112020.0";"443.0";"443.0"
"112030.0";"443.0";"443.0"
"112040.0";"443.0";"443.0"
"112050.0";"443.0";"443.0"
"112060.0";"443.0";"443.0"
"112070.0";"443.0";"443.0"
"112080.0";"443.0";"443.0"
"112090.0";"443.0";"443.0"
"112100.0";"443.0";"443.0"
"112110.0";"443.0";"443.0"
"112120.0";"443.0";"443.0"
"112130.0";"443.0";"443.0"
"112140.0";"443.0";"443.0"
"112150.0";"443.0";"443.0"
"112160.0";"443.0";"443.0"
"112170.0";"443.0";"443.0"
"112180.0";"443.0";"443.0"
"112190.0";"443.0";"443.0"
"112200.0";"443.0";"443.0"
"112210.0";"443.0";"443.0"
"112220.0";"443.0";"443.0"
"112230.0";"443.0";"443.0"
"112240.0";"443.0";"443.0"
"112250.0";"443.0";"443.0"
"112260.0";"443.0";"443.0"
"112270.0";"443.0";"443.0"
"112280.0";"443.0";"443.0"
"112290.0";"443.0";"443.0"
"112300.0";"443.0";"443.0"
"112310.0";"443.0";"443.0"
"112320.0";"443.0";"443.0"
"112330.0";"443.0";"443.0"
"112340.0";"443.0";"443.0"
"112350.0";"443.0";"443.0"
"112360.0";"443.0";"443.0"
"112370.0";"443.0";"443.0"
"112380.0";"443.0";"443.0"
"112390.0";"443.0";"443.0"
"112400.0";"443.0";"443.0"
"112410.0";"443.0";"443.0"
"112420.0";"443.0";"443.0"
"112430.0";"443.0";"443.0"
"112440.0";"443.0";"443.0"
"112450.0";"443.0";"443.0"
"112460.0";"443.0";"443.0"
"112470.0";"443.0";"443.0"
"112480.0";"443.0";"443.0"
"112490.0";"443.0";"443.0"
"112500.0";"443.0";"443.0"
"112510.0";"443.0";"443.0"
"112520.0";"443.0";"443.0"
"112530.0";"443.0";"443.0"
"112540.0";"443.0";"443.0"
"112550.0";"443.0";"443.0"
"112560.0";"443.0";"443.0"
"112570.0";"443.0";"443.0"
"112580.0";"443.0";"443.0"
"112590.0";"443.0";"443.0"
"112600.0";"443.0";"443.0"
"112610.0";"443.0";"443.0"
"112620.0";"443.0";"443.0"
"112630.0";"443.0";"443.0"
"112640.0";"443.0";"443.0"
"112650.0";"443.0";"443.0"
"112660.0";"443.0";"443.0"
"112670.0";"443.0";"443.0"
"112680.0";"443.0";"443.0"
"112690.0";"443.0";"443.0"
"112700.0";"443.0";"443.0"
"112710.0";"443.0";"443.0"
"112720.0";"443.0";"443.0"
"112730.0";"443.0";"443.0"
"112740.0";"443.0";"443.0"
"112750.0";"443.0";"443.0"
"112760.0";"443.0";"443.0"
"112770.0";"443.0";"443.0"
"112780.0";"443.0";"443.0"
"112790.0";"443.0";"443.0"
"112800.0";"443.0";"443.0"
"112810.0";"443.0";"443.0"
"112820.0";"443.0";"443.0"
"112830.0";"443.0";"443.0"
"112840.0";"443.0";"443.0"
"112850.0";"443.0";"443.0"
"112860.0";"443.0";"443.0"
"112870.0";"443.0";"443.0"
"112880.0";"443.0";"443.0"
"112890.0";"443.0";"443.0"
"112900.0";"443.0";"443.0"
"112910.0";"443.0";"443.0"
"112920.0";"443.0";"443.0"
"112930.0";"443.0";"443.0"
"112940.0";"443.0";"443.0"
"112950.0";"443.0";"443.0"
"112960.0";"443.0";"443.0"
"112970.0";"443.0";"443.0"
"112980.0";"443.0";"443.0"
"112990.0";"443.0";"443.0"
"113000.0";"443.0";"443.0"
"113010.0";"443.0";"443.0"
"113020.0";"443.0";"443.0"
"113030.0";"443.0";"443.0"
"113040.0";"443.0";"443.0"
"113050.0";"443.0";"443.0"
"113060.0";"443.0";"443.0"
"113070.0";"443.0";"443.0"
"113080.0";"443.0";"443.0"
"113090.0";"443.0";"443.0"
"113100.0";"443.0";"443.0"
"113110.0";"443.0";"443.0"
"113120.0";"443.0";"443.0"
"113130.0";"443.0";"443.0"
"113140.0";"443.0";"443.0"
"113150.0";"443.0";"443.0"
"113160.0";"443.0";"443.0"
"113170.0";"443.0";"443.0"
"113180.0";"443.0";"443.0"
"113190.0";"443.0";"443.0"
"113200.0";"443.0";"443.0"
"113210.0";"443.0";"443.0"
"113220.0";"443.0";"443.0"
"113230.0";"443.0";"443.0"
"113240.0";"443.0";"443.0"
"113250.0";"443.0";"443.0"
"113260.0";"443.0";"443.0"
"113270.0";"443.0";"443.0"
"113280.0";"443.0";"443.0"
"113290.0";"443.0";"443.0"
"113300.0";"443.0";"443.0"
"113310.0";"443.0";"443.0"
"113320.0";"443.0";"443.0"
"113330.0";"443.0";"443.0"
"113340.0";"443.0";"443.0"
"113350.0";"443.0";"443.0"
"113360.0";"443.0";"443.0"
"113370.0";"443.0";"443.0"
"113380.0";"443.0";"443.0"
"113390.0";"443.0";"443.0"
"113400.0";"443.0";"443.0"
"113410.0";"443.0";"443.0"
"113420.0";"443.0";"443.0"
"113430.0";"443.0";"443.0"
"113440.0";"443.0";"443.0"
"113450.0";"443.0";"443.0"
"113460.0";"443.0";"443.0"
"113470.0";"443.0";"443.0"
"113480.0";"443.0";"443.0"
"113490.0";"443.0";"443.0"
"113500.0";"443.0";"443.0"
"113510.0";"443.0";"443.0"
"113520.0";"443.0";"443.0"
"113530.0";"443.0";"443.0"
"113540.0";"443.0";"443.0"
"113550.0";"443.0";"443.0"
"113560.0";"443.0";"443.0"
"113570.0";"443.0";"443.0"
"113580.0";"443.0";"443.0"
"113590.0";"443.0";"443.0"
"113600.0";"443.0";"443.0"
"113610.0";"443.0";"443.0"
"113620.0";"443.0";"443.0"
"113630.0";"443.0";"443.0"
"113640.0";"443.0";"443.0"
"113650.0";"443.0";"443.0"
"113660.0";"443.0";"443.0"
"113670.0";"443.0";"443.0"
"113680.0";"443.0";"443.0"
"113690.0";"443.0";"443.0"
"113700.0";"443.0";"443.0"
"113710.0";"443.0";"443.0"
"113720.0";"443.0";"443.0"
"113730.0";"443.0";"443.0"
"113740.0";"443.0";"443.0"
"113750.0";"443.0";"443.0"
"113760.0";"443.0";"443.0"
"113770.0";"443.0";"443.0"
"113780.0";"443.0";"443.0"
"113790.0";"443.0";"443.0"
"113800.0";"443.0";"443.0"
"113810.0";"443.0";"443.0"
"113820.0";"443.0";"443.0"
"113830.0";"443.0";"443.0"
"113840.0";"443.0";"443.0"
"113850.0";"443.0";"443.0"
"113860.0";"443.0";"443.0"
"113870.0";"443.0";"443.0"
"113880.0";"443.0";"443.0"
"113890.0";"443.0";"443.0"
"113900.0";"443.0";"443.0"
"113910.0";"443.0";"443.0"
"113920.0";"443.0";"443.0"
"113930.0";"443.0";"443.0"
"113940.0";"443.0";"443.0"
"113950.0";"443.0";"443.0"
"113960.0";"443.0";"443.0"
"113970.0";"443.0";"443.0"
"113980.0";"443.0";"443.0"
"113990.0";"443.0";"443.0"
"114000.0";"443.0";"443.0"
"114010.0";"443.0";"443.0"
"114020.0";"443.0";"443.0"
"114030.0";"443.0";"443.0"
"114040.0";"443.0";"443.0"
"114050.0";"443.0";"443.0"
"114060.0";"443.0";"443.0"
"114070.0";"443.0";"443.0"
"114080.0";"443.0";"443.0"
"114090.0";"443.0";"443.0"
"114100.0";"443.0";"443.0"
"114110.0";"443.0";"443.0"
"114120.0";"443.0";"443.0"
"114130.0";"443.0";"443.0"
"114140.0";"443.0";"443.0"
"114150.0";"443.0";"443.0"
"114160.0";"443.0";"443.0"
"114170.0";"443.0";"443.0"
"114180.0";"443.0";"443.0"
"114190.0";"443.0";"443.0"
"114200.0";"443.0";"443.0"
"114210.0";"443.0";"443.0"
"114220.0";"443.0";"443.0"
"114230.0";"443.0";"443.0"
"114240.0";"443.0";"443.0"
"114250.0";"443.0";"443.0"
"114260.0";"443.0";"443.0"
"114270.0";"443.0";"443.0"
"114280.0";"443.0";"443.0"
"114290.0";"443.0";"443.0"
"114300.0";"443.0";"443.0"
"114310.0";"443.0";"443.0"
"114320.0";"443.0";"443.0"
"114330.0";"443.0";"443.0"
"114340.0";"443.0";"443.0"
"114350.0";"443.0";"443.0"
"114360.0";"443.0";"443.0"
"114370.0";"443.0";"443.0"
"114380.0";"443.0";"443.0"
"114390.0";"443.0";"443.0"
"114400.0";"443.0";"443.0"
"114410.0";"443.0";"443.0"
"114420.0";"443.0";"443.0"
"114430.0";"443.0";"443.0"
"114440.0";"443.0";"443.0"
"114450.0";"443.0";"443.0"
"114460.0";"443.0";"443.0"
"114470.0";"443.0";"443.0"
"114480.0";"443.0";"443.0"
"114490.0";"443.0";"443.0"
"114500.0";"443.0";"443.0"
"114510.0";"443.0";"443.0"
"114520.0";"443.0";"443.0"
"114530.0";"443.0";"443.0"
"114540.0";"443.0";"443.0"
"114550.0";"443.0";"443.0"
"114560.0";"443.0";"443.0"
"114570.0";"443.0";"443.0"
"114580.0";"443.0";"443.0"
"114590.0";"443.0";"443.0"
"114600.0";"443.0";"443.0"
"114610.0";"443.0";"443.0"
"114620.0";"443.0";"443.0"
"114630.0";"443.0";"443.0"
"114640.0";"443.0";"443.0"
"114650.0";"443.0";"443.0"
"114660.0";"443.0";"443.0"
"114670.0";"443.0";"443.0"
"114680.0";"443.0";"443.0"
"114690.0";"443.0";"443.0"
"114700.0";"443.0";"443.0"
"114710.0";"443.0";"443.0"
"114720.0";"443.0";"443.0"
"114730.0";"443.0";"443.0"
"114740.0";"443.0";"443.0"
"114750.0";"443.0";"443.0"
"114760.0";"443.0";"443.0"
"114770.0";"443.0";"443.0"
"114780.0";"443.0";"443.0"
"114790.0";"443.0";"443.0"
"114800.0";"443.0";"443.0"
"114810.0";"443.0";"443.0"
"114820.0";"443.0";"443.0"
"114830.0";"443.0";"443.0"
"114840.0";"443.0";"443.0"
"114850.0";"443.0";"443.0"
"114860.0";"443.0";"443.0"
"114870.0";"443.0";"443.0"
"114880.0";"443.0";"443.0"
"114890.0";"443.0";"443.0"
"114900.0";"443.0";"443.0"
"114910.0";"443.0";"443.0"
"114920.0";"443.0";"443.0"
"114930.0";"443.0";"443.0"
"114940.0";"443.0";"443.0"
"114950.0";"443.0";"443.0"
"114960.0";"443.0";"443.0"
"114970.0";"443.0";"443.0"
"114980.0";"443.0";"443.0"
"114990.0";"443.0";"443.0"
"115000.0";"443.0";"443.0"
"115010.0";"443.0";"443.0"
"115020.0";"443.0";"443.0"
"115030.0";"443.0";"443.0"
"115040.0";"443.0";"443.0"
"115050.0";"443.0";"443.0"
"115060.0";"443.0";"443.0"
"115070.0";"443.0";"443.0"
"115080.0";"443.0";"443.0"
"115090.0";"443.0";"443.0"
"115100.0";"443.0";"443.0"
"115110.0";"443.0";"443.0"
"115120.0";"443.0";"443.0"
"115130.0";"443.0";"443.0"
"115140.0";"443.0";"443.0"
"115150.0";"443.0";"443.0"
"115160.0";"443.0";"443.0"
"115170.0";"443.0";"443.0"
"115180.0";"443.0";"443.0"
"115190.0";"443.0";"443.0"
"115200.0";"443.0";"443.0"
"115210.0";"443.0";"443.0"
"115220.0";"443.0";"443.0"
"115230.0";"443.0";"443.0"
"115240.0";"443.0";"443.0"
"115250.0";"443.0";"443.0"
"115260.0";"443.0";"443.0"
"115270.0";"443.0";"443.0"
"115280.0";"443.0";"443.0"
"115290.0";"443.0";"443.0"
"115300.0";"443.0";"443.0"
"115310.0";"443.0";"443.0"
"115320.0";"443.0";"443.0"
"115330.0";"443.0";"443.0"
"115340.0";"443.0";"443.0"
"115350.0";"443.0";"443.0"
"115360.0";"443.0";"443.0"
"115370.0";"443.0";"443.0"
"115380.0";"443.0";"443.0"
"115390.0";"443.0";"443.0"
"115400.0";"443.0";"443.0"
"115410.0";"443.0";"443.0"
"115420.0";"443.0";"443.0"
"115430.0";"443.0";"443.0"
"115440.0";"443.0";"443.0"
"115450.0";"443.0";"443.0"
"115460.0";"443.0";"443.0"
"115470.0";"443.0";"443.0"
"115480.0";"443.0";"443.0"
"115490.0";"443.0";"443.0"
"115500.0";"443.0";"443.0"
"115510.0";"443.0";"443.0"
"115520.0";"443.0";"443.0"
"115530.0";"443.0";"443.0"
"115540.0";"443.0";"443.0"
"115550.0";"443.0";"443.0"
"115560.0";"443.0";"443.0"
"115570.0";"443.0";"443.0"
"115580.0";"443.0";"443.0"
"115590.0";"443.0";"443.0"
"115600.0";"443.0";"443.0"
"115610.0";"443.0";"443.0"
"115620.0";"443.0";"443.0"
"115630.0";"443.0";"443.0"
"115640.0";"443.0";"443.0"
"115650.0";"443.0";"443.0"
"115660.0";"443.0";"443.0"
"115670.0";"443.0";"443.0"
"115680.0";"443.0";"443.0"
"115690.0";"443.0";"443.0"
"115700.0";"443.0";"443.0"
"115710.0";"443.0";"443.0"
"115720.0";"443.0";"443.0"
"115730.0";"443.0";"443.0"
"115740.0";"443.0";"443.0"
"115750.0";"443.0";"443.0"
"115760.0";"443.0";"443.0"
"115770.0";"443.0";"443.0"
"115780.0";"443.0";"443.0"
"115790.0";"443.0";"443.0"
"115800.0";"443.0";"443.0"
"115810.0";"443.0";"443.0"
"115820.0";"443.0";"443.0"
"115830.0";"443.0";"443.0"
"115840.0";"443.0";"443.0"
"115850.0";"443.0";"443.0"
"115860.0";"443.0";"443.0"
"115870.0";"443.0";"443.0"
"115880.0";"443.0";"443.0"
"115890.0";"443.0";"443.0"
"115900.0";"443.0";"443.0"
"115910.0";"443.0";"443.0"
"115920.0";"443.0";"443.0"
"115930.0";"443.0";"443.0"
"115940.0";"443.0";"443.0"
"115950.0";"443.0";"443.0"
"115960.0";"443.0";"443.0"
"115970.0";"443.0";"443.0"
"115980.0";"443.0";"443.0"
"115990.0";"443.0";"443.0"
"116000.0";"443.0";"443.0"
"116010.0";"443.0";"443.0"
"116020.0";"443.0";"443.0"
"116030.0";"443.0";"443.0"
"116040.0";"443.0";"443.0"
"116050.0";"443.0";"443.0"
"116060.0";"443.0";"443.0"
"116070.0";"443.0";"443.0"
"116080.0";"443.0";"443.0"
"116090.0";"443.0";"443.0"
"116100.0";"443.0";"443.0"
"116110.0";"443.0";"443.0"
"116120.0";"443.0";"443.0"
"116130.0";"443.0";"443.0"
"116140.0";"443.0";"443.0"
"116150.0";"443.0";"443.0"
"116160.0";"443.0";"443.0"
"116170.0";"443.0";"443.0"
"116180.0";"443.0";"443.0"
"116190.0";"443.0";"443.0"
"116200.0";"443.0";"443.0"
"116210.0";"443.0";"443.0"
"116220.0";"443.0";"443.0"
"116230.0";"443.0";"443.0"
"116240.0";"443.0";"443.0"
"116250.0";"443.0";"443.0"
"116260.0";"443.0";"443.0"
"116270.0";"443.0";"443.0"
"116280.0";"443.0";"443.0"
"116290.0";"443.0";"443.0"
"116300.0";"443.0";"443.0"
"116310.0";"443.0";"443.0"
"116320.0";"443.0";"443.0"
"116330.0";"443.0";"443.0"
"116340.0";"443.0";"443.0"
"116350.0";"443.0";"443.0"
"116360.0";"443.0";"443.0"
"116370.0";"443.0";"443.0"
"116380.0";"443.0";"443.0"
"116390.0";"443.0";"443.0"
"116400.0";"443.0";"443.0"
"116410.0";"443.0";"443.0"
"116420.0";"443.0";"443.0"
"116430.0";"443.0";"443.0"
"116440.0";"443.0";"443.0"
"116450.0";"443.0";"443.0"
"116460.0";"443.0";"443.0"
"116470.0";"443.0";"443.0"
"116480.0";"443.0";"443.0"
"116490.0";"443.0";"443.0"
"116500.0";"443.0";"443.0"
"116510.0";"443.0";"443.0"
"116520.0";"443.0";"443.0"
"116530.0";"443.0";"443.0"
"116540.0";"443.0";"443.0"
"116550.0";"443.0";"443.0"
"116560.0";"443.0";"443.0"
"116570.0";"443.0";"443.0"
"116580.0";"443.0";"443.0"
"116590.0";"443.0";"443.0"
"116600.0";"443.0";"443.0"
"116610.0";"443.0";"443.0"
"116620.0";"443.0";"443.0"
"116630.0";"443.0";"443.0"
"116640.0";"443.0";"443.0"
"116650.0";"443.0";"443.0"
"116660.0";"443.0";"443.0"
"116670.0";"443.0";"443.0"
"116680.0";"443.0";"443.0"
"116690.0";"443.0";"443.0"
"116700.0";"443.0";"443.0"
"116710.0";"443.0";"443.0"
"116720.0";"443.0";"443.0"
"116730.0";"443.0";"443.0"
"116740.0";"443.0";"443.0"
"116750.0";"443.0";"443.0"
"116760.0";"443.0";"443.0"
"116770.0";"443.0";"443.0"
"116780.0";"443.0";"443.0"
"116790.0";"443.0";"443.0"
"116800.0";"443.0";"443.0"
"116810.0";"443.0";"443.0"
"116820.0";"443.0";"443.0"
"116830.0";"443.0";"443.0"
"116840.0";"443.0";"443.0"
"116850.0";"443.0";"443.0"
"116860.0";"443.0";"443.0"
"116870.0";"443.0";"443.0"
"116880.0";"443.0";"443.0"
"116890.0";"443.0";"443.0"
"116900.0";"443.0";"443.0"
"116910.0";"443.0";"443.0"
"116920.0";"443.0";"443.0"
"116930.0";"443.0";"443.0"
"116940.0";"443.0";"443.0"
"116950.0";"443.0";"443.0"
"116960.0";"443.0";"443.0"
"116970.0";"443.0";"443.0"
"116980.0";"443.0";"443.0"
"116990.0";"443.0";"443.0"
"117000.0";"443.0";"443.0"
"117010.0";"443.0";"443.0"
"117020.0";"443.0";"443.0"
"117030.0";"443.0";"443.0"
"117040.0";"443.0";"443.0"
"117050.0";"443.0";"443.0"
"117060.0";"443.0";"443.0"
"117070.0";"443.0";"443.0"
"117080.0";"443.0";"443.0"
"117090.0";"443.0";"443.0"
"117100.0";"443.0";"443.0"
"117110.0";"443.0";"443.0"
"117120.0";"443.0";"443.0"
"117130.0";"443.0";"443.0"
"117140.0";"443.0";"443.0"
"117150.0";"443.0";"443.0"
"117160.0";"443.0";"443.0"
"117170.0";"443.0";"443.0"
"117180.0";"443.0";"443.0"
"117190.0";"443.0";"443.0"
"117200.0";"443.0";"443.0"
"117210.0";"443.0";"443.0"
"117220.0";"443.0";"443.0"
"117230.0";"443.0";"443.0"
"117240.0";"443.0";"443.0"
"117250.0";"443.0";"443.0"
"117260.0";"443.0";"443.0"
"117270.0";"443.0";"443.0"
"117280.0";"443.0";"443.0"
"117290.0";"443.0";"443.0"
"117300.0";"443.0";"443.0"
"117310.0";"443.0";"443.0"
"117320.0";"443.0";"443.0"
"117330.0";"443.0";"443.0"
"117340.0";"443.0";"443.0"
"117350.0";"443.0";"443.0"
"117360.0";"443.0";"443.0"
"117370.0";"443.0";"443.0"
"117380.0";"443.0";"443.0"
"117390.0";"443.0";"443.0"
"117400.0";"443.0";"443.0"
"117410.0";"443.0";"443.0"
"117420.0";"443.0";"443.0"
"117430.0";"443.0";"443.0"
"117440.0";"443.0";"443.0"
"117450.0";"443.0";"443.0"
"117460.0";"443.0";"443.0"
"117470.0";"443.0";"443.0"
"117480.0";"443.0";"443.0"
"117490.0";"443.0";"443.0"
"117500.0";"443.0";"443.0"
"117510.0";"443.0";"443.0"
"117520.0";"443.0";"443.0"
"117530.0";"443.0";"443.0"
"117540.0";"443.0";"443.0"
"117550.0";"443.0";"443.0"
"117560.0";"443.0";"443.0"
"117570.0";"443.0";"443.0"
"117580.0";"443.0";"443.0"
"117590.0";"443.0";"443.0"
"117600.0";"443.0";"443.0"
"117610.0";"443.0";"443.0"
"117620.0";"443.0";"443.0"
"117630.0";"443.0";"443.0"
"117640.0";"443.0";"443.0"
"117650.0";"443.0";"443.0"
"117660.0";"443.0";"443.0"
"117670.0";"443.0";"443.0"
"117680.0";"443.0";"443.0"
"117690.0";"443.0";"443.0"
"117700.0";"443.0";"443.0"
"117710.0";"443.0";"443.0"
"117720.0";"443.0";"443.0"
"117730.0";"443.0";"443.0"
"117740.0";"443.0";"443.0"
"117750.0";"443.0";"443.0"
"117760.0";"443.0";"443.0"
"117770.0";"443.0";"443.0"
"117780.0";"443.0";"443.0"
"117790.0";"443.0";"443.0"
"117800.0";"443.0";"443.0"
"117810.0";"443.0";"443.0"
"117820.0";"443.0";"443.0"
"117830.0";"443.0";"443.0"
"117840.0";"443.0";"443.0"
"117850.0";"443.0";"443.0"
"117860.0";"443.0";"443.0"
"117870.0";"443.0";"443.0"
"117880.0";"443.0";"443.0"
"117890.0";"443.0";"443.0"
"117900.0";"443.0";"443.0"
"117910.0";"443.0";"443.0"
"117920.0";"443.0";"443.0"
"117930.0";"443.0";"443.0"
"117940.0";"443.0";"443.0"
"117950.0";"443.0";"443.0"
"117960.0";"443.0";"443.0"
"117970.0";"443.0";"443.0"
"117980.0";"443.0";"443.0"
"117990.0";"443.0";"443.0"
"118000.0";"443.0";"443.0"
"118010.0";"443.0";"443.0"
"118020.0";"443.0";"443.0"
"118030.0";"443.0";"443.0"
"118040.0";"443.0";"443.0"
"118050.0";"443.0";"443.0"
"118060.0";"443.0";"443.0"
"118070.0";"443.0";"443.0"
"118080.0";"443.0";"443.0"
"118090.0";"443.0";"443.0"
"118100.0";"443.0";"443.0"
"118110.0";"443.0";"443.0"
"118120.0";"443.0";"443.0"
"118130.0";"443.0";"443.0"
"118140.0";"443.0";"443.0"
"118150.0";"443.0";"443.0"
"118160.0";"443.0";"443.0"
"118170.0";"443.0";"443.0"
"118180.0";"443.0";"443.0"
"118190.0";"443.0";"443.0"
"118200.0";"443.0";"443.0"
"118210.0";"443.0";"443.0"
"118220.0";"443.0";"443.0"
"118230.0";"443.0";"443.0"
"118240.0";"443.0";"443.0"
"118250.0";"443.0";"443.0"
"118260.0";"443.0";"443.0"
"118270.0";"443.0";"443.0"
"118280.0";"443.0";"443.0"
"118290.0";"443.0";"443.0"
"118300.0";"443.0";"443.0"
"118310.0";"443.0";"443.0"
"118320.0";"443.0";"443.0"
"118330.0";"443.0";"443.0"
"118340.0";"443.0";"443.0"
"118350.0";"443.0";"443.0"
"118360.0";"443.0";"443.0"
"118370.0";"443.0";"443.0"
"118380.0";"443.0";"443.0"
"118390.0";"443.0";"443.0"
"118400.0";"443.0";"443.0"
"118410.0";"443.0";"443.0"
"118420.0";"443.0";"443.0"
"118430.0";"443.0";"443.0"
"118440.0";"443.0";"443.0"
"118450.0";"443.0";"443.0"
"118460.0";"443.0";"443.0"
"118470.0";"443.0";"443.0"
"118480.0";"443.0";"443.0"
"118490.0";"443.0";"443.0"
"118500.0";"443.0";"443.0"
"118510.0";"443.0";"443.0"
"118520.0";"443.0";"443.0"
"118530.0";"443.0";"443.0"
"118540.0";"443.0";"443.0"
"118550.0";"443.0";"443.0"
"118560.0";"443.0";"443.0"
"118570.0";"443.0";"443.0"
"118580.0";"443.0";"443.0"
"118590.0";"443.0";"443.0"
"118600.0";"443.0";"443.0"
"118610.0";"443.0";"443.0"
"118620.0";"443.0";"443.0"
"118630.0";"443.0";"443.0"
"118640.0";"443.0";"443.0"
"118650.0";"443.0";"443.0"
"118660.0";"443.0";"443.0"
"118670.0";"443.0";"443.0"
"118680.0";"443.0";"443.0"
"118690.0";"443.0";"443.0"
"118700.0";"443.0";"443.0"
"118710.0";"443.0";"443.0"
"118720.0";"443.0";"443.0"
"118730.0";"443.0";"443.0"
"118740.0";"443.0";"443.0"
"118750.0";"443.0";"443.0"
"118760.0";"443.0";"443.0"
"118770.0";"443.0";"443.0"
"118780.0";"443.0";"443.0"
"118790.0";"443.0";"443.0"
"118800.0";"443.0";"443.0"
"118810.0";"443.0";"443.0"
"118820.0";"443.0";"443.0"
"118830.0";"443.0";"443.0"
"118840.0";"443.0";"443.0"
"118850.0";"443.0";"443.0"
"118860.0";"443.0";"443.0"
"118870.0";"443.0";"443.0"
"118880.0";"443.0";"443.0"
"118890.0";"443.0";"443.0"
"118900.0";"443.0";"443.0"
"118910.0";"443.0";"443.0"
"118920.0";"443.0";"443.0"
"118930.0";"443.0";"443.0"
"118940.0";"443.0";"443.0"
"118950.0";"443.0";"443.0"
"118960.0";"443.0";"443.0"
"118970.0";"443.0";"443.0"
"118980.0";"443.0";"443.0"
"118990.0";"443.0";"443.0"
"119000.0";"443.0";"443.0"
"119010.0";"443.0";"443.0"
"119020.0";"443.0";"443.0"
"119030.0";"443.0";"443.0"
"119040.0";"443.0";"443.0"
"119050.0";"443.0";"443.0"
"119060.0";"443.0";"443.0"
"119070.0";"443.0";"443.0"
"119080.0";"443.0";"443.0"
"119090.0";"443.0";"443.0"
"119100.0";"443.0";"443.0"
"119110.0";"443.0";"443.0"
"119120.0";"443.0";"443.0"
"119130.0";"443.0";"443.0"
"119140.0";"443.0";"443.0"
"119150.0";"443.0";"443.0"
"119160.0";"443.0";"443.0"
"119170.0";"443.0";"443.0"
"119180.0";"443.0";"443.0"
"119190.0";"443.0";"443.0"
"119200.0";"443.0";"443.0"
"119210.0";"443.0";"443.0"
"119220.0";"443.0";"443.0"
"119230.0";"443.0";"443.0"
"119240.0";"443.0";"443.0"
"119250.0";"443.0";"443.0"
"119260.0";"443.0";"443.0"
"119270.0";"443.0";"443.0"
"119280.0";"443.0";"443.0"
"119290.0";"443.0";"443.0"
"119300.0";"443.0";"443.0"
"119310.0";"443.0";"443.0"
"119320.0";"443.0";"443.0"
"119330.0";"443.0";"443.0"
"119340.0";"443.0";"443.0"
"119350.0";"443.0";"443.0"
"119360.0";"443.0";"443.0"
"119370.0";"443.0";"443.0"
"119380.0";"443.0";"443.0"
"119390.0";"443.0";"443.0"
"119400.0";"443.0";"443.0"
"119410.0";"443.0";"443.0"
"119420.0";"443.0";"443.0"
"119430.0";"443.0";"443.0"
"119440.0";"443.0";"443.0"
"119450.0";"443.0";"443.0"
"119460.0";"443.0";"443.0"
"119470.0";"443.0";"443.0"
"119480.0";"443.0";"443.0"
"119490.0";"443.0";"443.0"
"119500.0";"443.0";"443.0"
"119510.0";"443.0";"443.0"
"119520.0";"443.0";"443.0"
"119530.0";"443.0";"443.0"
"119540.0";"443.0";"443.0"
"119550.0";"443.0";"443.0"
"119560.0";"443.0";"443.0"
"119570.0";"443.0";"443.0"
"119580.0";"443.0";"443.0"
"119590.0";"443.0";"443.0"
"119600.0";"443.0";"443.0"
"119610.0";"443.0";"443.0"
"119620.0";"443.0";"443.0"
"119630.0";"443.0";"443.0"
"119640.0";"443.0";"443.0"
"119650.0";"443.0";"443.0"
"119660.0";"443.0";"443.0"
"119670.0";"443.0";"443.0"
"119680.0";"443.0";"443.0"
"119690.0";"443.0";"443.0"
"119700.0";"443.0";"443.0"
"119710.0";"443.0";"443.0"
"119720.0";"443.0";"443.0"
"119730.0";"443.0";"443.0"
"119740.0";"443.0";"443.0"
"119750.0";"443.0";"443.0"
"119760.0";"443.0";"443.0"
"119770.0";"443.0";"443.0"
"119780.0";"443.0";"443.0"
"119790.0";"443.0";"443.0"
"119800.0";"443.0";"443.0"
"119810.0";"443.0";"443.0"
"119820.0";"443.0";"443.0"
"119830.0";"443.0";"443.0"
"119840.0";"443.0";"443.0"
"119850.0";"443.0";"443.0"
"119860.0";"443.0";"443.0"
"119870.0";"443.0";"443.0"
"119880.0";"443.0";"443.0"
"119890.0";"443.0";"443.0"
"119900.0";"443.0";"443.0"
"119910.0";"443.0";"443.0"
"119920.0";"443.0";"443.0"
"119930.0";"443.0";"443.0"
"119940.0";"443.0";"443.0"
"119950.0";"443.0";"443.0"
"119960.0";"443.0";"443.0"
"119970.0";"443.0";"443.0"
"119980.0";"443.0";"443.0"
"119990.0";"443.0";"443.0"
"120000.0";"443.0";"443.0"
"120010.0";"443.0";"443.0"
"120020.0";"443.0";"443.0"
"120030.0";"443.0";"443.0"
"120040.0";"443.0";"443.0"
"120050.0";"443.0";"443.0"
"120060.0";"443.0";"443.0"
"120070.0";"443.0";"443.0"
"120080.0";"443.0";"443.0"
"120090.0";"443.0";"443.0"
"120100.0";"443.0";"443.0"
"120110.0";"443.0";"443.0"
"120120.0";"443.0";"443.0"
"120130.0";"443.0";"443.0"
"120140.0";"443.0";"443.0"
"120150.0";"443.0";"443.0"
"120160.0";"443.0";"443.0"
"120170.0";"443.0";"443.0"
"120180.0";"443.0";"443.0"
"120190.0";"443.0";"443.0"
"120200.0";"443.0";"443.0"
"120210.0";"443.0";"443.0"
"120220.0";"443.0";"443.0"
"120230.0";"443.0";"443.0"
"120240.0";"443.0";"443.0"
"120250.0";"443.0";"443.0"
"120260.0";"443.0";"443.0"
"120270.0";"443.0";"443.0"
"120280.0";"443.0";"443.0"
"120290.0";"443.0";"443.0"
"120300.0";"443.0";"443.0"
"120310.0";"443.0";"443.0"
"120320.0";"443.0";"443.0"
"120330.0";"443.0";"443.0"
"120340.0";"443.0";"443.0"
"120350.0";"443.0";"443.0"
"120360.0";"443.0";"443.0"
"120370.0";"443.0";"443.0"
"120380.0";"443.0";"443.0"
"120390.0";"443.0";"443.0"
"120400.0";"443.0";"443.0"
"120410.0";"443.0";"443.0"
"120420.0";"443.0";"443.0"
"120430.0";"443.0";"443.0"
"120440.0";"443.0";"443.0"
"120450.0";"443.0";"443.0"
"120460.0";"443.0";"443.0"
"120470.0";"443.0";"443.0"
"120480.0";"443.0";"443.0"
"120490.0";"443.0";"443.0"
"120500.0";"443.0";"443.0"
"120510.0";"443.0";"443.0"
"120520.0";"443.0";"443.0"
"120530.0";"443.0";"443.0"
"120540.0";"443.0";"443.0"
"120550.0";"443.0";"443.0"
"120560.0";"443.0";"443.0"
"120570.0";"443.0";"443.0"
"120580.0";"443.0";"443.0"
"120590.0";"443.0";"443.0"
"120600.0";"443.0";"443.0"
"120610.0";"443.0";"443.0"
"120620.0";"443.0";"443.0"
"120630.0";"443.0";"443.0"
"120640.0";"443.0";"443.0"
"120650.0";"443.0";"443.0"
"120660.0";"443.0";"443.0"
"120670.0";"443.0";"443.0"
"120680.0";"443.0";"443.0"
"120690.0";"443.0";"443.0"
"120700.0";"443.0";"443.0"
"120710.0";"443.0";"443.0"
"120720.0";"443.0";"443.0"
"120730.0";"443.0";"443.0"
"120740.0";"443.0";"443.0"
"120750.0";"443.0";"443.0"
"120760.0";"443.0";"443.0"
"120770.0";"443.0";"443.0"
"120780.0";"443.0";"443.0"
"120790.0";"443.0";"443.0"
"120800.0";"443.0";"443.0"
"120810.0";"443.0";"443.0"
"120820.0";"443.0";"443.0"
"120830.0";"443.0";"443.0"
"120840.0";"443.0";"443.0"
"120850.0";"443.0";"443.0"
"120860.0";"443.0";"443.0"
"120870.0";"443.0";"443.0"
"120880.0";"443.0";"443.0"
"120890.0";"443.0";"443.0"
"120900.0";"443.0";"443.0"
"120910.0";"443.0";"443.0"
"120920.0";"443.0";"443.0"
"120930.0";"443.0";"443.0"
"120940.0";"443.0";"443.0"
"120950.0";"443.0";"443.0"
"120960.0";"443.0";"443.0"
"120970.0";"443.0";"443.0"
"120980.0";"443.0";"443.0"
"120990.0";"443.0";"443.0"
"121000.0";"443.0";"443.0"
"121010.0";"443.0";"443.0"
"121020.0";"443.0";"443.0"
"121030.0";"443.0";"443.0"
"121040.0";"443.0";"443.0"
"121050.0";"443.0";"443.0"
"121060.0";"443.0";"443.0"
"121070.0";"443.0";"443.0"
"121080.0";"443.0";"443.0"
"121090.0";"443.0";"443.0"
"121100.0";"443.0";"443.0"
"121110.0";"443.0";"443.0"
"121120.0";"443.0";"443.0"
"121130.0";"443.0";"443.0"
"121140.0";"443.0";"443.0"
"121150.0";"443.0";"443.0"
"121160.0";"443.0";"443.0"
"121170.0";"443.0";"443.0"
"121180.0";"443.0";"443.0"
"121190.0";"443.0";"443.0"
"121200.0";"443.0";"443.0"
"121210.0";"443.0";"443.0"
"121220.0";"443.0";"443.0"
"121230.0";"443.0";"443.0"
"121240.0";"443.0";"443.0"
"121250.0";"443.0";"443.0"
"121260.0";"443.0";"443.0"
"121270.0";"443.0";"443.0"
"121280.0";"443.0";"443.0"
"121290.0";"443.0";"443.0"
"121300.0";"443.0";"443.0"
"121310.0";"443.0";"443.0"
"121320.0";"443.0";"443.0"
"121330.0";"443.0";"443.0"
"121340.0";"443.0";"443.0"
"121350.0";"443.0";"443.0"
"121360.0";"443.0";"443.0"
"121370.0";"443.0";"443.0"
"121380.0";"443.0";"443.0"
"121390.0";"443.0";"443.0"
"121400.0";"443.0";"443.0"
"121410.0";"443.0";"443.0"
"121420.0";"443.0";"443.0"
"121430.0";"443.0";"443.0"
"121440.0";"443.0";"443.0"
"121450.0";"443.0";"443.0"
"121460.0";"443.0";"443.0"
"121470.0";"443.0";"443.0"
"121480.0";"443.0";"443.0"
"121490.0";"443.0";"443.0"
"121500.0";"443.0";"443.0"
"121510.0";"443.0";"443.0"
"121520.0";"443.0";"443.0"
"121530.0";"443.0";"443.0"
"121540.0";"443.0";"443.0"
"121550.0";"443.0";"443.0"
"121560.0";"443.0";"443.0"
"121570.0";"443.0";"443.0"
"121580.0";"443.0";"443.0"
"121590.0";"443.0";"443.0"
"121600.0";"443.0";"443.0"
"121610.0";"443.0";"443.0"
"121620.0";"443.0";"443.0"
"121630.0";"443.0";"443.0"
"121640.0";"443.0";"443.0"
"121650.0";"443.0";"443.0"
"121660.0";"443.0";"443.0"
"121670.0";"443.0";"443.0"
"121680.0";"443.0";"443.0"
"121690.0";"443.0";"443.0"
"121700.0";"443.0";"443.0"
"121710.0";"443.0";"443.0"
"121720.0";"443.0";"443.0"
"121730.0";"443.0";"443.0"
"121740.0";"443.0";"443.0"
"121750.0";"443.0";"443.0"
"121760.0";"443.0";"443.0"
"121770.0";"443.0";"443.0"
"121780.0";"443.0";"443.0"
"121790.0";"443.0";"443.0"
"121800.0";"443.0";"443.0"
"121810.0";"443.0";"443.0"
"121820.0";"443.0";"443.0"
"121830.0";"443.0";"443.0"
"121840.0";"443.0";"443.0"
"121850.0";"443.0";"443.0"
"121860.0";"443.0";"443.0"
"121870.0";"443.0";"443.0"
"121880.0";"443.0";"443.0"
"121890.0";"443.0";"443.0"
"121900.0";"443.0";"443.0"
"121910.0";"443.0";"443.0"
"121920.0";"443.0";"443.0"
"121930.0";"443.0";"443.0"
"121940.0";"443.0";"443.0"
"121950.0";"443.0";"443.0"
"121960.0";"443.0";"443.0"
"121970.0";"443.0";"443.0"
"121980.0";"443.0";"443.0"
"121990.0";"443.0";"443.0"
"122000.0";"443.0";"443.0"
"122010.0";"443.0";"443.0"
"122020.0";"443.0";"443.0"
"122030.0";"443.0";"443.0"
"122040.0";"443.0";"443.0"
"122050.0";"443.0";"443.0"
"122060.0";"443.0";"443.0"
"122070.0";"443.0";"443.0"
"122080.0";"443.0";"443.0"
"122090.0";"443.0";"443.0"
"122100.0";"443.0";"443.0"
"122110.0";"443.0";"443.0"
"122120.0";"443.0";"443.0"
"122130.0";"443.0";"443.0"
"122140.0";"443.0";"443.0"
"122150.0";"443.0";"443.0"
"122160.0";"443.0";"443.0"
"122170.0";"443.0";"443.0"
"122180.0";"443.0";"443.0"
"122190.0";"443.0";"443.0"
"122200.0";"443.0";"443.0"
"122210.0";"443.0";"443.0"
"122220.0";"443.0";"443.0"
"122230.0";"443.0";"443.0"
"122240.0";"443.0";"443.0"
"122250.0";"443.0";"443.0"
"122260.0";"443.0";"443.0"
"122270.0";"443.0";"443.0"
"122280.0";"443.0";"443.0"
"122290.0";"443.0";"443.0"
"122300.0";"443.0";"443.0"
"122310.0";"443.0";"443.0"
"122320.0";"443.0";"443.0"
"122330.0";"443.0";"443.0"
"122340.0";"443.0";"443.0"
"122350.0";"443.0";"443.0"
"122360.0";"443.0";"443.0"
"122370.0";"443.0";"443.0"
"122380.0";"443.0";"443.0"
"122390.0";"443.0";"443.0"
"122400.0";"443.0";"443.0"
"122410.0";"443.0";"443.0"
"122420.0";"443.0";"443.0"
"122430.0";"443.0";"443.0"
"122440.0";"443.0";"443.0"
"122450.0";"443.0";"443.0"
"122460.0";"443.0";"443.0"
"122470.0";"443.0";"443.0"
"122480.0";"443.0";"443.0"
"122490.0";"443.0";"443.0"
"122500.0";"443.0";"443.0"
"122510.0";"443.0";"443.0"
"122520.0";"443.0";"443.0"
"122530.0";"443.0";"443.0"
"122540.0";"443.0";"443.0"
"122550.0";"443.0";"443.0"
"122560.0";"443.0";"443.0"
"122570.0";"443.0";"443.0"
"122580.0";"443.0";"443.0"
"122590.0";"443.0";"443.0"
"122600.0";"443.0";"443.0"
"122610.0";"443.0";"443.0"
"122620.0";"443.0";"443.0"
"122630.0";"443.0";"443.0"
"122640.0";"443.0";"443.0"
"122650.0";"443.0";"443.0"
"122660.0";"443.0";"443.0"
"122670.0";"443.0";"443.0"
"122680.0";"443.0";"443.0"
"122690.0";"443.0";"443.0"
"122700.0";"443.0";"443.0"
"122710.0";"443.0";"443.0"
"122720.0";"443.0";"443.0"
"122730.0";"443.0";"443.0"
"122740.0";"443.0";"443.0"
"122750.0";"443.0";"443.0"
"122760.0";"443.0";"443.0"
"122770.0";"443.0";"443.0"
"122780.0";"443.0";"443.0"
"122790.0";"443.0";"443.0"
"122800.0";"443.0";"443.0"
"122810.0";"443.0";"443.0"
"122820.0";"443.0";"443.0"
"122830.0";"443.0";"443.0"
"122840.0";"443.0";"443.0"
"122850.0";"443.0";"443.0"
"122860.0";"443.0";"443.0"
"122870.0";"443.0";"443.0"
"122880.0";"443.0";"443.0"
"122890.0";"443.0";"443.0"
"122900.0";"443.0";"443.0"
"122910.0";"443.0";"443.0"
"122920.0";"443.0";"443.0"
"122930.0";"443.0";"443.0"
"122940.0";"443.0";"443.0"
"122950.0";"443.0";"443.0"
"122960.0";"443.0";"443.0"
"122970.0";"443.0";"443.0"
"122980.0";"443.0";"443.0"
"122990.0";"443.0";"443.0"
"123000.0";"443.0";"443.0"
"123010.0";"443.0";"443.0"
"123020.0";"443.0";"443.0"
"123030.0";"443.0";"443.0"
"123040.0";"443.0";"443.0"
"123050.0";"443.0";"443.0"
"123060.0";"443.0";"443.0"
"123070.0";"443.0";"443.0"
"123080.0";"443.0";"443.0"
"123090.0";"443.0";"443.0"
"123100.0";"443.0";"443.0"
"123110.0";"443.0";"443.0"
"123120.0";"443.0";"443.0"
"123130.0";"443.0";"443.0"
"123140.0";"443.0";"443.0"
"123150.0";"443.0";"443.0"
"123160.0";"443.0";"443.0"
"123170.0";"443.0";"443.0"
"123180.0";"443.0";"443.0"
"123190.0";"443.0";"443.0"
"123200.0";"443.0";"443.0"
"123210.0";"443.0";"443.0"
"123220.0";"443.0";"443.0"
"123230.0";"443.0";"443.0"
"123240.0";"443.0";"443.0"
"123250.0";"443.0";"443.0"
"123260.0";"443.0";"443.0"
"123270.0";"443.0";"443.0"
"123280.0";"443.0";"443.0"
"123290.0";"443.0";"443.0"
"123300.0";"443.0";"443.0"
"123310.0";"443.0";"443.0"
"123320.0";"443.0";"443.0"
"123330.0";"443.0";"443.0"
"123340.0";"443.0";"443.0"
"123350.0";"443.0";"443.0"
"123360.0";"443.0";"443.0"
"123370.0";"443.0";"443.0"
"123380.0";"443.0";"443.0"
"123390.0";"443.0";"443.0"
"123400.0";"443.0";"443.0"
"123410.0";"443.0";"443.0"
"123420.0";"443.0";"443.0"
"123430.0";"443.0";"443.0"
"123440.0";"443.0";"443.0"
"123450.0";"443.0";"443.0"
"123460.0";"443.0";"443.0"
"123470.0";"443.0";"443.0"
"123480.0";"443.0";"443.0"
"123490.0";"443.0";"443.0"
"123500.0";"443.0";"443.0"
"123510.0";"443.0";"443.0"
"123520.0";"443.0";"443.0"
"123530.0";"443.0";"443.0"
"123540.0";"443.0";"443.0"
"123550.0";"443.0";"443.0"
"123560.0";"443.0";"443.0"
"123570.0";"443.0";"443.0"
"123580.0";"443.0";"443.0"
"123590.0";"443.0";"443.0"
"123600.0";"443.0";"443.0"
"123610.0";"443.0";"443.0"
"123620.0";"443.0";"443.0"
"123630.0";"443.0";"443.0"
"123640.0";"443.0";"443.0"
"123650.0";"443.0";"443.0"
"123660.0";"443.0";"443.0"
"123670.0";"443.0";"443.0"
"123680.0";"443.0";"443.0"
"123690.0";"443.0";"443.0"
"123700.0";"443.0";"443.0"
"123710.0";"443.0";"443.0"
"123720.0";"443.0";"443.0"
"123730.0";"443.0";"443.0"
"123740.0";"443.0";"443.0"
"123750.0";"443.0";"443.0"
"123760.0";"443.0";"443.0"
"123770.0";"443.0";"443.0"
"123780.0";"443.0";"443.0"
"123790.0";"443.0";"443.0"
"123800.0";"443.0";"443.0"
"123810.0";"443.0";"443.0"
"123820.0";"443.0";"443.0"
"123830.0";"443.0";"443.0"
"123840.0";"443.0";"443.0"
"123850.0";"443.0";"443.0"
"123860.0";"443.0";"443.0"
"123870.0";"443.0";"443.0"
"123880.0";"443.0";"443.0"
"123890.0";"443.0";"443.0"
"123900.0";"443.0";"443.0"
"123910.0";"443.0";"443.0"
"123920.0";"443.0";"443.0"
"123930.0";"443.0";"443.0"
"123940.0";"443.0";"443.0"
"123950.0";"443.0";"443.0"
"123960.0";"443.0";"443.0"
"123970.0";"443.0";"443.0"
"123980.0";"443.0";"443.0"
"123990.0";"443.0";"443.0"
"124000.0";"443.0";"443.0"
"124010.0";"443.0";"443.0"
"124020.0";"443.0";"443.0"
"124030.0";"443.0";"443.0"
"124040.0";"443.0";"443.0"
"124050.0";"443.0";"443.0"
"124060.0";"443.0";"443.0"
"124070.0";"443.0";"443.0"
"124080.0";"443.0";"443.0"
"124090.0";"443.0";"443.0"
"124100.0";"443.0";"443.0"
"124110.0";"443.0";"443.0"
"124120.0";"443.0";"443.0"
"124130.0";"443.0";"443.0"
"124140.0";"443.0";"443.0"
"124150.0";"443.0";"443.0"
"124160.0";"443.0";"443.0"
"124170.0";"443.0";"443.0"
"124180.0";"443.0";"443.0"
"124190.0";"443.0";"443.0"
"124200.0";"443.0";"443.0"
"124210.0";"443.0";"443.0"
"124220.0";"443.0";"443.0"
"124230.0";"443.0";"443.0"
"124240.0";"443.0";"443.0"
"124250.0";"443.0";"443.0"
"124260.0";"443.0";"443.0"
"124270.0";"443.0";"443.0"
"124280.0";"443.0";"443.0"
"124290.0";"443.0";"443.0"
"124300.0";"443.0";"443.0"
"124310.0";"443.0";"443.0"
"124320.0";"443.0";"443.0"
"124330.0";"443.0";"443.0"
"124340.0";"443.0";"443.0"
"124350.0";"443.0";"443.0"
"124360.0";"443.0";"443.0"
"124370.0";"443.0";"443.0"
"124380.0";"443.0";"443.0"
"124390.0";"443.0";"443.0"
"124400.0";"443.0";"443.0"
"124410.0";"443.0";"443.0"
"124420.0";"443.0";"443.0"
"124430.0";"443.0";"443.0"
"124440.0";"443.0";"443.0"
"124450.0";"443.0";"443.0"
"124460.0";"443.0";"443.0"
"124470.0";"443.0";"443.0"
"124480.0";"443.0";"443.0"
"124490.0";"443.0";"443.0"
"124500.0";"443.0";"443.0"
"124510.0";"443.0";"443.0"
"124520.0";"443.0";"443.0"
"124530.0";"443.0";"443.0"
"124540.0";"443.0";"443.0"
"124550.0";"443.0";"443.0"
"124560.0";"443.0";"443.0"
"124570.0";"443.0";"443.0"
"124580.0";"443.0";"443.0"
"124590.0";"443.0";"443.0"
"124600.0";"443.0";"443.0"
"124610.0";"443.0";"443.0"
"124620.0";"443.0";"443.0"
"124630.0";"443.0";"443.0"
"124640.0";"443.0";"443.0"
"124650.0";"443.0";"443.0"
"124660.0";"443.0";"443.0"
"124670.0";"443.0";"443.0"
"124680.0";"443.0";"443.0"
"124690.0";"443.0";"443.0"
"124700.0";"443.0";"443.0"
"124710.0";"443.0";"443.0"
"124720.0";"443.0";"443.0"
"124730.0";"443.0";"443.0"
"124740.0";"443.0";"443.0"
"124750.0";"443.0";"443.0"
"124760.0";"443.0";"443.0"
"124770.0";"443.0";"443.0"
"124780.0";"443.0";"443.0"
"124790.0";"443.0";"443.0"
"124800.0";"443.0";"443.0"
"124810.0";"443.0";"443.0"
"124820.0";"443.0";"443.0"
"124830.0";"443.0";"443.0"
"124840.0";"443.0";"443.0"
"124850.0";"443.0";"443.0"
"124860.0";"443.0";"443.0"
"124870.0";"443.0";"443.0"
"124880.0";"443.0";"443.0"
"124890.0";"443.0";"443.0"
"124900.0";"443.0";"443.0"
"124910.0";"443.0";"443.0"
"124920.0";"443.0";"443.0"
"124930.0";"443.0";"443.0"
"124940.0";"443.0";"443.0"
"124950.0";"443.0";"443.0"
"124960.0";"443.0";"443.0"
"124970.0";"443.0";"443.0"
"124980.0";"443.0";"443.0"
"124990.0";"443.0";"443.0"
"125000.0";"443.0";"443.0"
"125010.0";"443.0";"443.0"
"125020.0";"443.0";"443.0"
"125030.0";"443.0";"443.0"
"125040.0";"443.0";"443.0"
"125050.0";"443.0";"443.0"
"125060.0";"443.0";"443.0"
"125070.0";"443.0";"443.0"
"125080.0";"443.0";"443.0"
"125090.0";"443.0";"443.0"
"125100.0";"443.0";"443.0"
"125110.0";"443.0";"443.0"
"125120.0";"443.0";"443.0"
"125130.0";"443.0";"443.0"
"125140.0";"443.0";"443.0"
"125150.0";"443.0";"443.0"
"125160.0";"443.0";"443.0"
"125170.0";"443.0";"443.0"
"125180.0";"443.0";"443.0"
"125190.0";"443.0";"443.0"
"125200.0";"443.0";"443.0"
"125210.0";"443.0";"443.0"
"125220.0";"443.0";"443.0"
"125230.0";"443.0";"443.0"
"125240.0";"443.0";"443.0"
"125250.0";"443.0";"443.0"
"125260.0";"443.0";"443.0"
"125270.0";"443.0";"443.0"
"125280.0";"443.0";"443.0"
"125290.0";"443.0";"443.0"
"125300.0";"443.0";"443.0"
"125310.0";"443.0";"443.0"
"125320.0";"443.0";"443.0"
"125330.0";"443.0";"443.0"
"125340.0";"443.0";"443.0"
"125350.0";"443.0";"443.0"
"125360.0";"443.0";"443.0"
"125370.0";"443.0";"443.0"
"125380.0";"443.0";"443.0"
"125390.0";"443.0";"443.0"
"125400.0";"443.0";"443.0"
"125410.0";"443.0";"443.0"
"125420.0";"443.0";"443.0"
"125430.0";"443.0";"443.0"
"125440.0";"443.0";"443.0"
"125450.0";"443.0";"443.0"
"125460.0";"443.0";"443.0"
"125470.0";"443.0";"443.0"
"125480.0";"443.0";"443.0"
"125490.0";"443.0";"443.0"
"125500.0";"443.0";"443.0"
"125510.0";"443.0";"443.0"
"125520.0";"443.0";"443.0"
"125530.0";"443.0";"443.0"
"125540.0";"443.0";"443.0"
"125550.0";"443.0";"443.0"
"125560.0";"443.0";"443.0"
"125570.0";"443.0";"443.0"
"125580.0";"443.0";"443.0"
"125590.0";"443.0";"443.0"
"125600.0";"443.0";"443.0"
"125610.0";"443.0";"443.0"
"125620.0";"443.0";"443.0"
"125630.0";"443.0";"443.0"
"125640.0";"443.0";"443.0"
"125650.0";"443.0";"443.0"
"125660.0";"443.0";"443.0"
"125670.0";"443.0";"443.0"
"125680.0";"443.0";"443.0"
"125690.0";"443.0";"443.0"
"125700.0";"443.0";"443.0"
"125710.0";"443.0";"443.0"
"125720.0";"443.0";"443.0"
"125730.0";"443.0";"443.0"
"125740.0";"443.0";"443.0"
"125750.0";"443.0";"443.0"
"125760.0";"443.0";"443.0"
"125770.0";"443.0";"443.0"
"125780.0";"443.0";"443.0"
"125790.0";"443.0";"443.0"
"125800.0";"443.0";"443.0"
"125810.0";"443.0";"443.0"
"125820.0";"443.0";"443.0"
"125830.0";"443.0";"443.0"
"125840.0";"443.0";"443.0"
"125850.0";"443.0";"443.0"
"125860.0";"443.0";"443.0"
"125870.0";"443.0";"443.0"
"125880.0";"443.0";"443.0"
"125890.0";"443.0";"443.0"
"125900.0";"443.0";"443.0"
"125910.0";"443.0";"443.0"
"125920.0";"443.0";"443.0"
"125930.0";"443.0";"443.0"
"125940.0";"443.0";"443.0"
"125950.0";"443.0";"443.0"
"125960.0";"443.0";"443.0"
"125970.0";"443.0";"443.0"
"125980.0";"443.0";"443.0"
"125990.0";"443.0";"443.0"
"126000.0";"443.0";"443.0"
"126010.0";"443.0";"443.0"
"126020.0";"443.0";"443.0"
"126030.0";"443.0";"443.0"
"126040.0";"443.0";"443.0"
"126050.0";"443.0";"443.0"
"126060.0";"443.0";"443.0"
"126070.0";"443.0";"443.0"
"126080.0";"443.0";"443.0"
"126090.0";"443.0";"443.0"
"126100.0";"443.0";"443.0"
"126110.0";"443.0";"443.0"
"126120.0";"443.0";"443.0"
"126130.0";"443.0";"443.0"
"126140.0";"443.0";"443.0"
"126150.0";"443.0";"443.0"
"126160.0";"443.0";"443.0"
"126170.0";"443.0";"443.0"
"126180.0";"443.0";"443.0"
"126190.0";"443.0";"443.0"
"126200.0";"443.0";"443.0"
"126210.0";"443.0";"443.0"
"126220.0";"443.0";"443.0"
"126230.0";"443.0";"443.0"
"126240.0";"443.0";"443.0"
"126250.0";"443.0";"443.0"
"126260.0";"443.0";"443.0"
"126270.0";"443.0";"443.0"
"126280.0";"443.0";"443.0"
"126290.0";"443.0";"443.0"
"126300.0";"443.0";"443.0"
"126310.0";"443.0";"443.0"
"126320.0";"443.0";"443.0"
"126330.0";"443.0";"443.0"
"126340.0";"443.0";"443.0"
"126350.0";"443.0";"443.0"
"126360.0";"443.0";"443.0"
"126370.0";"443.0";"443.0"
"126380.0";"443.0";"443.0"
"126390.0";"443.0";"443.0"
"126400.0";"443.0";"443.0"
"126410.0";"443.0";"443.0"
"126420.0";"443.0";"443.0"
"126430.0";"443.0";"443.0"
"126440.0";"443.0";"443.0"
"126450.0";"443.0";"443.0"
"126460.0";"443.0";"443.0"
"126470.0";"443.0";"443.0"
"126480.0";"443.0";"443.0"
"126490.0";"443.0";"443.0"
"126500.0";"443.0";"443.0"
"126510.0";"443.0";"443.0"
"126520.0";"443.0";"443.0"
"126530.0";"443.0";"443.0"
"126540.0";"443.0";"443.0"
"126550.0";"443.0";"443.0"
"126560.0";"443.0";"443.0"
"126570.0";"443.0";"443.0"
"126580.0";"443.0";"443.0"
"126590.0";"443.0";"443.0"
"126600.0";"443.0";"443.0"
"126610.0";"443.0";"443.0"
"126620.0";"443.0";"443.0"
"126630.0";"443.0";"443.0"
"126640.0";"443.0";"443.0"
"126650.0";"443.0";"443.0"
"126660.0";"443.0";"443.0"
"126670.0";"443.0";"443.0"
"126680.0";"443.0";"443.0"
"126690.0";"443.0";"443.0"
"126700.0";"443.0";"443.0"
"126710.0";"443.0";"443.0"
"126720.0";"443.0";"443.0"
"126730.0";"443.0";"443.0"
"126740.0";"443.0";"443.0"
"126750.0";"443.0";"443.0"
"126760.0";"443.0";"443.0"
"126770.0";"443.0";"443.0"
"126780.0";"443.0";"443.0"
"126790.0";"443.0";"443.0"
"126800.0";"443.0";"443.0"
"126810.0";"443.0";"443.0"
"126820.0";"443.0";"443.0"
"126830.0";"443.0";"443.0"
"126840.0";"443.0";"443.0"
"126850.0";"443.0";"443.0"
"126860.0";"443.0";"443.0"
"126870.0";"443.0";"443.0"
"126880.0";"443.0";"443.0"
"126890.0";"443.0";"443.0"
"126900.0";"443.0";"443.0"
"126910.0";"443.0";"443.0"
"126920.0";"443.0";"443.0"
"126930.0";"443.0";"443.0"
"126940.0";"443.0";"443.0"
"126950.0";"443.0";"443.0"
"126960.0";"443.0";"443.0"
"126970.0";"443.0";"443.0"
"126980.0";"443.0";"443.0"
"126990.0";"443.0";"443.0"
"127000.0";"443.0";"443.0"
"127010.0";"443.0";"443.0"
"127020.0";"443.0";"443.0"
"127030.0";"443.0";"443.0"
"127040.0";"443.0";"443.0"
"127050.0";"443.0";"443.0"
"127060.0";"443.0";"443.0"
"127070.0";"443.0";"443.0"
"127080.0";"443.0";"443.0"
"127090.0";"443.0";"443.0"
"127100.0";"443.0";"443.0"
"127110.0";"443.0";"443.0"
"127120.0";"443.0";"443.0"
"127130.0";"443.0";"443.0"
"127140.0";"443.0";"443.0"
"127150.0";"443.0";"443.0"
"127160.0";"443.0";"443.0"
"127170.0";"443.0";"443.0"
"127180.0";"443.0";"443.0"
"127190.0";"443.0";"443.0"
"127200.0";"443.0";"443.0"
"127210.0";"443.0";"443.0"
"127220.0";"443.0";"443.0"
"127230.0";"443.0";"443.0"
"127240.0";"443.0";"443.0"
"127250.0";"443.0";"443.0"
"127260.0";"443.0";"443.0"
"127270.0";"443.0";"443.0"
"127280.0";"443.0";"443.0"
"127290.0";"443.0";"443.0"
"127300.0";"443.0";"443.0"
"127310.0";"443.0";"443.0"
"127320.0";"443.0";"443.0"
"127330.0";"443.0";"443.0"
"127340.0";"443.0";"443.0"
"127350.0";"443.0";"443.0"
"127360.0";"443.0";"443.0"
"127370.0";"443.0";"443.0"
"127380.0";"443.0";"443.0"
"127390.0";"443.0";"443.0"
"127400.0";"443.0";"443.0"
"127410.0";"443.0";"443.0"
"127420.0";"443.0";"443.0"
"127430.0";"443.0";"443.0"
"127440.0";"443.0";"443.0"
"127450.0";"443.0";"443.0"
"127460.0";"443.0";"443.0"
"127470.0";"443.0";"443.0"
"127480.0";"443.0";"443.0"
"127490.0";"443.0";"443.0"
"127500.0";"443.0";"443.0"
"127510.0";"443.0";"443.0"
"127520.0";"443.0";"443.0"
"127530.0";"443.0";"443.0"
"127540.0";"443.0";"443.0"
"127550.0";"443.0";"443.0"
"127560.0";"443.0";"443.0"
"127570.0";"443.0";"443.0"
"127580.0";"443.0";"443.0"
"127590.0";"443.0";"443.0"
"127600.0";"443.0";"443.0"
"127610.0";"443.0";"443.0"
"127620.0";"443.0";"443.0"
"127630.0";"443.0";"443.0"
"127640.0";"443.0";"443.0"
"127650.0";"443.0";"443.0"
"127660.0";"443.0";"443.0"
"127670.0";"443.0";"443.0"
"127680.0";"443.0";"443.0"
"127690.0";"443.0";"443.0"
"127700.0";"443.0";"443.0"
"127710.0";"443.0";"443.0"
"127720.0";"443.0";"443.0"
"127730.0";"443.0";"443.0"
"127740.0";"443.0";"443.0"
"127750.0";"443.0";"443.0"
"127760.0";"443.0";"443.0"
"127770.0";"443.0";"443.0"
"127780.0";"443.0";"443.0"
"127790.0";"443.0";"443.0"
"127800.0";"443.0";"443.0"
"127810.0";"443.0";"443.0"
"127820.0";"443.0";"443.0"
"127830.0";"443.0";"443.0"
"127840.0";"443.0";"443.0"
"127850.0";"443.0";"443.0"
"127860.0";"443.0";"443.0"
"127870.0";"443.0";"443.0"
"127880.0";"443.0";"443.0"
"127890.0";"443.0";"443.0"
"127900.0";"443.0";"443.0"
"127910.0";"443.0";"443.0"
"127920.0";"443.0";"443.0"
"127930.0";"443.0";"443.0"
"127940.0";"443.0";"443.0"
"127950.0";"443.0";"443.0"
"127960.0";"443.0";"443.0"
"127970.0";"443.0";"443.0"
"127980.0";"443.0";"443.0"
"127990.0";"443.0";"443.0"
"128000.0";"443.0";"443.0"
"128010.0";"443.0";"443.0"
"128020.0";"443.0";"443.0"
"128030.0";"443.0";"443.0"
"128040.0";"443.0";"443.0"
"128050.0";"443.0";"443.0"
"128060.0";"443.0";"443.0"
"128070.0";"443.0";"443.0"
"128080.0";"443.0";"443.0"
"128090.0";"443.0";"443.0"
"128100.0";"443.0";"443.0"
"128110.0";"443.0";"443.0"
"128120.0";"443.0";"443.0"
"128130.0";"443.0";"443.0"
"128140.0";"443.0";"443.0"
"128150.0";"443.0";"443.0"
"128160.0";"443.0";"443.0"
"128170.0";"443.0";"443.0"
"128180.0";"443.0";"443.0"
"128190.0";"443.0";"443.0"
"128200.0";"443.0";"443.0"
"128210.0";"443.0";"443.0"
"128220.0";"443.0";"443.0"
"128230.0";"443.0";"443.0"
"128240.0";"443.0";"443.0"
"128250.0";"443.0";"443.0"
"128260.0";"443.0";"443.0"
"128270.0";"443.0";"443.0"
"128280.0";"443.0";"443.0"
"128290.0";"443.0";"443.0"
"128300.0";"443.0";"443.0"
"128310.0";"443.0";"443.0"
"128320.0";"443.0";"443.0"
"128330.0";"443.0";"443.0"
"128340.0";"443.0";"443.0"
"128350.0";"443.0";"443.0"
"128360.0";"443.0";"443.0"
"128370.0";"443.0";"443.0"
"128380.0";"443.0";"443.0"
"128390.0";"443.0";"443.0"
"128400.0";"443.0";"443.0"
"128410.0";"443.0";"443.0"
"128420.0";"443.0";"443.0"
"128430.0";"443.0";"443.0"
"128440.0";"443.0";"443.0"
"128450.0";"443.0";"443.0"
"128460.0";"443.0";"443.0"
"128470.0";"443.0";"443.0"
"128480.0";"443.0";"443.0"
"128490.0";"443.0";"443.0"
"128500.0";"443.0";"443.0"
"128510.0";"443.0";"443.0"
"128520.0";"443.0";"443.0"
"128530.0";"443.0";"443.0"
"128540.0";"443.0";"443.0"
"128550.0";"443.0";"443.0"
"128560.0";"443.0";"443.0"
"128570.0";"443.0";"443.0"
"128580.0";"443.0";"443.0"
"128590.0";"443.0";"443.0"
"128600.0";"443.0";"443.0"
"128610.0";"443.0";"443.0"
"128620.0";"443.0";"443.0"
"128630.0";"443.0";"443.0"
"128640.0";"443.0";"443.0"
"128650.0";"443.0";"443.0"
"128660.0";"443.0";"443.0"
"128670.0";"443.0";"443.0"
"128680.0";"443.0";"443.0"
"128690.0";"443.0";"443.0"
"128700.0";"443.0";"443.0"
"128710.0";"443.0";"443.0"
"128720.0";"443.0";"443.0"
"128730.0";"443.0";"443.0"
"128740.0";"443.0";"443.0"
"128750.0";"443.0";"443.0"
"128760.0";"443.0";"443.0"
"128770.0";"443.0";"443.0"
"128780.0";"443.0";"443.0"
"128790.0";"443.0";"443.0"
"128800.0";"443.0";"443.0"
"128810.0";"443.0";"443.0"
"128820.0";"443.0";"443.0"
"128830.0";"443.0";"443.0"
"128840.0";"443.0";"443.0"
"128850.0";"443.0";"443.0"
"128860.0";"443.0";"443.0"
"128870.0";"443.0";"443.0"
"128880.0";"443.0";"443.0"
"128890.0";"443.0";"443.0"
"128900.0";"443.0";"443.0"
"128910.0";"443.0";"443.0"
"128920.0";"443.0";"443.0"
"128930.0";"443.0";"443.0"
"128940.0";"443.0";"443.0"
"128950.0";"443.0";"443.0"
"128960.0";"443.0";"443.0"
"128970.0";"443.0";"443.0"
"128980.0";"443.0";"443.0"
"128990.0";"443.0";"443.0"
"129000.0";"443.0";"443.0"
"129010.0";"443.0";"443.0"
"129020.0";"443.0";"443.0"
"129030.0";"443.0";"443.0"
"129040.0";"443.0";"443.0"
"129050.0";"443.0";"443.0"
"129060.0";"443.0";"443.0"
"129070.0";"443.0";"443.0"
"129080.0";"443.0";"443.0"
"129090.0";"443.0";"443.0"
"129100.0";"443.0";"443.0"
"129110.0";"443.0";"443.0"
"129120.0";"443.0";"443.0"
"129130.0";"443.0";"443.0"
"129140.0";"443.0";"443.0"
"129150.0";"443.0";"443.0"
"129160.0";"443.0";"443.0"
"129170.0";"443.0";"443.0"
"129180.0";"443.0";"443.0"
"129190.0";"443.0";"443.0"
"129200.0";"443.0";"443.0"
"129210.0";"443.0";"443.0"
"129220.0";"443.0";"443.0"
"129230.0";"443.0";"443.0"
"129240.0";"443.0";"443.0"
"129250.0";"443.0";"443.0"
"129260.0";"443.0";"443.0"
"129270.0";"443.0";"443.0"
"129280.0";"443.0";"443.0"
"129290.0";"443.0";"443.0"
"129300.0";"443.0";"443.0"
"129310.0";"443.0";"443.0"
"129320.0";"443.0";"443.0"
"129330.0";"443.0";"443.0"
"129340.0";"443.0";"443.0"
"129350.0";"443.0";"443.0"
"129360.0";"443.0";"443.0"
"129370.0";"443.0";"443.0"
"129380.0";"443.0";"443.0"
"129390.0";"443.0";"443.0"
"129400.0";"443.0";"443.0"
"129410.0";"443.0";"443.0"
"129420.0";"443.0";"443.0"
"129430.0";"443.0";"443.0"
"129440.0";"443.0";"443.0"
"129450.0";"443.0";"443.0"
"129460.0";"443.0";"443.0"
"129470.0";"443.0";"443.0"
"129480.0";"443.0";"443.0"
"129490.0";"443.0";"443.0"
"129500.0";"443.0";"443.0"
"129510.0";"443.0";"443.0"
"129520.0";"443.0";"443.0"
"129530.0";"443.0";"443.0"
"129540.0";"443.0";"443.0"
"129550.0";"443.0";"443.0"
"129560.0";"443.0";"443.0"
"129570.0";"443.0";"443.0"
"129580.0";"443.0";"443.0"
"129590.0";"443.0";"443.0"
"129600.0";"443.0";"443.0"
"129610.0";"443.0";"443.0"
"129620.0";"443.0";"443.0"
"129630.0";"443.0";"443.0"
"129640.0";"443.0";"443.0"
"129650.0";"443.0";"443.0"
"129660.0";"443.0";"443.0"
"129670.0";"443.0";"443.0"
"129680.0";"443.0";"443.0"
"129690.0";"443.0";"443.0"
"129700.0";"443.0";"443.0"
"129710.0";"443.0";"443.0"
"129720.0";"443.0";"443.0"
"129730.0";"443.0";"443.0"
"129740.0";"443.0";"443.0"
"129750.0";"443.0";"443.0"
"129760.0";"443.0";"443.0"
"129770.0";"443.0";"443.0"
"129780.0";"443.0";"443.0"
"129790.0";"443.0";"443.0"
"129800.0";"443.0";"443.0"
"129810.0";"443.0";"443.0"
"129820.0";"443.0";"443.0"
"129830.0";"443.0";"443.0"
"129840.0";"443.0";"443.0"
"129850.0";"443.0";"443.0"
"129860.0";"443.0";"443.0"
"129870.0";"443.0";"443.0"
"129880.0";"443.0";"443.0"
"129890.0";"443.0";"443.0"
"129900.0";"443.0";"443.0"
"129910.0";"443.0";"443.0"
"129920.0";"443.0";"443.0"
"129930.0";"443.0";"443.0"
"129940.0";"443.0";"443.0"
"129950.0";"443.0";"443.0"
"129960.0";"443.0";"443.0"
"129970.0";"443.0";"443.0"
"129980.0";"443.0";"443.0"
"129990.0";"443.0";"443.0"
"130000.0";"443.0";"443.0"
"130010.0";"443.0";"443.0"
"130020.0";"443.0";"443.0"
"130030.0";"443.0";"443.0"
"130040.0";"443.0";"443.0"
"130050.0";"443.0";"443.0"
"130060.0";"443.0";"443.0"
"130070.0";"443.0";"443.0"
"130080.0";"443.0";"443.0"
"130090.0";"443.0";"443.0"
"130100.0";"443.0";"443.0"
"130110.0";"443.0";"443.0"
"130120.0";"443.0";"443.0"
"130130.0";"443.0";"443.0"
"130140.0";"443.0";"443.0"
"130150.0";"443.0";"443.0"
"130160.0";"443.0";"443.0"
"130170.0";"443.0";"443.0"
"130180.0";"443.0";"443.0"
"130190.0";"443.0";"443.0"
"130200.0";"443.0";"443.0"
"130210.0";"443.0";"443.0"
"130220.0";"443.0";"443.0"
"130230.0";"443.0";"443.0"
"130240.0";"443.0";"443.0"
"130250.0";"443.0";"443.0"
"130260.0";"443.0";"443.0"
"130270.0";"443.0";"443.0"
"130280.0";"443.0";"443.0"
"130290.0";"443.0";"443.0"
"130300.0";"443.0";"443.0"
"130310.0";"443.0";"443.0"
"130320.0";"443.0";"443.0"
"130330.0";"443.0";"443.0"
"130340.0";"443.0";"443.0"
"130350.0";"443.0";"443.0"
"130360.0";"443.0";"443.0"
"130370.0";"443.0";"443.0"
"130380.0";"443.0";"443.0"
"130390.0";"443.0";"443.0"
"130400.0";"443.0";"443.0"
"130410.0";"443.0";"443.0"
"130420.0";"443.0";"443.0"
"130430.0";"443.0";"443.0"
"130440.0";"443.0";"443.0"
"130450.0";"443.0";"443.0"
"130460.0";"443.0";"443.0"
"130470.0";"443.0";"443.0"
"130480.0";"443.0";"443.0"
"130490.0";"443.0";"443.0"
"130500.0";"443.0";"443.0"
"130510.0";"443.0";"443.0"
"130520.0";"443.0";"443.0"
"130530.0";"443.0";"443.0"
"130540.0";"443.0";"443.0"
"130550.0";"443.0";"443.0"
"130560.0";"443.0";"443.0"
"130570.0";"443.0";"443.0"
"130580.0";"443.0";"443.0"
"130590.0";"443.0";"443.0"
"130600.0";"443.0";"443.0"
"130610.0";"443.0";"443.0"
"130620.0";"443.0";"443.0"
"130630.0";"443.0";"443.0"
"130640.0";"443.0";"443.0"
"130650.0";"443.0";"443.0"
"130660.0";"443.0";"443.0"
"130670.0";"443.0";"443.0"
"130680.0";"443.0";"443.0"
"130690.0";"443.0";"443.0"
"130700.0";"443.0";"443.0"
"130710.0";"443.0";"443.0"
"130720.0";"443.0";"443.0"
"130730.0";"443.0";"443.0"
"130740.0";"443.0";"443.0"
"130750.0";"443.0";"443.0"
"130760.0";"443.0";"443.0"
"130770.0";"443.0";"443.0"
"130780.0";"443.0";"443.0"
"130790.0";"443.0";"443.0"
"130800.0";"443.0";"443.0"
"130810.0";"443.0";"443.0"
"130820.0";"443.0";"443.0"
"130830.0";"443.0";"443.0"
"130840.0";"443.0";"443.0"
"130850.0";"443.0";"443.0"
"130860.0";"443.0";"443.0"
"130870.0";"443.0";"443.0"
"130880.0";"443.0";"443.0"
"130890.0";"443.0";"443.0"
"130900.0";"443.0";"443.0"
"130910.0";"443.0";"443.0"
"130920.0";"443.0";"443.0"
"130930.0";"443.0";"443.0"
"130940.0";"443.0";"443.0"
"130950.0";"443.0";"443.0"
"130960.0";"443.0";"443.0"
"130970.0";"443.0";"443.0"
"130980.0";"443.0";"443.0"
"130990.0";"443.0";"443.0"
"131000.0";"443.0";"443.0"
"131010.0";"443.0";"443.0"
"131020.0";"443.0";"443.0"
"131030.0";"443.0";"443.0"
"131040.0";"443.0";"443.0"
"131050.0";"443.0";"443.0"
"131060.0";"443.0";"443.0"
"131070.0";"443.0";"443.0"
"131080.0";"443.0";"443.0"
"131090.0";"443.0";"443.0"
"131100.0";"443.0";"443.0"
"131110.0";"443.0";"443.0"
"131120.0";"443.0";"443.0"
"131130.0";"443.0";"443.0"
"131140.0";"443.0";"443.0"
"131150.0";"443.0";"443.0"
"131160.0";"443.0";"443.0"
"131170.0";"443.0";"443.0"
"131180.0";"443.0";"443.0"
"131190.0";"443.0";"443.0"
"131200.0";"443.0";"443.0"
"131210.0";"443.0";"443.0"
"131220.0";"443.0";"443.0"
"131230.0";"443.0";"443.0"
"131240.0";"443.0";"443.0"
"131250.0";"443.0";"443.0"
"131260.0";"443.0";"443.0"
"131270.0";"443.0";"443.0"
"131280.0";"443.0";"443.0"
"131290.0";"443.0";"443.0"
"131300.0";"443.0";"443.0"
"131310.0";"443.0";"443.0"
"131320.0";"443.0";"443.0"
"131330.0";"443.0";"443.0"
"131340.0";"443.0";"443.0"
"131350.0";"443.0";"443.0"
"131360.0";"443.0";"443.0"
"131370.0";"443.0";"443.0"
"131380.0";"443.0";"443.0"
"131390.0";"443.0";"443.0"
"131400.0";"443.0";"443.0"
"131410.0";"443.0";"443.0"
"131420.0";"443.0";"443.0"
"131430.0";"443.0";"443.0"
"131440.0";"443.0";"443.0"
"131450.0";"443.0";"443.0"
"131460.0";"443.0";"443.0"
"131470.0";"443.0";"443.0"
"131480.0";"443.0";"443.0"
"131490.0";"443.0";"443.0"
"131500.0";"443.0";"443.0"
"131510.0";"443.0";"443.0"
"131520.0";"443.0";"443.0"
"131530.0";"443.0";"443.0"
"131540.0";"443.0";"443.0"
"131550.0";"443.0";"443.0"
"131560.0";"443.0";"443.0"
"131570.0";"443.0";"443.0"
"131580.0";"443.0";"443.0"
"131590.0";"443.0";"443.0"
"131600.0";"443.0";"443.0"
"131610.0";"443.0";"443.0"
"131620.0";"443.0";"443.0"
"131630.0";"443.0";"443.0"
"131640.0";"443.0";"443.0"
"131650.0";"443.0";"443.0"
"131660.0";"443.0";"443.0"
"131670.0";"443.0";"443.0"
"131680.0";"443.0";"443.0"
"131690.0";"443.0";"443.0"
"131700.0";"443.0";"443.0"
"131710.0";"443.0";"443.0"
"131720.0";"443.0";"443.0"
"131730.0";"443.0";"443.0"
"131740.0";"443.0";"443.0"
"131750.0";"443.0";"443.0"
"131760.0";"443.0";"443.0"
"131770.0";"443.0";"443.0"
"131780.0";"443.0";"443.0"
"131790.0";"443.0";"443.0"
"131800.0";"443.0";"443.0"
"131810.0";"443.0";"443.0"
"131820.0";"443.0";"443.0"
"131830.0";"443.0";"443.0"
"131840.0";"443.0";"443.0"
"131850.0";"443.0";"443.0"
"131860.0";"443.0";"443.0"
"131870.0";"443.0";"443.0"
"131880.0";"443.0";"443.0"
"131890.0";"443.0";"443.0"
"131900.0";"443.0";"443.0"
"131910.0";"443.0";"443.0"
"131920.0";"443.0";"443.0"
"131930.0";"443.0";"443.0"
"131940.0";"443.0";"443.0"
"131950.0";"443.0";"443.0"
"131960.0";"443.0";"443.0"
"131970.0";"443.0";"443.0"
"131980.0";"443.0";"443.0"
"131990.0";"443.0";"443.0"
"132000.0";"443.0";"443.0"
"132010.0";"443.0";"443.0"
"132020.0";"443.0";"443.0"
"132030.0";"443.0";"443.0"
"132040.0";"443.0";"443.0"
"132050.0";"443.0";"443.0"
"132060.0";"443.0";"443.0"
"132070.0";"443.0";"443.0"
"132080.0";"443.0";"443.0"
"132090.0";"443.0";"443.0"
"132100.0";"443.0";"443.0"
"132110.0";"443.0";"443.0"
"132120.0";"443.0";"443.0"
"132130.0";"443.0";"443.0"
"132140.0";"443.0";"443.0"
"132150.0";"443.0";"443.0"
"132160.0";"443.0";"443.0"
"132170.0";"443.0";"443.0"
"132180.0";"443.0";"443.0"
"132190.0";"443.0";"443.0"
"132200.0";"443.0";"443.0"
"132210.0";"443.0";"443.0"
"132220.0";"443.0";"443.0"
"132230.0";"443.0";"443.0"
"132240.0";"443.0";"443.0"
"132250.0";"443.0";"443.0"
"132260.0";"443.0";"443.0"
"132270.0";"443.0";"443.0"
"132280.0";"443.0";"443.0"
"132290.0";"443.0";"443.0"
"132300.0";"443.0";"443.0"
"132310.0";"443.0";"443.0"
"132320.0";"443.0";"443.0"
"132330.0";"443.0";"443.0"
"132340.0";"443.0";"443.0"
"132350.0";"443.0";"443.0"
"132360.0";"443.0";"443.0"
"132370.0";"443.0";"443.0"
"132380.0";"443.0";"443.0"
"132390.0";"443.0";"443.0"
"132400.0";"443.0";"443.0"
"132410.0";"443.0";"443.0"
"132420.0";"443.0";"443.0"
"132430.0";"443.0";"443.0"
"132440.0";"443.0";"443.0"
"132450.0";"443.0";"443.0"
"132460.0";"443.0";"443.0"
"132470.0";"443.0";"443.0"
"132480.0";"443.0";"443.0"
"132490.0";"443.0";"443.0"
"132500.0";"443.0";"443.0"
"132510.0";"443.0";"443.0"
"132520.0";"443.0";"443.0"
"132530.0";"443.0";"443.0"
"132540.0";"443.0";"443.0"
"132550.0";"443.0";"443.0"
"132560.0";"443.0";"443.0"
"132570.0";"443.0";"443.0"
"132580.0";"443.0";"443.0"
"132590.0";"443.0";"443.0"
"132600.0";"443.0";"443.0"
"132610.0";"443.0";"443.0"
"132620.0";"443.0";"443.0"
"132630.0";"443.0";"443.0"
"132640.0";"443.0";"443.0"
"132650.0";"443.0";"443.0"
"132660.0";"443.0";"443.0"
"132670.0";"443.0";"443.0"
"132680.0";"443.0";"443.0"
"132690.0";"443.0";"443.0"
"132700.0";"443.0";"443.0"
"132710.0";"443.0";"443.0"
"132720.0";"443.0";"443.0"
"132730.0";"443.0";"443.0"
"132740.0";"443.0";"443.0"
"132750.0";"443.0";"443.0"
"132760.0";"443.0";"443.0"
"132770.0";"443.0";"443.0"
"132780.0";"443.0";"443.0"
"132790.0";"443.0";"443.0"
"132800.0";"443.0";"443.0"
"132810.0";"443.0";"443.0"
"132820.0";"443.0";"443.0"
"132830.0";"443.0";"443.0"
"132840.0";"443.0";"443.0"
"132850.0";"443.0";"443.0"
"132860.0";"443.0";"443.0"
"132870.0";"443.0";"443.0"
"132880.0";"443.0";"443.0"
"132890.0";"443.0";"443.0"
"132900.0";"443.0";"443.0"
"132910.0";"443.0";"443.0"
"132920.0";"443.0";"443.0"
"132930.0";"443.0";"443.0"
"132940.0";"443.0";"443.0"
"132950.0";"443.0";"443.0"
"132960.0";"443.0";"443.0"
"132970.0";"443.0";"443.0"
"132980.0";"443.0";"443.0"
"132990.0";"443.0";"443.0"
"133000.0";"443.0";"443.0"
"133010.0";"443.0";"443.0"
"133020.0";"443.0";"443.0"
"133030.0";"443.0";"443.0"
"133040.0";"443.0";"443.0"
"133050.0";"443.0";"443.0"
"133060.0";"443.0";"443.0"
"133070.0";"443.0";"443.0"
"133080.0";"443.0";"443.0"
"133090.0";"443.0";"443.0"
"133100.0";"443.0";"443.0"
"133110.0";"443.0";"443.0"
"133120.0";"443.0";"443.0"
"133130.0";"443.0";"443.0"
"133140.0";"443.0";"443.0"
"133150.0";"443.0";"443.0"
"133160.0";"443.0";"443.0"
"133170.0";"443.0";"443.0"
"133180.0";"443.0";"443.0"
"133190.0";"443.0";"443.0"
"133200.0";"443.0";"443.0"
"133210.0";"443.0";"443.0"
"133220.0";"443.0";"443.0"
"133230.0";"443.0";"443.0"
"133240.0";"443.0";"443.0"
"133250.0";"443.0";"443.0"
"133260.0";"443.0";"443.0"
"133270.0";"443.0";"443.0"
"133280.0";"443.0";"443.0"
"133290.0";"443.0";"443.0"
"133300.0";"443.0";"443.0"
"133310.0";"443.0";"443.0"
"133320.0";"443.0";"443.0"
"133330.0";"443.0";"443.0"
"133340.0";"443.0";"443.0"
"133350.0";"443.0";"443.0"
"133360.0";"443.0";"443.0"
"133370.0";"443.0";"443.0"
"133380.0";"443.0";"443.0"
"133390.0";"443.0";"443.0"
"133400.0";"443.0";"443.0"
"133410.0";"443.0";"443.0"
"133420.0";"443.0";"443.0"
"133430.0";"443.0";"443.0"
"133440.0";"443.0";"443.0"
"133450.0";"443.0";"443.0"
"133460.0";"443.0";"443.0"
"133470.0";"443.0";"443.0"
"133480.0";"443.0";"443.0"
"133490.0";"443.0";"443.0"
"133500.0";"443.0";"443.0"
"133510.0";"443.0";"443.0"
"133520.0";"443.0";"443.0"
"133530.0";"443.0";"443.0"
"133540.0";"443.0";"443.0"
"133550.0";"443.0";"443.0"
"133560.0";"443.0";"443.0"
"133570.0";"443.0";"443.0"
"133580.0";"443.0";"443.0"
"133590.0";"443.0";"443.0"
"133600.0";"443.0";"443.0"
"133610.0";"443.0";"443.0"
"133620.0";"443.0";"443.0"
"133630.0";"443.0";"443.0"
"133640.0";"443.0";"443.0"
"133650.0";"443.0";"443.0"
"133660.0";"443.0";"443.0"
"133670.0";"443.0";"443.0"
"133680.0";"443.0";"443.0"
"133690.0";"443.0";"443.0"
"133700.0";"443.0";"443.0"
"133710.0";"443.0";"443.0"
"133720.0";"443.0";"443.0"
"133730.0";"443.0";"443.0"
"133740.0";"443.0";"443.0"
"133750.0";"443.0";"443.0"
"133760.0";"443.0";"443.0"
"133770.0";"443.0";"443.0"
"133780.0";"443.0";"443.0"
"133790.0";"443.0";"443.0"
"133800.0";"443.0";"443.0"
"133810.0";"443.0";"443.0"
"133820.0";"443.0";"443.0"
"133830.0";"443.0";"443.0"
"133840.0";"443.0";"443.0"
"133850.0";"443.0";"443.0"
"133860.0";"443.0";"443.0"
"133870.0";"443.0";"443.0"
"133880.0";"443.0";"443.0"
"133890.0";"443.0";"443.0"
"133900.0";"443.0";"443.0"
"133910.0";"443.0";"443.0"
"133920.0";"443.0";"443.0"
"133930.0";"443.0";"443.0"
"133940.0";"443.0";"443.0"
"133950.0";"443.0";"443.0"
"133960.0";"443.0";"443.0"
"133970.0";"443.0";"443.0"
"133980.0";"443.0";"443.0"
"133990.0";"443.0";"443.0"
"134000.0";"443.0";"443.0"
"134010.0";"443.0";"443.0"
"134020.0";"443.0";"443.0"
"134030.0";"443.0";"443.0"
"134040.0";"443.0";"443.0"
"134050.0";"443.0";"443.0"
"134060.0";"443.0";"443.0"
"134070.0";"443.0";"443.0"
"134080.0";"443.0";"443.0"
"134090.0";"443.0";"443.0"
"134100.0";"443.0";"443.0"
"134110.0";"443.0";"443.0"
"134120.0";"443.0";"443.0"
"134130.0";"443.0";"443.0"
"134140.0";"443.0";"443.0"
"134150.0";"443.0";"443.0"
"134160.0";"443.0";"443.0"
"134170.0";"443.0";"443.0"
"134180.0";"443.0";"443.0"
"134190.0";"443.0";"443.0"
"134200.0";"443.0";"443.0"
"134210.0";"443.0";"443.0"
"134220.0";"443.0";"443.0"
"134230.0";"443.0";"443.0"
"134240.0";"443.0";"443.0"
"134250.0";"443.0";"443.0"
"134260.0";"443.0";"443.0"
"134270.0";"443.0";"443.0"
"134280.0";"443.0";"443.0"
"134290.0";"443.0";"443.0"
"134300.0";"443.0";"443.0"
"134310.0";"443.0";"443.0"
"134320.0";"443.0";"443.0"
"134330.0";"443.0";"443.0"
"134340.0";"443.0";"443.0"
"134350.0";"443.0";"443.0"
"134360.0";"443.0";"443.0"
"134370.0";"443.0";"443.0"
"134380.0";"443.0";"443.0"
"134390.0";"443.0";"443.0"
"134400.0";"443.0";"443.0"
"134410.0";"443.0";"443.0"
"134420.0";"443.0";"443.0"
"134430.0";"443.0";"443.0"
"134440.0";"443.0";"443.0"
"134450.0";"443.0";"443.0"
"134460.0";"443.0";"443.0"
"134470.0";"443.0";"443.0"
"134480.0";"443.0";"443.0"
"134490.0";"443.0";"443.0"
"134500.0";"443.0";"443.0"
"134510.0";"443.0";"443.0"
"134520.0";"443.0";"443.0"
"134530.0";"443.0";"443.0"
"134540.0";"443.0";"443.0"
"134550.0";"443.0";"443.0"
"134560.0";"443.0";"443.0"
"134570.0";"443.0";"443.0"
"134580.0";"443.0";"443.0"
"134590.0";"443.0";"443.0"
"134600.0";"443.0";"443.0"
"134610.0";"443.0";"443.0"
"134620.0";"443.0";"443.0"
"134630.0";"443.0";"443.0"
"134640.0";"443.0";"443.0"
"134650.0";"443.0";"443.0"
"134660.0";"443.0";"443.0"
"134670.0";"443.0";"443.0"
"134680.0";"443.0";"443.0"
"134690.0";"443.0";"443.0"
"134700.0";"443.0";"443.0"
"134710.0";"443.0";"443.0"
"134720.0";"443.0";"443.0"
"134730.0";"443.0";"443.0"
"134740.0";"443.0";"443.0"
"134750.0";"443.0";"443.0"
"134760.0";"443.0";"443.0"
"134770.0";"443.0";"443.0"
"134780.0";"443.0";"443.0"
"134790.0";"443.0";"443.0"
"134800.0";"443.0";"443.0"
"134810.0";"443.0";"443.0"
"134820.0";"443.0";"443.0"
"134830.0";"443.0";"443.0"
"134840.0";"443.0";"443.0"
"134850.0";"443.0";"443.0"
"134860.0";"443.0";"443.0"
"134870.0";"443.0";"443.0"
"134880.0";"443.0";"443.0"
"134890.0";"443.0";"443.0"
"134900.0";"443.0";"443.0"
"134910.0";"443.0";"443.0"
"134920.0";"443.0";"443.0"
"134930.0";"443.0";"443.0"
"134940.0";"443.0";"443.0"
"134950.0";"443.0";"443.0"
"134960.0";"443.0";"443.0"
"134970.0";"443.0";"443.0"
"134980.0";"443.0";"443.0"
"134990.0";"443.0";"443.0"
"135000.0";"443.0";"443.0"
"135010.0";"443.0";"443.0"
"135020.0";"443.0";"443.0"
"135030.0";"443.0";"443.0"
"135040.0";"443.0";"443.0"
"135050.0";"443.0";"443.0"
"135060.0";"443.0";"443.0"
"135070.0";"443.0";"443.0"
"135080.0";"443.0";"443.0"
"135090.0";"443.0";"443.0"
"135100.0";"443.0";"443.0"
"135110.0";"443.0";"443.0"
"135120.0";"443.0";"443.0"
"135130.0";"443.0";"443.0"
"135140.0";"443.0";"443.0"
"135150.0";"443.0";"443.0"
"135160.0";"443.0";"443.0"
"135170.0";"443.0";"443.0"
"135180.0";"443.0";"443.0"
"135190.0";"443.0";"443.0"
"135200.0";"443.0";"443.0"
"135210.0";"443.0";"443.0"
"135220.0";"443.0";"443.0"
"135230.0";"443.0";"443.0"
"135240.0";"443.0";"443.0"
"135250.0";"443.0";"443.0"
"135260.0";"443.0";"443.0"
"135270.0";"443.0";"443.0"
"135280.0";"443.0";"443.0"
"135290.0";"443.0";"443.0"
"135300.0";"443.0";"443.0"
"135310.0";"443.0";"443.0"
"135320.0";"443.0";"443.0"
"135330.0";"443.0";"443.0"
"135340.0";"443.0";"443.0"
"135350.0";"443.0";"443.0"
"135360.0";"443.0";"443.0"
"135370.0";"443.0";"443.0"
"135380.0";"443.0";"443.0"
"135390.0";"443.0";"443.0"
"135400.0";"443.0";"443.0"
"135410.0";"443.0";"443.0"
"135420.0";"443.0";"443.0"
"135430.0";"443.0";"443.0"
"135440.0";"443.0";"443.0"
"135450.0";"443.0";"443.0"
"135460.0";"443.0";"443.0"
"135470.0";"443.0";"443.0"
"135480.0";"443.0";"443.0"
"135490.0";"443.0";"443.0"
"135500.0";"443.0";"443.0"
"135510.0";"443.0";"443.0"
"135520.0";"443.0";"443.0"
"135530.0";"443.0";"443.0"
"135540.0";"443.0";"443.0"
"135550.0";"443.0";"443.0"
"135560.0";"443.0";"443.0"
"135570.0";"443.0";"443.0"
"135580.0";"443.0";"443.0"
"135590.0";"443.0";"443.0"
"135600.0";"443.0";"443.0"
"135610.0";"443.0";"443.0"
"135620.0";"443.0";"443.0"
"135630.0";"443.0";"443.0"
"135640.0";"443.0";"443.0"
"135650.0";"443.0";"443.0"
"135660.0";"443.0";"443.0"
"135670.0";"443.0";"443.0"
"135680.0";"443.0";"443.0"
"135690.0";"443.0";"443.0"
"135700.0";"443.0";"443.0"
"135710.0";"443.0";"443.0"
"135720.0";"443.0";"443.0"
"135730.0";"443.0";"443.0"
"135740.0";"443.0";"443.0"
"135750.0";"443.0";"443.0"
"135760.0";"443.0";"443.0"
"135770.0";"443.0";"443.0"
"135780.0";"443.0";"443.0"
"135790.0";"443.0";"443.0"
"135800.0";"443.0";"443.0"
"135810.0";"443.0";"443.0"
"135820.0";"443.0";"443.0"
"135830.0";"443.0";"443.0"
"135840.0";"443.0";"443.0"
"135850.0";"443.0";"443.0"
"135860.0";"443.0";"443.0"
"135870.0";"443.0";"443.0"
"135880.0";"443.0";"443.0"
"135890.0";"443.0";"443.0"
"135900.0";"443.0";"443.0"
"135910.0";"443.0";"443.0"
"135920.0";"443.0";"443.0"
"135930.0";"443.0";"443.0"
"135940.0";"443.0";"443.0"
"135950.0";"443.0";"443.0"
"135960.0";"443.0";"443.0"
"135970.0";"443.0";"443.0"
"135980.0";"443.0";"443.0"
"135990.0";"443.0";"443.0"
"136000.0";"443.0";"443.0"
"136010.0";"443.0";"443.0"
"136020.0";"443.0";"443.0"
"136030.0";"443.0";"443.0"
"136040.0";"443.0";"443.0"
"136050.0";"443.0";"443.0"
"136060.0";"443.0";"443.0"
"136070.0";"443.0";"443.0"
"136080.0";"443.0";"443.0"
"136090.0";"443.0";"443.0"
"136100.0";"443.0";"443.0"
"136110.0";"443.0";"443.0"
"136120.0";"443.0";"443.0"
"136130.0";"443.0";"443.0"
"136140.0";"443.0";"443.0"
"136150.0";"443.0";"443.0"
"136160.0";"443.0";"443.0"
"136170.0";"443.0";"443.0"
"136180.0";"443.0";"443.0"
"136190.0";"443.0";"443.0"
"136200.0";"443.0";"443.0"
"136210.0";"443.0";"443.0"
"136220.0";"443.0";"443.0"
"136230.0";"443.0";"443.0"
"136240.0";"443.0";"443.0"
"136250.0";"443.0";"443.0"
"136260.0";"443.0";"443.0"
"136270.0";"443.0";"443.0"
"136280.0";"443.0";"443.0"
"136290.0";"443.0";"443.0"
"136300.0";"443.0";"443.0"
"136310.0";"443.0";"443.0"
"136320.0";"443.0";"443.0"
"136330.0";"443.0";"443.0"
"136340.0";"443.0";"443.0"
"136350.0";"443.0";"443.0"
"136360.0";"443.0";"443.0"
"136370.0";"443.0";"443.0"
"136380.0";"443.0";"443.0"
"136390.0";"443.0";"443.0"
"136400.0";"443.0";"443.0"
"136410.0";"443.0";"443.0"
"136420.0";"443.0";"443.0"
"136430.0";"443.0";"443.0"
"136440.0";"443.0";"443.0"
"136450.0";"443.0";"443.0"
"136460.0";"443.0";"443.0"
"136470.0";"443.0";"443.0"
"136480.0";"443.0";"443.0"
"136490.0";"443.0";"443.0"
"136500.0";"443.0";"443.0"
"136510.0";"443.0";"443.0"
"136520.0";"443.0";"443.0"
"136530.0";"443.0";"443.0"
"136540.0";"443.0";"443.0"
"136550.0";"443.0";"443.0"
"136560.0";"443.0";"443.0"
"136570.0";"443.0";"443.0"
"136580.0";"443.0";"443.0"
"136590.0";"443.0";"443.0"
"136600.0";"443.0";"443.0"
"136610.0";"443.0";"443.0"
"136620.0";"443.0";"443.0"
"136630.0";"443.0";"443.0"
"136640.0";"443.0";"443.0"
"136650.0";"443.0";"443.0"
"136660.0";"443.0";"443.0"
"136670.0";"443.0";"443.0"
"136680.0";"443.0";"443.0"
"136690.0";"443.0";"443.0"
"136700.0";"443.0";"443.0"
"136710.0";"443.0";"443.0"
"136720.0";"443.0";"443.0"
"136730.0";"443.0";"443.0"
"136740.0";"443.0";"443.0"
"136750.0";"443.0";"443.0"
"136760.0";"443.0";"443.0"
"136770.0";"443.0";"443.0"
"136780.0";"443.0";"443.0"
"136790.0";"443.0";"443.0"
"136800.0";"443.0";"443.0"
"136810.0";"443.0";"443.0"
"136820.0";"443.0";"443.0"
"136830.0";"443.0";"443.0"
"136840.0";"443.0";"443.0"
"136850.0";"443.0";"443.0"
"136860.0";"443.0";"443.0"
"136870.0";"443.0";"443.0"
"136880.0";"443.0";"443.0"
"136890.0";"443.0";"443.0"
"136900.0";"443.0";"443.0"
"136910.0";"443.0";"443.0"
"136920.0";"443.0";"443.0"
"136930.0";"443.0";"443.0"
"136940.0";"443.0";"443.0"
"136950.0";"443.0";"443.0"
"136960.0";"443.0";"443.0"
"136970.0";"443.0";"443.0"
"136980.0";"443.0";"443.0"
"136990.0";"443.0";"443.0"
"137000.0";"443.0";"443.0"
"137010.0";"443.0";"443.0"
"137020.0";"443.0";"443.0"
"137030.0";"443.0";"443.0"
"137040.0";"443.0";"443.0"
"137050.0";"443.0";"443.0"
"137060.0";"443.0";"443.0"
"137070.0";"443.0";"443.0"
"137080.0";"443.0";"443.0"
"137090.0";"443.0";"443.0"
"137100.0";"443.0";"443.0"
"137110.0";"443.0";"443.0"
"137120.0";"443.0";"443.0"
"137130.0";"443.0";"443.0"
"137140.0";"443.0";"443.0"
"137150.0";"443.0";"443.0"
"137160.0";"443.0";"443.0"
"137170.0";"443.0";"443.0"
"137180.0";"443.0";"443.0"
"137190.0";"443.0";"443.0"
"137200.0";"443.0";"443.0"
"137210.0";"443.0";"443.0"
"137220.0";"443.0";"443.0"
"137230.0";"443.0";"443.0"
"137240.0";"443.0";"443.0"
"137250.0";"443.0";"443.0"
"137260.0";"443.0";"443.0"
"137270.0";"443.0";"443.0"
"137280.0";"443.0";"443.0"
"137290.0";"443.0";"443.0"
"137300.0";"443.0";"443.0"
"137310.0";"443.0";"443.0"
"137320.0";"443.0";"443.0"
"137330.0";"443.0";"443.0"
"137340.0";"443.0";"443.0"
"137350.0";"443.0";"443.0"
"137360.0";"443.0";"443.0"
"137370.0";"443.0";"443.0"
"137380.0";"443.0";"443.0"
"137390.0";"443.0";"443.0"
"137400.0";"443.0";"443.0"
"137410.0";"443.0";"443.0"
"137420.0";"443.0";"443.0"
"137430.0";"443.0";"443.0"
"137440.0";"443.0";"443.0"
"137450.0";"443.0";"443.0"
"137460.0";"443.0";"443.0"
"137470.0";"443.0";"443.0"
"137480.0";"443.0";"443.0"
"137490.0";"443.0";"443.0"
"137500.0";"443.0";"443.0"
"137510.0";"443.0";"443.0"
"137520.0";"443.0";"443.0"
"137530.0";"443.0";"443.0"
"137540.0";"443.0";"443.0"
"137550.0";"443.0";"443.0"
"137560.0";"443.0";"443.0"
"137570.0";"443.0";"443.0"
"137580.0";"443.0";"443.0"
"137590.0";"443.0";"443.0"
"137600.0";"443.0";"443.0"
"137610.0";"443.0";"443.0"
"137620.0";"443.0";"443.0"
"137630.0";"443.0";"443.0"
"137640.0";"443.0";"443.0"
"137650.0";"443.0";"443.0"
"137660.0";"443.0";"443.0"
"137670.0";"443.0";"443.0"
"137680.0";"443.0";"443.0"
"137690.0";"443.0";"443.0"
"137700.0";"443.0";"443.0"
"137710.0";"443.0";"443.0"
"137720.0";"443.0";"443.0"
"137730.0";"443.0";"443.0"
"137740.0";"443.0";"443.0"
"137750.0";"443.0";"443.0"
"137760.0";"443.0";"443.0"
"137770.0";"443.0";"443.0"
"137780.0";"443.0";"443.0"
"137790.0";"443.0";"443.0"
"137800.0";"443.0";"443.0"
"137810.0";"443.0";"443.0"
"137820.0";"443.0";"443.0"
"137830.0";"443.0";"443.0"
"137840.0";"443.0";"443.0"
"137850.0";"443.0";"443.0"
"137860.0";"443.0";"443.0"
"137870.0";"443.0";"443.0"
"137880.0";"443.0";"443.0"
"137890.0";"443.0";"443.0"
"137900.0";"443.0";"443.0"
"137910.0";"443.0";"443.0"
"137920.0";"443.0";"443.0"
"137930.0";"443.0";"443.0"
"137940.0";"443.0";"443.0"
"137950.0";"443.0";"443.0"
"137960.0";"443.0";"443.0"
"137970.0";"443.0";"443.0"
"137980.0";"443.0";"443.0"
"137990.0";"443.0";"443.0"
"138000.0";"443.0";"443.0"
"138010.0";"443.0";"443.0"
"138020.0";"443.0";"443.0"
"138030.0";"443.0";"443.0"
"138040.0";"443.0";"443.0"
"138050.0";"443.0";"443.0"
"138060.0";"443.0";"443.0"
"138070.0";"443.0";"443.0"
"138080.0";"443.0";"443.0"
"138090.0";"443.0";"443.0"
"138100.0";"443.0";"443.0"
"138110.0";"443.0";"443.0"
"138120.0";"443.0";"443.0"
"138130.0";"443.0";"443.0"
"138140.0";"443.0";"443.0"
"138150.0";"443.0";"443.0"
"138160.0";"443.0";"443.0"
"138170.0";"443.0";"443.0"
"138180.0";"443.0";"443.0"
"138190.0";"443.0";"443.0"
"138200.0";"443.0";"443.0"
"138210.0";"443.0";"443.0"
"138220.0";"443.0";"443.0"
"138230.0";"443.0";"443.0"
"138240.0";"443.0";"443.0"
"138250.0";"443.0";"443.0"
"138260.0";"443.0";"443.0"
"138270.0";"443.0";"443.0"
"138280.0";"443.0";"443.0"
"138290.0";"443.0";"443.0"
"138300.0";"443.0";"443.0"
"138310.0";"443.0";"443.0"
"138320.0";"443.0";"443.0"
"138330.0";"443.0";"443.0"
"138340.0";"443.0";"443.0"
"138350.0";"443.0";"443.0"
"138360.0";"443.0";"443.0"
"138370.0";"443.0";"443.0"
"138380.0";"443.0";"443.0"
"138390.0";"443.0";"443.0"
"138400.0";"443.0";"443.0"
"138410.0";"443.0";"443.0"
"138420.0";"443.0";"443.0"
"138430.0";"443.0";"443.0"
"138440.0";"443.0";"443.0"
"138450.0";"443.0";"443.0"
"138460.0";"443.0";"443.0"
"138470.0";"443.0";"443.0"
"138480.0";"443.0";"443.0"
"138490.0";"443.0";"443.0"
"138500.0";"443.0";"443.0"
"138510.0";"443.0";"443.0"
"138520.0";"443.0";"443.0"
"138530.0";"443.0";"443.0"
"138540.0";"443.0";"443.0"
"138550.0";"443.0";"443.0"
"138560.0";"443.0";"443.0"
"138570.0";"443.0";"443.0"
"138580.0";"443.0";"443.0"
"138590.0";"443.0";"443.0"
"138600.0";"443.0";"443.0"
"138610.0";"443.0";"443.0"
"138620.0";"443.0";"443.0"
"138630.0";"443.0";"443.0"
"138640.0";"443.0";"443.0"
"138650.0";"443.0";"443.0"
"138660.0";"443.0";"443.0"
"138670.0";"443.0";"443.0"
"138680.0";"443.0";"443.0"
"138690.0";"443.0";"443.0"
"138700.0";"443.0";"443.0"
"138710.0";"443.0";"443.0"
"138720.0";"443.0";"443.0"
"138730.0";"443.0";"443.0"
"138740.0";"443.0";"443.0"
"138750.0";"443.0";"443.0"
"138760.0";"443.0";"443.0"
"138770.0";"443.0";"443.0"
"138780.0";"443.0";"443.0"
"138790.0";"443.0";"443.0"
"138800.0";"443.0";"443.0"
"138810.0";"443.0";"443.0"
"138820.0";"443.0";"443.0"
"138830.0";"443.0";"443.0"
"138840.0";"443.0";"443.0"
"138850.0";"443.0";"443.0"
"138860.0";"443.0";"443.0"
"138870.0";"443.0";"443.0"
"138880.0";"443.0";"443.0"
"138890.0";"443.0";"443.0"
"138900.0";"443.0";"443.0"
"138910.0";"443.0";"443.0"
"138920.0";"443.0";"443.0"
"138930.0";"443.0";"443.0"
"138940.0";"443.0";"443.0"
"138950.0";"443.0";"443.0"
"138960.0";"443.0";"443.0"
"138970.0";"443.0";"443.0"
"138980.0";"443.0";"443.0"
"138990.0";"443.0";"443.0"
"139000.0";"443.0";"443.0"
"139010.0";"443.0";"443.0"
"139020.0";"443.0";"443.0"
"139030.0";"443.0";"443.0"
"139040.0";"443.0";"443.0"
"139050.0";"443.0";"443.0"
"139060.0";"443.0";"443.0"
"139070.0";"443.0";"443.0"
"139080.0";"443.0";"443.0"
"139090.0";"443.0";"443.0"
"139100.0";"443.0";"443.0"
"139110.0";"443.0";"443.0"
"139120.0";"443.0";"443.0"
"139130.0";"443.0";"443.0"
"139140.0";"443.0";"443.0"
"139150.0";"443.0";"443.0"
"139160.0";"443.0";"443.0"
"139170.0";"443.0";"443.0"
"139180.0";"443.0";"443.0"
"139190.0";"443.0";"443.0"
"139200.0";"443.0";"443.0"
"139210.0";"443.0";"443.0"
"139220.0";"443.0";"443.0"
"139230.0";"443.0";"443.0"
"139240.0";"443.0";"443.0"
"139250.0";"443.0";"443.0"
"139260.0";"443.0";"443.0"
"139270.0";"443.0";"443.0"
"139280.0";"443.0";"443.0"
"139290.0";"443.0";"443.0"
"139300.0";"443.0";"443.0"
"139310.0";"443.0";"443.0"
"139320.0";"443.0";"443.0"
"139330.0";"443.0";"443.0"
"139340.0";"443.0";"443.0"
"139350.0";"443.0";"443.0"
"139360.0";"443.0";"443.0"
"139370.0";"443.0";"443.0"
"139380.0";"443.0";"443.0"
"139390.0";"443.0";"443.0"
"139400.0";"443.0";"443.0"
"139410.0";"443.0";"443.0"
"139420.0";"443.0";"443.0"
"139430.0";"443.0";"443.0"
"139440.0";"443.0";"443.0"
"139450.0";"443.0";"443.0"
"139460.0";"443.0";"443.0"
"139470.0";"443.0";"443.0"
"139480.0";"443.0";"443.0"
"139490.0";"443.0";"443.0"
"139500.0";"443.0";"443.0"
"139510.0";"443.0";"443.0"
"139520.0";"443.0";"443.0"
"139530.0";"443.0";"443.0"
"139540.0";"443.0";"443.0"
"139550.0";"443.0";"443.0"
"139560.0";"443.0";"443.0"
"139570.0";"443.0";"443.0"
"139580.0";"443.0";"443.0"
"139590.0";"443.0";"443.0"
"139600.0";"443.0";"443.0"
"139610.0";"443.0";"443.0"
"139620.0";"443.0";"443.0"
"139630.0";"443.0";"443.0"
"139640.0";"443.0";"443.0"
"139650.0";"443.0";"443.0"
"139660.0";"443.0";"443.0"
"139670.0";"443.0";"443.0"
"139680.0";"443.0";"443.0"
"139690.0";"443.0";"443.0"
"139700.0";"443.0";"443.0"
"139710.0";"443.0";"443.0"
"139720.0";"443.0";"443.0"
"139730.0";"443.0";"443.0"
"139740.0";"443.0";"443.0"
"139750.0";"443.0";"443.0"
"139760.0";"443.0";"443.0"
"139770.0";"443.0";"443.0"
"139780.0";"443.0";"443.0"
"139790.0";"443.0";"443.0"
"139800.0";"443.0";"443.0"
"139810.0";"443.0";"443.0"
"139820.0";"443.0";"443.0"
"139830.0";"443.0";"443.0"
"139840.0";"443.0";"443.0"
"139850.0";"443.0";"443.0"
"139860.0";"443.0";"443.0"
"139870.0";"443.0";"443.0"
"139880.0";"443.0";"443.0"
"139890.0";"443.0";"443.0"
"139900.0";"443.0";"443.0"
"139910.0";"443.0";"443.0"
"139920.0";"443.0";"443.0"
"139930.0";"443.0";"443.0"
"139940.0";"443.0";"443.0"
"139950.0";"443.0";"443.0"
"139960.0";"443.0";"443.0"
"139970.0";"443.0";"443.0"
"139980.0";"443.0";"443.0"
"139990.0";"443.0";"443.0"
"140000.0";"443.0";"443.0"
"140010.0";"443.0";"443.0"
"140020.0";"443.0";"443.0"
"140030.0";"443.0";"443.0"
"140040.0";"443.0";"443.0"
"140050.0";"443.0";"443.0"
"140060.0";"443.0";"443.0"
"140070.0";"443.0";"443.0"
"140080.0";"443.0";"443.0"
"140090.0";"443.0";"443.0"
"140100.0";"443.0";"443.0"
"140110.0";"443.0";"443.0"
"140120.0";"443.0";"443.0"
"140130.0";"443.0";"443.0"
"140140.0";"443.0";"443.0"
"140150.0";"443.0";"443.0"
"140160.0";"443.0";"443.0"
"140170.0";"443.0";"443.0"
"140180.0";"443.0";"443.0"
"140190.0";"443.0";"443.0"
"140200.0";"443.0";"443.0"
"140210.0";"443.0";"443.0"
"140220.0";"443.0";"443.0"
"140230.0";"443.0";"443.0"
"140240.0";"443.0";"443.0"
"140250.0";"443.0";"443.0"
"140260.0";"443.0";"443.0"
"140270.0";"443.0";"443.0"
"140280.0";"443.0";"443.0"
"140290.0";"443.0";"443.0"
"140300.0";"443.0";"443.0"
"140310.0";"443.0";"443.0"
"140320.0";"443.0";"443.0"
"140330.0";"443.0";"443.0"
"140340.0";"443.0";"443.0"
"140350.0";"443.0";"443.0"
"140360.0";"443.0";"443.0"
"140370.0";"443.0";"443.0"
"140380.0";"443.0";"443.0"
"140390.0";"443.0";"443.0"
"140400.0";"443.0";"443.0"
"140410.0";"443.0";"443.0"
"140420.0";"443.0";"443.0"
"140430.0";"443.0";"443.0"
"140440.0";"443.0";"443.0"
"140450.0";"443.0";"443.0"
"140460.0";"443.0";"443.0"
"140470.0";"443.0";"443.0"
"140480.0";"443.0";"443.0"
"140490.0";"443.0";"443.0"
"140500.0";"443.0";"443.0"
"140510.0";"443.0";"443.0"
"140520.0";"443.0";"443.0"
"140530.0";"443.0";"443.0"
"140540.0";"443.0";"443.0"
"140550.0";"443.0";"443.0"
"140560.0";"443.0";"443.0"
"140570.0";"443.0";"443.0"
"140580.0";"443.0";"443.0"
"140590.0";"443.0";"443.0"
"140600.0";"443.0";"443.0"
"140610.0";"443.0";"443.0"
"140620.0";"443.0";"443.0"
"140630.0";"443.0";"443.0"
"140640.0";"443.0";"443.0"
"140650.0";"443.0";"443.0"
"140660.0";"443.0";"443.0"
"140670.0";"443.0";"443.0"
"140680.0";"443.0";"443.0"
"140690.0";"443.0";"443.0"
"140700.0";"443.0";"443.0"
"140710.0";"443.0";"443.0"
"140720.0";"443.0";"443.0"
"140730.0";"443.0";"443.0"
"140740.0";"443.0";"443.0"
"140750.0";"443.0";"443.0"
"140760.0";"443.0";"443.0"
"140770.0";"443.0";"443.0"
"140780.0";"443.0";"443.0"
"140790.0";"443.0";"443.0"
"140800.0";"443.0";"443.0"
"140810.0";"443.0";"443.0"
"140820.0";"443.0";"443.0"
"140830.0";"443.0";"443.0"
"140840.0";"443.0";"443.0"
"140850.0";"443.0";"443.0"
"140860.0";"443.0";"443.0"
"140870.0";"443.0";"443.0"
"140880.0";"443.0";"443.0"
"140890.0";"443.0";"443.0"
"140900.0";"443.0";"443.0"
"140910.0";"443.0";"443.0"
"140920.0";"443.0";"443.0"
"140930.0";"443.0";"443.0"
"140940.0";"443.0";"443.0"
"140950.0";"443.0";"443.0"
"140960.0";"443.0";"443.0"
"140970.0";"443.0";"443.0"
"140980.0";"443.0";"443.0"
"140990.0";"443.0";"443.0"
"141000.0";"443.0";"443.0"
"141010.0";"443.0";"443.0"
"141020.0";"443.0";"443.0"
"141030.0";"443.0";"443.0"
"141040.0";"443.0";"443.0"
"141050.0";"443.0";"443.0"
"141060.0";"443.0";"443.0"
"141070.0";"443.0";"443.0"
"141080.0";"443.0";"443.0"
"141090.0";"443.0";"443.0"
"141100.0";"443.0";"443.0"
"141110.0";"443.0";"443.0"
"141120.0";"443.0";"443.0"
"141130.0";"443.0";"443.0"
"141140.0";"443.0";"443.0"
"141150.0";"443.0";"443.0"
"141160.0";"443.0";"443.0"
"141170.0";"443.0";"443.0"
"141180.0";"443.0";"443.0"
"141190.0";"443.0";"443.0"
"141200.0";"443.0";"443.0"
"141210.0";"443.0";"443.0"
"141220.0";"443.0";"443.0"
"141230.0";"443.0";"443.0"
"141240.0";"443.0";"443.0"
"141250.0";"443.0";"443.0"
"141260.0";"443.0";"443.0"
"141270.0";"443.0";"443.0"
"141280.0";"443.0";"443.0"
"141290.0";"443.0";"443.0"
"141300.0";"443.0";"443.0"
"141310.0";"443.0";"443.0"
"141320.0";"443.0";"443.0"
"141330.0";"443.0";"443.0"
"141340.0";"443.0";"443.0"
"141350.0";"443.0";"443.0"
"141360.0";"443.0";"443.0"
"141370.0";"443.0";"443.0"
"141380.0";"443.0";"443.0"
"141390.0";"443.0";"443.0"
"141400.0";"443.0";"443.0"
"141410.0";"443.0";"443.0"
"141420.0";"443.0";"443.0"
"141430.0";"443.0";"443.0"
"141440.0";"443.0";"443.0"
"141450.0";"443.0";"443.0"
"141460.0";"443.0";"443.0"
"141470.0";"443.0";"443.0"
"141480.0";"443.0";"443.0"
"141490.0";"443.0";"443.0"
"141500.0";"443.0";"443.0"
"141510.0";"443.0";"443.0"
"141520.0";"443.0";"443.0"
"141530.0";"443.0";"443.0"
"141540.0";"443.0";"443.0"
"141550.0";"443.0";"443.0"
"141560.0";"443.0";"443.0"
"141570.0";"443.0";"443.0"
"141580.0";"443.0";"443.0"
"141590.0";"443.0";"443.0"
"141600.0";"443.0";"443.0"
"141610.0";"443.0";"443.0"
"141620.0";"443.0";"443.0"
"141630.0";"443.0";"443.0"
"141640.0";"443.0";"443.0"
"141650.0";"443.0";"443.0"
"141660.0";"443.0";"443.0"
"141670.0";"443.0";"443.0"
"141680.0";"443.0";"443.0"
"141690.0";"443.0";"443.0"
"141700.0";"443.0";"443.0"
"141710.0";"443.0";"443.0"
"141720.0";"443.0";"443.0"
"141730.0";"443.0";"443.0"
"141740.0";"443.0";"443.0"
"141750.0";"443.0";"443.0"
"141760.0";"443.0";"443.0"
"141770.0";"443.0";"443.0"
"141780.0";"443.0";"443.0"
"141790.0";"443.0";"443.0"
"141800.0";"443.0";"443.0"
"141810.0";"443.0";"443.0"
"141820.0";"443.0";"443.0"
"141830.0";"443.0";"443.0"
"141840.0";"443.0";"443.0"
"141850.0";"443.0";"443.0"
"141860.0";"443.0";"443.0"
"141870.0";"443.0";"443.0"
"141880.0";"443.0";"443.0"
"141890.0";"443.0";"443.0"
"141900.0";"443.0";"443.0"
"141910.0";"443.0";"443.0"
"141920.0";"443.0";"443.0"
"141930.0";"443.0";"443.0"
"141940.0";"443.0";"443.0"
"141950.0";"443.0";"443.0"
"141960.0";"443.0";"443.0"
"141970.0";"443.0";"443.0"
"141980.0";"443.0";"443.0"
"141990.0";"443.0";"443.0"
"142000.0";"443.0";"443.0"
"142010.0";"443.0";"443.0"
"142020.0";"443.0";"443.0"
"142030.0";"443.0";"443.0"
"142040.0";"443.0";"443.0"
"142050.0";"443.0";"443.0"
"142060.0";"443.0";"443.0"
"142070.0";"443.0";"443.0"
"142080.0";"443.0";"443.0"
"142090.0";"443.0";"443.0"
"142100.0";"443.0";"443.0"
"142110.0";"443.0";"443.0"
"142120.0";"443.0";"443.0"
"142130.0";"443.0";"443.0"
"142140.0";"443.0";"443.0"
"142150.0";"443.0";"443.0"
"142160.0";"443.0";"443.0"
"142170.0";"443.0";"443.0"
"142180.0";"443.0";"443.0"
"142190.0";"443.0";"443.0"
"142200.0";"443.0";"443.0"
"142210.0";"443.0";"443.0"
"142220.0";"443.0";"443.0"
"142230.0";"443.0";"443.0"
"142240.0";"443.0";"443.0"
"142250.0";"443.0";"443.0"
"142260.0";"443.0";"443.0"
"142270.0";"443.0";"443.0"
"142280.0";"443.0";"443.0"
"142290.0";"443.0";"443.0"
"142300.0";"443.0";"443.0"
"142310.0";"443.0";"443.0"
"142320.0";"443.0";"443.0"
"142330.0";"443.0";"443.0"
"142340.0";"443.0";"443.0"
"142350.0";"443.0";"443.0"
"142360.0";"443.0";"443.0"
"142370.0";"443.0";"443.0"
"142380.0";"443.0";"443.0"
"142390.0";"443.0";"443.0"
"142400.0";"443.0";"443.0"
"142410.0";"443.0";"443.0"
"142420.0";"443.0";"443.0"
"142430.0";"443.0";"443.0"
"142440.0";"443.0";"443.0"
"142450.0";"443.0";"443.0"
"142460.0";"443.0";"443.0"
"142470.0";"443.0";"443.0"
"142480.0";"443.0";"443.0"
"142490.0";"443.0";"443.0"
"142500.0";"443.0";"443.0"
"142510.0";"443.0";"443.0"
"142520.0";"443.0";"443.0"
"142530.0";"443.0";"443.0"
"142540.0";"443.0";"443.0"
"142550.0";"443.0";"443.0"
"142560.0";"443.0";"443.0"
"142570.0";"443.0";"443.0"
"142580.0";"443.0";"443.0"
"142590.0";"443.0";"443.0"
"142600.0";"443.0";"443.0"
"142610.0";"443.0";"443.0"
"142620.0";"443.0";"443.0"
"142630.0";"443.0";"443.0"
"142640.0";"443.0";"443.0"
"142650.0";"443.0";"443.0"
"142660.0";"443.0";"443.0"
"142670.0";"443.0";"443.0"
"142680.0";"443.0";"443.0"
"142690.0";"443.0";"443.0"
"142700.0";"443.0";"443.0"
"142710.0";"443.0";"443.0"
"142720.0";"443.0";"443.0"
"142730.0";"443.0";"443.0"
"142740.0";"443.0";"443.0"
"142750.0";"443.0";"443.0"
"142760.0";"443.0";"443.0"
"142770.0";"443.0";"443.0"
"142780.0";"443.0";"443.0"
"142790.0";"443.0";"443.0"
"142800.0";"443.0";"443.0"
"142810.0";"443.0";"443.0"
"142820.0";"443.0";"443.0"
"142830.0";"443.0";"443.0"
"142840.0";"443.0";"443.0"
"142850.0";"443.0";"443.0"
"142860.0";"443.0";"443.0"
"142870.0";"443.0";"443.0"
"142880.0";"443.0";"443.0"
"142890.0";"443.0";"443.0"
"142900.0";"443.0";"443.0"
"142910.0";"443.0";"443.0"
"142920.0";"443.0";"443.0"
"142930.0";"443.0";"443.0"
"142940.0";"443.0";"443.0"
"142950.0";"443.0";"443.0"
"142960.0";"443.0";"443.0"
"142970.0";"443.0";"443.0"
"142980.0";"443.0";"443.0"
"142990.0";"443.0";"443.0"
"143000.0";"443.0";"443.0"
"143010.0";"443.0";"443.0"
"143020.0";"443.0";"443.0"
"143030.0";"443.0";"443.0"
"143040.0";"443.0";"443.0"
"143050.0";"443.0";"443.0"
"143060.0";"443.0";"443.0"
"143070.0";"443.0";"443.0"
"143080.0";"443.0";"443.0"
"143090.0";"443.0";"443.0"
"143100.0";"443.0";"443.0"
"143110.0";"443.0";"443.0"
"143120.0";"443.0";"443.0"
"143130.0";"443.0";"443.0"
"143140.0";"443.0";"443.0"
"143150.0";"443.0";"443.0"
"143160.0";"443.0";"443.0"
"143170.0";"443.0";"443.0"
"143180.0";"443.0";"443.0"
"143190.0";"443.0";"443.0"
"143200.0";"443.0";"443.0"
"143210.0";"443.0";"443.0"
"143220.0";"443.0";"443.0"
"143230.0";"443.0";"443.0"
"143240.0";"443.0";"443.0"
"143250.0";"443.0";"443.0"
"143260.0";"443.0";"443.0"
"143270.0";"443.0";"443.0"
"143280.0";"443.0";"443.0"
"143290.0";"443.0";"443.0"
"143300.0";"443.0";"443.0"
"143310.0";"443.0";"443.0"
"143320.0";"443.0";"443.0"
"143330.0";"443.0";"443.0"
"143340.0";"443.0";"443.0"
"143350.0";"443.0";"443.0"
"143360.0";"443.0";"443.0"
"143370.0";"443.0";"443.0"
"143380.0";"443.0";"443.0"
"143390.0";"443.0";"443.0"
"143400.0";"443.0";"443.0"
"143410.0";"443.0";"443.0"
"143420.0";"443.0";"443.0"
"143430.0";"443.0";"443.0"
"143440.0";"443.0";"443.0"
"143450.0";"443.0";"443.0"
"143460.0";"443.0";"443.0"
"143470.0";"443.0";"443.0"
"143480.0";"443.0";"443.0"
"143490.0";"443.0";"443.0"
"143500.0";"443.0";"443.0"
"143510.0";"443.0";"443.0"
"143520.0";"443.0";"443.0"
"143530.0";"443.0";"443.0"
"143540.0";"443.0";"443.0"
"143550.0";"443.0";"443.0"
"143560.0";"443.0";"443.0"
"143570.0";"443.0";"443.0"
"143580.0";"443.0";"443.0"
"143590.0";"443.0";"443.0"
"143600.0";"443.0";"443.0"
"143610.0";"443.0";"443.0"
"143620.0";"443.0";"443.0"
"143630.0";"443.0";"443.0"
"143640.0";"443.0";"443.0"
"143650.0";"443.0";"443.0"
"143660.0";"443.0";"443.0"
"143670.0";"443.0";"443.0"
"143680.0";"443.0";"443.0"
"143690.0";"443.0";"443.0"
"143700.0";"443.0";"443.0"
"143710.0";"443.0";"443.0"
"143720.0";"443.0";"443.0"
"143730.0";"443.0";"443.0"
"143740.0";"443.0";"443.0"
"143750.0";"443.0";"443.0"
"143760.0";"443.0";"443.0"
"143770.0";"443.0";"443.0"
"143780.0";"443.0";"443.0"
"143790.0";"443.0";"443.0"
"143800.0";"443.0";"443.0"
"143810.0";"443.0";"443.0"
"143820.0";"443.0";"443.0"
"143830.0";"443.0";"443.0"
"143840.0";"443.0";"443.0"
"143850.0";"443.0";"443.0"
"143860.0";"443.0";"443.0"
"143870.0";"443.0";"443.0"
"143880.0";"443.0";"443.0"
"143890.0";"443.0";"443.0"
"143900.0";"443.0";"443.0"
"143910.0";"443.0";"443.0"
"143920.0";"443.0";"443.0"
"143930.0";"443.0";"443.0"
"143940.0";"443.0";"443.0"
"143950.0";"443.0";"443.0"
"143960.0";"443.0";"443.0"
"143970.0";"443.0";"443.0"
"143980.0";"443.0";"443.0"
"143990.0";"443.0";"443.0"
"144000.0";"443.0";"443.0"
"144010.0";"443.0";"443.0"
"144020.0";"443.0";"443.0"
"144030.0";"443.0";"443.0"
"144040.0";"443.0";"443.0"
"144050.0";"443.0";"443.0"
"144060.0";"443.0";"443.0"
"144070.0";"443.0";"443.0"
"144080.0";"443.0";"443.0"
"144090.0";"443.0";"443.0"
"144100.0";"443.0";"443.0"
"144110.0";"443.0";"443.0"
"144120.0";"443.0";"443.0"
"144130.0";"443.0";"443.0"
"144140.0";"443.0";"443.0"
"144150.0";"443.0";"443.0"
"144160.0";"443.0";"443.0"
"144170.0";"443.0";"443.0"
"144180.0";"443.0";"443.0"
"144190.0";"443.0";"443.0"
"144200.0";"443.0";"443.0"
"144210.0";"443.0";"443.0"
"144220.0";"443.0";"443.0"
"144230.0";"443.0";"443.0"
"144240.0";"443.0";"443.0"
"144250.0";"443.0";"443.0"
"144260.0";"443.0";"443.0"
"144270.0";"443.0";"443.0"
"144280.0";"443.0";"443.0"
"144290.0";"443.0";"443.0"
"144300.0";"443.0";"443.0"
"144310.0";"443.0";"443.0"
"144320.0";"443.0";"443.0"
"144330.0";"443.0";"443.0"
"144340.0";"443.0";"443.0"
"144350.0";"443.0";"443.0"
"144360.0";"443.0";"443.0"
"144370.0";"443.0";"443.0"
"144380.0";"443.0";"443.0"
"144390.0";"443.0";"443.0"
"144400.0";"443.0";"443.0"
"144410.0";"443.0";"443.0"
"144420.0";"443.0";"443.0"
"144430.0";"443.0";"443.0"
"144440.0";"443.0";"443.0"
"144450.0";"443.0";"443.0"
"144460.0";"443.0";"443.0"
"144470.0";"443.0";"443.0"
"144480.0";"443.0";"443.0"
"144490.0";"443.0";"443.0"
"144500.0";"443.0";"443.0"
"144510.0";"443.0";"443.0"
"144520.0";"443.0";"443.0"
"144530.0";"443.0";"443.0"
"144540.0";"443.0";"443.0"
"144550.0";"443.0";"443.0"
"144560.0";"443.0";"443.0"
"144570.0";"443.0";"443.0"
"144580.0";"443.0";"443.0"
"144590.0";"443.0";"443.0"
"144600.0";"443.0";"443.0"
"144610.0";"443.0";"443.0"
"144620.0";"443.0";"443.0"
"144630.0";"443.0";"443.0"
"144640.0";"443.0";"443.0"
"144650.0";"443.0";"443.0"
"144660.0";"443.0";"443.0"
"144670.0";"443.0";"443.0"
"144680.0";"443.0";"443.0"
"144690.0";"443.0";"443.0"
"144700.0";"443.0";"443.0"
"144710.0";"443.0";"443.0"
"144720.0";"443.0";"443.0"
"144730.0";"443.0";"443.0"
"144740.0";"443.0";"443.0"
"144750.0";"443.0";"443.0"
"144760.0";"443.0";"443.0"
"144770.0";"443.0";"443.0"
"144780.0";"443.0";"443.0"
"144790.0";"443.0";"443.0"
"144800.0";"443.0";"443.0"
"144810.0";"443.0";"443.0"
"144820.0";"443.0";"443.0"
"144830.0";"443.0";"443.0"
"144840.0";"443.0";"443.0"
"144850.0";"443.0";"443.0"
"144860.0";"443.0";"443.0"
"144870.0";"443.0";"443.0"
"144880.0";"443.0";"443.0"
"144890.0";"443.0";"443.0"
"144900.0";"443.0";"443.0"
"144910.0";"443.0";"443.0"
"144920.0";"443.0";"443.0"
"144930.0";"443.0";"443.0"
"144940.0";"443.0";"443.0"
"144950.0";"443.0";"443.0"
"144960.0";"443.0";"443.0"
"144970.0";"443.0";"443.0"
"144980.0";"443.0";"443.0"
"144990.0";"443.0";"443.0"
"145000.0";"443.0";"443.0"
"145010.0";"443.0";"443.0"
"145020.0";"443.0";"443.0"
"145030.0";"443.0";"443.0"
"145040.0";"443.0";"443.0"
"145050.0";"443.0";"443.0"
"145060.0";"443.0";"443.0"
"145070.0";"443.0";"443.0"
"145080.0";"443.0";"443.0"
"145090.0";"443.0";"443.0"
"145100.0";"443.0";"443.0"
"145110.0";"443.0";"443.0"
"145120.0";"443.0";"443.0"
"145130.0";"443.0";"443.0"
"145140.0";"443.0";"443.0"
"145150.0";"443.0";"443.0"
"145160.0";"443.0";"443.0"
"145170.0";"443.0";"443.0"
"145180.0";"443.0";"443.0"
"145190.0";"443.0";"443.0"
"145200.0";"443.0";"443.0"
"145210.0";"443.0";"443.0"
"145220.0";"443.0";"443.0"
"145230.0";"443.0";"443.0"
"145240.0";"443.0";"443.0"
"145250.0";"443.0";"443.0"
"145260.0";"443.0";"443.0"
"145270.0";"443.0";"443.0"
"145280.0";"443.0";"443.0"
"145290.0";"443.0";"443.0"
"145300.0";"443.0";"443.0"
"145310.0";"443.0";"443.0"
"145320.0";"443.0";"443.0"
"145330.0";"443.0";"443.0"
"145340.0";"443.0";"443.0"
"145350.0";"443.0";"443.0"
"145360.0";"443.0";"443.0"
"145370.0";"443.0";"443.0"
"145380.0";"443.0";"443.0"
"145390.0";"443.0";"443.0"
"145400.0";"443.0";"443.0"
"145410.0";"443.0";"443.0"
"145420.0";"443.0";"443.0"
"145430.0";"443.0";"443.0"
"145440.0";"443.0";"443.0"
"145450.0";"443.0";"443.0"
"145460.0";"443.0";"443.0"
"145470.0";"443.0";"443.0"
"145480.0";"443.0";"443.0"
"145490.0";"443.0";"443.0"
"145500.0";"443.0";"443.0"
"145510.0";"443.0";"443.0"
"145520.0";"443.0";"443.0"
"145530.0";"443.0";"443.0"
"145540.0";"443.0";"443.0"
"145550.0";"443.0";"443.0"
"145560.0";"443.0";"443.0"
"145570.0";"443.0";"443.0"
"145580.0";"443.0";"443.0"
"145590.0";"443.0";"443.0"
"145600.0";"443.0";"443.0"
"145610.0";"443.0";"443.0"
"145620.0";"443.0";"443.0"
"145630.0";"443.0";"443.0"
"145640.0";"443.0";"443.0"
"145650.0";"443.0";"443.0"
"145660.0";"443.0";"443.0"
"145670.0";"443.0";"443.0"
"145680.0";"443.0";"443.0"
"145690.0";"443.0";"443.0"
"145700.0";"443.0";"443.0"
"145710.0";"443.0";"443.0"
"145720.0";"443.0";"443.0"
"145730.0";"443.0";"443.0"
"145740.0";"443.0";"443.0"
"145750.0";"443.0";"443.0"
"145760.0";"443.0";"443.0"
"145770.0";"443.0";"443.0"
"145780.0";"443.0";"443.0"
"145790.0";"443.0";"443.0"
"145800.0";"443.0";"443.0"
"145810.0";"443.0";"443.0"
"145820.0";"443.0";"443.0"
"145830.0";"443.0";"443.0"
"145840.0";"443.0";"443.0"
"145850.0";"443.0";"443.0"
"145860.0";"443.0";"443.0"
"145870.0";"443.0";"443.0"
"145880.0";"443.0";"443.0"
"145890.0";"443.0";"443.0"
"145900.0";"443.0";"443.0"
"145910.0";"443.0";"443.0"
"145920.0";"443.0";"443.0"
"145930.0";"443.0";"443.0"
"145940.0";"443.0";"443.0"
"145950.0";"443.0";"443.0"
"145960.0";"443.0";"443.0"
"145970.0";"443.0";"443.0"
"145980.0";"443.0";"443.0"
"145990.0";"443.0";"443.0"
"146000.0";"443.0";"443.0"
"146010.0";"443.0";"443.0"
"146020.0";"443.0";"443.0"
"146030.0";"443.0";"443.0"
"146040.0";"443.0";"443.0"
"146050.0";"443.0";"443.0"
"146060.0";"443.0";"443.0"
"146070.0";"443.0";"443.0"
"146080.0";"443.0";"443.0"
"146090.0";"443.0";"443.0"
"146100.0";"443.0";"443.0"
"146110.0";"443.0";"443.0"
"146120.0";"443.0";"443.0"
"146130.0";"443.0";"443.0"
"146140.0";"443.0";"443.0"
"146150.0";"443.0";"443.0"
"146160.0";"443.0";"443.0"
"146170.0";"443.0";"443.0"
"146180.0";"443.0";"443.0"
"146190.0";"443.0";"443.0"
"146200.0";"443.0";"443.0"
"146210.0";"443.0";"443.0"
"146220.0";"443.0";"443.0"
"146230.0";"443.0";"443.0"
"146240.0";"443.0";"443.0"
"146250.0";"443.0";"443.0"
"146260.0";"443.0";"443.0"
"146270.0";"443.0";"443.0"
"146280.0";"443.0";"443.0"
"146290.0";"443.0";"443.0"
"146300.0";"443.0";"443.0"
"146310.0";"443.0";"443.0"
"146320.0";"443.0";"443.0"
"146330.0";"443.0";"443.0"
"146340.0";"443.0";"443.0"
"146350.0";"443.0";"443.0"
"146360.0";"443.0";"443.0"
"146370.0";"443.0";"443.0"
"146380.0";"443.0";"443.0"
"146390.0";"443.0";"443.0"
"146400.0";"443.0";"443.0"
"146410.0";"443.0";"443.0"
"146420.0";"443.0";"443.0"
"146430.0";"443.0";"443.0"
"146440.0";"443.0";"443.0"
"146450.0";"443.0";"443.0"
"146460.0";"443.0";"443.0"
"146470.0";"443.0";"443.0"
"146480.0";"443.0";"443.0"
"146490.0";"443.0";"443.0"
"146500.0";"443.0";"443.0"
"146510.0";"443.0";"443.0"
"146520.0";"443.0";"443.0"
"146530.0";"443.0";"443.0"
"146540.0";"443.0";"443.0"
"146550.0";"443.0";"443.0"
"146560.0";"443.0";"443.0"
"146570.0";"443.0";"443.0"
"146580.0";"443.0";"443.0"
"146590.0";"443.0";"443.0"
"146600.0";"443.0";"443.0"
"146610.0";"443.0";"443.0"
"146620.0";"443.0";"443.0"
"146630.0";"443.0";"443.0"
"146640.0";"443.0";"443.0"
"146650.0";"443.0";"443.0"
"146660.0";"443.0";"443.0"
"146670.0";"443.0";"443.0"
"146680.0";"443.0";"443.0"
"146690.0";"443.0";"443.0"
"146700.0";"443.0";"443.0"
"146710.0";"443.0";"443.0"
"146720.0";"443.0";"443.0"
"146730.0";"443.0";"443.0"
"146740.0";"443.0";"443.0"
"146750.0";"443.0";"443.0"
"146760.0";"443.0";"443.0"
"146770.0";"443.0";"443.0"
"146780.0";"443.0";"443.0"
"146790.0";"443.0";"443.0"
"146800.0";"443.0";"443.0"
"146810.0";"443.0";"443.0"
"146820.0";"443.0";"443.0"
"146830.0";"443.0";"443.0"
"146840.0";"443.0";"443.0"
"146850.0";"443.0";"443.0"
"146860.0";"443.0";"443.0"
"146870.0";"443.0";"443.0"
"146880.0";"443.0";"443.0"
"146890.0";"443.0";"443.0"
"146900.0";"443.0";"443.0"
"146910.0";"443.0";"443.0"
"146920.0";"443.0";"443.0"
"146930.0";"443.0";"443.0"
"146940.0";"443.0";"443.0"
"146950.0";"443.0";"443.0"
"146960.0";"443.0";"443.0"
"146970.0";"443.0";"443.0"
"146980.0";"443.0";"443.0"
"146990.0";"443.0";"443.0"
"147000.0";"443.0";"443.0"
"147010.0";"443.0";"443.0"
"147020.0";"443.0";"443.0"
"147030.0";"443.0";"443.0"
"147040.0";"443.0";"443.0"
"147050.0";"443.0";"443.0"
"147060.0";"443.0";"443.0"
"147070.0";"443.0";"443.0"
"147080.0";"443.0";"443.0"
"147090.0";"443.0";"443.0"
"147100.0";"443.0";"443.0"
"147110.0";"443.0";"443.0"
"147120.0";"443.0";"443.0"
"147130.0";"443.0";"443.0"
"147140.0";"443.0";"443.0"
"147150.0";"443.0";"443.0"
"147160.0";"443.0";"443.0"
"147170.0";"443.0";"443.0"
"147180.0";"443.0";"443.0"
"147190.0";"443.0";"443.0"
"147200.0";"443.0";"443.0"
"147210.0";"443.0";"443.0"
"147220.0";"443.0";"443.0"
"147230.0";"443.0";"443.0"
"147240.0";"443.0";"443.0"
"147250.0";"443.0";"443.0"
"147260.0";"443.0";"443.0"
"147270.0";"443.0";"443.0"
"147280.0";"443.0";"443.0"
"147290.0";"443.0";"443.0"
"147300.0";"443.0";"443.0"
"147310.0";"443.0";"443.0"
"147320.0";"443.0";"443.0"
"147330.0";"443.0";"443.0"
"147340.0";"443.0";"443.0"
"147350.0";"443.0";"443.0"
"147360.0";"443.0";"443.0"
"147370.0";"443.0";"443.0"
"147380.0";"443.0";"443.0"
"147390.0";"443.0";"443.0"
"147400.0";"443.0";"443.0"
"147410.0";"443.0";"443.0"
"147420.0";"443.0";"443.0"
"147430.0";"443.0";"443.0"
"147440.0";"443.0";"443.0"
"147450.0";"443.0";"443.0"
"147460.0";"443.0";"443.0"
"147470.0";"443.0";"443.0"
"147480.0";"443.0";"443.0"
"147490.0";"443.0";"443.0"
"147500.0";"443.0";"443.0"
"147510.0";"443.0";"443.0"
"147520.0";"443.0";"443.0"
"147530.0";"443.0";"443.0"
"147540.0";"443.0";"443.0"
"147550.0";"443.0";"443.0"
"147560.0";"443.0";"443.0"
"147570.0";"443.0";"443.0"
"147580.0";"443.0";"443.0"
"147590.0";"443.0";"443.0"
"147600.0";"443.0";"443.0"
"147610.0";"443.0";"443.0"
"147620.0";"443.0";"443.0"
"147630.0";"443.0";"443.0"
"147640.0";"443.0";"443.0"
"147650.0";"443.0";"443.0"
"147660.0";"443.0";"443.0"
"147670.0";"443.0";"443.0"
"147680.0";"443.0";"443.0"
"147690.0";"443.0";"443.0"
"147700.0";"443.0";"443.0"
"147710.0";"443.0";"443.0"
"147720.0";"443.0";"443.0"
"147730.0";"443.0";"443.0"
"147740.0";"443.0";"443.0"
"147750.0";"443.0";"443.0"
"147760.0";"443.0";"443.0"
"147770.0";"443.0";"443.0"
"147780.0";"443.0";"443.0"
"147790.0";"443.0";"443.0"
"147800.0";"443.0";"443.0"
"147810.0";"443.0";"443.0"
"147820.0";"443.0";"443.0"
"147830.0";"443.0";"443.0"
"147840.0";"443.0";"443.0"
"147850.0";"443.0";"443.0"
"147860.0";"443.0";"443.0"
"147870.0";"443.0";"443.0"
"147880.0";"443.0";"443.0"
"147890.0";"443.0";"443.0"
"147900.0";"443.0";"443.0"
"147910.0";"443.0";"443.0"
"147920.0";"443.0";"443.0"
"147930.0";"443.0";"443.0"
"147940.0";"443.0";"443.0"
"147950.0";"443.0";"443.0"
"147960.0";"443.0";"443.0"
"147970.0";"443.0";"443.0"
"147980.0";"443.0";"443.0"
"147990.0";"443.0";"443.0"
"148000.0";"443.0";"443.0"
"148010.0";"443.0";"443.0"
"148020.0";"443.0";"443.0"
"148030.0";"443.0";"443.0"
"148040.0";"443.0";"443.0"
"148050.0";"443.0";"443.0"
"148060.0";"443.0";"443.0"
"148070.0";"443.0";"443.0"
"148080.0";"443.0";"443.0"
"148090.0";"443.0";"443.0"
"148100.0";"443.0";"443.0"
"148110.0";"443.0";"443.0"
"148120.0";"443.0";"443.0"
"148130.0";"443.0";"443.0"
"148140.0";"443.0";"443.0"
"148150.0";"443.0";"443.0"
"148160.0";"443.0";"443.0"
"148170.0";"443.0";"443.0"
"148180.0";"443.0";"443.0"
"148190.0";"443.0";"443.0"
"148200.0";"443.0";"443.0"
"148210.0";"443.0";"443.0"
"148220.0";"443.0";"443.0"
"148230.0";"443.0";"443.0"
"148240.0";"443.0";"443.0"
"148250.0";"443.0";"443.0"
"148260.0";"443.0";"443.0"
"148270.0";"443.0";"443.0"
"148280.0";"443.0";"443.0"
"148290.0";"443.0";"443.0"
"148300.0";"443.0";"443.0"
"148310.0";"443.0";"443.0"
"148320.0";"443.0";"443.0"
"148330.0";"443.0";"443.0"
"148340.0";"443.0";"443.0"
"148350.0";"443.0";"443.0"
"148360.0";"443.0";"443.0"
"148370.0";"443.0";"443.0"
"148380.0";"443.0";"443.0"
"148390.0";"443.0";"443.0"
"148400.0";"443.0";"443.0"
"148410.0";"443.0";"443.0"
"148420.0";"443.0";"443.0"
"148430.0";"443.0";"443.0"
"148440.0";"443.0";"443.0"
"148450.0";"443.0";"443.0"
"148460.0";"443.0";"443.0"
"148470.0";"443.0";"443.0"
"148480.0";"443.0";"443.0"
"148490.0";"443.0";"443.0"
"148500.0";"443.0";"443.0"
"148510.0";"443.0";"443.0"
"148520.0";"443.0";"443.0"
"148530.0";"443.0";"443.0"
"148540.0";"443.0";"443.0"
"148550.0";"443.0";"443.0"
"148560.0";"443.0";"443.0"
"148570.0";"443.0";"443.0"
"148580.0";"443.0";"443.0"
"148590.0";"443.0";"443.0"
"148600.0";"443.0";"443.0"
"148610.0";"443.0";"443.0"
"148620.0";"443.0";"443.0"
"148630.0";"443.0";"443.0"
"148640.0";"443.0";"443.0"
"148650.0";"443.0";"443.0"
"148660.0";"443.0";"443.0"
"148670.0";"443.0";"443.0"
"148680.0";"443.0";"443.0"
"148690.0";"443.0";"443.0"
"148700.0";"443.0";"443.0"
"148710.0";"443.0";"443.0"
"148720.0";"443.0";"443.0"
"148730.0";"443.0";"443.0"
"148740.0";"443.0";"443.0"
"148750.0";"443.0";"443.0"
"148760.0";"443.0";"443.0"
"148770.0";"443.0";"443.0"
"148780.0";"443.0";"443.0"
"148790.0";"443.0";"443.0"
"148800.0";"443.0";"443.0"
"148810.0";"443.0";"443.0"
"148820.0";"443.0";"443.0"
"148830.0";"443.0";"443.0"
"148840.0";"443.0";"443.0"
"148850.0";"443.0";"443.0"
"148860.0";"443.0";"443.0"
"148870.0";"443.0";"443.0"
"148880.0";"443.0";"443.0"
"148890.0";"443.0";"443.0"
"148900.0";"443.0";"443.0"
"148910.0";"443.0";"443.0"
"148920.0";"443.0";"443.0"
"148930.0";"443.0";"443.0"
"148940.0";"443.0";"443.0"
"148950.0";"443.0";"443.0"
"148960.0";"443.0";"443.0"
"148970.0";"443.0";"443.0"
"148980.0";"443.0";"443.0"
"148990.0";"443.0";"443.0"
"149000.0";"443.0";"443.0"
"149010.0";"443.0";"443.0"
"149020.0";"443.0";"443.0"
"149030.0";"443.0";"443.0"
"149040.0";"443.0";"443.0"
"149050.0";"443.0";"443.0"
"149060.0";"443.0";"443.0"
"149070.0";"443.0";"443.0"
"149080.0";"443.0";"443.0"
"149090.0";"443.0";"443.0"
"149100.0";"443.0";"443.0"
"149110.0";"443.0";"443.0"
"149120.0";"443.0";"443.0"
"149130.0";"443.0";"443.0"
"149140.0";"443.0";"443.0"
"149150.0";"443.0";"443.0"
"149160.0";"443.0";"443.0"
"149170.0";"443.0";"443.0"
"149180.0";"443.0";"443.0"
"149190.0";"443.0";"443.0"
"149200.0";"443.0";"443.0"
"149210.0";"443.0";"443.0"
"149220.0";"443.0";"443.0"
"149230.0";"443.0";"443.0"
"149240.0";"443.0";"443.0"
"149250.0";"443.0";"443.0"
"149260.0";"443.0";"443.0"
"149270.0";"443.0";"443.0"
"149280.0";"443.0";"443.0"
"149290.0";"443.0";"443.0"
"149300.0";"443.0";"443.0"
"149310.0";"443.0";"443.0"
"149320.0";"443.0";"443.0"
"149330.0";"443.0";"443.0"
"149340.0";"443.0";"443.0"
"149350.0";"443.0";"443.0"
"149360.0";"443.0";"443.0"
"149370.0";"443.0";"443.0"
"149380.0";"443.0";"443.0"
"149390.0";"443.0";"443.0"
"149400.0";"443.0";"443.0"
"149410.0";"443.0";"443.0"
"149420.0";"443.0";"443.0"
"149430.0";"443.0";"443.0"
"149440.0";"443.0";"443.0"
"149450.0";"443.0";"443.0"
"149460.0";"443.0";"443.0"
"149470.0";"443.0";"443.0"
"149480.0";"443.0";"443.0"
"149490.0";"443.0";"443.0"
"149500.0";"443.0";"443.0"
"149510.0";"443.0";"443.0"
"149520.0";"443.0";"443.0"
"149530.0";"443.0";"443.0"
"149540.0";"443.0";"443.0"
"149550.0";"443.0";"443.0"
"149560.0";"443.0";"443.0"
"149570.0";"443.0";"443.0"
"149580.0";"443.0";"443.0"
"149590.0";"443.0";"443.0"
"149600.0";"443.0";"443.0"
"149610.0";"443.0";"443.0"
"149620.0";"443.0";"443.0"
"149630.0";"443.0";"443.0"
"149640.0";"443.0";"443.0"
"149650.0";"443.0";"443.0"
"149660.0";"443.0";"443.0"
"149670.0";"443.0";"443.0"
"149680.0";"443.0";"443.0"
"149690.0";"443.0";"443.0"
"149700.0";"443.0";"443.0"
"149710.0";"443.0";"443.0"
"149720.0";"443.0";"443.0"
"149730.0";"443.0";"443.0"
"149740.0";"443.0";"443.0"
"149750.0";"443.0";"443.0"
"149760.0";"443.0";"443.0"
"149770.0";"443.0";"443.0"
"149780.0";"443.0";"443.0"
"149790.0";"443.0";"443.0"
"149800.0";"443.0";"443.0"
"149810.0";"443.0";"443.0"
"149820.0";"443.0";"443.0"
"149830.0";"443.0";"443.0"
"149840.0";"443.0";"443.0"
"149850.0";"443.0";"443.0"
"149860.0";"443.0";"443.0"
"149870.0";"443.0";"443.0"
"149880.0";"443.0";"443.0"
"149890.0";"443.0";"443.0"
"149900.0";"443.0";"443.0"
"149910.0";"443.0";"443.0"
"149920.0";"443.0";"443.0"
"149930.0";"443.0";"443.0"
"149940.0";"443.0";"443.0"
"149950.0";"443.0";"443.0"
"149960.0";"443.0";"443.0"
"149970.0";"443.0";"443.0"
"149980.0";"443.0";"443.0"
"149990.0";"443.0";"443.0"
"150000.0";"443.0";"443.0"
"150010.0";"443.0";"443.0"
"150020.0";"443.0";"443.0"
"150030.0";"443.0";"443.0"
"150040.0";"443.0";"443.0"
"150050.0";"443.0";"443.0"
"150060.0";"443.0";"443.0"
"150070.0";"443.0";"443.0"
"150080.0";"443.0";"443.0"
"150090.0";"443.0";"443.0"
"150100.0";"443.0";"443.0"
"150110.0";"443.0";"443.0"
"150120.0";"443.0";"443.0"
"150130.0";"443.0";"443.0"
"150140.0";"443.0";"443.0"
"150150.0";"443.0";"443.0"
"150160.0";"443.0";"443.0"
"150170.0";"443.0";"443.0"
"150180.0";"443.0";"443.0"
"150190.0";"443.0";"443.0"
"150200.0";"443.0";"443.0"
"150210.0";"443.0";"443.0"
"150220.0";"443.0";"443.0"
"150230.0";"443.0";"443.0"
"150240.0";"443.0";"443.0"
"150250.0";"443.0";"443.0"
"150260.0";"443.0";"443.0"
"150270.0";"443.0";"443.0"
"150280.0";"443.0";"443.0"
"150290.0";"443.0";"443.0"
"150300.0";"443.0";"443.0"
"150310.0";"443.0";"443.0"
"150320.0";"443.0";"443.0"
"150330.0";"443.0";"443.0"
"150340.0";"443.0";"443.0"
"150350.0";"443.0";"443.0"
"150360.0";"443.0";"443.0"
"150370.0";"443.0";"443.0"
"150380.0";"443.0";"443.0"
"150390.0";"443.0";"443.0"
"150400.0";"443.0";"443.0"
"150410.0";"443.0";"443.0"
"150420.0";"443.0";"443.0"
"150430.0";"443.0";"443.0"
"150440.0";"443.0";"443.0"
"150450.0";"443.0";"443.0"
"150460.0";"443.0";"443.0"
"150470.0";"443.0";"443.0"
"150480.0";"443.0";"443.0"
"150490.0";"443.0";"443.0"
"150500.0";"443.0";"443.0"
"150510.0";"443.0";"443.0"
"150520.0";"443.0";"443.0"
"150530.0";"443.0";"443.0"
"150540.0";"443.0";"443.0"
"150550.0";"443.0";"443.0"
"150560.0";"443.0";"443.0"
"150570.0";"443.0";"443.0"
"150580.0";"443.0";"443.0"
"150590.0";"443.0";"443.0"
"150600.0";"443.0";"443.0"
"150610.0";"443.0";"443.0"
"150620.0";"443.0";"443.0"
"150630.0";"443.0";"443.0"
"150640.0";"443.0";"443.0"
"150650.0";"443.0";"443.0"
"150660.0";"443.0";"443.0"
"150670.0";"443.0";"443.0"
"150680.0";"443.0";"443.0"
"150690.0";"443.0";"443.0"
"150700.0";"443.0";"443.0"
"150710.0";"443.0";"443.0"
"150720.0";"443.0";"443.0"
"150730.0";"443.0";"443.0"
"150740.0";"443.0";"443.0"
"150750.0";"443.0";"443.0"
"150760.0";"443.0";"443.0"
"150770.0";"443.0";"443.0"
"150780.0";"443.0";"443.0"
"150790.0";"443.0";"443.0"
"150800.0";"443.0";"443.0"
"150810.0";"443.0";"443.0"
"150820.0";"443.0";"443.0"
"150830.0";"443.0";"443.0"
"150840.0";"443.0";"443.0"
"150850.0";"443.0";"443.0"
"150860.0";"443.0";"443.0"
"150870.0";"443.0";"443.0"
"150880.0";"443.0";"443.0"
"150890.0";"443.0";"443.0"
"150900.0";"443.0";"443.0"
"150910.0";"443.0";"443.0"
"150920.0";"443.0";"443.0"
"150930.0";"443.0";"443.0"
"150940.0";"443.0";"443.0"
"150950.0";"443.0";"443.0"
"150960.0";"443.0";"443.0"
"150970.0";"443.0";"443.0"
"150980.0";"443.0";"443.0"
"150990.0";"443.0";"443.0"
"151000.0";"443.0";"443.0"
"151010.0";"443.0";"443.0"
"151020.0";"443.0";"443.0"
"151030.0";"443.0";"443.0"
"151040.0";"443.0";"443.0"
"151050.0";"443.0";"443.0"
"151060.0";"443.0";"443.0"
"151070.0";"443.0";"443.0"
"151080.0";"443.0";"443.0"
"151090.0";"443.0";"443.0"
"151100.0";"443.0";"443.0"
"151110.0";"443.0";"443.0"
"151120.0";"443.0";"443.0"
"151130.0";"443.0";"443.0"
"151140.0";"443.0";"443.0"
"151150.0";"443.0";"443.0"
"151160.0";"443.0";"443.0"
"151170.0";"443.0";"443.0"
"151180.0";"443.0";"443.0"
"151190.0";"443.0";"443.0"
"151200.0";"443.0";"443.0"
"151210.0";"443.0";"443.0"
"151220.0";"443.0";"443.0"
"151230.0";"443.0";"443.0"
"151240.0";"443.0";"443.0"
"151250.0";"443.0";"443.0"
"151260.0";"443.0";"443.0"
"151270.0";"443.0";"443.0"
"151280.0";"443.0";"443.0"
"151290.0";"443.0";"443.0"
"151300.0";"443.0";"443.0"
"151310.0";"443.0";"443.0"
"151320.0";"443.0";"443.0"
"151330.0";"443.0";"443.0"
"151340.0";"443.0";"443.0"
"151350.0";"443.0";"443.0"
"151360.0";"443.0";"443.0"
"151370.0";"443.0";"443.0"
"151380.0";"443.0";"443.0"
"151390.0";"443.0";"443.0"
"151400.0";"443.0";"443.0"
"151410.0";"443.0";"443.0"
"151420.0";"443.0";"443.0"
"151430.0";"443.0";"443.0"
"151440.0";"443.0";"443.0"
"151450.0";"443.0";"443.0"
"151460.0";"443.0";"443.0"
"151470.0";"443.0";"443.0"
"151480.0";"443.0";"443.0"
"151490.0";"443.0";"443.0"
"151500.0";"443.0";"443.0"
"151510.0";"443.0";"443.0"
"151520.0";"443.0";"443.0"
"151530.0";"443.0";"443.0"
"151540.0";"443.0";"443.0"
"151550.0";"443.0";"443.0"
"151560.0";"443.0";"443.0"
"151570.0";"443.0";"443.0"
"151580.0";"443.0";"443.0"
"151590.0";"443.0";"443.0"
"151600.0";"443.0";"443.0"
"151610.0";"443.0";"443.0"
"151620.0";"443.0";"443.0"
"151630.0";"443.0";"443.0"
"151640.0";"443.0";"443.0"
"151650.0";"443.0";"443.0"
"151660.0";"443.0";"443.0"
"151670.0";"443.0";"443.0"
"151680.0";"443.0";"443.0"
"151690.0";"443.0";"443.0"
"151700.0";"443.0";"443.0"
"151710.0";"443.0";"443.0"
"151720.0";"443.0";"443.0"
"151730.0";"443.0";"443.0"
"151740.0";"443.0";"443.0"
"151750.0";"443.0";"443.0"
"151760.0";"443.0";"443.0"
"151770.0";"443.0";"443.0"
"151780.0";"443.0";"443.0"
"151790.0";"443.0";"443.0"
"151800.0";"443.0";"443.0"
"151810.0";"443.0";"443.0"
"151820.0";"443.0";"443.0"
"151830.0";"443.0";"443.0"
"151840.0";"443.0";"443.0"
"151850.0";"443.0";"443.0"
"151860.0";"443.0";"443.0"
"151870.0";"443.0";"443.0"
"151880.0";"443.0";"443.0"
"151890.0";"443.0";"443.0"
"151900.0";"443.0";"443.0"
"151910.0";"443.0";"443.0"
"151920.0";"443.0";"443.0"
"151930.0";"443.0";"443.0"
"151940.0";"443.0";"443.0"
"151950.0";"443.0";"443.0"
"151960.0";"443.0";"443.0"
"151970.0";"443.0";"443.0"
"151980.0";"443.0";"443.0"
"151990.0";"443.0";"443.0"
"152000.0";"443.0";"443.0"
"152010.0";"443.0";"443.0"
"152020.0";"443.0";"443.0"
"152030.0";"443.0";"443.0"
"152040.0";"443.0";"443.0"
"152050.0";"443.0";"443.0"
"152060.0";"443.0";"443.0"
"152070.0";"443.0";"443.0"
"152080.0";"443.0";"443.0"
"152090.0";"443.0";"443.0"
"152100.0";"443.0";"443.0"
"152110.0";"443.0";"443.0"
"152120.0";"443.0";"443.0"
"152130.0";"443.0";"443.0"
"152140.0";"443.0";"443.0"
"152150.0";"443.0";"443.0"
"152160.0";"443.0";"443.0"
"152170.0";"443.0";"443.0"
"152180.0";"443.0";"443.0"
"152190.0";"443.0";"443.0"
"152200.0";"443.0";"443.0"
"152210.0";"443.0";"443.0"
"152220.0";"443.0";"443.0"
"152230.0";"443.0";"443.0"
"152240.0";"443.0";"443.0"
"152250.0";"443.0";"443.0"
"152260.0";"443.0";"443.0"
"152270.0";"443.0";"443.0"
"152280.0";"443.0";"443.0"
"152290.0";"443.0";"443.0"
"152300.0";"443.0";"443.0"
"152310.0";"443.0";"443.0"
"152320.0";"443.0";"443.0"
"152330.0";"443.0";"443.0"
"152340.0";"443.0";"443.0"
"152350.0";"443.0";"443.0"
"152360.0";"443.0";"443.0"
"152370.0";"443.0";"443.0"
"152380.0";"443.0";"443.0"
"152390.0";"443.0";"443.0"
"152400.0";"443.0";"443.0"
"152410.0";"443.0";"443.0"
"152420.0";"443.0";"443.0"
"152430.0";"443.0";"443.0"
"152440.0";"443.0";"443.0"
"152450.0";"443.0";"443.0"
"152460.0";"443.0";"443.0"
"152470.0";"443.0";"443.0"
"152480.0";"443.0";"443.0"
"152490.0";"443.0";"443.0"
"152500.0";"443.0";"443.0"
"152510.0";"443.0";"443.0"
"152520.0";"443.0";"443.0"
"152530.0";"443.0";"443.0"
"152540.0";"443.0";"443.0"
"152550.0";"443.0";"443.0"
"152560.0";"443.0";"443.0"
"152570.0";"443.0";"443.0"
"152580.0";"443.0";"443.0"
"152590.0";"443.0";"443.0"
"152600.0";"443.0";"443.0"
"152610.0";"443.0";"443.0"
"152620.0";"443.0";"443.0"
"152630.0";"443.0";"443.0"
"152640.0";"443.0";"443.0"
"152650.0";"443.0";"443.0"
"152660.0";"443.0";"443.0"
"152670.0";"443.0";"443.0"
"152680.0";"443.0";"443.0"
"152690.0";"443.0";"443.0"
"152700.0";"443.0";"443.0"
"152710.0";"443.0";"443.0"
"152720.0";"443.0";"443.0"
"152730.0";"443.0";"443.0"
"152740.0";"443.0";"443.0"
"152750.0";"443.0";"443.0"
"152760.0";"443.0";"443.0"
"152770.0";"443.0";"443.0"
"152780.0";"443.0";"443.0"
"152790.0";"443.0";"443.0"
"152800.0";"443.0";"443.0"
"152810.0";"443.0";"443.0"
"152820.0";"443.0";"443.0"
"152830.0";"443.0";"443.0"
"152840.0";"443.0";"443.0"
"152850.0";"443.0";"443.0"
"152860.0";"443.0";"443.0"
"152870.0";"443.0";"443.0"
"152880.0";"443.0";"443.0"
"152890.0";"443.0";"443.0"
"152900.0";"443.0";"443.0"
"152910.0";"443.0";"443.0"
"152920.0";"443.0";"443.0"
"152930.0";"443.0";"443.0"
"152940.0";"443.0";"443.0"
"152950.0";"443.0";"443.0"
"152960.0";"443.0";"443.0"
"152970.0";"443.0";"443.0"
"152980.0";"443.0";"443.0"
"152990.0";"443.0";"443.0"
"153000.0";"443.0";"443.0"
"153010.0";"443.0";"443.0"
"153020.0";"443.0";"443.0"
"153030.0";"443.0";"443.0"
"153040.0";"443.0";"443.0"
"153050.0";"443.0";"443.0"
"153060.0";"443.0";"443.0"
"153070.0";"443.0";"443.0"
"153080.0";"443.0";"443.0"
"153090.0";"443.0";"443.0"
"153100.0";"443.0";"443.0"
"153110.0";"443.0";"443.0"
"153120.0";"443.0";"443.0"
"153130.0";"443.0";"443.0"
"153140.0";"443.0";"443.0"
"153150.0";"443.0";"443.0"
"153160.0";"443.0";"443.0"
"153170.0";"443.0";"443.0"
"153180.0";"443.0";"443.0"
"153190.0";"443.0";"443.0"
"153200.0";"443.0";"443.0"
"153210.0";"443.0";"443.0"
"153220.0";"443.0";"443.0"
"153230.0";"443.0";"443.0"
"153240.0";"443.0";"443.0"
"153250.0";"443.0";"443.0"
"153260.0";"443.0";"443.0"
"153270.0";"443.0";"443.0"
"153280.0";"443.0";"443.0"
"153290.0";"443.0";"443.0"
"153300.0";"443.0";"443.0"
"153310.0";"443.0";"443.0"
"153320.0";"443.0";"443.0"
"153330.0";"443.0";"443.0"
"153340.0";"443.0";"443.0"
"153350.0";"443.0";"443.0"
"153360.0";"443.0";"443.0"
"153370.0";"443.0";"443.0"
"153380.0";"443.0";"443.0"
"153390.0";"443.0";"443.0"
"153400.0";"443.0";"443.0"
"153410.0";"443.0";"443.0"
"153420.0";"443.0";"443.0"
"153430.0";"443.0";"443.0"
"153440.0";"443.0";"443.0"
"153450.0";"443.0";"443.0"
"153460.0";"443.0";"443.0"
"153470.0";"443.0";"443.0"
"153480.0";"443.0";"443.0"
"153490.0";"443.0";"443.0"
"153500.0";"443.0";"443.0"
"153510.0";"443.0";"443.0"
"153520.0";"443.0";"443.0"
"153530.0";"443.0";"443.0"
"153540.0";"443.0";"443.0"
"153550.0";"443.0";"443.0"
"153560.0";"443.0";"443.0"
"153570.0";"443.0";"443.0"
"153580.0";"443.0";"443.0"
"153590.0";"443.0";"443.0"
"153600.0";"443.0";"443.0"
"153610.0";"443.0";"443.0"
"153620.0";"443.0";"443.0"
"153630.0";"443.0";"443.0"
"153640.0";"443.0";"443.0"
"153650.0";"443.0";"443.0"
"153660.0";"443.0";"443.0"
"153670.0";"443.0";"443.0"
"153680.0";"443.0";"443.0"
"153690.0";"443.0";"443.0"
"153700.0";"443.0";"443.0"
"153710.0";"443.0";"443.0"
"153720.0";"443.0";"443.0"
"153730.0";"443.0";"443.0"
"153740.0";"443.0";"443.0"
"153750.0";"443.0";"443.0"
"153760.0";"443.0";"443.0"
"153770.0";"443.0";"443.0"
"153780.0";"443.0";"443.0"
"153790.0";"443.0";"443.0"
"153800.0";"443.0";"443.0"
"153810.0";"443.0";"443.0"
"153820.0";"443.0";"443.0"
"153830.0";"443.0";"443.0"
"153840.0";"443.0";"443.0"
"153850.0";"443.0";"443.0"
"153860.0";"443.0";"443.0"
"153870.0";"443.0";"443.0"
"153880.0";"443.0";"443.0"
"153890.0";"443.0";"443.0"
"153900.0";"443.0";"443.0"
"153910.0";"443.0";"443.0"
"153920.0";"443.0";"443.0"
"153930.0";"443.0";"443.0"
"153940.0";"443.0";"443.0"
"153950.0";"443.0";"443.0"
"153960.0";"443.0";"443.0"
"153970.0";"443.0";"443.0"
"153980.0";"443.0";"443.0"
"153990.0";"443.0";"443.0"
"154000.0";"443.0";"443.0"
"154010.0";"443.0";"443.0"
"154020.0";"443.0";"443.0"
"154030.0";"443.0";"443.0"
"154040.0";"443.0";"443.0"
"154050.0";"443.0";"443.0"
"154060.0";"443.0";"443.0"
"154070.0";"443.0";"443.0"
"154080.0";"443.0";"443.0"
"154090.0";"443.0";"443.0"
"154100.0";"443.0";"443.0"
"154110.0";"443.0";"443.0"
"154120.0";"443.0";"443.0"
"154130.0";"443.0";"443.0"
"154140.0";"443.0";"443.0"
"154150.0";"443.0";"443.0"
"154160.0";"443.0";"443.0"
"154170.0";"443.0";"443.0"
"154180.0";"443.0";"443.0"
"154190.0";"443.0";"443.0"
"154200.0";"443.0";"443.0"
"154210.0";"443.0";"443.0"
"154220.0";"443.0";"443.0"
"154230.0";"443.0";"443.0"
"154240.0";"443.0";"443.0"
"154250.0";"443.0";"443.0"
"154260.0";"443.0";"443.0"
"154270.0";"443.0";"443.0"
"154280.0";"443.0";"443.0"
"154290.0";"443.0";"443.0"
"154300.0";"443.0";"443.0"
"154310.0";"443.0";"443.0"
"154320.0";"443.0";"443.0"
"154330.0";"443.0";"443.0"
"154340.0";"443.0";"443.0"
"154350.0";"443.0";"443.0"
"154360.0";"443.0";"443.0"
"154370.0";"443.0";"443.0"
"154380.0";"443.0";"443.0"
"154390.0";"443.0";"443.0"
"154400.0";"443.0";"443.0"
"154410.0";"443.0";"443.0"
"154420.0";"443.0";"443.0"
"154430.0";"443.0";"443.0"
"154440.0";"443.0";"443.0"
"154450.0";"443.0";"443.0"
"154460.0";"443.0";"443.0"
"154470.0";"443.0";"443.0"
"154480.0";"443.0";"443.0"
"154490.0";"443.0";"443.0"
"154500.0";"443.0";"443.0"
"154510.0";"443.0";"443.0"
"154520.0";"443.0";"443.0"
"154530.0";"443.0";"443.0"
"154540.0";"443.0";"443.0"
"154550.0";"443.0";"443.0"
"154560.0";"443.0";"443.0"
"154570.0";"443.0";"443.0"
"154580.0";"443.0";"443.0"
"154590.0";"443.0";"443.0"
"154600.0";"443.0";"443.0"
"154610.0";"443.0";"443.0"
"154620.0";"443.0";"443.0"
"154630.0";"443.0";"443.0"
"154640.0";"443.0";"443.0"
"154650.0";"443.0";"443.0"
"154660.0";"443.0";"443.0"
"154670.0";"443.0";"443.0"
"154680.0";"443.0";"443.0"
"154690.0";"443.0";"443.0"
"154700.0";"443.0";"443.0"
"154710.0";"443.0";"443.0"
"154720.0";"443.0";"443.0"
"154730.0";"443.0";"443.0"
"154740.0";"443.0";"443.0"
"154750.0";"443.0";"443.0"
"154760.0";"443.0";"443.0"
"154770.0";"443.0";"443.0"
"154780.0";"443.0";"443.0"
"154790.0";"443.0";"443.0"
"154800.0";"443.0";"443.0"
"154810.0";"443.0";"443.0"
"154820.0";"443.0";"443.0"
"154830.0";"443.0";"443.0"
"154840.0";"443.0";"443.0"
"154850.0";"443.0";"443.0"
"154860.0";"443.0";"443.0"
"154870.0";"443.0";"443.0"
"154880.0";"443.0";"443.0"
"154890.0";"443.0";"443.0"
"154900.0";"443.0";"443.0"
"154910.0";"443.0";"443.0"
"154920.0";"443.0";"443.0"
"154930.0";"443.0";"443.0"
"154940.0";"443.0";"443.0"
"154950.0";"443.0";"443.0"
"154960.0";"443.0";"443.0"
"154970.0";"443.0";"443.0"
"154980.0";"443.0";"443.0"
"154990.0";"443.0";"443.0"
"155000.0";"443.0";"443.0"
"155010.0";"443.0";"443.0"
"155020.0";"443.0";"443.0"
"155030.0";"443.0";"443.0"
"155040.0";"443.0";"443.0"
"155050.0";"443.0";"443.0"
"155060.0";"443.0";"443.0"
"155070.0";"443.0";"443.0"
"155080.0";"443.0";"443.0"
"155090.0";"443.0";"443.0"
"155100.0";"443.0";"443.0"
"155110.0";"443.0";"443.0"
"155120.0";"443.0";"443.0"
"155130.0";"443.0";"443.0"
"155140.0";"443.0";"443.0"
"155150.0";"443.0";"443.0"
"155160.0";"443.0";"443.0"
"155170.0";"443.0";"443.0"
"155180.0";"443.0";"443.0"
"155190.0";"443.0";"443.0"
"155200.0";"443.0";"443.0"
"155210.0";"443.0";"443.0"
"155220.0";"443.0";"443.0"
"155230.0";"443.0";"443.0"
"155240.0";"443.0";"443.0"
"155250.0";"443.0";"443.0"
"155260.0";"443.0";"443.0"
"155270.0";"443.0";"443.0"
"155280.0";"443.0";"443.0"
"155290.0";"443.0";"443.0"
"155300.0";"443.0";"443.0"
"155310.0";"443.0";"443.0"
"155320.0";"443.0";"443.0"
"155330.0";"443.0";"443.0"
"155340.0";"443.0";"443.0"
"155350.0";"443.0";"443.0"
"155360.0";"443.0";"443.0"
"155370.0";"443.0";"443.0"
"155380.0";"443.0";"443.0"
"155390.0";"443.0";"443.0"
"155400.0";"443.0";"443.0"
"155410.0";"443.0";"443.0"
"155420.0";"443.0";"443.0"
"155430.0";"443.0";"443.0"
"155440.0";"443.0";"443.0"
"155450.0";"443.0";"443.0"
"155460.0";"443.0";"443.0"
"155470.0";"443.0";"443.0"
"155480.0";"443.0";"443.0"
"155490.0";"443.0";"443.0"
"155500.0";"443.0";"443.0"
"155510.0";"443.0";"443.0"
"155520.0";"443.0";"443.0"
"155530.0";"443.0";"443.0"
"155540.0";"443.0";"443.0"
"155550.0";"443.0";"443.0"
"155560.0";"443.0";"443.0"
"155570.0";"443.0";"443.0"
"155580.0";"443.0";"443.0"
"155590.0";"443.0";"443.0"
"155600.0";"443.0";"443.0"
"155610.0";"443.0";"443.0"
"155620.0";"443.0";"443.0"
"155630.0";"443.0";"443.0"
"155640.0";"443.0";"443.0"
"155650.0";"443.0";"443.0"
"155660.0";"443.0";"443.0"
"155670.0";"443.0";"443.0"
"155680.0";"443.0";"443.0"
"155690.0";"443.0";"443.0"
"155700.0";"443.0";"443.0"
"155710.0";"443.0";"443.0"
"155720.0";"443.0";"443.0"
"155730.0";"443.0";"443.0"
"155740.0";"443.0";"443.0"
"155750.0";"443.0";"443.0"
"155760.0";"443.0";"443.0"
"155770.0";"443.0";"443.0"
"155780.0";"443.0";"443.0"
"155790.0";"443.0";"443.0"
"155800.0";"443.0";"443.0"
"155810.0";"443.0";"443.0"
"155820.0";"443.0";"443.0"
"155830.0";"443.0";"443.0"
"155840.0";"443.0";"443.0"
"155850.0";"443.0";"443.0"
"155860.0";"443.0";"443.0"
"155870.0";"443.0";"443.0"
"155880.0";"443.0";"443.0"
"155890.0";"443.0";"443.0"
"155900.0";"443.0";"443.0"
"155910.0";"443.0";"443.0"
"155920.0";"443.0";"443.0"
"155930.0";"443.0";"443.0"
"155940.0";"443.0";"443.0"
"155950.0";"443.0";"443.0"
"155960.0";"443.0";"443.0"
"155970.0";"443.0";"443.0"
"155980.0";"443.0";"443.0"
"155990.0";"443.0";"443.0"
"156000.0";"443.0";"443.0"
"156010.0";"443.0";"443.0"
"156020.0";"443.0";"443.0"
"156030.0";"443.0";"443.0"
"156040.0";"443.0";"443.0"
"156050.0";"443.0";"443.0"
"156060.0";"443.0";"443.0"
"156070.0";"443.0";"443.0"
"156080.0";"443.0";"443.0"
"156090.0";"443.0";"443.0"
"156100.0";"443.0";"443.0"
"156110.0";"443.0";"443.0"
"156120.0";"443.0";"443.0"
"156130.0";"443.0";"443.0"
"156140.0";"443.0";"443.0"
"156150.0";"443.0";"443.0"
"156160.0";"443.0";"443.0"
"156170.0";"443.0";"443.0"
"156180.0";"443.0";"443.0"
"156190.0";"443.0";"443.0"
"156200.0";"443.0";"443.0"
"156210.0";"443.0";"443.0"
"156220.0";"443.0";"443.0"
"156230.0";"443.0";"443.0"
"156240.0";"443.0";"443.0"
"156250.0";"443.0";"443.0"
"156260.0";"443.0";"443.0"
"156270.0";"443.0";"443.0"
"156280.0";"443.0";"443.0"
"156290.0";"443.0";"443.0"
"156300.0";"443.0";"443.0"
"156310.0";"443.0";"443.0"
"156320.0";"443.0";"443.0"
"156330.0";"443.0";"443.0"
"156340.0";"443.0";"443.0"
"156350.0";"443.0";"443.0"
"156360.0";"443.0";"443.0"
"156370.0";"443.0";"443.0"
"156380.0";"443.0";"443.0"
"156390.0";"443.0";"443.0"
"156400.0";"443.0";"443.0"
"156410.0";"443.0";"443.0"
"156420.0";"443.0";"443.0"
"156430.0";"443.0";"443.0"
"156440.0";"443.0";"443.0"
"156450.0";"443.0";"443.0"
"156460.0";"443.0";"443.0"
"156470.0";"443.0";"443.0"
"156480.0";"443.0";"443.0"
"156490.0";"443.0";"443.0"
"156500.0";"443.0";"443.0"
"156510.0";"443.0";"443.0"
"156520.0";"443.0";"443.0"
"156530.0";"443.0";"443.0"
"156540.0";"443.0";"443.0"
"156550.0";"443.0";"443.0"
"156560.0";"443.0";"443.0"
"156570.0";"443.0";"443.0"
"156580.0";"443.0";"443.0"
"156590.0";"443.0";"443.0"
"156600.0";"443.0";"443.0"
"156610.0";"443.0";"443.0"
"156620.0";"443.0";"443.0"
"156630.0";"443.0";"443.0"
"156640.0";"443.0";"443.0"
"156650.0";"443.0";"443.0"
"156660.0";"443.0";"443.0"
"156670.0";"443.0";"443.0"
"156680.0";"443.0";"443.0"
"156690.0";"443.0";"443.0"
"156700.0";"443.0";"443.0"
"156710.0";"443.0";"443.0"
"156720.0";"443.0";"443.0"
"156730.0";"443.0";"443.0"
"156740.0";"443.0";"443.0"
"156750.0";"443.0";"443.0"
"156760.0";"443.0";"443.0"
"156770.0";"443.0";"443.0"
"156780.0";"443.0";"443.0"
"156790.0";"443.0";"443.0"
"156800.0";"443.0";"443.0"
"156810.0";"443.0";"443.0"
"156820.0";"443.0";"443.0"
"156830.0";"443.0";"443.0"
"156840.0";"443.0";"443.0"
"156850.0";"443.0";"443.0"
"156860.0";"443.0";"443.0"
"156870.0";"443.0";"443.0"
"156880.0";"443.0";"443.0"
"156890.0";"443.0";"443.0"
"156900.0";"443.0";"443.0"
"156910.0";"443.0";"443.0"
"156920.0";"443.0";"443.0"
"156930.0";"443.0";"443.0"
"156940.0";"443.0";"443.0"
"156950.0";"443.0";"443.0"
"156960.0";"443.0";"443.0"
"156970.0";"443.0";"443.0"
"156980.0";"443.0";"443.0"
"156990.0";"443.0";"443.0"
"157000.0";"443.0";"443.0"
"157010.0";"443.0";"443.0"
"157020.0";"443.0";"443.0"
"157030.0";"443.0";"443.0"
"157040.0";"443.0";"443.0"
"157050.0";"443.0";"443.0"
"157060.0";"443.0";"443.0"
"157070.0";"443.0";"443.0"
"157080.0";"443.0";"443.0"
"157090.0";"443.0";"443.0"
"157100.0";"443.0";"443.0"
"157110.0";"443.0";"443.0"
"157120.0";"443.0";"443.0"
"157130.0";"443.0";"443.0"
"157140.0";"443.0";"443.0"
"157150.0";"443.0";"443.0"
"157160.0";"443.0";"443.0"
"157170.0";"443.0";"443.0"
"157180.0";"443.0";"443.0"
"157190.0";"443.0";"443.0"
"157200.0";"443.0";"443.0"
"157210.0";"443.0";"443.0"
"157220.0";"443.0";"443.0"
"157230.0";"443.0";"443.0"
"157240.0";"443.0";"443.0"
"157250.0";"443.0";"443.0"
"157260.0";"443.0";"443.0"
"157270.0";"443.0";"443.0"
"157280.0";"443.0";"443.0"
"157290.0";"443.0";"443.0"
"157300.0";"443.0";"443.0"
"157310.0";"443.0";"443.0"
"157320.0";"443.0";"443.0"
"157330.0";"443.0";"443.0"
"157340.0";"443.0";"443.0"
"157350.0";"443.0";"443.0"
"157360.0";"443.0";"443.0"
"157370.0";"443.0";"443.0"
"157380.0";"443.0";"443.0"
"157390.0";"443.0";"443.0"
"157400.0";"443.0";"443.0"
"157410.0";"443.0";"443.0"
"157420.0";"443.0";"443.0"
"157430.0";"443.0";"443.0"
"157440.0";"443.0";"443.0"
"157450.0";"443.0";"443.0"
"157460.0";"443.0";"443.0"
"157470.0";"443.0";"443.0"
"157480.0";"443.0";"443.0"
"157490.0";"443.0";"443.0"
"157500.0";"443.0";"443.0"
"157510.0";"443.0";"443.0"
"157520.0";"443.0";"443.0"
"157530.0";"443.0";"443.0"
"157540.0";"443.0";"443.0"
"157550.0";"443.0";"443.0"
"157560.0";"443.0";"443.0"
"157570.0";"443.0";"443.0"
"157580.0";"443.0";"443.0"
"157590.0";"443.0";"443.0"
"157600.0";"443.0";"443.0"
"157610.0";"443.0";"443.0"
"157620.0";"443.0";"443.0"
"157630.0";"443.0";"443.0"
"157640.0";"443.0";"443.0"
"157650.0";"443.0";"443.0"
"157660.0";"443.0";"443.0"
"157670.0";"443.0";"443.0"
"157680.0";"443.0";"443.0"
"157690.0";"443.0";"443.0"
"157700.0";"443.0";"443.0"
"157710.0";"443.0";"443.0"
"157720.0";"443.0";"443.0"
"157730.0";"443.0";"443.0"
"157740.0";"443.0";"443.0"
"157750.0";"443.0";"443.0"
"157760.0";"443.0";"443.0"
"157770.0";"443.0";"443.0"
"157780.0";"443.0";"443.0"
"157790.0";"443.0";"443.0"
"157800.0";"443.0";"443.0"
"157810.0";"443.0";"443.0"
"157820.0";"443.0";"443.0"
"157830.0";"443.0";"443.0"
"157840.0";"443.0";"443.0"
"157850.0";"443.0";"443.0"
"157860.0";"443.0";"443.0"
"157870.0";"443.0";"443.0"
"157880.0";"443.0";"443.0"
"157890.0";"443.0";"443.0"
"157900.0";"443.0";"443.0"
"157910.0";"443.0";"443.0"
"157920.0";"443.0";"443.0"
"157930.0";"443.0";"443.0"
"157940.0";"443.0";"443.0"
"157950.0";"443.0";"443.0"
"157960.0";"443.0";"443.0"
"157970.0";"443.0";"443.0"
"157980.0";"443.0";"443.0"
"157990.0";"443.0";"443.0"
"158000.0";"443.0";"443.0"
"158010.0";"443.0";"443.0"
"158020.0";"443.0";"443.0"
"158030.0";"443.0";"443.0"
"158040.0";"443.0";"443.0"
"158050.0";"443.0";"443.0"
"158060.0";"443.0";"443.0"
"158070.0";"443.0";"443.0"
"158080.0";"443.0";"443.0"
"158090.0";"443.0";"443.0"
"158100.0";"443.0";"443.0"
"158110.0";"443.0";"443.0"
"158120.0";"443.0";"443.0"
"158130.0";"443.0";"443.0"
"158140.0";"443.0";"443.0"
"158150.0";"443.0";"443.0"
"158160.0";"443.0";"443.0"
"158170.0";"443.0";"443.0"
"158180.0";"443.0";"443.0"
"158190.0";"443.0";"443.0"
"158200.0";"443.0";"443.0"
"158210.0";"443.0";"443.0"
"158220.0";"443.0";"443.0"
"158230.0";"443.0";"443.0"
"158240.0";"443.0";"443.0"
"158250.0";"443.0";"443.0"
"158260.0";"443.0";"443.0"
"158270.0";"443.0";"443.0"
"158280.0";"443.0";"443.0"
"158290.0";"443.0";"443.0"
"158300.0";"443.0";"443.0"
"158310.0";"443.0";"443.0"
"158320.0";"443.0";"443.0"
"158330.0";"443.0";"443.0"
"158340.0";"443.0";"443.0"
"158350.0";"443.0";"443.0"
"158360.0";"443.0";"443.0"
"158370.0";"443.0";"443.0"
"158380.0";"443.0";"443.0"
"158390.0";"443.0";"443.0"
"158400.0";"443.0";"443.0"
"158410.0";"443.0";"443.0"
"158420.0";"443.0";"443.0"
"158430.0";"443.0";"443.0"
"158440.0";"443.0";"443.0"
"158450.0";"443.0";"443.0"
"158460.0";"443.0";"443.0"
"158470.0";"443.0";"443.0"
"158480.0";"443.0";"443.0"
"158490.0";"443.0";"443.0"
"158500.0";"443.0";"443.0"
"158510.0";"443.0";"443.0"
"158520.0";"443.0";"443.0"
"158530.0";"443.0";"443.0"
"158540.0";"443.0";"443.0"
"158550.0";"443.0";"443.0"
"158560.0";"443.0";"443.0"
"158570.0";"443.0";"443.0"
"158580.0";"443.0";"443.0"
"158590.0";"443.0";"443.0"
"158600.0";"443.0";"443.0"
"158610.0";"443.0";"443.0"
"158620.0";"443.0";"443.0"
"158630.0";"443.0";"443.0"
"158640.0";"443.0";"443.0"
"158650.0";"443.0";"443.0"
"158660.0";"443.0";"443.0"
"158670.0";"443.0";"443.0"
"158680.0";"443.0";"443.0"
"158690.0";"443.0";"443.0"
"158700.0";"443.0";"443.0"
"158710.0";"443.0";"443.0"
"158720.0";"443.0";"443.0"
"158730.0";"443.0";"443.0"
"158740.0";"443.0";"443.0"
"158750.0";"443.0";"443.0"
"158760.0";"443.0";"443.0"
"158770.0";"443.0";"443.0"
"158780.0";"443.0";"443.0"
"158790.0";"443.0";"443.0"
"158800.0";"443.0";"443.0"
"158810.0";"443.0";"443.0"
"158820.0";"443.0";"443.0"
"158830.0";"443.0";"443.0"
"158840.0";"443.0";"443.0"
"158850.0";"443.0";"443.0"
"158860.0";"443.0";"443.0"
"158870.0";"443.0";"443.0"
"158880.0";"443.0";"443.0"
"158890.0";"443.0";"443.0"
"158900.0";"443.0";"443.0"
"158910.0";"443.0";"443.0"
"158920.0";"443.0";"443.0"
"158930.0";"443.0";"443.0"
"158940.0";"443.0";"443.0"
"158950.0";"443.0";"443.0"
"158960.0";"443.0";"443.0"
"158970.0";"443.0";"443.0"
"158980.0";"443.0";"443.0"
"158990.0";"443.0";"443.0"
"159000.0";"443.0";"443.0"
"159010.0";"443.0";"443.0"
"159020.0";"443.0";"443.0"
"159030.0";"443.0";"443.0"
"159040.0";"443.0";"443.0"
"159050.0";"443.0";"443.0"
"159060.0";"443.0";"443.0"
"159070.0";"443.0";"443.0"
"159080.0";"443.0";"443.0"
"159090.0";"443.0";"443.0"
"159100.0";"443.0";"443.0"
"159110.0";"443.0";"443.0"
"159120.0";"443.0";"443.0"
"159130.0";"443.0";"443.0"
"159140.0";"443.0";"443.0"
"159150.0";"443.0";"443.0"
"159160.0";"443.0";"443.0"
"159170.0";"443.0";"443.0"
"159180.0";"443.0";"443.0"
"159190.0";"443.0";"443.0"
"159200.0";"443.0";"443.0"
"159210.0";"443.0";"443.0"
"159220.0";"443.0";"443.0"
"159230.0";"443.0";"443.0"
"159240.0";"443.0";"443.0"
"159250.0";"443.0";"443.0"
"159260.0";"443.0";"443.0"
"159270.0";"443.0";"443.0"
"159280.0";"443.0";"443.0"
"159290.0";"443.0";"443.0"
"159300.0";"443.0";"443.0"
"159310.0";"443.0";"443.0"
"159320.0";"443.0";"443.0"
"159330.0";"443.0";"443.0"
"159340.0";"443.0";"443.0"
"159350.0";"443.0";"443.0"
"159360.0";"443.0";"443.0"
"159370.0";"443.0";"443.0"
"159380.0";"443.0";"443.0"
"159390.0";"443.0";"443.0"
"159400.0";"443.0";"443.0"
"159410.0";"443.0";"443.0"
"159420.0";"443.0";"443.0"
"159430.0";"443.0";"443.0"
"159440.0";"443.0";"443.0"
"159450.0";"443.0";"443.0"
"159460.0";"443.0";"443.0"
"159470.0";"443.0";"443.0"
"159480.0";"443.0";"443.0"
"159490.0";"443.0";"443.0"
"159500.0";"443.0";"443.0"
"159510.0";"443.0";"443.0"
"159520.0";"443.0";"443.0"
"159530.0";"443.0";"443.0"
"159540.0";"443.0";"443.0"
"159550.0";"443.0";"443.0"
"159560.0";"443.0";"443.0"
"159570.0";"443.0";"443.0"
"159580.0";"443.0";"443.0"
"159590.0";"443.0";"443.0"
"159600.0";"443.0";"443.0"
"159610.0";"443.0";"443.0"
"159620.0";"443.0";"443.0"
"159630.0";"443.0";"443.0"
"159640.0";"443.0";"443.0"
"159650.0";"443.0";"443.0"
"159660.0";"443.0";"443.0"
"159670.0";"443.0";"443.0"
"159680.0";"443.0";"443.0"
"159690.0";"443.0";"443.0"
"159700.0";"443.0";"443.0"
"159710.0";"443.0";"443.0"
"159720.0";"443.0";"443.0"
"159730.0";"443.0";"443.0"
"159740.0";"443.0";"443.0"
"159750.0";"443.0";"443.0"
"159760.0";"443.0";"443.0"
"159770.0";"443.0";"443.0"
"159780.0";"443.0";"443.0"
"159790.0";"443.0";"443.0"
"159800.0";"443.0";"443.0"
"159810.0";"443.0";"443.0"
"159820.0";"443.0";"443.0"
"159830.0";"443.0";"443.0"
"159840.0";"443.0";"443.0"
"159850.0";"443.0";"443.0"
"159860.0";"443.0";"443.0"
"159870.0";"443.0";"443.0"
"159880.0";"443.0";"443.0"
"159890.0";"443.0";"443.0"
"159900.0";"443.0";"443.0"
"159910.0";"443.0";"443.0"
"159920.0";"443.0";"443.0"
"159930.0";"443.0";"443.0"
"159940.0";"443.0";"443.0"
"159950.0";"443.0";"443.0"
"159960.0";"443.0";"443.0"
"159970.0";"443.0";"443.0"
"159980.0";"443.0";"443.0"
"159990.0";"443.0";"443.0"
"160000.0";"443.0";"443.0"
"160010.0";"443.0";"443.0"
"160020.0";"443.0";"443.0"
"160030.0";"443.0";"443.0"
"160040.0";"443.0";"443.0"
"160050.0";"443.0";"443.0"
"160060.0";"443.0";"443.0"
"160070.0";"443.0";"443.0"
"160080.0";"443.0";"443.0"
"160090.0";"443.0";"443.0"
"160100.0";"443.0";"443.0"
"160110.0";"443.0";"443.0"
"160120.0";"443.0";"443.0"
"160130.0";"443.0";"443.0"
"160140.0";"443.0";"443.0"
"160150.0";"443.0";"443.0"
"160160.0";"443.0";"443.0"
"160170.0";"443.0";"443.0"
"160180.0";"443.0";"443.0"
"160190.0";"443.0";"443.0"
"160200.0";"443.0";"443.0"
"160210.0";"443.0";"443.0"
"160220.0";"443.0";"443.0"
"160230.0";"443.0";"443.0"
"160240.0";"443.0";"443.0"
"160250.0";"443.0";"443.0"
"160260.0";"443.0";"443.0"
"160270.0";"443.0";"443.0"
"160280.0";"443.0";"443.0"
"160290.0";"443.0";"443.0"
"160300.0";"443.0";"443.0"
"160310.0";"443.0";"443.0"
"160320.0";"443.0";"443.0"
"160330.0";"443.0";"443.0"
"160340.0";"443.0";"443.0"
"160350.0";"443.0";"443.0"
"160360.0";"443.0";"443.0"
"160370.0";"443.0";"443.0"
"160380.0";"443.0";"443.0"
"160390.0";"443.0";"443.0"
"160400.0";"443.0";"443.0"
"160410.0";"443.0";"443.0"
"160420.0";"443.0";"443.0"
"160430.0";"443.0";"443.0"
"160440.0";"443.0";"443.0"
"160450.0";"443.0";"443.0"
"160460.0";"443.0";"443.0"
"160470.0";"443.0";"443.0"
"160480.0";"443.0";"443.0"
"160490.0";"443.0";"443.0"
"160500.0";"443.0";"443.0"
"160510.0";"443.0";"443.0"
"160520.0";"443.0";"443.0"
"160530.0";"443.0";"443.0"
"160540.0";"443.0";"443.0"
"160550.0";"443.0";"443.0"
"160560.0";"443.0";"443.0"
"160570.0";"443.0";"443.0"
"160580.0";"443.0";"443.0"
"160590.0";"443.0";"443.0"
"160600.0";"443.0";"443.0"
"160610.0";"443.0";"443.0"
"160620.0";"443.0";"443.0"
"160630.0";"443.0";"443.0"
"160640.0";"443.0";"443.0"
"160650.0";"443.0";"443.0"
"160660.0";"443.0";"443.0"
"160670.0";"443.0";"443.0"
"160680.0";"443.0";"443.0"
"160690.0";"443.0";"443.0"
"160700.0";"443.0";"443.0"
"160710.0";"443.0";"443.0"
"160720.0";"443.0";"443.0"
"160730.0";"443.0";"443.0"
"160740.0";"443.0";"443.0"
"160750.0";"443.0";"443.0"
"160760.0";"443.0";"443.0"
"160770.0";"443.0";"443.0"
"160780.0";"443.0";"443.0"
"160790.0";"443.0";"443.0"
"160800.0";"443.0";"443.0"
"160810.0";"443.0";"443.0"
"160820.0";"443.0";"443.0"
"160830.0";"443.0";"443.0"
"160840.0";"443.0";"443.0"
"160850.0";"443.0";"443.0"
"160860.0";"443.0";"443.0"
"160870.0";"443.0";"443.0"
"160880.0";"443.0";"443.0"
"160890.0";"443.0";"443.0"
"160900.0";"443.0";"443.0"
"160910.0";"443.0";"443.0"
"160920.0";"443.0";"443.0"
"160930.0";"443.0";"443.0"
"160940.0";"443.0";"443.0"
"160950.0";"443.0";"443.0"
"160960.0";"443.0";"443.0"
"160970.0";"443.0";"443.0"
"160980.0";"443.0";"443.0"
"160990.0";"443.0";"443.0"
"161000.0";"443.0";"443.0"
"161010.0";"443.0";"443.0"
"161020.0";"443.0";"443.0"
"161030.0";"443.0";"443.0"
"161040.0";"443.0";"443.0"
"161050.0";"443.0";"443.0"
"161060.0";"443.0";"443.0"
"161070.0";"443.0";"443.0"
"161080.0";"443.0";"443.0"
"161090.0";"443.0";"443.0"
"161100.0";"443.0";"443.0"
"161110.0";"443.0";"443.0"
"161120.0";"443.0";"443.0"
"161130.0";"443.0";"443.0"
"161140.0";"443.0";"443.0"
"161150.0";"443.0";"443.0"
"161160.0";"443.0";"443.0"
"161170.0";"443.0";"443.0"
"161180.0";"443.0";"443.0"
"161190.0";"443.0";"443.0"
"161200.0";"443.0";"443.0"
"161210.0";"443.0";"443.0"
"161220.0";"443.0";"443.0"
"161230.0";"443.0";"443.0"
"161240.0";"443.0";"443.0"
"161250.0";"443.0";"443.0"
"161260.0";"443.0";"443.0"
"161270.0";"443.0";"443.0"
"161280.0";"443.0";"443.0"
"161290.0";"443.0";"443.0"
"161300.0";"443.0";"443.0"
"161310.0";"443.0";"443.0"
"161320.0";"443.0";"443.0"
"161330.0";"443.0";"443.0"
"161340.0";"443.0";"443.0"
"161350.0";"443.0";"443.0"
"161360.0";"443.0";"443.0"
"161370.0";"443.0";"443.0"
"161380.0";"443.0";"443.0"
"161390.0";"443.0";"443.0"
"161400.0";"443.0";"443.0"
"161410.0";"443.0";"443.0"
"161420.0";"443.0";"443.0"
"161430.0";"443.0";"443.0"
"161440.0";"443.0";"443.0"
"161450.0";"443.0";"443.0"
"161460.0";"443.0";"443.0"
"161470.0";"443.0";"443.0"
"161480.0";"443.0";"443.0"
"161490.0";"443.0";"443.0"
"161500.0";"443.0";"443.0"
"161510.0";"443.0";"443.0"
"161520.0";"443.0";"443.0"
"161530.0";"443.0";"443.0"
"161540.0";"443.0";"443.0"
"161550.0";"443.0";"443.0"
"161560.0";"443.0";"443.0"
"161570.0";"443.0";"443.0"
"161580.0";"443.0";"443.0"
"161590.0";"443.0";"443.0"
"161600.0";"443.0";"443.0"
"161610.0";"443.0";"443.0"
"161620.0";"443.0";"443.0"
"161630.0";"443.0";"443.0"
"161640.0";"443.0";"443.0"
"161650.0";"443.0";"443.0"
"161660.0";"443.0";"443.0"
"161670.0";"443.0";"443.0"
"161680.0";"443.0";"443.0"
"161690.0";"443.0";"443.0"
"161700.0";"443.0";"443.0"
"161710.0";"443.0";"443.0"
"161720.0";"443.0";"443.0"
"161730.0";"443.0";"443.0"
"161740.0";"443.0";"443.0"
"161750.0";"443.0";"443.0"
"161760.0";"443.0";"443.0"
"161770.0";"443.0";"443.0"
"161780.0";"443.0";"443.0"
"161790.0";"443.0";"443.0"
"161800.0";"443.0";"443.0"
"161810.0";"443.0";"443.0"
"161820.0";"443.0";"443.0"
"161830.0";"443.0";"443.0"
"161840.0";"443.0";"443.0"
"161850.0";"443.0";"443.0"
"161860.0";"443.0";"443.0"
"161870.0";"443.0";"443.0"
"161880.0";"443.0";"443.0"
"161890.0";"443.0";"443.0"
"161900.0";"443.0";"443.0"
"161910.0";"443.0";"443.0"
"161920.0";"443.0";"443.0"
"161930.0";"443.0";"443.0"
"161940.0";"443.0";"443.0"
"161950.0";"443.0";"443.0"
"161960.0";"443.0";"443.0"
"161970.0";"443.0";"443.0"
"161980.0";"443.0";"443.0"
"161990.0";"443.0";"443.0"
"162000.0";"443.0";"443.0"
"162010.0";"443.0";"443.0"
"162020.0";"443.0";"443.0"
"162030.0";"443.0";"443.0"
"162040.0";"443.0";"443.0"
"162050.0";"443.0";"443.0"
"162060.0";"443.0";"443.0"
"162070.0";"443.0";"443.0"
"162080.0";"443.0";"443.0"
"162090.0";"443.0";"443.0"
"162100.0";"443.0";"443.0"
"162110.0";"443.0";"443.0"
"162120.0";"443.0";"443.0"
"162130.0";"443.0";"443.0"
"162140.0";"443.0";"443.0"
"162150.0";"443.0";"443.0"
"162160.0";"443.0";"443.0"
"162170.0";"443.0";"443.0"
"162180.0";"443.0";"443.0"
"162190.0";"443.0";"443.0"
"162200.0";"443.0";"443.0"
"162210.0";"443.0";"443.0"
"162220.0";"443.0";"443.0"
"162230.0";"443.0";"443.0"
"162240.0";"443.0";"443.0"
"162250.0";"443.0";"443.0"
"162260.0";"443.0";"443.0"
"162270.0";"443.0";"443.0"
"162280.0";"443.0";"443.0"
"162290.0";"443.0";"443.0"
"162300.0";"443.0";"443.0"
"162310.0";"443.0";"443.0"
"162320.0";"443.0";"443.0"
"162330.0";"443.0";"443.0"
"162340.0";"443.0";"443.0"
"162350.0";"443.0";"443.0"
"162360.0";"443.0";"443.0"
"162370.0";"443.0";"443.0"
"162380.0";"443.0";"443.0"
"162390.0";"443.0";"443.0"
"162400.0";"443.0";"443.0"
"162410.0";"443.0";"443.0"
"162420.0";"443.0";"443.0"
"162430.0";"443.0";"443.0"
"162440.0";"443.0";"443.0"
"162450.0";"443.0";"443.0"
"162460.0";"443.0";"443.0"
"162470.0";"443.0";"443.0"
"162480.0";"443.0";"443.0"
"162490.0";"443.0";"443.0"
"162500.0";"443.0";"443.0"
"162510.0";"443.0";"443.0"
"162520.0";"443.0";"443.0"
"162530.0";"443.0";"443.0"
"162540.0";"443.0";"443.0"
"162550.0";"443.0";"443.0"
"162560.0";"443.0";"443.0"
"162570.0";"443.0";"443.0"
"162580.0";"443.0";"443.0"
"162590.0";"443.0";"443.0"
"162600.0";"443.0";"443.0"
"162610.0";"443.0";"443.0"
"162620.0";"443.0";"443.0"
"162630.0";"443.0";"443.0"
"162640.0";"443.0";"443.0"
"162650.0";"443.0";"443.0"
"162660.0";"443.0";"443.0"
"162670.0";"443.0";"443.0"
"162680.0";"443.0";"443.0"
"162690.0";"443.0";"443.0"
"162700.0";"443.0";"443.0"
"162710.0";"443.0";"443.0"
"162720.0";"443.0";"443.0"
"162730.0";"443.0";"443.0"
"162740.0";"443.0";"443.0"
"162750.0";"443.0";"443.0"
"162760.0";"443.0";"443.0"
"162770.0";"443.0";"443.0"
"162780.0";"443.0";"443.0"
"162790.0";"443.0";"443.0"
"162800.0";"443.0";"443.0"
"162810.0";"443.0";"443.0"
"162820.0";"443.0";"443.0"
"162830.0";"443.0";"443.0"
"162840.0";"443.0";"443.0"
"162850.0";"443.0";"443.0"
"162860.0";"443.0";"443.0"
"162870.0";"443.0";"443.0"
"162880.0";"443.0";"443.0"
"162890.0";"443.0";"443.0"
"162900.0";"443.0";"443.0"
"162910.0";"443.0";"443.0"
"162920.0";"443.0";"443.0"
"162930.0";"443.0";"443.0"
"162940.0";"443.0";"443.0"
"162950.0";"443.0";"443.0"
"162960.0";"443.0";"443.0"
"162970.0";"443.0";"443.0"
"162980.0";"443.0";"443.0"
"162990.0";"443.0";"443.0"
"163000.0";"443.0";"443.0"
"163010.0";"443.0";"443.0"
"163020.0";"443.0";"443.0"
"163030.0";"443.0";"443.0"
"163040.0";"443.0";"443.0"
"163050.0";"443.0";"443.0"
"163060.0";"443.0";"443.0"
"163070.0";"443.0";"443.0"
"163080.0";"443.0";"443.0"
"163090.0";"443.0";"443.0"
"163100.0";"443.0";"443.0"
"163110.0";"443.0";"443.0"
"163120.0";"443.0";"443.0"
"163130.0";"443.0";"443.0"
"163140.0";"443.0";"443.0"
"163150.0";"443.0";"443.0"
"163160.0";"443.0";"443.0"
"163170.0";"443.0";"443.0"
"163180.0";"443.0";"443.0"
"163190.0";"443.0";"443.0"
"163200.0";"443.0";"443.0"
"163210.0";"443.0";"443.0"
"163220.0";"443.0";"443.0"
"163230.0";"443.0";"443.0"
"163240.0";"443.0";"443.0"
"163250.0";"443.0";"443.0"
"163260.0";"443.0";"443.0"
"163270.0";"443.0";"443.0"
"163280.0";"443.0";"443.0"
"163290.0";"443.0";"443.0"
"163300.0";"443.0";"443.0"
"163310.0";"443.0";"443.0"
"163320.0";"443.0";"443.0"
"163330.0";"443.0";"443.0"
"163340.0";"443.0";"443.0"
"163350.0";"443.0";"443.0"
"163360.0";"443.0";"443.0"
"163370.0";"443.0";"443.0"
"163380.0";"443.0";"443.0"
"163390.0";"443.0";"443.0"
"163400.0";"443.0";"443.0"
"163410.0";"443.0";"443.0"
"163420.0";"443.0";"443.0"
"163430.0";"443.0";"443.0"
"163440.0";"443.0";"443.0"
"163450.0";"443.0";"443.0"
"163460.0";"443.0";"443.0"
"163470.0";"443.0";"443.0"
"163480.0";"443.0";"443.0"
"163490.0";"443.0";"443.0"
"163500.0";"443.0";"443.0"
"163510.0";"443.0";"443.0"
"163520.0";"443.0";"443.0"
"163530.0";"443.0";"443.0"
"163540.0";"443.0";"443.0"
"163550.0";"443.0";"443.0"
"163560.0";"443.0";"443.0"
"163570.0";"443.0";"443.0"
"163580.0";"443.0";"443.0"
"163590.0";"443.0";"443.0"
"163600.0";"443.0";"443.0"
"163610.0";"443.0";"443.0"
"163620.0";"443.0";"443.0"
"163630.0";"443.0";"443.0"
"163640.0";"443.0";"443.0"
"163650.0";"443.0";"443.0"
"163660.0";"443.0";"443.0"
"163670.0";"443.0";"443.0"
"163680.0";"443.0";"443.0"
"163690.0";"443.0";"443.0"
"163700.0";"443.0";"443.0"
"163710.0";"443.0";"443.0"
"163720.0";"443.0";"443.0"
"163730.0";"443.0";"443.0"
"163740.0";"443.0";"443.0"
"163750.0";"443.0";"443.0"
"163760.0";"443.0";"443.0"
"163770.0";"443.0";"443.0"
"163780.0";"443.0";"443.0"
"163790.0";"443.0";"443.0"
"163800.0";"443.0";"443.0"
"163810.0";"443.0";"443.0"
"163820.0";"443.0";"443.0"
"163830.0";"443.0";"443.0"
"163840.0";"443.0";"443.0"
"163850.0";"443.0";"443.0"
"163860.0";"443.0";"443.0"
"163870.0";"443.0";"443.0"
"163880.0";"443.0";"443.0"
"163890.0";"443.0";"443.0"
"163900.0";"443.0";"443.0"
"163910.0";"443.0";"443.0"
"163920.0";"443.0";"443.0"
"163930.0";"443.0";"443.0"
"163940.0";"443.0";"443.0"
"163950.0";"443.0";"443.0"
"163960.0";"443.0";"443.0"
"163970.0";"443.0";"443.0"
"163980.0";"443.0";"443.0"
"163990.0";"443.0";"443.0"
"164000.0";"443.0";"443.0"
"164010.0";"443.0";"443.0"
"164020.0";"443.0";"443.0"
"164030.0";"443.0";"443.0"
"164040.0";"443.0";"443.0"
"164050.0";"443.0";"443.0"
"164060.0";"443.0";"443.0"
"164070.0";"443.0";"443.0"
"164080.0";"443.0";"443.0"
"164090.0";"443.0";"443.0"
"164100.0";"443.0";"443.0"
"164110.0";"443.0";"443.0"
"164120.0";"443.0";"443.0"
"164130.0";"443.0";"443.0"
"164140.0";"443.0";"443.0"
"164150.0";"443.0";"443.0"
"164160.0";"443.0";"443.0"
"164170.0";"443.0";"443.0"
"164180.0";"443.0";"443.0"
"164190.0";"443.0";"443.0"
"164200.0";"443.0";"443.0"
"164210.0";"443.0";"443.0"
"164220.0";"443.0";"443.0"
"164230.0";"443.0";"443.0"
"164240.0";"443.0";"443.0"
"164250.0";"443.0";"443.0"
"164260.0";"443.0";"443.0"
"164270.0";"443.0";"443.0"
"164280.0";"443.0";"443.0"
"164290.0";"443.0";"443.0"
"164300.0";"443.0";"443.0"
"164310.0";"443.0";"443.0"
"164320.0";"443.0";"443.0"
"164330.0";"443.0";"443.0"
"164340.0";"443.0";"443.0"
"164350.0";"443.0";"443.0"
"164360.0";"443.0";"443.0"
"164370.0";"443.0";"443.0"
"164380.0";"443.0";"443.0"
"164390.0";"443.0";"443.0"
"164400.0";"443.0";"443.0"
"164410.0";"443.0";"443.0"
"164420.0";"443.0";"443.0"
"164430.0";"443.0";"443.0"
"164440.0";"443.0";"443.0"
"164450.0";"443.0";"443.0"
"164460.0";"443.0";"443.0"
"164470.0";"443.0";"443.0"
"164480.0";"443.0";"443.0"
"164490.0";"443.0";"443.0"
"164500.0";"443.0";"443.0"
"164510.0";"443.0";"443.0"
"164520.0";"443.0";"443.0"
"164530.0";"443.0";"443.0"
"164540.0";"443.0";"443.0"
"164550.0";"443.0";"443.0"
"164560.0";"443.0";"443.0"
"164570.0";"443.0";"443.0"
"164580.0";"443.0";"443.0"
"164590.0";"443.0";"443.0"
"164600.0";"443.0";"443.0"
"164610.0";"443.0";"443.0"
"164620.0";"443.0";"443.0"
"164630.0";"443.0";"443.0"
"164640.0";"443.0";"443.0"
"164650.0";"443.0";"443.0"
"164660.0";"443.0";"443.0"
"164670.0";"443.0";"443.0"
"164680.0";"443.0";"443.0"
"164690.0";"443.0";"443.0"
"164700.0";"443.0";"443.0"
"164710.0";"443.0";"443.0"
"164720.0";"443.0";"443.0"
"164730.0";"443.0";"443.0"
"164740.0";"443.0";"443.0"
"164750.0";"443.0";"443.0"
"164760.0";"443.0";"443.0"
"164770.0";"443.0";"443.0"
"164780.0";"443.0";"443.0"
"164790.0";"443.0";"443.0"
"164800.0";"443.0";"443.0"
"164810.0";"443.0";"443.0"
"164820.0";"443.0";"443.0"
"164830.0";"443.0";"443.0"
"164840.0";"443.0";"443.0"
"164850.0";"443.0";"443.0"
"164860.0";"443.0";"443.0"
"164870.0";"443.0";"443.0"
"164880.0";"443.0";"443.0"
"164890.0";"443.0";"443.0"
"164900.0";"443.0";"443.0"
"164910.0";"443.0";"443.0"
"164920.0";"443.0";"443.0"
"164930.0";"443.0";"443.0"
"164940.0";"443.0";"443.0"
"164950.0";"443.0";"443.0"
"164960.0";"443.0";"443.0"
"164970.0";"443.0";"443.0"
"164980.0";"443.0";"443.0"
"164990.0";"443.0";"443.0"
"165000.0";"443.0";"443.0"
"165010.0";"443.0";"443.0"
"165020.0";"443.0";"443.0"
"165030.0";"443.0";"443.0"
"165040.0";"443.0";"443.0"
"165050.0";"443.0";"443.0"
"165060.0";"443.0";"443.0"
"165070.0";"443.0";"443.0"
"165080.0";"443.0";"443.0"
"165090.0";"443.0";"443.0"
"165100.0";"443.0";"443.0"
"165110.0";"443.0";"443.0"
"165120.0";"443.0";"443.0"
"165130.0";"443.0";"443.0"
"165140.0";"443.0";"443.0"
"165150.0";"443.0";"443.0"
"165160.0";"443.0";"443.0"
"165170.0";"443.0";"443.0"
"165180.0";"443.0";"443.0"
"165190.0";"443.0";"443.0"
"165200.0";"443.0";"443.0"
"165210.0";"443.0";"443.0"
"165220.0";"443.0";"443.0"
"165230.0";"443.0";"443.0"
"165240.0";"443.0";"443.0"
"165250.0";"443.0";"443.0"
"165260.0";"443.0";"443.0"
"165270.0";"443.0";"443.0"
"165280.0";"443.0";"443.0"
"165290.0";"443.0";"443.0"
"165300.0";"443.0";"443.0"
"165310.0";"443.0";"443.0"
"165320.0";"443.0";"443.0"
"165330.0";"443.0";"443.0"
"165340.0";"443.0";"443.0"
"165350.0";"443.0";"443.0"
"165360.0";"443.0";"443.0"
"165370.0";"443.0";"443.0"
"165380.0";"443.0";"443.0"
"165390.0";"443.0";"443.0"
"165400.0";"443.0";"443.0"
"165410.0";"443.0";"443.0"
"165420.0";"443.0";"443.0"
"165430.0";"443.0";"443.0"
"165440.0";"443.0";"443.0"
"165450.0";"443.0";"443.0"
"165460.0";"443.0";"443.0"
"165470.0";"443.0";"443.0"
"165480.0";"443.0";"443.0"
"165490.0";"443.0";"443.0"
"165500.0";"443.0";"443.0"
"165510.0";"443.0";"443.0"
"165520.0";"443.0";"443.0"
"165530.0";"443.0";"443.0"
"165540.0";"443.0";"443.0"
"165550.0";"443.0";"443.0"
"165560.0";"443.0";"443.0"
"165570.0";"443.0";"443.0"
"165580.0";"443.0";"443.0"
"165590.0";"443.0";"443.0"
"165600.0";"443.0";"443.0"
"165610.0";"443.0";"443.0"
"165620.0";"443.0";"443.0"
"165630.0";"443.0";"443.0"
"165640.0";"443.0";"443.0"
"165650.0";"443.0";"443.0"
"165660.0";"443.0";"443.0"
"165670.0";"443.0";"443.0"
"165680.0";"443.0";"443.0"
"165690.0";"443.0";"443.0"
"165700.0";"443.0";"443.0"
"165710.0";"443.0";"443.0"
"165720.0";"443.0";"443.0"
"165730.0";"443.0";"443.0"
"165740.0";"443.0";"443.0"
"165750.0";"443.0";"443.0"
"165760.0";"443.0";"443.0"
"165770.0";"443.0";"443.0"
"165780.0";"443.0";"443.0"
"165790.0";"443.0";"443.0"
"165800.0";"443.0";"443.0"
"165810.0";"443.0";"443.0"
"165820.0";"443.0";"443.0"
"165830.0";"443.0";"443.0"
"165840.0";"443.0";"443.0"
"165850.0";"443.0";"443.0"
"165860.0";"443.0";"443.0"
"165870.0";"443.0";"443.0"
"165880.0";"443.0";"443.0"
"165890.0";"443.0";"443.0"
"165900.0";"443.0";"443.0"
"165910.0";"443.0";"443.0"
"165920.0";"443.0";"443.0"
"165930.0";"443.0";"443.0"
"165940.0";"443.0";"443.0"
"165950.0";"443.0";"443.0"
"165960.0";"443.0";"443.0"
"165970.0";"443.0";"443.0"
"165980.0";"443.0";"443.0"
"165990.0";"443.0";"443.0"
"166000.0";"443.0";"443.0"
"166010.0";"443.0";"443.0"
"166020.0";"443.0";"443.0"
"166030.0";"443.0";"443.0"
"166040.0";"443.0";"443.0"
"166050.0";"443.0";"443.0"
"166060.0";"443.0";"443.0"
"166070.0";"443.0";"443.0"
"166080.0";"443.0";"443.0"
"166090.0";"443.0";"443.0"
"166100.0";"443.0";"443.0"
"166110.0";"443.0";"443.0"
"166120.0";"443.0";"443.0"
"166130.0";"443.0";"443.0"
"166140.0";"443.0";"443.0"
"166150.0";"443.0";"443.0"
"166160.0";"443.0";"443.0"
"166170.0";"443.0";"443.0"
"166180.0";"443.0";"443.0"
"166190.0";"443.0";"443.0"
"166200.0";"443.0";"443.0"
"166210.0";"443.0";"443.0"
"166220.0";"443.0";"443.0"
"166230.0";"443.0";"443.0"
"166240.0";"443.0";"443.0"
"166250.0";"443.0";"443.0"
"166260.0";"443.0";"443.0"
"166270.0";"443.0";"443.0"
"166280.0";"443.0";"443.0"
"166290.0";"443.0";"443.0"
"166300.0";"443.0";"443.0"
"166310.0";"443.0";"443.0"
"166320.0";"443.0";"443.0"
"166330.0";"443.0";"443.0"
"166340.0";"443.0";"443.0"
"166350.0";"443.0";"443.0"
"166360.0";"443.0";"443.0"
"166370.0";"443.0";"443.0"
"166380.0";"443.0";"443.0"
"166390.0";"443.0";"443.0"
"166400.0";"443.0";"443.0"
"166410.0";"443.0";"443.0"
"166420.0";"443.0";"443.0"
"166430.0";"443.0";"443.0"
"166440.0";"443.0";"443.0"
"166450.0";"443.0";"443.0"
"166460.0";"443.0";"443.0"
"166470.0";"443.0";"443.0"
"166480.0";"443.0";"443.0"
"166490.0";"443.0";"443.0"
"166500.0";"443.0";"443.0"
"166510.0";"443.0";"443.0"
"166520.0";"443.0";"443.0"
"166530.0";"443.0";"443.0"
"166540.0";"443.0";"443.0"
"166550.0";"443.0";"443.0"
"166560.0";"443.0";"443.0"
"166570.0";"443.0";"443.0"
"166580.0";"443.0";"443.0"
"166590.0";"443.0";"443.0"
"166600.0";"443.0";"443.0"
"166610.0";"443.0";"443.0"
"166620.0";"443.0";"443.0"
"166630.0";"443.0";"443.0"
"166640.0";"443.0";"443.0"
"166650.0";"443.0";"443.0"
"166660.0";"443.0";"443.0"
"166670.0";"443.0";"443.0"
"166680.0";"443.0";"443.0"
"166690.0";"443.0";"443.0"
"166700.0";"443.0";"443.0"
"166710.0";"443.0";"443.0"
"166720.0";"443.0";"443.0"
"166730.0";"443.0";"443.0"
"166740.0";"443.0";"443.0"
"166750.0";"443.0";"443.0"
"166760.0";"443.0";"443.0"
"166770.0";"443.0";"443.0"
"166780.0";"443.0";"443.0"
"166790.0";"443.0";"443.0"
"166800.0";"443.0";"443.0"
"166810.0";"443.0";"443.0"
"166820.0";"443.0";"443.0"
"166830.0";"443.0";"443.0"
"166840.0";"443.0";"443.0"
"166850.0";"443.0";"443.0"
"166860.0";"443.0";"443.0"
"166870.0";"443.0";"443.0"
"166880.0";"443.0";"443.0"
"166890.0";"443.0";"443.0"
"166900.0";"443.0";"443.0"
"166910.0";"443.0";"443.0"
"166920.0";"443.0";"443.0"
"166930.0";"443.0";"443.0"
"166940.0";"443.0";"443.0"
"166950.0";"443.0";"443.0"
"166960.0";"443.0";"443.0"
"166970.0";"443.0";"443.0"
"166980.0";"443.0";"443.0"
"166990.0";"443.0";"443.0"
"167000.0";"443.0";"443.0"
"167010.0";"443.0";"443.0"
"167020.0";"443.0";"443.0"
"167030.0";"443.0";"443.0"
"167040.0";"443.0";"443.0"
"167050.0";"443.0";"443.0"
"167060.0";"443.0";"443.0"
"167070.0";"443.0";"443.0"
"167080.0";"443.0";"443.0"
"167090.0";"443.0";"443.0"
"167100.0";"443.0";"443.0"
"167110.0";"443.0";"443.0"
"167120.0";"443.0";"443.0"
"167130.0";"443.0";"443.0"
"167140.0";"443.0";"443.0"
"167150.0";"443.0";"443.0"
"167160.0";"443.0";"443.0"
"167170.0";"443.0";"443.0"
"167180.0";"443.0";"443.0"
"167190.0";"443.0";"443.0"
"167200.0";"443.0";"443.0"
"167210.0";"443.0";"443.0"
"167220.0";"443.0";"443.0"
"167230.0";"443.0";"443.0"
"167240.0";"443.0";"443.0"
"167250.0";"443.0";"443.0"
"167260.0";"443.0";"443.0"
"167270.0";"443.0";"443.0"
"167280.0";"443.0";"443.0"
"167290.0";"443.0";"443.0"
"167300.0";"443.0";"443.0"
"167310.0";"443.0";"443.0"
"167320.0";"443.0";"443.0"
"167330.0";"443.0";"443.0"
"167340.0";"443.0";"443.0"
"167350.0";"443.0";"443.0"
"167360.0";"443.0";"443.0"
"167370.0";"443.0";"443.0"
"167380.0";"443.0";"443.0"
"167390.0";"443.0";"443.0"
"167400.0";"443.0";"443.0"
"167410.0";"443.0";"443.0"
"167420.0";"443.0";"443.0"
"167430.0";"443.0";"443.0"
"167440.0";"443.0";"443.0"
"167450.0";"443.0";"443.0"
"167460.0";"443.0";"443.0"
"167470.0";"443.0";"443.0"
"167480.0";"443.0";"443.0"
"167490.0";"443.0";"443.0"
"167500.0";"443.0";"443.0"
"167510.0";"443.0";"443.0"
"167520.0";"443.0";"443.0"
"167530.0";"443.0";"443.0"
"167540.0";"443.0";"443.0"
"167550.0";"443.0";"443.0"
"167560.0";"443.0";"443.0"
"167570.0";"443.0";"443.0"
"167580.0";"443.0";"443.0"
"167590.0";"443.0";"443.0"
"167600.0";"443.0";"443.0"
"167610.0";"443.0";"443.0"
"167620.0";"443.0";"443.0"
"167630.0";"443.0";"443.0"
"167640.0";"443.0";"443.0"
"167650.0";"443.0";"443.0"
"167660.0";"443.0";"443.0"
"167670.0";"443.0";"443.0"
"167680.0";"443.0";"443.0"
"167690.0";"443.0";"443.0"
"167700.0";"443.0";"443.0"
"167710.0";"443.0";"443.0"
"167720.0";"443.0";"443.0"
"167730.0";"443.0";"443.0"
"167740.0";"443.0";"443.0"
"167750.0";"443.0";"443.0"
"167760.0";"443.0";"443.0"
"167770.0";"443.0";"443.0"
"167780.0";"443.0";"443.0"
"167790.0";"443.0";"443.0"
"167800.0";"443.0";"443.0"
"167810.0";"443.0";"443.0"
"167820.0";"443.0";"443.0"
"167830.0";"443.0";"443.0"
"167840.0";"443.0";"443.0"
"167850.0";"443.0";"443.0"
"167860.0";"443.0";"443.0"
"167870.0";"443.0";"443.0"
"167880.0";"443.0";"443.0"
"167890.0";"443.0";"443.0"
"167900.0";"443.0";"443.0"
"167910.0";"443.0";"443.0"
"167920.0";"443.0";"443.0"
"167930.0";"443.0";"443.0"
"167940.0";"443.0";"443.0"
"167950.0";"443.0";"443.0"
"167960.0";"443.0";"443.0"
"167970.0";"443.0";"443.0"
"167980.0";"443.0";"443.0"
"167990.0";"443.0";"443.0"
"168000.0";"443.0";"443.0"
"168010.0";"443.0";"443.0"
"168020.0";"443.0";"443.0"
"168030.0";"443.0";"443.0"
"168040.0";"443.0";"443.0"
"168050.0";"443.0";"443.0"
"168060.0";"443.0";"443.0"
"168070.0";"443.0";"443.0"
"168080.0";"443.0";"443.0"
"168090.0";"443.0";"443.0"
"168100.0";"443.0";"443.0"
"168110.0";"443.0";"443.0"
"168120.0";"443.0";"443.0"
"168130.0";"443.0";"443.0"
"168140.0";"443.0";"443.0"
"168150.0";"443.0";"443.0"
"168160.0";"443.0";"443.0"
"168170.0";"443.0";"443.0"
"168180.0";"443.0";"443.0"
"168190.0";"443.0";"443.0"
"168200.0";"443.0";"443.0"
"168210.0";"443.0";"443.0"
"168220.0";"443.0";"443.0"
"168230.0";"443.0";"443.0"
"168240.0";"443.0";"443.0"
"168250.0";"443.0";"443.0"
"168260.0";"443.0";"443.0"
"168270.0";"443.0";"443.0"
"168280.0";"443.0";"443.0"
"168290.0";"443.0";"443.0"
"168300.0";"443.0";"443.0"
"168310.0";"443.0";"443.0"
"168320.0";"443.0";"443.0"
"168330.0";"443.0";"443.0"
"168340.0";"443.0";"443.0"
"168350.0";"443.0";"443.0"
"168360.0";"443.0";"443.0"
"168370.0";"443.0";"443.0"
"168380.0";"443.0";"443.0"
"168390.0";"443.0";"443.0"
"168400.0";"443.0";"443.0"
"168410.0";"443.0";"443.0"
"168420.0";"443.0";"443.0"
"168430.0";"443.0";"443.0"
"168440.0";"443.0";"443.0"
"168450.0";"443.0";"443.0"
"168460.0";"443.0";"443.0"
"168470.0";"443.0";"443.0"
"168480.0";"443.0";"443.0"
"168490.0";"443.0";"443.0"
"168500.0";"443.0";"443.0"
"168510.0";"443.0";"443.0"
"168520.0";"443.0";"443.0"
"168530.0";"443.0";"443.0"
"168540.0";"443.0";"443.0"
"168550.0";"443.0";"443.0"
"168560.0";"443.0";"443.0"
"168570.0";"443.0";"443.0"
"168580.0";"443.0";"443.0"
"168590.0";"443.0";"443.0"
"168600.0";"443.0";"443.0"
"168610.0";"443.0";"443.0"
"168620.0";"443.0";"443.0"
"168630.0";"443.0";"443.0"
"168640.0";"443.0";"443.0"
"168650.0";"443.0";"443.0"
"168660.0";"443.0";"443.0"
"168670.0";"443.0";"443.0"
"168680.0";"443.0";"443.0"
"168690.0";"443.0";"443.0"
"168700.0";"443.0";"443.0"
"168710.0";"443.0";"443.0"
"168720.0";"443.0";"443.0"
"168730.0";"443.0";"443.0"
"168740.0";"443.0";"443.0"
"168750.0";"443.0";"443.0"
"168760.0";"443.0";"443.0"
"168770.0";"443.0";"443.0"
"168780.0";"443.0";"443.0"
"168790.0";"443.0";"443.0"
"168800.0";"443.0";"443.0"
"168810.0";"443.0";"443.0"
"168820.0";"443.0";"443.0"
"168830.0";"443.0";"443.0"
"168840.0";"443.0";"443.0"
"168850.0";"443.0";"443.0"
"168860.0";"443.0";"443.0"
"168870.0";"443.0";"443.0"
"168880.0";"443.0";"443.0"
"168890.0";"443.0";"443.0"
"168900.0";"443.0";"443.0"
"168910.0";"443.0";"443.0"
"168920.0";"443.0";"443.0"
"168930.0";"443.0";"443.0"
"168940.0";"443.0";"443.0"
"168950.0";"443.0";"443.0"
"168960.0";"443.0";"443.0"
"168970.0";"443.0";"443.0"
"168980.0";"443.0";"443.0"
"168990.0";"443.0";"443.0"
"169000.0";"443.0";"443.0"
"169010.0";"443.0";"443.0"
"169020.0";"443.0";"443.0"
"169030.0";"443.0";"443.0"
"169040.0";"443.0";"443.0"
"169050.0";"443.0";"443.0"
"169060.0";"443.0";"443.0"
"169070.0";"443.0";"443.0"
"169080.0";"443.0";"443.0"
"169090.0";"443.0";"443.0"
"169100.0";"443.0";"443.0"
"169110.0";"443.0";"443.0"
"169120.0";"443.0";"443.0"
"169130.0";"443.0";"443.0"
"169140.0";"443.0";"443.0"
"169150.0";"443.0";"443.0"
"169160.0";"443.0";"443.0"
"169170.0";"443.0";"443.0"
"169180.0";"443.0";"443.0"
"169190.0";"443.0";"443.0"
"169200.0";"443.0";"443.0"
"169210.0";"443.0";"443.0"
"169220.0";"443.0";"443.0"
"169230.0";"443.0";"443.0"
"169240.0";"443.0";"443.0"
"169250.0";"443.0";"443.0"
"169260.0";"443.0";"443.0"
"169270.0";"443.0";"443.0"
"169280.0";"443.0";"443.0"
"169290.0";"443.0";"443.0"
"169300.0";"443.0";"443.0"
"169310.0";"443.0";"443.0"
"169320.0";"443.0";"443.0"
"169330.0";"443.0";"443.0"
"169340.0";"443.0";"443.0"
"169350.0";"443.0";"443.0"
"169360.0";"443.0";"443.0"
"169370.0";"443.0";"443.0"
"169380.0";"443.0";"443.0"
"169390.0";"443.0";"443.0"
"169400.0";"443.0";"443.0"
"169410.0";"443.0";"443.0"
"169420.0";"443.0";"443.0"
"169430.0";"443.0";"443.0"
"169440.0";"443.0";"443.0"
"169450.0";"443.0";"443.0"
"169460.0";"443.0";"443.0"
"169470.0";"443.0";"443.0"
"169480.0";"443.0";"443.0"
"169490.0";"443.0";"443.0"
"169500.0";"443.0";"443.0"
"169510.0";"443.0";"443.0"
"169520.0";"443.0";"443.0"
"169530.0";"443.0";"443.0"
"169540.0";"443.0";"443.0"
"169550.0";"443.0";"443.0"
"169560.0";"443.0";"443.0"
"169570.0";"443.0";"443.0"
"169580.0";"443.0";"443.0"
"169590.0";"443.0";"443.0"
"169600.0";"443.0";"443.0"
"169610.0";"443.0";"443.0"
"169620.0";"443.0";"443.0"
"169630.0";"443.0";"443.0"
"169640.0";"443.0";"443.0"
"169650.0";"443.0";"443.0"
"169660.0";"443.0";"443.0"
"169670.0";"443.0";"443.0"
"169680.0";"443.0";"443.0"
"169690.0";"443.0";"443.0"
"169700.0";"443.0";"443.0"
"169710.0";"443.0";"443.0"
"169720.0";"443.0";"443.0"
"169730.0";"443.0";"443.0"
"169740.0";"443.0";"443.0"
"169750.0";"443.0";"443.0"
"169760.0";"443.0";"443.0"
"169770.0";"443.0";"443.0"
"169780.0";"443.0";"443.0"
"169790.0";"443.0";"443.0"
"169800.0";"443.0";"443.0"
"169810.0";"443.0";"443.0"
"169820.0";"443.0";"443.0"
"169830.0";"443.0";"443.0"
"169840.0";"443.0";"443.0"
"169850.0";"443.0";"443.0"
"169860.0";"443.0";"443.0"
"169870.0";"443.0";"443.0"
"169880.0";"443.0";"443.0"
"169890.0";"443.0";"443.0"
"169900.0";"443.0";"443.0"
"169910.0";"443.0";"443.0"
"169920.0";"443.0";"443.0"
"169930.0";"443.0";"443.0"
"169940.0";"443.0";"443.0"
"169950.0";"443.0";"443.0"
"169960.0";"443.0";"443.0"
"169970.0";"443.0";"443.0"
"169980.0";"443.0";"443.0"
"169990.0";"443.0";"443.0"
"170000.0";"443.0";"443.0"
"170010.0";"443.0";"443.0"
"170020.0";"443.0";"443.0"
"170030.0";"443.0";"443.0"
"170040.0";"443.0";"443.0"
"170050.0";"443.0";"443.0"
"170060.0";"443.0";"443.0"
"170070.0";"443.0";"443.0"
"170080.0";"443.0";"443.0"
"170090.0";"443.0";"443.0"
"170100.0";"443.0";"443.0"
"170110.0";"443.0";"443.0"
"170120.0";"443.0";"443.0"
"170130.0";"443.0";"443.0"
"170140.0";"443.0";"443.0"
"170150.0";"443.0";"443.0"
"170160.0";"443.0";"443.0"
"170170.0";"443.0";"443.0"
"170180.0";"443.0";"443.0"
"170190.0";"443.0";"443.0"
"170200.0";"443.0";"443.0"
"170210.0";"443.0";"443.0"
"170220.0";"443.0";"443.0"
"170230.0";"443.0";"443.0"
"170240.0";"443.0";"443.0"
"170250.0";"443.0";"443.0"
"170260.0";"443.0";"443.0"
"170270.0";"443.0";"443.0"
"170280.0";"443.0";"443.0"
"170290.0";"443.0";"443.0"
"170300.0";"443.0";"443.0"
"170310.0";"443.0";"443.0"
"170320.0";"443.0";"443.0"
"170330.0";"443.0";"443.0"
"170340.0";"443.0";"443.0"
"170350.0";"443.0";"443.0"
"170360.0";"443.0";"443.0"
"170370.0";"443.0";"443.0"
"170380.0";"443.0";"443.0"
"170390.0";"443.0";"443.0"
"170400.0";"443.0";"443.0"
"170410.0";"443.0";"443.0"
"170420.0";"443.0";"443.0"
"170430.0";"443.0";"443.0"
"170440.0";"443.0";"443.0"
"170450.0";"443.0";"443.0"
"170460.0";"443.0";"443.0"
"170470.0";"443.0";"443.0"
"170480.0";"443.0";"443.0"
"170490.0";"443.0";"443.0"
"170500.0";"443.0";"443.0"
"170510.0";"443.0";"443.0"
"170520.0";"443.0";"443.0"
"170530.0";"443.0";"443.0"
"170540.0";"443.0";"443.0"
"170550.0";"443.0";"443.0"
"170560.0";"443.0";"443.0"
"170570.0";"443.0";"443.0"
"170580.0";"443.0";"443.0"
"170590.0";"443.0";"443.0"
"170600.0";"443.0";"443.0"
"170610.0";"443.0";"443.0"
"170620.0";"443.0";"443.0"
"170630.0";"443.0";"443.0"
"170640.0";"443.0";"443.0"
"170650.0";"443.0";"443.0"
"170660.0";"443.0";"443.0"
"170670.0";"443.0";"443.0"
"170680.0";"443.0";"443.0"
"170690.0";"443.0";"443.0"
"170700.0";"443.0";"443.0"
"170710.0";"443.0";"443.0"
"170720.0";"443.0";"443.0"
"170730.0";"443.0";"443.0"
"170740.0";"443.0";"443.0"
"170750.0";"443.0";"443.0"
"170760.0";"443.0";"443.0"
"170770.0";"443.0";"443.0"
"170780.0";"443.0";"443.0"
"170790.0";"443.0";"443.0"
"170800.0";"443.0";"443.0"
"170810.0";"443.0";"443.0"
"170820.0";"443.0";"443.0"
"170830.0";"443.0";"443.0"
"170840.0";"443.0";"443.0"
"170850.0";"443.0";"443.0"
"170860.0";"443.0";"443.0"
"170870.0";"443.0";"443.0"
"170880.0";"443.0";"443.0"
"170890.0";"443.0";"443.0"
"170900.0";"443.0";"443.0"
"170910.0";"443.0";"443.0"
"170920.0";"443.0";"443.0"
"170930.0";"443.0";"443.0"
"170940.0";"443.0";"443.0"
"170950.0";"443.0";"443.0"
"170960.0";"443.0";"443.0"
"170970.0";"443.0";"443.0"
"170980.0";"443.0";"443.0"
"170990.0";"443.0";"443.0"
"171000.0";"443.0";"443.0"
"171010.0";"443.0";"443.0"
"171020.0";"443.0";"443.0"
"171030.0";"443.0";"443.0"
"171040.0";"443.0";"443.0"
"171050.0";"443.0";"443.0"
"171060.0";"443.0";"443.0"
"171070.0";"443.0";"443.0"
"171080.0";"443.0";"443.0"
"171090.0";"443.0";"443.0"
"171100.0";"443.0";"443.0"
"171110.0";"443.0";"443.0"
"171120.0";"443.0";"443.0"
"171130.0";"443.0";"443.0"
"171140.0";"443.0";"443.0"
"171150.0";"443.0";"443.0"
"171160.0";"443.0";"443.0"
"171170.0";"443.0";"443.0"
"171180.0";"443.0";"443.0"
"171190.0";"443.0";"443.0"
"171200.0";"443.0";"443.0"
"171210.0";"443.0";"443.0"
"171220.0";"443.0";"443.0"
"171230.0";"443.0";"443.0"
"171240.0";"443.0";"443.0"
"171250.0";"443.0";"443.0"
"171260.0";"443.0";"443.0"
"171270.0";"443.0";"443.0"
"171280.0";"443.0";"443.0"
"171290.0";"443.0";"443.0"
"171300.0";"443.0";"443.0"
"171310.0";"443.0";"443.0"
"171320.0";"443.0";"443.0"
"171330.0";"443.0";"443.0"
"171340.0";"443.0";"443.0"
"171350.0";"443.0";"443.0"
"171360.0";"443.0";"443.0"
"171370.0";"443.0";"443.0"
"171380.0";"443.0";"443.0"
"171390.0";"443.0";"443.0"
"171400.0";"443.0";"443.0"
"171410.0";"443.0";"443.0"
"171420.0";"443.0";"443.0"
"171430.0";"443.0";"443.0"
"171440.0";"443.0";"443.0"
"171450.0";"443.0";"443.0"
"171460.0";"443.0";"443.0"
"171470.0";"443.0";"443.0"
"171480.0";"443.0";"443.0"
"171490.0";"443.0";"443.0"
"171500.0";"443.0";"443.0"
"171510.0";"443.0";"443.0"
"171520.0";"443.0";"443.0"
"171530.0";"443.0";"443.0"
"171540.0";"443.0";"443.0"
"171550.0";"443.0";"443.0"
"171560.0";"443.0";"443.0"
"171570.0";"443.0";"443.0"
"171580.0";"443.0";"443.0"
"171590.0";"443.0";"443.0"
"171600.0";"443.0";"443.0"
"171610.0";"443.0";"443.0"
"171620.0";"443.0";"443.0"
"171630.0";"443.0";"443.0"
"171640.0";"443.0";"443.0"
"171650.0";"443.0";"443.0"
"171660.0";"443.0";"443.0"
"171670.0";"443.0";"443.0"
"171680.0";"443.0";"443.0"
"171690.0";"443.0";"443.0"
"171700.0";"443.0";"443.0"
"171710.0";"443.0";"443.0"
"171720.0";"443.0";"443.0"
"171730.0";"443.0";"443.0"
"171740.0";"443.0";"443.0"
"171750.0";"443.0";"443.0"
"171760.0";"443.0";"443.0"
"171770.0";"443.0";"443.0"
"171780.0";"443.0";"443.0"
"171790.0";"443.0";"443.0"
"171800.0";"443.0";"443.0"
"171810.0";"443.0";"443.0"
"171820.0";"443.0";"443.0"
"171830.0";"443.0";"443.0"
"171840.0";"443.0";"443.0"
"171850.0";"443.0";"443.0"
"171860.0";"443.0";"443.0"
"171870.0";"443.0";"443.0"
"171880.0";"443.0";"443.0"
"171890.0";"443.0";"443.0"
"171900.0";"443.0";"443.0"
"171910.0";"443.0";"443.0"
"171920.0";"443.0";"443.0"
"171930.0";"443.0";"443.0"
"171940.0";"443.0";"443.0"
"171950.0";"443.0";"443.0"
"171960.0";"443.0";"443.0"
"171970.0";"443.0";"443.0"
"171980.0";"443.0";"443.0"
"171990.0";"443.0";"443.0"
"172000.0";"443.0";"443.0"
"172010.0";"443.0";"443.0"
"172020.0";"443.0";"443.0"
"172030.0";"443.0";"443.0"
"172040.0";"443.0";"443.0"
"172050.0";"443.0";"443.0"
"172060.0";"443.0";"443.0"
"172070.0";"443.0";"443.0"
"172080.0";"443.0";"443.0"
"172090.0";"443.0";"443.0"
"172100.0";"443.0";"443.0"
"172110.0";"443.0";"443.0"
"172120.0";"443.0";"443.0"
"172130.0";"443.0";"443.0"
"172140.0";"443.0";"443.0"
"172150.0";"443.0";"443.0"
"172160.0";"443.0";"443.0"
"172170.0";"443.0";"443.0"
"172180.0";"443.0";"443.0"
"172190.0";"443.0";"443.0"
"172200.0";"443.0";"443.0"
"172210.0";"443.0";"443.0"
"172220.0";"443.0";"443.0"
"172230.0";"443.0";"443.0"
"172240.0";"443.0";"443.0"
"172250.0";"443.0";"443.0"
"172260.0";"443.0";"443.0"
"172270.0";"443.0";"443.0"
"172280.0";"443.0";"443.0"
"172290.0";"443.0";"443.0"
"172300.0";"443.0";"443.0"
"172310.0";"443.0";"443.0"
"172320.0";"443.0";"443.0"
"172330.0";"443.0";"443.0"
"172340.0";"443.0";"443.0"
"172350.0";"443.0";"443.0"
"172360.0";"443.0";"443.0"
"172370.0";"443.0";"443.0"
"172380.0";"443.0";"443.0"
"172390.0";"443.0";"443.0"
"172400.0";"443.0";"443.0"
"172410.0";"443.0";"443.0"
"172420.0";"443.0";"443.0"
"172430.0";"443.0";"443.0"
"172440.0";"443.0";"443.0"
"172450.0";"443.0";"443.0"
"172460.0";"443.0";"443.0"
"172470.0";"443.0";"443.0"
"172480.0";"443.0";"443.0"
"172490.0";"443.0";"443.0"
"172500.0";"443.0";"443.0"
"172510.0";"443.0";"443.0"
"172520.0";"443.0";"443.0"
"172530.0";"443.0";"443.0"
"172540.0";"443.0";"443.0"
"172550.0";"443.0";"443.0"
"172560.0";"443.0";"443.0"
"172570.0";"443.0";"443.0"
"172580.0";"443.0";"443.0"
"172590.0";"443.0";"443.0"
"172600.0";"443.0";"443.0"
"172610.0";"443.0";"443.0"
"172620.0";"443.0";"443.0"
"172630.0";"443.0";"443.0"
"172640.0";"443.0";"443.0"
"172650.0";"443.0";"443.0"
"172660.0";"443.0";"443.0"
"172670.0";"443.0";"443.0"
"172680.0";"443.0";"443.0"
"172690.0";"443.0";"443.0"
"172700.0";"443.0";"443.0"
"172710.0";"443.0";"443.0"
"172720.0";"443.0";"443.0"
"172730.0";"443.0";"443.0"
"172740.0";"443.0";"443.0"
"172750.0";"443.0";"443.0"
"172760.0";"443.0";"443.0"
"172770.0";"443.0";"443.0"
"172780.0";"443.0";"443.0"
"172790.0";"443.0";"443.0"
"172800.0";"443.0";"443.0"
"172810.0";"443.0";"443.0"
"172820.0";"443.0";"443.0"
"172830.0";"443.0";"443.0"
"172840.0";"443.0";"443.0"
"172850.0";"443.0";"443.0"
"172860.0";"443.0";"443.0"
"172870.0";"443.0";"443.0"
"172880.0";"443.0";"443.0"
"172890.0";"443.0";"443.0"
"172900.0";"443.0";"443.0"
"172910.0";"443.0";"443.0"
"172920.0";"443.0";"443.0"
"172930.0";"443.0";"443.0"
"172940.0";"443.0";"443.0"
"172950.0";"443.0";"443.0"
"172960.0";"443.0";"443.0"
"172970.0";"443.0";"443.0"
"172980.0";"443.0";"443.0"
"172990.0";"443.0";"443.0"
"173000.0";"443.0";"443.0"
"173010.0";"443.0";"443.0"
"173020.0";"443.0";"443.0"
"173030.0";"443.0";"443.0"
"173040.0";"443.0";"443.0"
"173050.0";"443.0";"443.0"
"173060.0";"443.0";"443.0"
"173070.0";"443.0";"443.0"
"173080.0";"443.0";"443.0"
"173090.0";"443.0";"443.0"
"173100.0";"443.0";"443.0"
"173110.0";"443.0";"443.0"
"173120.0";"443.0";"443.0"
"173130.0";"443.0";"443.0"
"173140.0";"443.0";"443.0"
"173150.0";"443.0";"443.0"
"173160.0";"443.0";"443.0"
"173170.0";"443.0";"443.0"
"173180.0";"443.0";"443.0"
"173190.0";"443.0";"443.0"
"173200.0";"443.0";"443.0"
"173210.0";"443.0";"443.0"
"173220.0";"443.0";"443.0"
"173230.0";"443.0";"443.0"
"173240.0";"443.0";"443.0"
"173250.0";"443.0";"443.0"
"173260.0";"443.0";"443.0"
"173270.0";"443.0";"443.0"
"173280.0";"443.0";"443.0"
"173290.0";"443.0";"443.0"
"173300.0";"443.0";"443.0"
"173310.0";"443.0";"443.0"
"173320.0";"443.0";"443.0"
"173330.0";"443.0";"443.0"
"173340.0";"443.0";"443.0"
"173350.0";"443.0";"443.0"
"173360.0";"443.0";"443.0"
"173370.0";"443.0";"443.0"
"173380.0";"443.0";"443.0"
"173390.0";"443.0";"443.0"
"173400.0";"443.0";"443.0"
"173410.0";"443.0";"443.0"
"173420.0";"443.0";"443.0"
"173430.0";"443.0";"443.0"
"173440.0";"443.0";"443.0"
"173450.0";"443.0";"443.0"
"173460.0";"443.0";"443.0"
"173470.0";"443.0";"443.0"
"173480.0";"443.0";"443.0"
"173490.0";"443.0";"443.0"
"173500.0";"443.0";"443.0"
"173510.0";"443.0";"443.0"
"173520.0";"443.0";"443.0"
"173530.0";"443.0";"443.0"
"173540.0";"443.0";"443.0"
"173550.0";"443.0";"443.0"
"173560.0";"443.0";"443.0"
"173570.0";"443.0";"443.0"
"173580.0";"443.0";"443.0"
"173590.0";"443.0";"443.0"
"173600.0";"443.0";"443.0"
"173610.0";"443.0";"443.0"
"173620.0";"443.0";"443.0"
"173630.0";"443.0";"443.0"
"173640.0";"443.0";"443.0"
"173650.0";"443.0";"443.0"
"173660.0";"443.0";"443.0"
"173670.0";"443.0";"443.0"
"173680.0";"443.0";"443.0"
"173690.0";"443.0";"443.0"
"173700.0";"443.0";"443.0"
"173710.0";"443.0";"443.0"
"173720.0";"443.0";"443.0"
"173730.0";"443.0";"443.0"
"173740.0";"443.0";"443.0"
"173750.0";"443.0";"443.0"
"173760.0";"443.0";"443.0"
"173770.0";"443.0";"443.0"
"173780.0";"443.0";"443.0"
"173790.0";"443.0";"443.0"
"173800.0";"443.0";"443.0"
"173810.0";"443.0";"443.0"
"173820.0";"443.0";"443.0"
"173830.0";"443.0";"443.0"
"173840.0";"443.0";"443.0"
"173850.0";"443.0";"443.0"
"173860.0";"443.0";"443.0"
"173870.0";"443.0";"443.0"
"173880.0";"443.0";"443.0"
"173890.0";"443.0";"443.0"
"173900.0";"443.0";"443.0"
"173910.0";"443.0";"443.0"
"173920.0";"443.0";"443.0"
"173930.0";"443.0";"443.0"
"173940.0";"443.0";"443.0"
"173950.0";"443.0";"443.0"
"173960.0";"443.0";"443.0"
"173970.0";"443.0";"443.0"
"173980.0";"443.0";"443.0"
"173990.0";"443.0";"443.0"
"174000.0";"443.0";"443.0"
"174010.0";"443.0";"443.0"
"174020.0";"443.0";"443.0"
"174030.0";"443.0";"443.0"
"174040.0";"443.0";"443.0"
"174050.0";"443.0";"443.0"
"174060.0";"443.0";"443.0"
"174070.0";"443.0";"443.0"
"174080.0";"443.0";"443.0"
"174090.0";"443.0";"443.0"
"174100.0";"443.0";"443.0"
"174110.0";"443.0";"443.0"
"174120.0";"443.0";"443.0"
"174130.0";"443.0";"443.0"
"174140.0";"443.0";"443.0"
"174150.0";"443.0";"443.0"
"174160.0";"443.0";"443.0"
"174170.0";"443.0";"443.0"
"174180.0";"443.0";"443.0"
"174190.0";"443.0";"443.0"
"174200.0";"443.0";"443.0"
"174210.0";"443.0";"443.0"
"174220.0";"443.0";"443.0"
"174230.0";"443.0";"443.0"
"174240.0";"443.0";"443.0"
"174250.0";"443.0";"443.0"
"174260.0";"443.0";"443.0"
"174270.0";"443.0";"443.0"
"174280.0";"443.0";"443.0"
"174290.0";"443.0";"443.0"
"174300.0";"443.0";"443.0"
"174310.0";"443.0";"443.0"
"174320.0";"443.0";"443.0"
"174330.0";"443.0";"443.0"
"174340.0";"443.0";"443.0"
"174350.0";"443.0";"443.0"
"174360.0";"443.0";"443.0"
"174370.0";"443.0";"443.0"
"174380.0";"443.0";"443.0"
"174390.0";"443.0";"443.0"
"174400.0";"443.0";"443.0"
"174410.0";"443.0";"443.0"
"174420.0";"443.0";"443.0"
"174430.0";"443.0";"443.0"
"174440.0";"443.0";"443.0"
"174450.0";"443.0";"443.0"
"174460.0";"443.0";"443.0"
"174470.0";"443.0";"443.0"
"174480.0";"443.0";"443.0"
"174490.0";"443.0";"443.0"
"174500.0";"443.0";"443.0"
"174510.0";"443.0";"443.0"
"174520.0";"443.0";"443.0"
"174530.0";"443.0";"443.0"
"174540.0";"443.0";"443.0"
"174550.0";"443.0";"443.0"
"174560.0";"443.0";"443.0"
"174570.0";"443.0";"443.0"
"174580.0";"443.0";"443.0"
"174590.0";"443.0";"443.0"
"174600.0";"443.0";"443.0"
"174610.0";"443.0";"443.0"
"174620.0";"443.0";"443.0"
"174630.0";"443.0";"443.0"
"174640.0";"443.0";"443.0"
"174650.0";"443.0";"443.0"
"174660.0";"443.0";"443.0"
"174670.0";"443.0";"443.0"
"174680.0";"443.0";"443.0"
"174690.0";"443.0";"443.0"
"174700.0";"443.0";"443.0"
"174710.0";"443.0";"443.0"
"174720.0";"443.0";"443.0"
"174730.0";"443.0";"443.0"
"174740.0";"443.0";"443.0"
"174750.0";"443.0";"443.0"
"174760.0";"443.0";"443.0"
"174770.0";"443.0";"443.0"
"174780.0";"443.0";"443.0"
"174790.0";"443.0";"443.0"
"174800.0";"443.0";"443.0"
"174810.0";"443.0";"443.0"
"174820.0";"443.0";"443.0"
"174830.0";"443.0";"443.0"
"174840.0";"443.0";"443.0"
"174850.0";"443.0";"443.0"
"174860.0";"443.0";"443.0"
"174870.0";"443.0";"443.0"
"174880.0";"443.0";"443.0"
"174890.0";"443.0";"443.0"
"174900.0";"443.0";"443.0"
"174910.0";"443.0";"443.0"
"174920.0";"443.0";"443.0"
"174930.0";"443.0";"443.0"
"174940.0";"443.0";"443.0"
"174950.0";"443.0";"443.0"
"174960.0";"443.0";"443.0"
"174970.0";"443.0";"443.0"
"174980.0";"443.0";"443.0"
"174990.0";"443.0";"443.0"
"175000.0";"443.0";"443.0"
"175010.0";"443.0";"443.0"
"175020.0";"443.0";"443.0"
"175030.0";"443.0";"443.0"
"175040.0";"443.0";"443.0"
"175050.0";"443.0";"443.0"
"175060.0";"443.0";"443.0"
"175070.0";"443.0";"443.0"
"175080.0";"443.0";"443.0"
"175090.0";"443.0";"443.0"
"175100.0";"443.0";"443.0"
"175110.0";"443.0";"443.0"
"175120.0";"443.0";"443.0"
"175130.0";"443.0";"443.0"
"175140.0";"443.0";"443.0"
"175150.0";"443.0";"443.0"
"175160.0";"443.0";"443.0"
"175170.0";"443.0";"443.0"
"175180.0";"443.0";"443.0"
"175190.0";"443.0";"443.0"
"175200.0";"443.0";"443.0"
"175210.0";"443.0";"443.0"
"175220.0";"443.0";"443.0"
"175230.0";"443.0";"443.0"
"175240.0";"443.0";"443.0"
"175250.0";"443.0";"443.0"
"175260.0";"443.0";"443.0"
"175270.0";"443.0";"443.0"
"175280.0";"443.0";"443.0"
"175290.0";"443.0";"443.0"
"175300.0";"443.0";"443.0"
"175310.0";"443.0";"443.0"
"175320.0";"443.0";"443.0"
"175330.0";"443.0";"443.0"
"175340.0";"443.0";"443.0"
"175350.0";"443.0";"443.0"
"175360.0";"443.0";"443.0"
"175370.0";"443.0";"443.0"
"175380.0";"443.0";"443.0"
"175390.0";"443.0";"443.0"
"175400.0";"443.0";"443.0"
"175410.0";"443.0";"443.0"
"175420.0";"443.0";"443.0"
"175430.0";"443.0";"443.0"
"175440.0";"443.0";"443.0"
"175450.0";"443.0";"443.0"
"175460.0";"443.0";"443.0"
"175470.0";"443.0";"443.0"
"175480.0";"443.0";"443.0"
"175490.0";"443.0";"443.0"
"175500.0";"443.0";"443.0"
"175510.0";"443.0";"443.0"
"175520.0";"443.0";"443.0"
"175530.0";"443.0";"443.0"
"175540.0";"443.0";"443.0"
"175550.0";"443.0";"443.0"
"175560.0";"443.0";"443.0"
"175570.0";"443.0";"443.0"
"175580.0";"443.0";"443.0"
"175590.0";"443.0";"443.0"
"175600.0";"443.0";"443.0"
"175610.0";"443.0";"443.0"
"175620.0";"443.0";"443.0"
"175630.0";"443.0";"443.0"
"175640.0";"443.0";"443.0"
"175650.0";"443.0";"443.0"
"175660.0";"443.0";"443.0"
"175670.0";"443.0";"443.0"
"175680.0";"443.0";"443.0"
"175690.0";"443.0";"443.0"
"175700.0";"443.0";"443.0"
"175710.0";"443.0";"443.0"
"175720.0";"443.0";"443.0"
"175730.0";"443.0";"443.0"
"175740.0";"443.0";"443.0"
"175750.0";"443.0";"443.0"
"175760.0";"443.0";"443.0"
"175770.0";"443.0";"443.0"
"175780.0";"443.0";"443.0"
"175790.0";"443.0";"443.0"
"175800.0";"443.0";"443.0"
"175810.0";"443.0";"443.0"
"175820.0";"443.0";"443.0"
"175830.0";"443.0";"443.0"
"175840.0";"443.0";"443.0"
"175850.0";"443.0";"443.0"
"175860.0";"443.0";"443.0"
"175870.0";"443.0";"443.0"
"175880.0";"443.0";"443.0"
"175890.0";"443.0";"443.0"
"175900.0";"443.0";"443.0"
"175910.0";"443.0";"443.0"
"175920.0";"443.0";"443.0"
"175930.0";"443.0";"443.0"
"175940.0";"443.0";"443.0"
"175950.0";"443.0";"443.0"
"175960.0";"443.0";"443.0"
"175970.0";"443.0";"443.0"
"175980.0";"443.0";"443.0"
"175990.0";"443.0";"443.0"
"176000.0";"443.0";"443.0"
"176010.0";"443.0";"443.0"
"176020.0";"443.0";"443.0"
"176030.0";"443.0";"443.0"
"176040.0";"443.0";"443.0"
"176050.0";"443.0";"443.0"
"176060.0";"443.0";"443.0"
"176070.0";"443.0";"443.0"
"176080.0";"443.0";"443.0"
"176090.0";"443.0";"443.0"
"176100.0";"443.0";"443.0"
"176110.0";"443.0";"443.0"
"176120.0";"443.0";"443.0"
"176130.0";"443.0";"443.0"
"176140.0";"443.0";"443.0"
"176150.0";"443.0";"443.0"
"176160.0";"443.0";"443.0"
"176170.0";"443.0";"443.0"
"176180.0";"443.0";"443.0"
"176190.0";"443.0";"443.0"
"176200.0";"443.0";"443.0"
"176210.0";"443.0";"443.0"
"176220.0";"443.0";"443.0"
"176230.0";"443.0";"443.0"
"176240.0";"443.0";"443.0"
"176250.0";"443.0";"443.0"
"176260.0";"443.0";"443.0"
"176270.0";"443.0";"443.0"
"176280.0";"443.0";"443.0"
"176290.0";"443.0";"443.0"
"176300.0";"443.0";"443.0"
"176310.0";"443.0";"443.0"
"176320.0";"443.0";"443.0"
"176330.0";"443.0";"443.0"
"176340.0";"443.0";"443.0"
"176350.0";"443.0";"443.0"
"176360.0";"443.0";"443.0"
"176370.0";"443.0";"443.0"
"176380.0";"443.0";"443.0"
"176390.0";"443.0";"443.0"
"176400.0";"443.0";"443.0"
"176410.0";"443.0";"443.0"
"176420.0";"443.0";"443.0"
"176430.0";"443.0";"443.0"
"176440.0";"443.0";"443.0"
"176450.0";"443.0";"443.0"
"176460.0";"443.0";"443.0"
"176470.0";"443.0";"443.0"
"176480.0";"443.0";"443.0"
"176490.0";"443.0";"443.0"
"176500.0";"443.0";"443.0"
"176510.0";"443.0";"443.0"
"176520.0";"443.0";"443.0"
"176530.0";"443.0";"443.0"
"176540.0";"443.0";"443.0"
"176550.0";"443.0";"443.0"
"176560.0";"443.0";"443.0"
"176570.0";"443.0";"443.0"
"176580.0";"443.0";"443.0"
"176590.0";"443.0";"443.0"
"176600.0";"443.0";"443.0"
"176610.0";"443.0";"443.0"
"176620.0";"443.0";"443.0"
"176630.0";"443.0";"443.0"
"176640.0";"443.0";"443.0"
"176650.0";"443.0";"443.0"
"176660.0";"443.0";"443.0"
"176670.0";"443.0";"443.0"
"176680.0";"443.0";"443.0"
"176690.0";"443.0";"443.0"
"176700.0";"443.0";"443.0"
"176710.0";"443.0";"443.0"
"176720.0";"443.0";"443.0"
"176730.0";"443.0";"443.0"
"176740.0";"443.0";"443.0"
"176750.0";"443.0";"443.0"
"176760.0";"443.0";"443.0"
"176770.0";"443.0";"443.0"
"176780.0";"443.0";"443.0"
"176790.0";"443.0";"443.0"
"176800.0";"443.0";"443.0"
"176810.0";"443.0";"443.0"
"176820.0";"443.0";"443.0"
"176830.0";"443.0";"443.0"
"176840.0";"443.0";"443.0"
"176850.0";"443.0";"443.0"
"176860.0";"443.0";"443.0"
"176870.0";"443.0";"443.0"
"176880.0";"443.0";"443.0"
"176890.0";"443.0";"443.0"
"176900.0";"443.0";"443.0"
"176910.0";"443.0";"443.0"
"176920.0";"443.0";"443.0"
"176930.0";"443.0";"443.0"
"176940.0";"443.0";"443.0"
"176950.0";"443.0";"443.0"
"176960.0";"443.0";"443.0"
"176970.0";"443.0";"443.0"
"176980.0";"443.0";"443.0"
"176990.0";"443.0";"443.0"
"177000.0";"443.0";"443.0"
"177010.0";"443.0";"443.0"
"177020.0";"443.0";"443.0"
"177030.0";"443.0";"443.0"
"177040.0";"443.0";"443.0"
"177050.0";"443.0";"443.0"
"177060.0";"443.0";"443.0"
"177070.0";"443.0";"443.0"
"177080.0";"443.0";"443.0"
"177090.0";"443.0";"443.0"
"177100.0";"443.0";"443.0"
"177110.0";"443.0";"443.0"
"177120.0";"443.0";"443.0"
"177130.0";"443.0";"443.0"
"177140.0";"443.0";"443.0"
"177150.0";"443.0";"443.0"
"177160.0";"443.0";"443.0"
"177170.0";"443.0";"443.0"
"177180.0";"443.0";"443.0"
"177190.0";"443.0";"443.0"
"177200.0";"443.0";"443.0"
"177210.0";"443.0";"443.0"
"177220.0";"443.0";"443.0"
"177230.0";"443.0";"443.0"
"177240.0";"443.0";"443.0"
"177250.0";"443.0";"443.0"
"177260.0";"443.0";"443.0"
"177270.0";"443.0";"443.0"
"177280.0";"443.0";"443.0"
"177290.0";"443.0";"443.0"
"177300.0";"443.0";"443.0"
"177310.0";"443.0";"443.0"
"177320.0";"443.0";"443.0"
"177330.0";"443.0";"443.0"
"177340.0";"443.0";"443.0"
"177350.0";"443.0";"443.0"
"177360.0";"443.0";"443.0"
"177370.0";"443.0";"443.0"
"177380.0";"443.0";"443.0"
"177390.0";"443.0";"443.0"
"177400.0";"443.0";"443.0"
"177410.0";"443.0";"443.0"
"177420.0";"443.0";"443.0"
"177430.0";"443.0";"443.0"
"177440.0";"443.0";"443.0"
"177450.0";"443.0";"443.0"
"177460.0";"443.0";"443.0"
"177470.0";"443.0";"443.0"
"177480.0";"443.0";"443.0"
"177490.0";"443.0";"443.0"
"177500.0";"443.0";"443.0"
"177510.0";"443.0";"443.0"
"177520.0";"443.0";"443.0"
"177530.0";"443.0";"443.0"
"177540.0";"443.0";"443.0"
"177550.0";"443.0";"443.0"
"177560.0";"443.0";"443.0"
"177570.0";"443.0";"443.0"
"177580.0";"443.0";"443.0"
"177590.0";"443.0";"443.0"
"177600.0";"443.0";"443.0"
"177610.0";"443.0";"443.0"
"177620.0";"443.0";"443.0"
"177630.0";"443.0";"443.0"
"177640.0";"443.0";"443.0"
"177650.0";"443.0";"443.0"
"177660.0";"443.0";"443.0"
"177670.0";"443.0";"443.0"
"177680.0";"443.0";"443.0"
"177690.0";"443.0";"443.0"
"177700.0";"443.0";"443.0"
"177710.0";"443.0";"443.0"
"177720.0";"443.0";"443.0"
"177730.0";"443.0";"443.0"
"177740.0";"443.0";"443.0"
"177750.0";"443.0";"443.0"
"177760.0";"443.0";"443.0"
"177770.0";"443.0";"443.0"
"177780.0";"443.0";"443.0"
"177790.0";"443.0";"443.0"
"177800.0";"443.0";"443.0"
"177810.0";"443.0";"443.0"
"177820.0";"443.0";"443.0"
"177830.0";"443.0";"443.0"
"177840.0";"443.0";"443.0"
"177850.0";"443.0";"443.0"
"177860.0";"443.0";"443.0"
"177870.0";"443.0";"443.0"
"177880.0";"443.0";"443.0"
"177890.0";"443.0";"443.0"
"177900.0";"443.0";"443.0"
"177910.0";"443.0";"443.0"
"177920.0";"443.0";"443.0"
"177930.0";"443.0";"443.0"
"177940.0";"443.0";"443.0"
"177950.0";"443.0";"443.0"
"177960.0";"443.0";"443.0"
"177970.0";"443.0";"443.0"
"177980.0";"443.0";"443.0"
"177990.0";"443.0";"443.0"
"178000.0";"443.0";"443.0"
"178010.0";"443.0";"443.0"
"178020.0";"443.0";"443.0"
"178030.0";"443.0";"443.0"
"178040.0";"443.0";"443.0"
"178050.0";"443.0";"443.0"
"178060.0";"443.0";"443.0"
"178070.0";"443.0";"443.0"
"178080.0";"443.0";"443.0"
"178090.0";"443.0";"443.0"
"178100.0";"443.0";"443.0"
"178110.0";"443.0";"443.0"
"178120.0";"443.0";"443.0"
"178130.0";"443.0";"443.0"
"178140.0";"443.0";"443.0"
"178150.0";"443.0";"443.0"
"178160.0";"443.0";"443.0"
"178170.0";"443.0";"443.0"
"178180.0";"443.0";"443.0"
"178190.0";"443.0";"443.0"
"178200.0";"443.0";"443.0"
"178210.0";"443.0";"443.0"
"178220.0";"443.0";"443.0"
"178230.0";"443.0";"443.0"
"178240.0";"443.0";"443.0"
"178250.0";"443.0";"443.0"
"178260.0";"443.0";"443.0"
"178270.0";"443.0";"443.0"
"178280.0";"443.0";"443.0"
"178290.0";"443.0";"443.0"
"178300.0";"443.0";"443.0"
"178310.0";"443.0";"443.0"
"178320.0";"443.0";"443.0"
"178330.0";"443.0";"443.0"
"178340.0";"443.0";"443.0"
"178350.0";"443.0";"443.0"
"178360.0";"443.0";"443.0"
"178370.0";"443.0";"443.0"
"178380.0";"443.0";"443.0"
"178390.0";"443.0";"443.0"
"178400.0";"443.0";"443.0"
"178410.0";"443.0";"443.0"
"178420.0";"443.0";"443.0"
"178430.0";"443.0";"443.0"
"178440.0";"443.0";"443.0"
"178450.0";"443.0";"443.0"
"178460.0";"443.0";"443.0"
"178470.0";"443.0";"443.0"
"178480.0";"443.0";"443.0"
"178490.0";"443.0";"443.0"
"178500.0";"443.0";"443.0"
"178510.0";"443.0";"443.0"
"178520.0";"443.0";"443.0"
"178530.0";"443.0";"443.0"
"178540.0";"443.0";"443.0"
"178550.0";"443.0";"443.0"
"178560.0";"443.0";"443.0"
"178570.0";"443.0";"443.0"
"178580.0";"443.0";"443.0"
"178590.0";"443.0";"443.0"
"178600.0";"443.0";"443.0"
"178610.0";"443.0";"443.0"
"178620.0";"443.0";"443.0"
"178630.0";"443.0";"443.0"
"178640.0";"443.0";"443.0"
"178650.0";"443.0";"443.0"
"178660.0";"443.0";"443.0"
"178670.0";"443.0";"443.0"
"178680.0";"443.0";"443.0"
"178690.0";"443.0";"443.0"
"178700.0";"443.0";"443.0"
"178710.0";"443.0";"443.0"
"178720.0";"443.0";"443.0"
"178730.0";"443.0";"443.0"
"178740.0";"443.0";"443.0"
"178750.0";"443.0";"443.0"
"178760.0";"443.0";"443.0"
"178770.0";"443.0";"443.0"
"178780.0";"443.0";"443.0"
"178790.0";"443.0";"443.0"
"178800.0";"443.0";"443.0"
"178810.0";"443.0";"443.0"
"178820.0";"443.0";"443.0"
"178830.0";"443.0";"443.0"
"178840.0";"443.0";"443.0"
"178850.0";"443.0";"443.0"
"178860.0";"443.0";"443.0"
"178870.0";"443.0";"443.0"
"178880.0";"443.0";"443.0"
"178890.0";"443.0";"443.0"
"178900.0";"443.0";"443.0"
"178910.0";"443.0";"443.0"
"178920.0";"443.0";"443.0"
"178930.0";"443.0";"443.0"
"178940.0";"443.0";"443.0"
"178950.0";"443.0";"443.0"
"178960.0";"443.0";"443.0"
"178970.0";"443.0";"443.0"
"178980.0";"443.0";"443.0"
"178990.0";"443.0";"443.0"
"179000.0";"443.0";"443.0"
"179010.0";"443.0";"443.0"
"179020.0";"443.0";"443.0"
"179030.0";"443.0";"443.0"
"179040.0";"443.0";"443.0"
"179050.0";"443.0";"443.0"
"179060.0";"443.0";"443.0"
"179070.0";"443.0";"443.0"
"179080.0";"443.0";"443.0"
"179090.0";"443.0";"443.0"
"179100.0";"443.0";"443.0"
"179110.0";"443.0";"443.0"
"179120.0";"443.0";"443.0"
"179130.0";"443.0";"443.0"
"179140.0";"443.0";"443.0"
"179150.0";"443.0";"443.0"
"179160.0";"443.0";"443.0"
"179170.0";"443.0";"443.0"
"179180.0";"443.0";"443.0"
"179190.0";"443.0";"443.0"
"179200.0";"443.0";"443.0"
"179210.0";"443.0";"443.0"
"179220.0";"443.0";"443.0"
"179230.0";"443.0";"443.0"
"179240.0";"443.0";"443.0"
"179250.0";"443.0";"443.0"
"179260.0";"443.0";"443.0"
"179270.0";"443.0";"443.0"
"179280.0";"443.0";"443.0"
"179290.0";"443.0";"443.0"
"179300.0";"443.0";"443.0"
"179310.0";"443.0";"443.0"
"179320.0";"443.0";"443.0"
"179330.0";"443.0";"443.0"
"179340.0";"443.0";"443.0"
"179350.0";"443.0";"443.0"
"179360.0";"443.0";"443.0"
"179370.0";"443.0";"443.0"
"179380.0";"443.0";"443.0"
"179390.0";"443.0";"443.0"
"179400.0";"443.0";"443.0"
"179410.0";"443.0";"443.0"
"179420.0";"443.0";"443.0"
"179430.0";"443.0";"443.0"
"179440.0";"443.0";"443.0"
"179450.0";"443.0";"443.0"
"179460.0";"443.0";"443.0"
"179470.0";"443.0";"443.0"
"179480.0";"443.0";"443.0"
"179490.0";"443.0";"443.0"
"179500.0";"443.0";"443.0"
"179510.0";"443.0";"443.0"
"179520.0";"443.0";"443.0"
"179530.0";"443.0";"443.0"
"179540.0";"443.0";"443.0"
"179550.0";"443.0";"443.0"
"179560.0";"443.0";"443.0"
"179570.0";"443.0";"443.0"
"179580.0";"443.0";"443.0"
"179590.0";"443.0";"443.0"
"179600.0";"443.0";"443.0"
"179610.0";"443.0";"443.0"
"179620.0";"443.0";"443.0"
"179630.0";"443.0";"443.0"
"179640.0";"443.0";"443.0"
"179650.0";"443.0";"443.0"
"179660.0";"443.0";"443.0"
"179670.0";"443.0";"443.0"
"179680.0";"443.0";"443.0"
"179690.0";"443.0";"443.0"
"179700.0";"443.0";"443.0"
"179710.0";"443.0";"443.0"
"179720.0";"443.0";"443.0"
"179730.0";"443.0";"443.0"
"179740.0";"443.0";"443.0"
"179750.0";"443.0";"443.0"
"179760.0";"443.0";"443.0"
"179770.0";"443.0";"443.0"
"179780.0";"443.0";"443.0"
"179790.0";"443.0";"443.0"
"179800.0";"443.0";"443.0"
"179810.0";"443.0";"443.0"
"179820.0";"443.0";"443.0"
"179830.0";"443.0";"443.0"
"179840.0";"443.0";"443.0"
"179850.0";"443.0";"443.0"
"179860.0";"443.0";"443.0"
"179870.0";"443.0";"443.0"
"179880.0";"443.0";"443.0"
"179890.0";"443.0";"443.0"
"179900.0";"443.0";"443.0"
"179910.0";"443.0";"443.0"
"179920.0";"443.0";"443.0"
"179930.0";"443.0";"443.0"
"179940.0";"443.0";"443.0"
"179950.0";"443.0";"443.0"
"179960.0";"443.0";"443.0"
"179970.0";"443.0";"443.0"
"179980.0";"443.0";"443.0"
"179990.0";"443.0";"443.0"
"180000.0";"443.0";"443.0"
"180010.0";"443.0";"443.0"
"180020.0";"443.0";"443.0"
"180030.0";"443.0";"443.0"
"180040.0";"443.0";"443.0"
"180050.0";"443.0";"443.0"
"180060.0";"443.0";"443.0"
"180070.0";"443.0";"443.0"
"180080.0";"443.0";"443.0"
"180090.0";"443.0";"443.0"
"180100.0";"443.0";"443.0"
"180110.0";"443.0";"443.0"
"180120.0";"443.0";"443.0"
"180130.0";"443.0";"443.0"
"180140.0";"443.0";"443.0"
"180150.0";"443.0";"443.0"
"180160.0";"443.0";"443.0"
"180170.0";"443.0";"443.0"
"180180.0";"443.0";"443.0"
"180190.0";"443.0";"443.0"
"180200.0";"443.0";"443.0"
"180210.0";"443.0";"443.0"
"180220.0";"443.0";"443.0"
"180230.0";"443.0";"443.0"
"180240.0";"443.0";"443.0"
"180250.0";"443.0";"443.0"
"180260.0";"443.0";"443.0"
"180270.0";"443.0";"443.0"
"180280.0";"443.0";"443.0"
"180290.0";"443.0";"443.0"
"180300.0";"443.0";"443.0"
"180310.0";"443.0";"443.0"
"180320.0";"443.0";"443.0"
"180330.0";"443.0";"443.0"
"180340.0";"443.0";"443.0"
"180350.0";"443.0";"443.0"
"180360.0";"443.0";"443.0"
"180370.0";"443.0";"443.0"
"180380.0";"443.0";"443.0"
"180390.0";"443.0";"443.0"
"180400.0";"443.0";"443.0"
"180410.0";"443.0";"443.0"
"180420.0";"443.0";"443.0"
"180430.0";"443.0";"443.0"
"180440.0";"443.0";"443.0"
"180450.0";"443.0";"443.0"
"180460.0";"443.0";"443.0"
"180470.0";"443.0";"443.0"
"180480.0";"443.0";"443.0"
"180490.0";"443.0";"443.0"
"180500.0";"443.0";"443.0"
"180510.0";"443.0";"443.0"
"180520.0";"443.0";"443.0"
"180530.0";"443.0";"443.0"
"180540.0";"443.0";"443.0"
"180550.0";"443.0";"443.0"
"180560.0";"443.0";"443.0"
"180570.0";"443.0";"443.0"
"180580.0";"443.0";"443.0"
"180590.0";"443.0";"443.0"
"180600.0";"443.0";"443.0"
"180610.0";"443.0";"443.0"
"180620.0";"443.0";"443.0"
"180630.0";"443.0";"443.0"
"180640.0";"443.0";"443.0"
"180650.0";"443.0";"443.0"
"180660.0";"443.0";"443.0"
"180670.0";"443.0";"443.0"
"180680.0";"443.0";"443.0"
"180690.0";"443.0";"443.0"
"180700.0";"443.0";"443.0"
"180710.0";"443.0";"443.0"
"180720.0";"443.0";"443.0"
"180730.0";"443.0";"443.0"
"180740.0";"443.0";"443.0"
"180750.0";"443.0";"443.0"
"180760.0";"443.0";"443.0"
"180770.0";"443.0";"443.0"
"180780.0";"443.0";"443.0"
"180790.0";"443.0";"443.0"
"180800.0";"443.0";"443.0"
"180810.0";"443.0";"443.0"
"180820.0";"443.0";"443.0"
"180830.0";"443.0";"443.0"
"180840.0";"443.0";"443.0"
"180850.0";"443.0";"443.0"
"180860.0";"443.0";"443.0"
"180870.0";"443.0";"443.0"
"180880.0";"443.0";"443.0"
"180890.0";"443.0";"443.0"
"180900.0";"443.0";"443.0"
"180910.0";"443.0";"443.0"
"180920.0";"443.0";"443.0"
"180930.0";"443.0";"443.0"
"180940.0";"443.0";"443.0"
"180950.0";"443.0";"443.0"
"180960.0";"443.0";"443.0"
"180970.0";"443.0";"443.0"
"180980.0";"443.0";"443.0"
"180990.0";"443.0";"443.0"
"181000.0";"443.0";"443.0"
"181010.0";"443.0";"443.0"
"181020.0";"443.0";"443.0"
"181030.0";"443.0";"443.0"
"181040.0";"443.0";"443.0"
"181050.0";"443.0";"443.0"
"181060.0";"443.0";"443.0"
"181070.0";"443.0";"443.0"
"181080.0";"443.0";"443.0"
"181090.0";"443.0";"443.0"
"181100.0";"443.0";"443.0"
"181110.0";"443.0";"443.0"
"181120.0";"443.0";"443.0"
"181130.0";"443.0";"443.0"
"181140.0";"443.0";"443.0"
"181150.0";"443.0";"443.0"
"181160.0";"443.0";"443.0"
"181170.0";"443.0";"443.0"
"181180.0";"443.0";"443.0"
"181190.0";"443.0";"443.0"
"181200.0";"443.0";"443.0"
"181210.0";"443.0";"443.0"
"181220.0";"443.0";"443.0"
"181230.0";"443.0";"443.0"
"181240.0";"443.0";"443.0"
"181250.0";"443.0";"443.0"
"181260.0";"443.0";"443.0"
"181270.0";"443.0";"443.0"
"181280.0";"443.0";"443.0"
"181290.0";"443.0";"443.0"
"181300.0";"443.0";"443.0"
"181310.0";"443.0";"443.0"
"181320.0";"443.0";"443.0"
"181330.0";"443.0";"443.0"
"181340.0";"443.0";"443.0"
"181350.0";"443.0";"443.0"
"181360.0";"443.0";"443.0"
"181370.0";"443.0";"443.0"
"181380.0";"443.0";"443.0"
"181390.0";"443.0";"443.0"
"181400.0";"443.0";"443.0"
"181410.0";"443.0";"443.0"
"181420.0";"443.0";"443.0"
"181430.0";"443.0";"443.0"
"181440.0";"443.0";"443.0"
"181450.0";"443.0";"443.0"
"181460.0";"443.0";"443.0"
"181470.0";"443.0";"443.0"
"181480.0";"443.0";"443.0"
"181490.0";"443.0";"443.0"
"181500.0";"443.0";"443.0"
"181510.0";"443.0";"443.0"
"181520.0";"443.0";"443.0"
"181530.0";"443.0";"443.0"
"181540.0";"443.0";"443.0"
"181550.0";"443.0";"443.0"
"181560.0";"443.0";"443.0"
"181570.0";"443.0";"443.0"
"181580.0";"443.0";"443.0"
"181590.0";"443.0";"443.0"
"181600.0";"443.0";"443.0"
"181610.0";"443.0";"443.0"
"181620.0";"443.0";"443.0"
"181630.0";"443.0";"443.0"
"181640.0";"443.0";"443.0"
"181650.0";"443.0";"443.0"
"181660.0";"443.0";"443.0"
"181670.0";"443.0";"443.0"
"181680.0";"443.0";"443.0"
"181690.0";"443.0";"443.0"
"181700.0";"443.0";"443.0"
"181710.0";"443.0";"443.0"
"181720.0";"443.0";"443.0"
"181730.0";"443.0";"443.0"
"181740.0";"443.0";"443.0"
"181750.0";"443.0";"443.0"
"181760.0";"443.0";"443.0"
"181770.0";"443.0";"443.0"
"181780.0";"443.0";"443.0"
"181790.0";"443.0";"443.0"
"181800.0";"443.0";"443.0"
"181810.0";"443.0";"443.0"
"181820.0";"443.0";"443.0"
"181830.0";"443.0";"443.0"
"181840.0";"443.0";"443.0"
"181850.0";"443.0";"443.0"
"181860.0";"443.0";"443.0"
"181870.0";"443.0";"443.0"
"181880.0";"443.0";"443.0"
"181890.0";"443.0";"443.0"
"181900.0";"443.0";"443.0"
"181910.0";"443.0";"443.0"
"181920.0";"443.0";"443.0"
"181930.0";"443.0";"443.0"
"181940.0";"443.0";"443.0"
"181950.0";"443.0";"443.0"
"181960.0";"443.0";"443.0"
"181970.0";"443.0";"443.0"
"181980.0";"443.0";"443.0"
"181990.0";"443.0";"443.0"
"182000.0";"443.0";"443.0"
"182010.0";"443.0";"443.0"
"182020.0";"443.0";"443.0"
"182030.0";"443.0";"443.0"
"182040.0";"443.0";"443.0"
"182050.0";"443.0";"443.0"
"182060.0";"443.0";"443.0"
"182070.0";"443.0";"443.0"
"182080.0";"443.0";"443.0"
"182090.0";"443.0";"443.0"
"182100.0";"443.0";"443.0"
"182110.0";"443.0";"443.0"
"182120.0";"443.0";"443.0"
"182130.0";"443.0";"443.0"
"182140.0";"443.0";"443.0"
"182150.0";"443.0";"443.0"
"182160.0";"443.0";"443.0"
"182170.0";"443.0";"443.0"
"182180.0";"443.0";"443.0"
"182190.0";"443.0";"443.0"
"182200.0";"443.0";"443.0"
"182210.0";"443.0";"443.0"
"182220.0";"443.0";"443.0"
"182230.0";"443.0";"443.0"
"182240.0";"443.0";"443.0"
"182250.0";"443.0";"443.0"
"182260.0";"443.0";"443.0"
"182270.0";"443.0";"443.0"
"182280.0";"443.0";"443.0"
"182290.0";"443.0";"443.0"
"182300.0";"443.0";"443.0"
"182310.0";"443.0";"443.0"
"182320.0";"443.0";"443.0"
"182330.0";"443.0";"443.0"
"182340.0";"443.0";"443.0"
"182350.0";"443.0";"443.0"
"182360.0";"443.0";"443.0"
"182370.0";"443.0";"443.0"
"182380.0";"443.0";"443.0"
"182390.0";"443.0";"443.0"
"182400.0";"443.0";"443.0"
"182410.0";"443.0";"443.0"
"182420.0";"443.0";"443.0"
"182430.0";"443.0";"443.0"
"182440.0";"443.0";"443.0"
"182450.0";"443.0";"443.0"
"182460.0";"443.0";"443.0"
"182470.0";"443.0";"443.0"
"182480.0";"443.0";"443.0"
"182490.0";"443.0";"443.0"
"182500.0";"443.0";"443.0"
"182510.0";"443.0";"443.0"
"182520.0";"443.0";"443.0"
"182530.0";"443.0";"443.0"
"182540.0";"443.0";"443.0"
"182550.0";"443.0";"443.0"
"182560.0";"443.0";"443.0"
"182570.0";"443.0";"443.0"
"182580.0";"443.0";"443.0"
"182590.0";"443.0";"443.0"
"182600.0";"443.0";"443.0"
"182610.0";"443.0";"443.0"
"182620.0";"443.0";"443.0"
"182630.0";"443.0";"443.0"
"182640.0";"443.0";"443.0"
"182650.0";"443.0";"443.0"
"182660.0";"443.0";"443.0"
"182670.0";"443.0";"443.0"
"182680.0";"443.0";"443.0"
"182690.0";"443.0";"443.0"
"182700.0";"443.0";"443.0"
"182710.0";"443.0";"443.0"
"182720.0";"443.0";"443.0"
"182730.0";"443.0";"443.0"
"182740.0";"443.0";"443.0"
"182750.0";"443.0";"443.0"
"182760.0";"443.0";"443.0"
"182770.0";"443.0";"443.0"
"182780.0";"443.0";"443.0"
"182790.0";"443.0";"443.0"
"182800.0";"443.0";"443.0"
"182810.0";"443.0";"443.0"
"182820.0";"443.0";"443.0"
"182830.0";"443.0";"443.0"
"182840.0";"443.0";"443.0"
"182850.0";"443.0";"443.0"
"182860.0";"443.0";"443.0"
"182870.0";"443.0";"443.0"
"182880.0";"443.0";"443.0"
"182890.0";"443.0";"443.0"
"182900.0";"443.0";"443.0"
"182910.0";"443.0";"443.0"
"182920.0";"443.0";"443.0"
"182930.0";"443.0";"443.0"
"182940.0";"443.0";"443.0"
"182950.0";"443.0";"443.0"
"182960.0";"443.0";"443.0"
"182970.0";"443.0";"443.0"
"182980.0";"443.0";"443.0"
"182990.0";"443.0";"443.0"
"183000.0";"443.0";"443.0"
"183010.0";"443.0";"443.0"
"183020.0";"443.0";"443.0"
"183030.0";"443.0";"443.0"
"183040.0";"443.0";"443.0"
"183050.0";"443.0";"443.0"
"183060.0";"443.0";"443.0"
"183070.0";"443.0";"443.0"
"183080.0";"443.0";"443.0"
"183090.0";"443.0";"443.0"
"183100.0";"443.0";"443.0"
"183110.0";"443.0";"443.0"
"183120.0";"443.0";"443.0"
"183130.0";"443.0";"443.0"
"183140.0";"443.0";"443.0"
"183150.0";"443.0";"443.0"
"183160.0";"443.0";"443.0"
"183170.0";"443.0";"443.0"
"183180.0";"443.0";"443.0"
"183190.0";"443.0";"443.0"
"183200.0";"443.0";"443.0"
"183210.0";"443.0";"443.0"
"183220.0";"443.0";"443.0"
"183230.0";"443.0";"443.0"
"183240.0";"443.0";"443.0"
"183250.0";"443.0";"443.0"
"183260.0";"443.0";"443.0"
"183270.0";"443.0";"443.0"
"183280.0";"443.0";"443.0"
"183290.0";"443.0";"443.0"
"183300.0";"443.0";"443.0"
"183310.0";"443.0";"443.0"
"183320.0";"443.0";"443.0"
"183330.0";"443.0";"443.0"
"183340.0";"443.0";"443.0"
"183350.0";"443.0";"443.0"
"183360.0";"443.0";"443.0"
"183370.0";"443.0";"443.0"
"183380.0";"443.0";"443.0"
"183390.0";"443.0";"443.0"
"183400.0";"443.0";"443.0"
"183410.0";"443.0";"443.0"
"183420.0";"443.0";"443.0"
"183430.0";"443.0";"443.0"
"183440.0";"443.0";"443.0"
"183450.0";"443.0";"443.0"
"183460.0";"443.0";"443.0"
"183470.0";"443.0";"443.0"
"183480.0";"443.0";"443.0"
"183490.0";"443.0";"443.0"
"183500.0";"443.0";"443.0"
"183510.0";"443.0";"443.0"
"183520.0";"443.0";"443.0"
"183530.0";"443.0";"443.0"
"183540.0";"443.0";"443.0"
"183550.0";"443.0";"443.0"
"183560.0";"443.0";"443.0"
"183570.0";"443.0";"443.0"
"183580.0";"443.0";"443.0"
"183590.0";"443.0";"443.0"
"183600.0";"443.0";"443.0"
"183610.0";"443.0";"443.0"
"183620.0";"443.0";"443.0"
"183630.0";"443.0";"443.0"
"183640.0";"443.0";"443.0"
"183650.0";"443.0";"443.0"
"183660.0";"443.0";"443.0"
"183670.0";"443.0";"443.0"
"183680.0";"443.0";"443.0"
"183690.0";"443.0";"443.0"
"183700.0";"443.0";"443.0"
"183710.0";"443.0";"443.0"
"183720.0";"443.0";"443.0"
"183730.0";"443.0";"443.0"
"183740.0";"443.0";"443.0"
"183750.0";"443.0";"443.0"
"183760.0";"443.0";"443.0"
"183770.0";"443.0";"443.0"
"183780.0";"443.0";"443.0"
"183790.0";"443.0";"443.0"
"183800.0";"443.0";"443.0"
"183810.0";"443.0";"443.0"
"183820.0";"443.0";"443.0"
"183830.0";"443.0";"443.0"
"183840.0";"443.0";"443.0"
"183850.0";"443.0";"443.0"
"183860.0";"443.0";"443.0"
"183870.0";"443.0";"443.0"
"183880.0";"443.0";"443.0"
"183890.0";"443.0";"443.0"
"183900.0";"443.0";"443.0"
"183910.0";"443.0";"443.0"
"183920.0";"443.0";"443.0"
"183930.0";"443.0";"443.0"
"183940.0";"443.0";"443.0"
"183950.0";"443.0";"443.0"
"183960.0";"443.0";"443.0"
"183970.0";"443.0";"443.0"
"183980.0";"443.0";"443.0"
"183990.0";"443.0";"443.0"
"184000.0";"443.0";"443.0"
"184010.0";"443.0";"443.0"
"184020.0";"443.0";"443.0"
"184030.0";"443.0";"443.0"
"184040.0";"443.0";"443.0"
"184050.0";"443.0";"443.0"
"184060.0";"443.0";"443.0"
"184070.0";"443.0";"443.0"
"184080.0";"443.0";"443.0"
"184090.0";"443.0";"443.0"
"184100.0";"443.0";"443.0"
"184110.0";"443.0";"443.0"
"184120.0";"443.0";"443.0"
"184130.0";"443.0";"443.0"
"184140.0";"443.0";"443.0"
"184150.0";"443.0";"443.0"
"184160.0";"443.0";"443.0"
"184170.0";"443.0";"443.0"
"184180.0";"443.0";"443.0"
"184190.0";"443.0";"443.0"
"184200.0";"443.0";"443.0"
"184210.0";"443.0";"443.0"
"184220.0";"443.0";"443.0"
"184230.0";"443.0";"443.0"
"184240.0";"443.0";"443.0"
"184250.0";"443.0";"443.0"
"184260.0";"443.0";"443.0"
"184270.0";"443.0";"443.0"
"184280.0";"443.0";"443.0"
"184290.0";"443.0";"443.0"
"184300.0";"443.0";"443.0"
"184310.0";"443.0";"443.0"
"184320.0";"443.0";"443.0"
"184330.0";"443.0";"443.0"
"184340.0";"443.0";"443.0"
"184350.0";"443.0";"443.0"
"184360.0";"443.0";"443.0"
"184370.0";"443.0";"443.0"
"184380.0";"443.0";"443.0"
"184390.0";"443.0";"443.0"
"184400.0";"443.0";"443.0"
"184410.0";"443.0";"443.0"
"184420.0";"443.0";"443.0"
"184430.0";"443.0";"443.0"
"184440.0";"443.0";"443.0"
"184450.0";"443.0";"443.0"
"184460.0";"443.0";"443.0"
"184470.0";"443.0";"443.0"
"184480.0";"443.0";"443.0"
"184490.0";"443.0";"443.0"
"184500.0";"443.0";"443.0"
"184510.0";"443.0";"443.0"
"184520.0";"443.0";"443.0"
"184530.0";"443.0";"443.0"
"184540.0";"443.0";"443.0"
"184550.0";"443.0";"443.0"
"184560.0";"443.0";"443.0"
"184570.0";"443.0";"443.0"
"184580.0";"443.0";"443.0"
"184590.0";"443.0";"443.0"
"184600.0";"443.0";"443.0"
"184610.0";"443.0";"443.0"
"184620.0";"443.0";"443.0"
"184630.0";"443.0";"443.0"
"184640.0";"443.0";"443.0"
"184650.0";"443.0";"443.0"
"184660.0";"443.0";"443.0"
"184670.0";"443.0";"443.0"
"184680.0";"443.0";"443.0"
"184690.0";"443.0";"443.0"
"184700.0";"443.0";"443.0"
"184710.0";"443.0";"443.0"
"184720.0";"443.0";"443.0"
"184730.0";"443.0";"443.0"
"184740.0";"443.0";"443.0"
"184750.0";"443.0";"443.0"
"184760.0";"443.0";"443.0"
"184770.0";"443.0";"443.0"
"184780.0";"443.0";"443.0"
"184790.0";"443.0";"443.0"
"184800.0";"443.0";"443.0"
"184810.0";"443.0";"443.0"
"184820.0";"443.0";"443.0"
"184830.0";"443.0";"443.0"
"184840.0";"443.0";"443.0"
"184850.0";"443.0";"443.0"
"184860.0";"443.0";"443.0"
"184870.0";"443.0";"443.0"
"184880.0";"443.0";"443.0"
"184890.0";"443.0";"443.0"
"184900.0";"443.0";"443.0"
"184910.0";"443.0";"443.0"
"184920.0";"443.0";"443.0"
"184930.0";"443.0";"443.0"
"184940.0";"443.0";"443.0"
"184950.0";"443.0";"443.0"
"184960.0";"443.0";"443.0"
"184970.0";"443.0";"443.0"
"184980.0";"443.0";"443.0"
"184990.0";"443.0";"443.0"
"185000.0";"443.0";"443.0"
"185010.0";"443.0";"443.0"
"185020.0";"443.0";"443.0"
"185030.0";"443.0";"443.0"
"185040.0";"443.0";"443.0"
"185050.0";"443.0";"443.0"
"185060.0";"443.0";"443.0"
"185070.0";"443.0";"443.0"
"185080.0";"443.0";"443.0"
"185090.0";"443.0";"443.0"
"185100.0";"443.0";"443.0"
"185110.0";"443.0";"443.0"
"185120.0";"443.0";"443.0"
"185130.0";"443.0";"443.0"
"185140.0";"443.0";"443.0"
"185150.0";"443.0";"443.0"
"185160.0";"443.0";"443.0"
"185170.0";"443.0";"443.0"
"185180.0";"443.0";"443.0"
"185190.0";"443.0";"443.0"
"185200.0";"443.0";"443.0"
"185210.0";"443.0";"443.0"
"185220.0";"443.0";"443.0"
"185230.0";"443.0";"443.0"
"185240.0";"443.0";"443.0"
"185250.0";"443.0";"443.0"
"185260.0";"443.0";"443.0"
"185270.0";"443.0";"443.0"
"185280.0";"443.0";"443.0"
"185290.0";"443.0";"443.0"
"185300.0";"443.0";"443.0"
"185310.0";"443.0";"443.0"
"185320.0";"443.0";"443.0"
"185330.0";"443.0";"443.0"
"185340.0";"443.0";"443.0"
"185350.0";"443.0";"443.0"
"185360.0";"443.0";"443.0"
"185370.0";"443.0";"443.0"
"185380.0";"443.0";"443.0"
"185390.0";"443.0";"443.0"
"185400.0";"443.0";"443.0"
"185410.0";"443.0";"443.0"
"185420.0";"443.0";"443.0"
"185430.0";"443.0";"443.0"
"185440.0";"443.0";"443.0"
"185450.0";"443.0";"443.0"
"185460.0";"443.0";"443.0"
"185470.0";"443.0";"443.0"
"185480.0";"443.0";"443.0"
"185490.0";"443.0";"443.0"
"185500.0";"443.0";"443.0"
"185510.0";"443.0";"443.0"
"185520.0";"443.0";"443.0"
"185530.0";"443.0";"443.0"
"185540.0";"443.0";"443.0"
"185550.0";"443.0";"443.0"
"185560.0";"443.0";"443.0"
"185570.0";"443.0";"443.0"
"185580.0";"443.0";"443.0"
"185590.0";"443.0";"443.0"
"185600.0";"443.0";"443.0"
"185610.0";"443.0";"443.0"
"185620.0";"443.0";"443.0"
"185630.0";"443.0";"443.0"
"185640.0";"443.0";"443.0"
"185650.0";"443.0";"443.0"
"185660.0";"443.0";"443.0"
"185670.0";"443.0";"443.0"
"185680.0";"443.0";"443.0"
"185690.0";"443.0";"443.0"
"185700.0";"443.0";"443.0"
"185710.0";"443.0";"443.0"
"185720.0";"443.0";"443.0"
"185730.0";"443.0";"443.0"
"185740.0";"443.0";"443.0"
"185750.0";"443.0";"443.0"
"185760.0";"443.0";"443.0"
"185770.0";"443.0";"443.0"
"185780.0";"443.0";"443.0"
"185790.0";"443.0";"443.0"
"185800.0";"443.0";"443.0"
"185810.0";"443.0";"443.0"
"185820.0";"443.0";"443.0"
"185830.0";"443.0";"443.0"
"185840.0";"443.0";"443.0"
"185850.0";"443.0";"443.0"
"185860.0";"443.0";"443.0"
"185870.0";"443.0";"443.0"
"185880.0";"443.0";"443.0"
"185890.0";"443.0";"443.0"
"185900.0";"443.0";"443.0"
"185910.0";"443.0";"443.0"
"185920.0";"443.0";"443.0"
"185930.0";"443.0";"443.0"
"185940.0";"443.0";"443.0"
"185950.0";"443.0";"443.0"
"185960.0";"443.0";"443.0"
"185970.0";"443.0";"443.0"
"185980.0";"443.0";"443.0"
"185990.0";"443.0";"443.0"
"186000.0";"443.0";"443.0"
"186010.0";"443.0";"443.0"
"186020.0";"443.0";"443.0"
"186030.0";"443.0";"443.0"
"186040.0";"443.0";"443.0"
"186050.0";"443.0";"443.0"
"186060.0";"443.0";"443.0"
"186070.0";"443.0";"443.0"
"186080.0";"443.0";"443.0"
"186090.0";"443.0";"443.0"
"186100.0";"443.0";"443.0"
"186110.0";"443.0";"443.0"
"186120.0";"443.0";"443.0"
"186130.0";"443.0";"443.0"
"186140.0";"443.0";"443.0"
"186150.0";"443.0";"443.0"
"186160.0";"443.0";"443.0"
"186170.0";"443.0";"443.0"
"186180.0";"443.0";"443.0"
"186190.0";"443.0";"443.0"
"186200.0";"443.0";"443.0"
"186210.0";"443.0";"443.0"
"186220.0";"443.0";"443.0"
"186230.0";"443.0";"443.0"
"186240.0";"443.0";"443.0"
"186250.0";"443.0";"443.0"
"186260.0";"443.0";"443.0"
"186270.0";"443.0";"443.0"
"186280.0";"443.0";"443.0"
"186290.0";"443.0";"443.0"
"186300.0";"443.0";"443.0"
"186310.0";"443.0";"443.0"
"186320.0";"443.0";"443.0"
"186330.0";"443.0";"443.0"
"186340.0";"443.0";"443.0"
"186350.0";"443.0";"443.0"
"186360.0";"443.0";"443.0"
"186370.0";"443.0";"443.0"
"186380.0";"443.0";"443.0"
"186390.0";"443.0";"443.0"
"186400.0";"443.0";"443.0"
"186410.0";"443.0";"443.0"
"186420.0";"443.0";"443.0"
"186430.0";"443.0";"443.0"
"186440.0";"443.0";"443.0"
"186450.0";"443.0";"443.0"
"186460.0";"443.0";"443.0"
"186470.0";"443.0";"443.0"
"186480.0";"443.0";"443.0"
"186490.0";"443.0";"443.0"
"186500.0";"443.0";"443.0"
"186510.0";"443.0";"443.0"
"186520.0";"443.0";"443.0"
"186530.0";"443.0";"443.0"
"186540.0";"443.0";"443.0"
"186550.0";"443.0";"443.0"
"186560.0";"443.0";"443.0"
"186570.0";"443.0";"443.0"
"186580.0";"443.0";"443.0"
"186590.0";"443.0";"443.0"
"186600.0";"443.0";"443.0"
"186610.0";"443.0";"443.0"
"186620.0";"443.0";"443.0"
"186630.0";"443.0";"443.0"
"186640.0";"443.0";"443.0"
"186650.0";"443.0";"443.0"
"186660.0";"443.0";"443.0"
"186670.0";"443.0";"443.0"
"186680.0";"443.0";"443.0"
"186690.0";"443.0";"443.0"
"186700.0";"443.0";"443.0"
"186710.0";"443.0";"443.0"
"186720.0";"443.0";"443.0"
"186730.0";"443.0";"443.0"
"186740.0";"443.0";"443.0"
"186750.0";"443.0";"443.0"
"186760.0";"443.0";"443.0"
"186770.0";"443.0";"443.0"
"186780.0";"443.0";"443.0"
"186790.0";"443.0";"443.0"
"186800.0";"443.0";"443.0"
"186810.0";"443.0";"443.0"
"186820.0";"443.0";"443.0"
"186830.0";"443.0";"443.0"
"186840.0";"443.0";"443.0"
"186850.0";"443.0";"443.0"
"186860.0";"443.0";"443.0"
"186870.0";"443.0";"443.0"
"186880.0";"443.0";"443.0"
"186890.0";"443.0";"443.0"
"186900.0";"443.0";"443.0"
"186910.0";"443.0";"443.0"
"186920.0";"443.0";"443.0"
"186930.0";"443.0";"443.0"
"186940.0";"443.0";"443.0"
"186950.0";"443.0";"443.0"
"186960.0";"443.0";"443.0"
"186970.0";"443.0";"443.0"
"186980.0";"443.0";"443.0"
"186990.0";"443.0";"443.0"
"187000.0";"443.0";"443.0"
"187010.0";"443.0";"443.0"
"187020.0";"443.0";"443.0"
"187030.0";"443.0";"443.0"
"187040.0";"443.0";"443.0"
"187050.0";"443.0";"443.0"
"187060.0";"443.0";"443.0"
"187070.0";"443.0";"443.0"
"187080.0";"443.0";"443.0"
"187090.0";"443.0";"443.0"
"187100.0";"443.0";"443.0"
"187110.0";"443.0";"443.0"
"187120.0";"443.0";"443.0"
"187130.0";"443.0";"443.0"
"187140.0";"443.0";"443.0"
"187150.0";"443.0";"443.0"
"187160.0";"443.0";"443.0"
"187170.0";"443.0";"443.0"
"187180.0";"443.0";"443.0"
"187190.0";"443.0";"443.0"
"187200.0";"443.0";"443.0"
"187210.0";"443.0";"443.0"
"187220.0";"443.0";"443.0"
"187230.0";"443.0";"443.0"
"187240.0";"443.0";"443.0"
"187250.0";"443.0";"443.0"
"187260.0";"443.0";"443.0"
"187270.0";"443.0";"443.0"
"187280.0";"443.0";"443.0"
"187290.0";"443.0";"443.0"
"187300.0";"443.0";"443.0"
"187310.0";"443.0";"443.0"
"187320.0";"443.0";"443.0"
"187330.0";"443.0";"443.0"
"187340.0";"443.0";"443.0"
"187350.0";"443.0";"443.0"
"187360.0";"443.0";"443.0"
"187370.0";"443.0";"443.0"
"187380.0";"443.0";"443.0"
"187390.0";"443.0";"443.0"
"187400.0";"443.0";"443.0"
"187410.0";"443.0";"443.0"
"187420.0";"443.0";"443.0"
"187430.0";"443.0";"443.0"
"187440.0";"443.0";"443.0"
"187450.0";"443.0";"443.0"
"187460.0";"443.0";"443.0"
"187470.0";"443.0";"443.0"
"187480.0";"443.0";"443.0"
"187490.0";"443.0";"443.0"
"187500.0";"443.0";"443.0"
"187510.0";"443.0";"443.0"
"187520.0";"443.0";"443.0"
"187530.0";"443.0";"443.0"
"187540.0";"443.0";"443.0"
"187550.0";"443.0";"443.0"
"187560.0";"443.0";"443.0"
"187570.0";"443.0";"443.0"
"187580.0";"443.0";"443.0"
"187590.0";"443.0";"443.0"
"187600.0";"443.0";"443.0"
"187610.0";"443.0";"443.0"
"187620.0";"443.0";"443.0"
"187630.0";"443.0";"443.0"
"187640.0";"443.0";"443.0"
"187650.0";"443.0";"443.0"
"187660.0";"443.0";"443.0"
"187670.0";"443.0";"443.0"
"187680.0";"443.0";"443.0"
"187690.0";"443.0";"443.0"
"187700.0";"443.0";"443.0"
"187710.0";"443.0";"443.0"
"187720.0";"443.0";"443.0"
"187730.0";"443.0";"443.0"
"187740.0";"443.0";"443.0"
"187750.0";"443.0";"443.0"
"187760.0";"443.0";"443.0"
"187770.0";"443.0";"443.0"
"187780.0";"443.0";"443.0"
"187790.0";"443.0";"443.0"
"187800.0";"443.0";"443.0"
"187810.0";"443.0";"443.0"
"187820.0";"443.0";"443.0"
"187830.0";"443.0";"443.0"
"187840.0";"443.0";"443.0"
"187850.0";"443.0";"443.0"
"187860.0";"443.0";"443.0"
"187870.0";"443.0";"443.0"
"187880.0";"443.0";"443.0"
"187890.0";"443.0";"443.0"
"187900.0";"443.0";"443.0"
"187910.0";"443.0";"443.0"
"187920.0";"443.0";"443.0"
"187930.0";"443.0";"443.0"
"187940.0";"443.0";"443.0"
"187950.0";"443.0";"443.0"
"187960.0";"443.0";"443.0"
"187970.0";"443.0";"443.0"
"187980.0";"443.0";"443.0"
"187990.0";"443.0";"443.0"
"188000.0";"443.0";"443.0"
"188010.0";"443.0";"443.0"
"188020.0";"443.0";"443.0"
"188030.0";"443.0";"443.0"
"188040.0";"443.0";"443.0"
"188050.0";"443.0";"443.0"
"188060.0";"443.0";"443.0"
"188070.0";"443.0";"443.0"
"188080.0";"443.0";"443.0"
"188090.0";"443.0";"443.0"
"188100.0";"443.0";"443.0"
"188110.0";"443.0";"443.0"
"188120.0";"443.0";"443.0"
"188130.0";"443.0";"443.0"
"188140.0";"443.0";"443.0"
"188150.0";"443.0";"443.0"
"188160.0";"443.0";"443.0"
"188170.0";"443.0";"443.0"
"188180.0";"443.0";"443.0"
"188190.0";"443.0";"443.0"
"188200.0";"443.0";"443.0"
"188210.0";"443.0";"443.0"
"188220.0";"443.0";"443.0"
"188230.0";"443.0";"443.0"
"188240.0";"443.0";"443.0"
"188250.0";"443.0";"443.0"
"188260.0";"443.0";"443.0"
"188270.0";"443.0";"443.0"
"188280.0";"443.0";"443.0"
"188290.0";"443.0";"443.0"
"188300.0";"443.0";"443.0"
"188310.0";"443.0";"443.0"
"188320.0";"443.0";"443.0"
"188330.0";"443.0";"443.0"
"188340.0";"443.0";"443.0"
"188350.0";"443.0";"443.0"
"188360.0";"443.0";"443.0"
"188370.0";"443.0";"443.0"
"188380.0";"443.0";"443.0"
"188390.0";"443.0";"443.0"
"188400.0";"443.0";"443.0"
"188410.0";"443.0";"443.0"
"188420.0";"443.0";"443.0"
"188430.0";"443.0";"443.0"
"188440.0";"443.0";"443.0"
"188450.0";"443.0";"443.0"
"188460.0";"443.0";"443.0"
"188470.0";"443.0";"443.0"
"188480.0";"443.0";"443.0"
"188490.0";"443.0";"443.0"
"188500.0";"443.0";"443.0"
"188510.0";"443.0";"443.0"
"188520.0";"443.0";"443.0"
"188530.0";"443.0";"443.0"
"188540.0";"443.0";"443.0"
"188550.0";"443.0";"443.0"
"188560.0";"443.0";"443.0"
"188570.0";"443.0";"443.0"
"188580.0";"443.0";"443.0"
"188590.0";"443.0";"443.0"
"188600.0";"443.0";"443.0"
"188610.0";"443.0";"443.0"
"188620.0";"443.0";"443.0"
"188630.0";"443.0";"443.0"
"188640.0";"443.0";"443.0"
"188650.0";"443.0";"443.0"
"188660.0";"443.0";"443.0"
"188670.0";"443.0";"443.0"
"188680.0";"443.0";"443.0"
"188690.0";"443.0";"443.0"
"188700.0";"443.0";"443.0"
"188710.0";"443.0";"443.0"
"188720.0";"443.0";"443.0"
"188730.0";"443.0";"443.0"
"188740.0";"443.0";"443.0"
"188750.0";"443.0";"443.0"
"188760.0";"443.0";"443.0"
"188770.0";"443.0";"443.0"
"188780.0";"443.0";"443.0"
"188790.0";"443.0";"443.0"
"188800.0";"443.0";"443.0"
"188810.0";"443.0";"443.0"
"188820.0";"443.0";"443.0"
"188830.0";"443.0";"443.0"
"188840.0";"443.0";"443.0"
"188850.0";"443.0";"443.0"
"188860.0";"443.0";"443.0"
"188870.0";"443.0";"443.0"
"188880.0";"443.0";"443.0"
"188890.0";"443.0";"443.0"
"188900.0";"443.0";"443.0"
"188910.0";"443.0";"443.0"
"188920.0";"443.0";"443.0"
"188930.0";"443.0";"443.0"
"188940.0";"443.0";"443.0"
"188950.0";"443.0";"443.0"
"188960.0";"443.0";"443.0"
"188970.0";"443.0";"443.0"
"188980.0";"443.0";"443.0"
"188990.0";"443.0";"443.0"
"189000.0";"443.0";"443.0"
"189010.0";"443.0";"443.0"
"189020.0";"443.0";"443.0"
"189030.0";"443.0";"443.0"
"189040.0";"443.0";"443.0"
"189050.0";"443.0";"443.0"
"189060.0";"443.0";"443.0"
"189070.0";"443.0";"443.0"
"189080.0";"443.0";"443.0"
"189090.0";"443.0";"443.0"
"189100.0";"443.0";"443.0"
"189110.0";"443.0";"443.0"
"189120.0";"443.0";"443.0"
"189130.0";"443.0";"443.0"
"189140.0";"443.0";"443.0"
"189150.0";"443.0";"443.0"
"189160.0";"443.0";"443.0"
"189170.0";"443.0";"443.0"
"189180.0";"443.0";"443.0"
"189190.0";"443.0";"443.0"
"189200.0";"443.0";"443.0"
"189210.0";"443.0";"443.0"
"189220.0";"443.0";"443.0"
"189230.0";"443.0";"443.0"
"189240.0";"443.0";"443.0"
"189250.0";"443.0";"443.0"
"189260.0";"443.0";"443.0"
"189270.0";"443.0";"443.0"
"189280.0";"443.0";"443.0"
"189290.0";"443.0";"443.0"
"189300.0";"443.0";"443.0"
"189310.0";"443.0";"443.0"
"189320.0";"443.0";"443.0"
"189330.0";"443.0";"443.0"
"189340.0";"443.0";"443.0"
"189350.0";"443.0";"443.0"
"189360.0";"443.0";"443.0"
"189370.0";"443.0";"443.0"
"189380.0";"443.0";"443.0"
"189390.0";"443.0";"443.0"
"189400.0";"443.0";"443.0"
"189410.0";"443.0";"443.0"
"189420.0";"443.0";"443.0"
"189430.0";"443.0";"443.0"
"189440.0";"443.0";"443.0"
"189450.0";"443.0";"443.0"
"189460.0";"443.0";"443.0"
"189470.0";"443.0";"443.0"
"189480.0";"443.0";"443.0"
"189490.0";"443.0";"443.0"
"189500.0";"443.0";"443.0"
"189510.0";"443.0";"443.0"
"189520.0";"443.0";"443.0"
"189530.0";"443.0";"443.0"
"189540.0";"443.0";"443.0"
"189550.0";"443.0";"443.0"
"189560.0";"443.0";"443.0"
"189570.0";"443.0";"443.0"
"189580.0";"443.0";"443.0"
"189590.0";"443.0";"443.0"
"189600.0";"443.0";"443.0"
"189610.0";"443.0";"443.0"
"189620.0";"443.0";"443.0"
"189630.0";"443.0";"443.0"
"189640.0";"443.0";"443.0"
"189650.0";"443.0";"443.0"
"189660.0";"443.0";"443.0"
"189670.0";"443.0";"443.0"
"189680.0";"443.0";"443.0"
"189690.0";"443.0";"443.0"
"189700.0";"443.0";"443.0"
"189710.0";"443.0";"443.0"
"189720.0";"443.0";"443.0"
"189730.0";"443.0";"443.0"
"189740.0";"443.0";"443.0"
"189750.0";"443.0";"443.0"
"189760.0";"443.0";"443.0"
"189770.0";"443.0";"443.0"
"189780.0";"443.0";"443.0"
"189790.0";"443.0";"443.0"
"189800.0";"443.0";"443.0"
"189810.0";"443.0";"443.0"
"189820.0";"443.0";"443.0"
"189830.0";"443.0";"443.0"
"189840.0";"443.0";"443.0"
"189850.0";"443.0";"443.0"
"189860.0";"443.0";"443.0"
"189870.0";"443.0";"443.0"
"189880.0";"443.0";"443.0"
"189890.0";"443.0";"443.0"
"189900.0";"443.0";"443.0"
"189910.0";"443.0";"443.0"
"189920.0";"443.0";"443.0"
"189930.0";"443.0";"443.0"
"189940.0";"443.0";"443.0"
"189950.0";"443.0";"443.0"
"189960.0";"443.0";"443.0"
"189970.0";"443.0";"443.0"
"189980.0";"443.0";"443.0"
"189990.0";"443.0";"443.0"
"190000.0";"443.0";"443.0"
"190010.0";"443.0";"443.0"
"190020.0";"443.0";"443.0"
"190030.0";"443.0";"443.0"
"190040.0";"443.0";"443.0"
"190050.0";"443.0";"443.0"
"190060.0";"443.0";"443.0"
"190070.0";"443.0";"443.0"
"190080.0";"443.0";"443.0"
"190090.0";"443.0";"443.0"
"190100.0";"443.0";"443.0"
"190110.0";"443.0";"443.0"
"190120.0";"443.0";"443.0"
"190130.0";"443.0";"443.0"
"190140.0";"443.0";"443.0"
"190150.0";"443.0";"443.0"
"190160.0";"443.0";"443.0"
"190170.0";"443.0";"443.0"
"190180.0";"443.0";"443.0"
"190190.0";"443.0";"443.0"
"190200.0";"443.0";"443.0"
"190210.0";"443.0";"443.0"
"190220.0";"443.0";"443.0"
"190230.0";"443.0";"443.0"
"190240.0";"443.0";"443.0"
"190250.0";"443.0";"443.0"
"190260.0";"443.0";"443.0"
"190270.0";"443.0";"443.0"
"190280.0";"443.0";"443.0"
"190290.0";"443.0";"443.0"
"190300.0";"443.0";"443.0"
"190310.0";"443.0";"443.0"
"190320.0";"443.0";"443.0"
"190330.0";"443.0";"443.0"
"190340.0";"443.0";"443.0"
"190350.0";"443.0";"443.0"
"190360.0";"443.0";"443.0"
"190370.0";"443.0";"443.0"
"190380.0";"443.0";"443.0"
"190390.0";"443.0";"443.0"
"190400.0";"443.0";"443.0"
"190410.0";"443.0";"443.0"
"190420.0";"443.0";"443.0"
"190430.0";"443.0";"443.0"
"190440.0";"443.0";"443.0"
"190450.0";"443.0";"443.0"
"190460.0";"443.0";"443.0"
"190470.0";"443.0";"443.0"
"190480.0";"443.0";"443.0"
"190490.0";"443.0";"443.0"
"190500.0";"443.0";"443.0"
"190510.0";"443.0";"443.0"
"190520.0";"443.0";"443.0"
"190530.0";"443.0";"443.0"
"190540.0";"443.0";"443.0"
"190550.0";"443.0";"443.0"
"190560.0";"443.0";"443.0"
"190570.0";"443.0";"443.0"
"190580.0";"443.0";"443.0"
"190590.0";"443.0";"443.0"
"190600.0";"443.0";"443.0"
"190610.0";"443.0";"443.0"
"190620.0";"443.0";"443.0"
"190630.0";"443.0";"443.0"
"190640.0";"443.0";"443.0"
"190650.0";"443.0";"443.0"
"190660.0";"443.0";"443.0"
"190670.0";"443.0";"443.0"
"190680.0";"443.0";"443.0"
"190690.0";"443.0";"443.0"
"190700.0";"443.0";"443.0"
"190710.0";"443.0";"443.0"
"190720.0";"443.0";"443.0"
"190730.0";"443.0";"443.0"
"190740.0";"443.0";"443.0"
"190750.0";"443.0";"443.0"
"190760.0";"443.0";"443.0"
"190770.0";"443.0";"443.0"
"190780.0";"443.0";"443.0"
"190790.0";"443.0";"443.0"
"190800.0";"443.0";"443.0"
"190810.0";"443.0";"443.0"
"190820.0";"443.0";"443.0"
"190830.0";"443.0";"443.0"
"190840.0";"443.0";"443.0"
"190850.0";"443.0";"443.0"
"190860.0";"443.0";"443.0"
"190870.0";"443.0";"443.0"
"190880.0";"443.0";"443.0"
"190890.0";"443.0";"443.0"
"190900.0";"443.0";"443.0"
"190910.0";"443.0";"443.0"
"190920.0";"443.0";"443.0"
"190930.0";"443.0";"443.0"
"190940.0";"443.0";"443.0"
"190950.0";"443.0";"443.0"
"190960.0";"443.0";"443.0"
"190970.0";"443.0";"443.0"
"190980.0";"443.0";"443.0"
"190990.0";"443.0";"443.0"
"191000.0";"443.0";"443.0"
"191010.0";"443.0";"443.0"
"191020.0";"443.0";"443.0"
"191030.0";"443.0";"443.0"
"191040.0";"443.0";"443.0"
"191050.0";"443.0";"443.0"
"191060.0";"443.0";"443.0"
"191070.0";"443.0";"443.0"
"191080.0";"443.0";"443.0"
"191090.0";"443.0";"443.0"
"191100.0";"443.0";"443.0"
"191110.0";"443.0";"443.0"
"191120.0";"443.0";"443.0"
"191130.0";"443.0";"443.0"
"191140.0";"443.0";"443.0"
"191150.0";"443.0";"443.0"
"191160.0";"443.0";"443.0"
"191170.0";"443.0";"443.0"
"191180.0";"443.0";"443.0"
"191190.0";"443.0";"443.0"
"191200.0";"443.0";"443.0"
"191210.0";"443.0";"443.0"
"191220.0";"443.0";"443.0"
"191230.0";"443.0";"443.0"
"191240.0";"443.0";"443.0"
"191250.0";"443.0";"443.0"
"191260.0";"443.0";"443.0"
"191270.0";"443.0";"443.0"
"191280.0";"443.0";"443.0"
"191290.0";"443.0";"443.0"
"191300.0";"443.0";"443.0"
"191310.0";"443.0";"443.0"
"191320.0";"443.0";"443.0"
"191330.0";"443.0";"443.0"
"191340.0";"443.0";"443.0"
"191350.0";"443.0";"443.0"
"191360.0";"443.0";"443.0"
"191370.0";"443.0";"443.0"
"191380.0";"443.0";"443.0"
"191390.0";"443.0";"443.0"
"191400.0";"443.0";"443.0"
"191410.0";"443.0";"443.0"
"191420.0";"443.0";"443.0"
"191430.0";"443.0";"443.0"
"191440.0";"443.0";"443.0"
"191450.0";"443.0";"443.0"
"191460.0";"443.0";"443.0"
"191470.0";"443.0";"443.0"
"191480.0";"443.0";"443.0"
"191490.0";"443.0";"443.0"
"191500.0";"443.0";"443.0"
"191510.0";"443.0";"443.0"
"191520.0";"443.0";"443.0"
"191530.0";"443.0";"443.0"
"191540.0";"443.0";"443.0"
"191550.0";"443.0";"443.0"
"191560.0";"443.0";"443.0"
"191570.0";"443.0";"443.0"
"191580.0";"443.0";"443.0"
"191590.0";"443.0";"443.0"
"191600.0";"443.0";"443.0"
"191610.0";"443.0";"443.0"
"191620.0";"443.0";"443.0"
"191630.0";"443.0";"443.0"
"191640.0";"443.0";"443.0"
"191650.0";"443.0";"443.0"
"191660.0";"443.0";"443.0"
"191670.0";"443.0";"443.0"
"191680.0";"443.0";"443.0"
"191690.0";"443.0";"443.0"
"191700.0";"443.0";"443.0"
"191710.0";"443.0";"443.0"
"191720.0";"443.0";"443.0"
"191730.0";"443.0";"443.0"
"191740.0";"443.0";"443.0"
"191750.0";"443.0";"443.0"
"191760.0";"443.0";"443.0"
"191770.0";"443.0";"443.0"
"191780.0";"443.0";"443.0"
"191790.0";"443.0";"443.0"
"191800.0";"443.0";"443.0"
"191810.0";"443.0";"443.0"
"191820.0";"443.0";"443.0"
"191830.0";"443.0";"443.0"
"191840.0";"443.0";"443.0"
"191850.0";"443.0";"443.0"
"191860.0";"443.0";"443.0"
"191870.0";"443.0";"443.0"
"191880.0";"443.0";"443.0"
"191890.0";"443.0";"443.0"
"191900.0";"443.0";"443.0"
"191910.0";"443.0";"443.0"
"191920.0";"443.0";"443.0"
"191930.0";"443.0";"443.0"
"191940.0";"443.0";"443.0"
"191950.0";"443.0";"443.0"
"191960.0";"443.0";"443.0"
"191970.0";"443.0";"443.0"
"191980.0";"443.0";"443.0"
"191990.0";"443.0";"443.0"
"192000.0";"443.0";"443.0"
"192010.0";"443.0";"443.0"
"192020.0";"443.0";"443.0"
"192030.0";"443.0";"443.0"
"192040.0";"443.0";"443.0"
"192050.0";"443.0";"443.0"
"192060.0";"443.0";"443.0"
"192070.0";"443.0";"443.0"
"192080.0";"443.0";"443.0"
"192090.0";"443.0";"443.0"
"192100.0";"443.0";"443.0"
"192110.0";"443.0";"443.0"
"192120.0";"443.0";"443.0"
"192130.0";"443.0";"443.0"
"192140.0";"443.0";"443.0"
"192150.0";"443.0";"443.0"
"192160.0";"443.0";"443.0"
"192170.0";"443.0";"443.0"
"192180.0";"443.0";"443.0"
"192190.0";"443.0";"443.0"
"192200.0";"443.0";"443.0"
"192210.0";"443.0";"443.0"
"192220.0";"443.0";"443.0"
"192230.0";"443.0";"443.0"
"192240.0";"443.0";"443.0"
"192250.0";"443.0";"443.0"
"192260.0";"443.0";"443.0"
"192270.0";"443.0";"443.0"
"192280.0";"443.0";"443.0"
"192290.0";"443.0";"443.0"
"192300.0";"443.0";"443.0"
"192310.0";"443.0";"443.0"
"192320.0";"443.0";"443.0"
"192330.0";"443.0";"443.0"
"192340.0";"443.0";"443.0"
"192350.0";"443.0";"443.0"
"192360.0";"443.0";"443.0"
"192370.0";"443.0";"443.0"
"192380.0";"443.0";"443.0"
"192390.0";"443.0";"443.0"
"192400.0";"443.0";"443.0"
"192410.0";"443.0";"443.0"
"192420.0";"443.0";"443.0"
"192430.0";"443.0";"443.0"
"192440.0";"443.0";"443.0"
"192450.0";"443.0";"443.0"
"192460.0";"443.0";"443.0"
"192470.0";"443.0";"443.0"
"192480.0";"443.0";"443.0"
"192490.0";"443.0";"443.0"
"192500.0";"443.0";"443.0"
"192510.0";"443.0";"443.0"
"192520.0";"443.0";"443.0"
"192530.0";"443.0";"443.0"
"192540.0";"443.0";"443.0"
"192550.0";"443.0";"443.0"
"192560.0";"443.0";"443.0"
"192570.0";"443.0";"443.0"
"192580.0";"443.0";"443.0"
"192590.0";"443.0";"443.0"
"192600.0";"443.0";"443.0"
"192610.0";"443.0";"443.0"
"192620.0";"443.0";"443.0"
"192630.0";"443.0";"443.0"
"192640.0";"443.0";"443.0"
"192650.0";"443.0";"443.0"
"192660.0";"443.0";"443.0"
"192670.0";"443.0";"443.0"
"192680.0";"443.0";"443.0"
"192690.0";"443.0";"443.0"
"192700.0";"443.0";"443.0"
"192710.0";"443.0";"443.0"
"192720.0";"443.0";"443.0"
"192730.0";"443.0";"443.0"
"192740.0";"443.0";"443.0"
"192750.0";"443.0";"443.0"
"192760.0";"443.0";"443.0"
"192770.0";"443.0";"443.0"
"192780.0";"443.0";"443.0"
"192790.0";"443.0";"443.0"
"192800.0";"443.0";"443.0"
"192810.0";"443.0";"443.0"
"192820.0";"443.0";"443.0"
"192830.0";"443.0";"443.0"
"192840.0";"443.0";"443.0"
"192850.0";"443.0";"443.0"
"192860.0";"443.0";"443.0"
"192870.0";"443.0";"443.0"
"192880.0";"443.0";"443.0"
"192890.0";"443.0";"443.0"
"192900.0";"443.0";"443.0"
"192910.0";"443.0";"443.0"
"192920.0";"443.0";"443.0"
"192930.0";"443.0";"443.0"
"192940.0";"443.0";"443.0"
"192950.0";"443.0";"443.0"
"192960.0";"443.0";"443.0"
"192970.0";"443.0";"443.0"
"192980.0";"443.0";"443.0"
"192990.0";"443.0";"443.0"
"193000.0";"443.0";"443.0"
"193010.0";"443.0";"443.0"
"193020.0";"443.0";"443.0"
"193030.0";"443.0";"443.0"
"193040.0";"443.0";"443.0"
"193050.0";"443.0";"443.0"
"193060.0";"443.0";"443.0"
"193070.0";"443.0";"443.0"
"193080.0";"443.0";"443.0"
"193090.0";"443.0";"443.0"
"193100.0";"443.0";"443.0"
"193110.0";"443.0";"443.0"
"193120.0";"443.0";"443.0"
"193130.0";"443.0";"443.0"
"193140.0";"443.0";"443.0"
"193150.0";"443.0";"443.0"
"193160.0";"443.0";"443.0"
"193170.0";"443.0";"443.0"
"193180.0";"443.0";"443.0"
"193190.0";"443.0";"443.0"
"193200.0";"443.0";"443.0"
"193210.0";"443.0";"443.0"
"193220.0";"443.0";"443.0"
"193230.0";"443.0";"443.0"
"193240.0";"443.0";"443.0"
"193250.0";"443.0";"443.0"
"193260.0";"443.0";"443.0"
"193270.0";"443.0";"443.0"
"193280.0";"443.0";"443.0"
"193290.0";"443.0";"443.0"
"193300.0";"443.0";"443.0"
"193310.0";"443.0";"443.0"
"193320.0";"443.0";"443.0"
"193330.0";"443.0";"443.0"
"193340.0";"443.0";"443.0"
"193350.0";"443.0";"443.0"
"193360.0";"443.0";"443.0"
"193370.0";"443.0";"443.0"
"193380.0";"443.0";"443.0"
"193390.0";"443.0";"443.0"
"193400.0";"443.0";"443.0"
"193410.0";"443.0";"443.0"
"193420.0";"443.0";"443.0"
"193430.0";"443.0";"443.0"
"193440.0";"443.0";"443.0"
"193450.0";"443.0";"443.0"
"193460.0";"443.0";"443.0"
"193470.0";"443.0";"443.0"
"193480.0";"443.0";"443.0"
"193490.0";"443.0";"443.0"
"193500.0";"443.0";"443.0"
"193510.0";"443.0";"443.0"
"193520.0";"443.0";"443.0"
"193530.0";"443.0";"443.0"
"193540.0";"443.0";"443.0"
"193550.0";"443.0";"443.0"
"193560.0";"443.0";"443.0"
"193570.0";"443.0";"443.0"
"193580.0";"443.0";"443.0"
"193590.0";"443.0";"443.0"
"193600.0";"443.0";"443.0"
"193610.0";"443.0";"443.0"
"193620.0";"443.0";"443.0"
"193630.0";"443.0";"443.0"
"193640.0";"443.0";"443.0"
"193650.0";"443.0";"443.0"
"193660.0";"443.0";"443.0"
"193670.0";"443.0";"443.0"
"193680.0";"443.0";"443.0"
"193690.0";"443.0";"443.0"
"193700.0";"443.0";"443.0"
"193710.0";"443.0";"443.0"
"193720.0";"443.0";"443.0"
"193730.0";"443.0";"443.0"
"193740.0";"443.0";"443.0"
"193750.0";"443.0";"443.0"
"193760.0";"443.0";"443.0"
"193770.0";"443.0";"443.0"
"193780.0";"443.0";"443.0"
"193790.0";"443.0";"443.0"
"193800.0";"443.0";"443.0"
"193810.0";"443.0";"443.0"
"193820.0";"443.0";"443.0"
"193830.0";"443.0";"443.0"
"193840.0";"443.0";"443.0"
"193850.0";"443.0";"443.0"
"193860.0";"443.0";"443.0"
"193870.0";"443.0";"443.0"
"193880.0";"443.0";"443.0"
"193890.0";"443.0";"443.0"
"193900.0";"443.0";"443.0"
"193910.0";"443.0";"443.0"
"193920.0";"443.0";"443.0"
"193930.0";"443.0";"443.0"
"193940.0";"443.0";"443.0"
"193950.0";"443.0";"443.0"
"193960.0";"443.0";"443.0"
"193970.0";"443.0";"443.0"
"193980.0";"443.0";"443.0"
"193990.0";"443.0";"443.0"
"194000.0";"443.0";"443.0"
"194010.0";"443.0";"443.0"
"194020.0";"443.0";"443.0"
"194030.0";"443.0";"443.0"
"194040.0";"443.0";"443.0"
"194050.0";"443.0";"443.0"
"194060.0";"443.0";"443.0"
"194070.0";"443.0";"443.0"
"194080.0";"443.0";"443.0"
"194090.0";"443.0";"443.0"
"194100.0";"443.0";"443.0"
"194110.0";"443.0";"443.0"
"194120.0";"443.0";"443.0"
"194130.0";"443.0";"443.0"
"194140.0";"443.0";"443.0"
"194150.0";"443.0";"443.0"
"194160.0";"443.0";"443.0"
"194170.0";"443.0";"443.0"
"194180.0";"443.0";"443.0"
"194190.0";"443.0";"443.0"
"194200.0";"443.0";"443.0"
"194210.0";"443.0";"443.0"
"194220.0";"443.0";"443.0"
"194230.0";"443.0";"443.0"
"194240.0";"443.0";"443.0"
"194250.0";"443.0";"443.0"
"194260.0";"443.0";"443.0"
"194270.0";"443.0";"443.0"
"194280.0";"443.0";"443.0"
"194290.0";"443.0";"443.0"
"194300.0";"443.0";"443.0"
"194310.0";"443.0";"443.0"
"194320.0";"443.0";"443.0"
"194330.0";"443.0";"443.0"
"194340.0";"443.0";"443.0"
"194350.0";"443.0";"443.0"
"194360.0";"443.0";"443.0"
"194370.0";"443.0";"443.0"
"194380.0";"443.0";"443.0"
"194390.0";"443.0";"443.0"
"194400.0";"443.0";"443.0"
"194410.0";"443.0";"443.0"
"194420.0";"443.0";"443.0"
"194430.0";"443.0";"443.0"
"194440.0";"443.0";"443.0"
"194450.0";"443.0";"443.0"
"194460.0";"443.0";"443.0"
"194470.0";"443.0";"443.0"
"194480.0";"443.0";"443.0"
"194490.0";"443.0";"443.0"
"194500.0";"443.0";"443.0"
"194510.0";"443.0";"443.0"
"194520.0";"443.0";"443.0"
"194530.0";"443.0";"443.0"
"194540.0";"443.0";"443.0"
"194550.0";"443.0";"443.0"
"194560.0";"443.0";"443.0"
"194570.0";"443.0";"443.0"
"194580.0";"443.0";"443.0"
"194590.0";"443.0";"443.0"
"194600.0";"443.0";"443.0"
"194610.0";"443.0";"443.0"
"194620.0";"443.0";"443.0"
"194630.0";"443.0";"443.0"
"194640.0";"443.0";"443.0"
"194650.0";"443.0";"443.0"
"194660.0";"443.0";"443.0"
"194670.0";"443.0";"443.0"
"194680.0";"443.0";"443.0"
"194690.0";"443.0";"443.0"
"194700.0";"443.0";"443.0"
"194710.0";"443.0";"443.0"
"194720.0";"443.0";"443.0"
"194730.0";"443.0";"443.0"
"194740.0";"443.0";"443.0"
"194750.0";"443.0";"443.0"
"194760.0";"443.0";"443.0"
"194770.0";"443.0";"443.0"
"194780.0";"443.0";"443.0"
"194790.0";"443.0";"443.0"
"194800.0";"443.0";"443.0"
"194810.0";"443.0";"443.0"
"194820.0";"443.0";"443.0"
"194830.0";"443.0";"443.0"
"194840.0";"443.0";"443.0"
"194850.0";"443.0";"443.0"
"194860.0";"443.0";"443.0"
"194870.0";"443.0";"443.0"
"194880.0";"443.0";"443.0"
"194890.0";"443.0";"443.0"
"194900.0";"443.0";"443.0"
"194910.0";"443.0";"443.0"
"194920.0";"443.0";"443.0"
"194930.0";"443.0";"443.0"
"194940.0";"443.0";"443.0"
"194950.0";"443.0";"443.0"
"194960.0";"443.0";"443.0"
"194970.0";"443.0";"443.0"
"194980.0";"443.0";"443.0"
"194990.0";"443.0";"443.0"
"195000.0";"443.0";"443.0"
"195010.0";"443.0";"443.0"
"195020.0";"443.0";"443.0"
"195030.0";"443.0";"443.0"
"195040.0";"443.0";"443.0"
"195050.0";"443.0";"443.0"
"195060.0";"443.0";"443.0"
"195070.0";"443.0";"443.0"
"195080.0";"443.0";"443.0"
"195090.0";"443.0";"443.0"
"195100.0";"443.0";"443.0"
"195110.0";"443.0";"443.0"
"195120.0";"443.0";"443.0"
"195130.0";"443.0";"443.0"
"195140.0";"443.0";"443.0"
"195150.0";"443.0";"443.0"
"195160.0";"443.0";"443.0"
"195170.0";"443.0";"443.0"
"195180.0";"443.0";"443.0"
"195190.0";"443.0";"443.0"
"195200.0";"443.0";"443.0"
"195210.0";"443.0";"443.0"
"195220.0";"443.0";"443.0"
"195230.0";"443.0";"443.0"
"195240.0";"443.0";"443.0"
"195250.0";"443.0";"443.0"
"195260.0";"443.0";"443.0"
"195270.0";"443.0";"443.0"
"195280.0";"443.0";"443.0"
"195290.0";"443.0";"443.0"
"195300.0";"443.0";"443.0"
"195310.0";"443.0";"443.0"
"195320.0";"443.0";"443.0"
"195330.0";"443.0";"443.0"
"195340.0";"443.0";"443.0"
"195350.0";"443.0";"443.0"
"195360.0";"443.0";"443.0"
"195370.0";"443.0";"443.0"
"195380.0";"443.0";"443.0"
"195390.0";"443.0";"443.0"
"195400.0";"443.0";"443.0"
"195410.0";"443.0";"443.0"
"195420.0";"443.0";"443.0"
"195430.0";"443.0";"443.0"
"195440.0";"443.0";"443.0"
"195450.0";"443.0";"443.0"
"195460.0";"443.0";"443.0"
"195470.0";"443.0";"443.0"
"195480.0";"443.0";"443.0"
"195490.0";"443.0";"443.0"
"195500.0";"443.0";"443.0"
"195510.0";"443.0";"443.0"
"195520.0";"443.0";"443.0"
"195530.0";"443.0";"443.0"
"195540.0";"443.0";"443.0"
"195550.0";"443.0";"443.0"
"195560.0";"443.0";"443.0"
"195570.0";"443.0";"443.0"
"195580.0";"443.0";"443.0"
"195590.0";"443.0";"443.0"
"195600.0";"443.0";"443.0"
"195610.0";"443.0";"443.0"
"195620.0";"443.0";"443.0"
"195630.0";"443.0";"443.0"
"195640.0";"443.0";"443.0"
"195650.0";"443.0";"443.0"
"195660.0";"443.0";"443.0"
"195670.0";"443.0";"443.0"
"195680.0";"443.0";"443.0"
"195690.0";"443.0";"443.0"
"195700.0";"443.0";"443.0"
"195710.0";"443.0";"443.0"
"195720.0";"443.0";"443.0"
"195730.0";"443.0";"443.0"
"195740.0";"443.0";"443.0"
"195750.0";"443.0";"443.0"
"195760.0";"443.0";"443.0"
"195770.0";"443.0";"443.0"
"195780.0";"443.0";"443.0"
"195790.0";"443.0";"443.0"
"195800.0";"443.0";"443.0"
"195810.0";"443.0";"443.0"
"195820.0";"443.0";"443.0"
"195830.0";"443.0";"443.0"
"195840.0";"443.0";"443.0"
"195850.0";"443.0";"443.0"
"195860.0";"443.0";"443.0"
"195870.0";"443.0";"443.0"
"195880.0";"443.0";"443.0"
"195890.0";"443.0";"443.0"
"195900.0";"443.0";"443.0"
"195910.0";"443.0";"443.0"
"195920.0";"443.0";"443.0"
"195930.0";"443.0";"443.0"
"195940.0";"443.0";"443.0"
"195950.0";"443.0";"443.0"
"195960.0";"443.0";"443.0"
"195970.0";"443.0";"443.0"
"195980.0";"443.0";"443.0"
"195990.0";"443.0";"443.0"
"196000.0";"443.0";"443.0"
"196010.0";"443.0";"443.0"
"196020.0";"443.0";"443.0"
"196030.0";"443.0";"443.0"
"196040.0";"443.0";"443.0"
"196050.0";"443.0";"443.0"
"196060.0";"443.0";"443.0"
"196070.0";"443.0";"443.0"
"196080.0";"443.0";"443.0"
"196090.0";"443.0";"443.0"
"196100.0";"443.0";"443.0"
"196110.0";"443.0";"443.0"
"196120.0";"443.0";"443.0"
"196130.0";"443.0";"443.0"
"196140.0";"443.0";"443.0"
"196150.0";"443.0";"443.0"
"196160.0";"443.0";"443.0"
"196170.0";"443.0";"443.0"
"196180.0";"443.0";"443.0"
"196190.0";"443.0";"443.0"
"196200.0";"443.0";"443.0"
"196210.0";"443.0";"443.0"
"196220.0";"443.0";"443.0"
"196230.0";"443.0";"443.0"
"196240.0";"443.0";"443.0"
"196250.0";"443.0";"443.0"
"196260.0";"443.0";"443.0"
"196270.0";"443.0";"443.0"
"196280.0";"443.0";"443.0"
"196290.0";"443.0";"443.0"
"196300.0";"443.0";"443.0"
"196310.0";"443.0";"443.0"
"196320.0";"443.0";"443.0"
"196330.0";"443.0";"443.0"
"196340.0";"443.0";"443.0"
"196350.0";"443.0";"443.0"
"196360.0";"443.0";"443.0"
"196370.0";"443.0";"443.0"
"196380.0";"443.0";"443.0"
"196390.0";"443.0";"443.0"
"196400.0";"443.0";"443.0"
"196410.0";"443.0";"443.0"
"196420.0";"443.0";"443.0"
"196430.0";"443.0";"443.0"
"196440.0";"443.0";"443.0"
"196450.0";"443.0";"443.0"
"196460.0";"443.0";"443.0"
"196470.0";"443.0";"443.0"
"196480.0";"443.0";"443.0"
"196490.0";"443.0";"443.0"
"196500.0";"443.0";"443.0"
"196510.0";"443.0";"443.0"
"196520.0";"443.0";"443.0"
"196530.0";"443.0";"443.0"
"196540.0";"443.0";"443.0"
"196550.0";"443.0";"443.0"
"196560.0";"443.0";"443.0"
"196570.0";"443.0";"443.0"
"196580.0";"443.0";"443.0"
"196590.0";"443.0";"443.0"
"196600.0";"443.0";"443.0"
"196610.0";"443.0";"443.0"
"196620.0";"443.0";"443.0"
"196630.0";"443.0";"443.0"
"196640.0";"443.0";"443.0"
"196650.0";"443.0";"443.0"
"196660.0";"443.0";"443.0"
"196670.0";"443.0";"443.0"
"196680.0";"443.0";"443.0"
"196690.0";"443.0";"443.0"
"196700.0";"443.0";"443.0"
"196710.0";"443.0";"443.0"
"196720.0";"443.0";"443.0"
"196730.0";"443.0";"443.0"
"196740.0";"443.0";"443.0"
"196750.0";"443.0";"443.0"
"196760.0";"443.0";"443.0"
"196770.0";"443.0";"443.0"
"196780.0";"443.0";"443.0"
"196790.0";"443.0";"443.0"
"196800.0";"443.0";"443.0"
"196810.0";"443.0";"443.0"
"196820.0";"443.0";"443.0"
"196830.0";"443.0";"443.0"
"196840.0";"443.0";"443.0"
"196850.0";"443.0";"443.0"
"196860.0";"443.0";"443.0"
"196870.0";"443.0";"443.0"
"196880.0";"443.0";"443.0"
"196890.0";"443.0";"443.0"
"196900.0";"443.0";"443.0"
"196910.0";"443.0";"443.0"
"196920.0";"443.0";"443.0"
"196930.0";"443.0";"443.0"
"196940.0";"443.0";"443.0"
"196950.0";"443.0";"443.0"
"196960.0";"443.0";"443.0"
"196970.0";"443.0";"443.0"
"196980.0";"443.0";"443.0"
"196990.0";"443.0";"443.0"
"197000.0";"443.0";"443.0"
"197010.0";"443.0";"443.0"
"197020.0";"443.0";"443.0"
"197030.0";"443.0";"443.0"
"197040.0";"443.0";"443.0"
"197050.0";"443.0";"443.0"
"197060.0";"443.0";"443.0"
"197070.0";"443.0";"443.0"
"197080.0";"443.0";"443.0"
"197090.0";"443.0";"443.0"
"197100.0";"443.0";"443.0"
"197110.0";"443.0";"443.0"
"197120.0";"443.0";"443.0"
"197130.0";"443.0";"443.0"
"197140.0";"443.0";"443.0"
"197150.0";"443.0";"443.0"
"197160.0";"443.0";"443.0"
"197170.0";"443.0";"443.0"
"197180.0";"443.0";"443.0"
"197190.0";"443.0";"443.0"
"197200.0";"443.0";"443.0"
"197210.0";"443.0";"443.0"
"197220.0";"443.0";"443.0"
"197230.0";"443.0";"443.0"
"197240.0";"443.0";"443.0"
"197250.0";"443.0";"443.0"
"197260.0";"443.0";"443.0"
"197270.0";"443.0";"443.0"
"197280.0";"443.0";"443.0"
"197290.0";"443.0";"443.0"
"197300.0";"443.0";"443.0"
"197310.0";"443.0";"443.0"
"197320.0";"443.0";"443.0"
"197330.0";"443.0";"443.0"
"197340.0";"443.0";"443.0"
"197350.0";"443.0";"443.0"
"197360.0";"443.0";"443.0"
"197370.0";"443.0";"443.0"
"197380.0";"443.0";"443.0"
"197390.0";"443.0";"443.0"
"197400.0";"443.0";"443.0"
"197410.0";"443.0";"443.0"
"197420.0";"443.0";"443.0"
"197430.0";"443.0";"443.0"
"197440.0";"443.0";"443.0"
"197450.0";"443.0";"443.0"
"197460.0";"443.0";"443.0"
"197470.0";"443.0";"443.0"
"197480.0";"443.0";"443.0"
"197490.0";"443.0";"443.0"
"197500.0";"443.0";"443.0"
"197510.0";"443.0";"443.0"
"197520.0";"443.0";"443.0"
"197530.0";"443.0";"443.0"
"197540.0";"443.0";"443.0"
"197550.0";"443.0";"443.0"
"197560.0";"443.0";"443.0"
"197570.0";"443.0";"443.0"
"197580.0";"443.0";"443.0"
"197590.0";"443.0";"443.0"
"197600.0";"443.0";"443.0"
"197610.0";"443.0";"443.0"
"197620.0";"443.0";"443.0"
"197630.0";"443.0";"443.0"
"197640.0";"443.0";"443.0"
"197650.0";"443.0";"443.0"
"197660.0";"443.0";"443.0"
"197670.0";"443.0";"443.0"
"197680.0";"443.0";"443.0"
"197690.0";"443.0";"443.0"
"197700.0";"443.0";"443.0"
"197710.0";"443.0";"443.0"
"197720.0";"443.0";"443.0"
"197730.0";"443.0";"443.0"
"197740.0";"443.0";"443.0"
"197750.0";"443.0";"443.0"
"197760.0";"443.0";"443.0"
"197770.0";"443.0";"443.0"
"197780.0";"443.0";"443.0"
"197790.0";"443.0";"443.0"
"197800.0";"443.0";"443.0"
"197810.0";"443.0";"443.0"
"197820.0";"443.0";"443.0"
"197830.0";"443.0";"443.0"
"197840.0";"443.0";"443.0"
"197850.0";"443.0";"443.0"
"197860.0";"443.0";"443.0"
"197870.0";"443.0";"443.0"
"197880.0";"443.0";"443.0"
"197890.0";"443.0";"443.0"
"197900.0";"443.0";"443.0"
"197910.0";"443.0";"443.0"
"197920.0";"443.0";"443.0"
"197930.0";"443.0";"443.0"
"197940.0";"443.0";"443.0"
"197950.0";"443.0";"443.0"
"197960.0";"443.0";"443.0"
"197970.0";"443.0";"443.0"
"197980.0";"443.0";"443.0"
"197990.0";"443.0";"443.0"
"198000.0";"443.0";"443.0"
"198010.0";"443.0";"443.0"
"198020.0";"443.0";"443.0"
"198030.0";"443.0";"443.0"
"198040.0";"443.0";"443.0"
"198050.0";"443.0";"443.0"
"198060.0";"443.0";"443.0"
"198070.0";"443.0";"443.0"
"198080.0";"443.0";"443.0"
"198090.0";"443.0";"443.0"
"198100.0";"443.0";"443.0"
"198110.0";"443.0";"443.0"
"198120.0";"443.0";"443.0"
"198130.0";"443.0";"443.0"
"198140.0";"443.0";"443.0"
"198150.0";"443.0";"443.0"
"198160.0";"443.0";"443.0"
"198170.0";"443.0";"443.0"
"198180.0";"443.0";"443.0"
"198190.0";"443.0";"443.0"
"198200.0";"443.0";"443.0"
"198210.0";"443.0";"443.0"
"198220.0";"443.0";"443.0"
"198230.0";"443.0";"443.0"
"198240.0";"443.0";"443.0"
"198250.0";"443.0";"443.0"
"198260.0";"443.0";"443.0"
"198270.0";"443.0";"443.0"
"198280.0";"443.0";"443.0"
"198290.0";"443.0";"443.0"
"198300.0";"443.0";"443.0"
"198310.0";"443.0";"443.0"
"198320.0";"443.0";"443.0"
"198330.0";"443.0";"443.0"
"198340.0";"443.0";"443.0"
"198350.0";"443.0";"443.0"
"198360.0";"443.0";"443.0"
"198370.0";"443.0";"443.0"
"198380.0";"443.0";"443.0"
"198390.0";"443.0";"443.0"
"198400.0";"443.0";"443.0"
"198410.0";"443.0";"443.0"
"198420.0";"443.0";"443.0"
"198430.0";"443.0";"443.0"
"198440.0";"443.0";"443.0"
"198450.0";"443.0";"443.0"
"198460.0";"443.0";"443.0"
"198470.0";"443.0";"443.0"
"198480.0";"443.0";"443.0"
"198490.0";"443.0";"443.0"
"198500.0";"443.0";"443.0"
"198510.0";"443.0";"443.0"
"198520.0";"443.0";"443.0"
"198530.0";"443.0";"443.0"
"198540.0";"443.0";"443.0"
"198550.0";"443.0";"443.0"
"198560.0";"443.0";"443.0"
"198570.0";"443.0";"443.0"
"198580.0";"443.0";"443.0"
"198590.0";"443.0";"443.0"
"198600.0";"443.0";"443.0"
"198610.0";"443.0";"443.0"
"198620.0";"443.0";"443.0"
"198630.0";"443.0";"443.0"
"198640.0";"443.0";"443.0"
"198650.0";"443.0";"443.0"
"198660.0";"443.0";"443.0"
"198670.0";"443.0";"443.0"
"198680.0";"443.0";"443.0"
"198690.0";"443.0";"443.0"
"198700.0";"443.0";"443.0"
"198710.0";"443.0";"443.0"
"198720.0";"443.0";"443.0"
"198730.0";"443.0";"443.0"
"198740.0";"443.0";"443.0"
"198750.0";"443.0";"443.0"
"198760.0";"443.0";"443.0"
"198770.0";"443.0";"443.0"
"198780.0";"443.0";"443.0"
"198790.0";"443.0";"443.0"
"198800.0";"443.0";"443.0"
"198810.0";"443.0";"443.0"
"198820.0";"443.0";"443.0"
"198830.0";"443.0";"443.0"
"198840.0";"443.0";"443.0"
"198850.0";"443.0";"443.0"
"198860.0";"443.0";"443.0"
"198870.0";"443.0";"443.0"
"198880.0";"443.0";"443.0"
"198890.0";"443.0";"443.0"
"198900.0";"443.0";"443.0"
"198910.0";"443.0";"443.0"
"198920.0";"443.0";"443.0"
"198930.0";"443.0";"443.0"
"198940.0";"443.0";"443.0"
"198950.0";"443.0";"443.0"
"198960.0";"443.0";"443.0"
"198970.0";"443.0";"443.0"
"198980.0";"443.0";"443.0"
"198990.0";"443.0";"443.0"
"199000.0";"443.0";"443.0"
"199010.0";"443.0";"443.0"
"199020.0";"443.0";"443.0"
"199030.0";"443.0";"443.0"
"199040.0";"443.0";"443.0"
"199050.0";"443.0";"443.0"
"199060.0";"443.0";"443.0"
"199070.0";"443.0";"443.0"
"199080.0";"443.0";"443.0"
"199090.0";"443.0";"443.0"
"199100.0";"443.0";"443.0"
"199110.0";"443.0";"443.0"
"199120.0";"443.0";"443.0"
"199130.0";"443.0";"443.0"
"199140.0";"443.0";"443.0"
"199150.0";"443.0";"443.0"
"199160.0";"443.0";"443.0"
"199170.0";"443.0";"443.0"
"199180.0";"443.0";"443.0"
"199190.0";"443.0";"443.0"
"199200.0";"443.0";"443.0"
"199210.0";"443.0";"443.0"
"199220.0";"443.0";"443.0"
"199230.0";"443.0";"443.0"
"199240.0";"443.0";"443.0"
"199250.0";"443.0";"443.0"
"199260.0";"443.0";"443.0"
"199270.0";"443.0";"443.0"
"199280.0";"443.0";"443.0"
"199290.0";"443.0";"443.0"
"199300.0";"443.0";"443.0"
"199310.0";"443.0";"443.0"
"199320.0";"443.0";"443.0"
"199330.0";"443.0";"443.0"
"199340.0";"443.0";"443.0"
"199350.0";"443.0";"443.0"
"199360.0";"443.0";"443.0"
"199370.0";"443.0";"443.0"
"199380.0";"443.0";"443.0"
"199390.0";"443.0";"443.0"
"199400.0";"443.0";"443.0"
"199410.0";"443.0";"443.0"
"199420.0";"443.0";"443.0"
"199430.0";"443.0";"443.0"
"199440.0";"443.0";"443.0"
"199450.0";"443.0";"443.0"
"199460.0";"443.0";"443.0"
"199470.0";"443.0";"443.0"
"199480.0";"443.0";"443.0"
"199490.0";"443.0";"443.0"
"199500.0";"443.0";"443.0"
"199510.0";"443.0";"443.0"
"199520.0";"443.0";"443.0"
"199530.0";"443.0";"443.0"
"199540.0";"443.0";"443.0"
"199550.0";"443.0";"443.0"
"199560.0";"443.0";"443.0"
"199570.0";"443.0";"443.0"
"199580.0";"443.0";"443.0"
"199590.0";"443.0";"443.0"
"199600.0";"443.0";"443.0"
"199610.0";"443.0";"443.0"
"199620.0";"443.0";"443.0"
"199630.0";"443.0";"443.0"
"199640.0";"443.0";"443.0"
"199650.0";"443.0";"443.0"
"199660.0";"443.0";"443.0"
"199670.0";"443.0";"443.0"
"199680.0";"443.0";"443.0"
"199690.0";"443.0";"443.0"
"199700.0";"443.0";"443.0"
"199710.0";"443.0";"443.0"
"199720.0";"443.0";"443.0"
"199730.0";"443.0";"443.0"
"199740.0";"443.0";"443.0"
"199750.0";"443.0";"443.0"
"199760.0";"443.0";"443.0"
"199770.0";"443.0";"443.0"
"199780.0";"443.0";"443.0"
"199790.0";"443.0";"443.0"
"199800.0";"443.0";"443.0"
"199810.0";"443.0";"443.0"
"199820.0";"443.0";"443.0"
"199830.0";"443.0";"443.0"
"199840.0";"443.0";"443.0"
"199850.0";"443.0";"443.0"
"199860.0";"443.0";"443.0"
"199870.0";"443.0";"443.0"
"199880.0";"443.0";"443.0"
"199890.0";"443.0";"443.0"
"199900.0";"443.0";"443.0"
"199910.0";"443.0";"443.0"
"199920.0";"443.0";"443.0"
"199930.0";"443.0";"443.0"
"199940.0";"443.0";"443.0"
"199950.0";"443.0";"443.0"
"199960.0";"443.0";"443.0"
"199970.0";"443.0";"443.0"
"199980.0";"443.0";"443.0"
"199990.0";"443.0";"443.0"
"200000.0";"443.0";"443.0"
"200010.0";"443.0";"443.0"
"200020.0";"443.0";"443.0"
"200030.0";"443.0";"443.0"
"200040.0";"443.0";"443.0"
"200050.0";"443.0";"443.0"
"200060.0";"443.0";"443.0"
"200070.0";"443.0";"443.0"
"200080.0";"443.0";"443.0"
"200090.0";"443.0";"443.0"
"200100.0";"443.0";"443.0"
"200110.0";"443.0";"443.0"
"200120.0";"443.0";"443.0"
"200130.0";"443.0";"443.0"
"200140.0";"443.0";"443.0"
"200150.0";"443.0";"443.0"
"200160.0";"443.0";"443.0"
"200170.0";"443.0";"443.0"
"200180.0";"443.0";"443.0"
"200190.0";"443.0";"443.0"
"200200.0";"443.0";"443.0"
"200210.0";"443.0";"443.0"
"200220.0";"443.0";"443.0"
"200230.0";"443.0";"443.0"
"200240.0";"443.0";"443.0"
"200250.0";"443.0";"443.0"
"200260.0";"443.0";"443.0"
"200270.0";"443.0";"443.0"
"200280.0";"443.0";"443.0"
"200290.0";"443.0";"443.0"
"200300.0";"443.0";"443.0"
"200310.0";"443.0";"443.0"
"200320.0";"443.0";"443.0"
"200330.0";"443.0";"443.0"
"200340.0";"443.0";"443.0"
"200350.0";"443.0";"443.0"
"200360.0";"443.0";"443.0"
"200370.0";"443.0";"443.0"
"200380.0";"443.0";"443.0"
"200390.0";"443.0";"443.0"
"200400.0";"443.0";"443.0"
"200410.0";"443.0";"443.0"
"200420.0";"443.0";"443.0"
"200430.0";"443.0";"443.0"
"200440.0";"443.0";"443.0"
"200450.0";"443.0";"443.0"
"200460.0";"443.0";"443.0"
"200470.0";"443.0";"443.0"
"200480.0";"443.0";"443.0"
"200490.0";"443.0";"443.0"
"200500.0";"443.0";"443.0"
"200510.0";"443.0";"443.0"
"200520.0";"443.0";"443.0"
"200530.0";"443.0";"443.0"
"200540.0";"443.0";"443.0"
"200550.0";"443.0";"443.0"
"200560.0";"443.0";"443.0"
"200570.0";"443.0";"443.0"
"200580.0";"443.0";"443.0"
"200590.0";"443.0";"443.0"
"200600.0";"443.0";"443.0"
"200610.0";"443.0";"443.0"
"200620.0";"443.0";"443.0"
"200630.0";"443.0";"443.0"
"200640.0";"443.0";"443.0"
"200650.0";"443.0";"443.0"
"200660.0";"443.0";"443.0"
"200670.0";"443.0";"443.0"
"200680.0";"443.0";"443.0"
"200690.0";"443.0";"443.0"
"200700.0";"443.0";"443.0"
"200710.0";"443.0";"443.0"
"200720.0";"443.0";"443.0"
"200730.0";"443.0";"443.0"
"200740.0";"443.0";"443.0"
"200750.0";"443.0";"443.0"
"200760.0";"443.0";"443.0"
"200770.0";"443.0";"443.0"
"200780.0";"443.0";"443.0"
"200790.0";"443.0";"443.0"
"200800.0";"443.0";"443.0"
"200810.0";"443.0";"443.0"
"200820.0";"443.0";"443.0"
"200830.0";"443.0";"443.0"
"200840.0";"443.0";"443.0"
"200850.0";"443.0";"443.0"
"200860.0";"443.0";"443.0"
"200870.0";"443.0";"443.0"
"200880.0";"443.0";"443.0"
"200890.0";"443.0";"443.0"
"200900.0";"443.0";"443.0"
"200910.0";"443.0";"443.0"
"200920.0";"443.0";"443.0"
"200930.0";"443.0";"443.0"
"200940.0";"443.0";"443.0"
"200950.0";"443.0";"443.0"
"200960.0";"443.0";"443.0"
"200970.0";"443.0";"443.0"
"200980.0";"443.0";"443.0"
"200990.0";"443.0";"443.0"
"201000.0";"443.0";"443.0"
"201010.0";"443.0";"443.0"
"201020.0";"443.0";"443.0"
"201030.0";"443.0";"443.0"
"201040.0";"443.0";"443.0"
"201050.0";"443.0";"443.0"
"201060.0";"443.0";"443.0"
"201070.0";"443.0";"443.0"
"201080.0";"443.0";"443.0"
"201090.0";"443.0";"443.0"
"201100.0";"443.0";"443.0"
"201110.0";"443.0";"443.0"
"201120.0";"443.0";"443.0"
"201130.0";"443.0";"443.0"
"201140.0";"443.0";"443.0"
"201150.0";"443.0";"443.0"
"201160.0";"443.0";"443.0"
"201170.0";"443.0";"443.0"
"201180.0";"443.0";"443.0"
"201190.0";"443.0";"443.0"
"201200.0";"443.0";"443.0"
"201210.0";"443.0";"443.0"
"201220.0";"443.0";"443.0"
"201230.0";"443.0";"443.0"
"201240.0";"443.0";"443.0"
"201250.0";"443.0";"443.0"
"201260.0";"443.0";"443.0"
"201270.0";"443.0";"443.0"
"201280.0";"443.0";"443.0"
"201290.0";"443.0";"443.0"
"201300.0";"443.0";"443.0"
"201310.0";"443.0";"443.0"
"201320.0";"443.0";"443.0"
"201330.0";"443.0";"443.0"
"201340.0";"443.0";"443.0"
"201350.0";"443.0";"443.0"
"201360.0";"443.0";"443.0"
"201370.0";"443.0";"443.0"
"201380.0";"443.0";"443.0"
"201390.0";"443.0";"443.0"
"201400.0";"443.0";"443.0"
"201410.0";"443.0";"443.0"
"201420.0";"443.0";"443.0"
"201430.0";"443.0";"443.0"
"201440.0";"443.0";"443.0"
"201450.0";"443.0";"443.0"
"201460.0";"443.0";"443.0"
"201470.0";"443.0";"443.0"
"201480.0";"443.0";"443.0"
"201490.0";"443.0";"443.0"
"201500.0";"443.0";"443.0"
"201510.0";"443.0";"443.0"
"201520.0";"443.0";"443.0"
"201530.0";"443.0";"443.0"
"201540.0";"443.0";"443.0"
"201550.0";"443.0";"443.0"
"201560.0";"443.0";"443.0"
"201570.0";"443.0";"443.0"
"201580.0";"443.0";"443.0"
"201590.0";"443.0";"443.0"
"201600.0";"443.0";"443.0"
"201610.0";"443.0";"443.0"
"201620.0";"443.0";"443.0"
"201630.0";"443.0";"443.0"
"201640.0";"443.0";"443.0"
"201650.0";"443.0";"443.0"
"201660.0";"443.0";"443.0"
"201670.0";"443.0";"443.0"
"201680.0";"443.0";"443.0"
"201690.0";"443.0";"443.0"
"201700.0";"443.0";"443.0"
"201710.0";"443.0";"443.0"
"201720.0";"443.0";"443.0"
"201730.0";"443.0";"443.0"
"201740.0";"443.0";"443.0"
"201750.0";"443.0";"443.0"
"201760.0";"443.0";"443.0"
"201770.0";"443.0";"443.0"
"201780.0";"443.0";"443.0"
"201790.0";"443.0";"443.0"
"201800.0";"443.0";"443.0"
"201810.0";"443.0";"443.0"
"201820.0";"443.0";"443.0"
"201830.0";"443.0";"443.0"
"201840.0";"443.0";"443.0"
"201850.0";"443.0";"443.0"
"201860.0";"443.0";"443.0"
"201870.0";"443.0";"443.0"
"201880.0";"443.0";"443.0"
"201890.0";"443.0";"443.0"
"201900.0";"443.0";"443.0"
"201910.0";"443.0";"443.0"
"201920.0";"443.0";"443.0"
"201930.0";"443.0";"443.0"
"201940.0";"443.0";"443.0"
"201950.0";"443.0";"443.0"
"201960.0";"443.0";"443.0"
"201970.0";"443.0";"443.0"
"201980.0";"443.0";"443.0"
"201990.0";"443.0";"443.0"
"202000.0";"443.0";"443.0"
"202010.0";"443.0";"443.0"
"202020.0";"443.0";"443.0"
"202030.0";"443.0";"443.0"
"202040.0";"443.0";"443.0"
"202050.0";"443.0";"443.0"
"202060.0";"443.0";"443.0"
"202070.0";"443.0";"443.0"
"202080.0";"443.0";"443.0"
"202090.0";"443.0";"443.0"
"202100.0";"443.0";"443.0"
"202110.0";"443.0";"443.0"
"202120.0";"443.0";"443.0"
"202130.0";"443.0";"443.0"
"202140.0";"443.0";"443.0"
"202150.0";"443.0";"443.0"
"202160.0";"443.0";"443.0"
"202170.0";"443.0";"443.0"
"202180.0";"443.0";"443.0"
"202190.0";"443.0";"443.0"
"202200.0";"443.0";"443.0"
"202210.0";"443.0";"443.0"
"202220.0";"443.0";"443.0"
"202230.0";"443.0";"443.0"
"202240.0";"443.0";"443.0"
"202250.0";"443.0";"443.0"
"202260.0";"443.0";"443.0"
"202270.0";"443.0";"443.0"
"202280.0";"443.0";"443.0"
"202290.0";"443.0";"443.0"
"202300.0";"443.0";"443.0"
"202310.0";"443.0";"443.0"
"202320.0";"443.0";"443.0"
"202330.0";"443.0";"443.0"
"202340.0";"443.0";"443.0"
"202350.0";"443.0";"443.0"
"202360.0";"443.0";"443.0"
"202370.0";"443.0";"443.0"
"202380.0";"443.0";"443.0"
"202390.0";"443.0";"443.0"
"202400.0";"443.0";"443.0"
"202410.0";"443.0";"443.0"
"202420.0";"443.0";"443.0"
"202430.0";"443.0";"443.0"
"202440.0";"443.0";"443.0"
"202450.0";"443.0";"443.0"
"202460.0";"443.0";"443.0"
"202470.0";"443.0";"443.0"
"202480.0";"443.0";"443.0"
"202490.0";"443.0";"443.0"
"202500.0";"443.0";"443.0"
"202510.0";"443.0";"443.0"
"202520.0";"443.0";"443.0"
"202530.0";"443.0";"443.0"
"202540.0";"443.0";"443.0"
"202550.0";"443.0";"443.0"
"202560.0";"443.0";"443.0"
"202570.0";"443.0";"443.0"
"202580.0";"443.0";"443.0"
"202590.0";"443.0";"443.0"
"202600.0";"443.0";"443.0"
"202610.0";"443.0";"443.0"
"202620.0";"443.0";"443.0"
"202630.0";"443.0";"443.0"
"202640.0";"443.0";"443.0"
"202650.0";"443.0";"443.0"
"202660.0";"443.0";"443.0"
"202670.0";"443.0";"443.0"
"202680.0";"443.0";"443.0"
"202690.0";"443.0";"443.0"
"202700.0";"443.0";"443.0"
"202710.0";"443.0";"443.0"
"202720.0";"443.0";"443.0"
"202730.0";"443.0";"443.0"
"202740.0";"443.0";"443.0"
"202750.0";"443.0";"443.0"
"202760.0";"443.0";"443.0"
"202770.0";"443.0";"443.0"
"202780.0";"443.0";"443.0"
"202790.0";"443.0";"443.0"
"202800.0";"443.0";"443.0"
"202810.0";"443.0";"443.0"
"202820.0";"443.0";"443.0"
"202830.0";"443.0";"443.0"
"202840.0";"443.0";"443.0"
"202850.0";"443.0";"443.0"
"202860.0";"443.0";"443.0"
"202870.0";"443.0";"443.0"
"202880.0";"443.0";"443.0"
"202890.0";"443.0";"443.0"
"202900.0";"443.0";"443.0"
"202910.0";"443.0";"443.0"
"202920.0";"443.0";"443.0"
"202930.0";"443.0";"443.0"
"202940.0";"443.0";"443.0"
"202950.0";"443.0";"443.0"
"202960.0";"443.0";"443.0"
"202970.0";"443.0";"443.0"
"202980.0";"443.0";"443.0"
"202990.0";"443.0";"443.0"
"203000.0";"443.0";"443.0"
"203010.0";"443.0";"443.0"
"203020.0";"443.0";"443.0"
"203030.0";"443.0";"443.0"
"203040.0";"443.0";"443.0"
"203050.0";"443.0";"443.0"
"203060.0";"443.0";"443.0"
"203070.0";"443.0";"443.0"
"203080.0";"443.0";"443.0"
"203090.0";"443.0";"443.0"
"203100.0";"443.0";"443.0"
"203110.0";"443.0";"443.0"
"203120.0";"443.0";"443.0"
"203130.0";"443.0";"443.0"
"203140.0";"443.0";"443.0"
"203150.0";"443.0";"443.0"
"203160.0";"443.0";"443.0"
"203170.0";"443.0";"443.0"
"203180.0";"443.0";"443.0"
"203190.0";"443.0";"443.0"
"203200.0";"443.0";"443.0"
"203210.0";"443.0";"443.0"
"203220.0";"443.0";"443.0"
"203230.0";"443.0";"443.0"
"203240.0";"443.0";"443.0"
"203250.0";"443.0";"443.0"
"203260.0";"443.0";"443.0"
"203270.0";"443.0";"443.0"
"203280.0";"443.0";"443.0"
"203290.0";"443.0";"443.0"
"203300.0";"443.0";"443.0"
"203310.0";"443.0";"443.0"
"203320.0";"443.0";"443.0"
"203330.0";"443.0";"443.0"
"203340.0";"443.0";"443.0"
"203350.0";"443.0";"443.0"
"203360.0";"443.0";"443.0"
"203370.0";"443.0";"443.0"
"203380.0";"443.0";"443.0"
"203390.0";"443.0";"443.0"
"203400.0";"443.0";"443.0"
"203410.0";"443.0";"443.0"
"203420.0";"443.0";"443.0"
"203430.0";"443.0";"443.0"
"203440.0";"443.0";"443.0"
"203450.0";"443.0";"443.0"
"203460.0";"443.0";"443.0"
"203470.0";"443.0";"443.0"
"203480.0";"443.0";"443.0"
"203490.0";"443.0";"443.0"
"203500.0";"443.0";"443.0"
"203510.0";"443.0";"443.0"
"203520.0";"443.0";"443.0"
"203530.0";"443.0";"443.0"
"203540.0";"443.0";"443.0"
"203550.0";"443.0";"443.0"
"203560.0";"443.0";"443.0"
"203570.0";"443.0";"443.0"
"203580.0";"443.0";"443.0"
"203590.0";"443.0";"443.0"
"203600.0";"443.0";"443.0"
"203610.0";"443.0";"443.0"
"203620.0";"443.0";"443.0"
"203630.0";"443.0";"443.0"
"203640.0";"443.0";"443.0"
"203650.0";"443.0";"443.0"
"203660.0";"443.0";"443.0"
"203670.0";"443.0";"443.0"
"203680.0";"443.0";"443.0"
"203690.0";"443.0";"443.0"
"203700.0";"443.0";"443.0"
"203710.0";"443.0";"443.0"
"203720.0";"443.0";"443.0"
"203730.0";"443.0";"443.0"
"203740.0";"443.0";"443.0"
"203750.0";"443.0";"443.0"
"203760.0";"443.0";"443.0"
"203770.0";"443.0";"443.0"
"203780.0";"443.0";"443.0"
"203790.0";"443.0";"443.0"
"203800.0";"443.0";"443.0"
"203810.0";"443.0";"443.0"
"203820.0";"443.0";"443.0"
"203830.0";"443.0";"443.0"
"203840.0";"443.0";"443.0"
"203850.0";"443.0";"443.0"
"203860.0";"443.0";"443.0"
"203870.0";"443.0";"443.0"
"203880.0";"443.0";"443.0"
"203890.0";"443.0";"443.0"
"203900.0";"443.0";"443.0"
"203910.0";"443.0";"443.0"
"203920.0";"443.0";"443.0"
"203930.0";"443.0";"443.0"
"203940.0";"443.0";"443.0"
"203950.0";"443.0";"443.0"
"203960.0";"443.0";"443.0"
"203970.0";"443.0";"443.0"
"203980.0";"443.0";"443.0"
"203990.0";"443.0";"443.0"
"204000.0";"443.0";"443.0"
"204010.0";"443.0";"443.0"
"204020.0";"443.0";"443.0"
"204030.0";"443.0";"443.0"
"204040.0";"443.0";"443.0"
"204050.0";"443.0";"443.0"
"204060.0";"443.0";"443.0"
"204070.0";"443.0";"443.0"
"204080.0";"443.0";"443.0"
"204090.0";"443.0";"443.0"
"204100.0";"443.0";"443.0"
"204110.0";"443.0";"443.0"
"204120.0";"443.0";"443.0"
"204130.0";"443.0";"443.0"
"204140.0";"443.0";"443.0"
"204150.0";"443.0";"443.0"
"204160.0";"443.0";"443.0"
"204170.0";"443.0";"443.0"
"204180.0";"443.0";"443.0"
"204190.0";"443.0";"443.0"
"204200.0";"443.0";"443.0"
"204210.0";"443.0";"443.0"
"204220.0";"443.0";"443.0"
"204230.0";"443.0";"443.0"
"204240.0";"443.0";"443.0"
"204250.0";"443.0";"443.0"
"204260.0";"443.0";"443.0"
"204270.0";"443.0";"443.0"
"204280.0";"443.0";"443.0"
"204290.0";"443.0";"443.0"
"204300.0";"443.0";"443.0"
"204310.0";"443.0";"443.0"
"204320.0";"443.0";"443.0"
"204330.0";"443.0";"443.0"
"204340.0";"443.0";"443.0"
"204350.0";"443.0";"443.0"
"204360.0";"443.0";"443.0"
"204370.0";"443.0";"443.0"
"204380.0";"443.0";"443.0"
"204390.0";"443.0";"443.0"
"204400.0";"443.0";"443.0"
"204410.0";"443.0";"443.0"
"204420.0";"443.0";"443.0"
"204430.0";"443.0";"443.0"
"204440.0";"443.0";"443.0"
"204450.0";"443.0";"443.0"
"204460.0";"443.0";"443.0"
"204470.0";"443.0";"443.0"
"204480.0";"443.0";"443.0"
"204490.0";"443.0";"443.0"
"204500.0";"443.0";"443.0"
"204510.0";"443.0";"443.0"
"204520.0";"443.0";"443.0"
"204530.0";"443.0";"443.0"
"204540.0";"443.0";"443.0"
"204550.0";"443.0";"443.0"
"204560.0";"443.0";"443.0"
"204570.0";"443.0";"443.0"
"204580.0";"443.0";"443.0"
"204590.0";"443.0";"443.0"
"204600.0";"443.0";"443.0"
"204610.0";"443.0";"443.0"
"204620.0";"443.0";"443.0"
"204630.0";"443.0";"443.0"
"204640.0";"443.0";"443.0"
"204650.0";"443.0";"443.0"
"204660.0";"443.0";"443.0"
"204670.0";"443.0";"443.0"
"204680.0";"443.0";"443.0"
"204690.0";"443.0";"443.0"
"204700.0";"443.0";"443.0"
"204710.0";"443.0";"443.0"
"204720.0";"443.0";"443.0"
"204730.0";"443.0";"443.0"
"204740.0";"443.0";"443.0"
"204750.0";"443.0";"443.0"
"204760.0";"443.0";"443.0"
"204770.0";"443.0";"443.0"
"204780.0";"443.0";"443.0"
"204790.0";"443.0";"443.0"
"204800.0";"443.0";"443.0"
"204810.0";"443.0";"443.0"
"204820.0";"443.0";"443.0"
"204830.0";"443.0";"443.0"
"204840.0";"443.0";"443.0"
"204850.0";"443.0";"443.0"
"204860.0";"443.0";"443.0"
"204870.0";"443.0";"443.0"
"204880.0";"443.0";"443.0"
"204890.0";"443.0";"443.0"
"204900.0";"443.0";"443.0"
"204910.0";"443.0";"443.0"
"204920.0";"443.0";"443.0"
"204930.0";"443.0";"443.0"
"204940.0";"443.0";"443.0"
"204950.0";"443.0";"443.0"
"204960.0";"443.0";"443.0"
"204970.0";"443.0";"443.0"
"204980.0";"443.0";"443.0"
"204990.0";"443.0";"443.0"
"205000.0";"443.0";"443.0"
"205010.0";"443.0";"443.0"
"205020.0";"443.0";"443.0"
"205030.0";"443.0";"443.0"
"205040.0";"443.0";"443.0"
"205050.0";"443.0";"443.0"
"205060.0";"443.0";"443.0"
"205070.0";"443.0";"443.0"
"205080.0";"443.0";"443.0"
"205090.0";"443.0";"443.0"
"205100.0";"443.0";"443.0"
"205110.0";"443.0";"443.0"
"205120.0";"443.0";"443.0"
"205130.0";"443.0";"443.0"
"205140.0";"443.0";"443.0"
"205150.0";"443.0";"443.0"
"205160.0";"443.0";"443.0"
"205170.0";"443.0";"443.0"
"205180.0";"443.0";"443.0"
"205190.0";"443.0";"443.0"
"205200.0";"443.0";"443.0"
"205210.0";"443.0";"443.0"
"205220.0";"443.0";"443.0"
"205230.0";"443.0";"443.0"
"205240.0";"443.0";"443.0"
"205250.0";"443.0";"443.0"
"205260.0";"443.0";"443.0"
"205270.0";"443.0";"443.0"
"205280.0";"443.0";"443.0"
"205290.0";"443.0";"443.0"
"205300.0";"443.0";"443.0"
"205310.0";"443.0";"443.0"
"205320.0";"443.0";"443.0"
"205330.0";"443.0";"443.0"
"205340.0";"443.0";"443.0"
"205350.0";"443.0";"443.0"
"205360.0";"443.0";"443.0"
"205370.0";"443.0";"443.0"
"205380.0";"443.0";"443.0"
"205390.0";"443.0";"443.0"
"205400.0";"443.0";"443.0"
"205410.0";"443.0";"443.0"
"205420.0";"443.0";"443.0"
"205430.0";"443.0";"443.0"
"205440.0";"443.0";"443.0"
"205450.0";"443.0";"443.0"
"205460.0";"443.0";"443.0"
"205470.0";"443.0";"443.0"
"205480.0";"443.0";"443.0"
"205490.0";"443.0";"443.0"
"205500.0";"443.0";"443.0"
"205510.0";"443.0";"443.0"
"205520.0";"443.0";"443.0"
"205530.0";"443.0";"443.0"
"205540.0";"443.0";"443.0"
"205550.0";"443.0";"443.0"
"205560.0";"443.0";"443.0"
"205570.0";"443.0";"443.0"
"205580.0";"443.0";"443.0"
"205590.0";"443.0";"443.0"
"205600.0";"443.0";"443.0"
"205610.0";"443.0";"443.0"
"205620.0";"443.0";"443.0"
"205630.0";"443.0";"443.0"
"205640.0";"443.0";"443.0"
"205650.0";"443.0";"443.0"
"205660.0";"443.0";"443.0"
"205670.0";"443.0";"443.0"
"205680.0";"443.0";"443.0"
"205690.0";"443.0";"443.0"
"205700.0";"443.0";"443.0"
"205710.0";"443.0";"443.0"
"205720.0";"443.0";"443.0"
"205730.0";"443.0";"443.0"
"205740.0";"443.0";"443.0"
"205750.0";"443.0";"443.0"
"205760.0";"443.0";"443.0"
"205770.0";"443.0";"443.0"
"205780.0";"443.0";"443.0"
"205790.0";"443.0";"443.0"
"205800.0";"443.0";"443.0"
"205810.0";"443.0";"443.0"
"205820.0";"443.0";"443.0"
"205830.0";"443.0";"443.0"
"205840.0";"443.0";"443.0"
"205850.0";"443.0";"443.0"
"205860.0";"443.0";"443.0"
"205870.0";"443.0";"443.0"
"205880.0";"443.0";"443.0"
"205890.0";"443.0";"443.0"
"205900.0";"443.0";"443.0"
"205910.0";"443.0";"443.0"
"205920.0";"443.0";"443.0"
"205930.0";"443.0";"443.0"
"205940.0";"443.0";"443.0"
"205950.0";"443.0";"443.0"
"205960.0";"443.0";"443.0"
"205970.0";"443.0";"443.0"
"205980.0";"443.0";"443.0"
"205990.0";"443.0";"443.0"
"206000.0";"443.0";"443.0"
"206010.0";"443.0";"443.0"
"206020.0";"443.0";"443.0"
"206030.0";"443.0";"443.0"
"206040.0";"443.0";"443.0"
"206050.0";"443.0";"443.0"
"206060.0";"443.0";"443.0"
"206070.0";"443.0";"443.0"
"206080.0";"443.0";"443.0"
"206090.0";"443.0";"443.0"
"206100.0";"443.0";"443.0"
"206110.0";"443.0";"443.0"
"206120.0";"443.0";"443.0"
"206130.0";"443.0";"443.0"
"206140.0";"443.0";"443.0"
"206150.0";"443.0";"443.0"
"206160.0";"443.0";"443.0"
"206170.0";"443.0";"443.0"
"206180.0";"443.0";"443.0"
"206190.0";"443.0";"443.0"
"206200.0";"443.0";"443.0"
"206210.0";"443.0";"443.0"
"206220.0";"443.0";"443.0"
"206230.0";"443.0";"443.0"
"206240.0";"443.0";"443.0"
"206250.0";"443.0";"443.0"
"206260.0";"443.0";"443.0"
"206270.0";"443.0";"443.0"
"206280.0";"443.0";"443.0"
"206290.0";"443.0";"443.0"
"206300.0";"443.0";"443.0"
"206310.0";"443.0";"443.0"
"206320.0";"443.0";"443.0"
"206330.0";"443.0";"443.0"
"206340.0";"443.0";"443.0"
"206350.0";"443.0";"443.0"
"206360.0";"443.0";"443.0"
"206370.0";"443.0";"443.0"
"206380.0";"443.0";"443.0"
"206390.0";"443.0";"443.0"
"206400.0";"443.0";"443.0"
"206410.0";"443.0";"443.0"
"206420.0";"443.0";"443.0"
"206430.0";"443.0";"443.0"
"206440.0";"443.0";"443.0"
"206450.0";"443.0";"443.0"
"206460.0";"443.0";"443.0"
"206470.0";"443.0";"443.0"
"206480.0";"443.0";"443.0"
"206490.0";"443.0";"443.0"
"206500.0";"443.0";"443.0"
"206510.0";"443.0";"443.0"
"206520.0";"443.0";"443.0"
"206530.0";"443.0";"443.0"
"206540.0";"443.0";"443.0"
"206550.0";"443.0";"443.0"
"206560.0";"443.0";"443.0"
"206570.0";"443.0";"443.0"
"206580.0";"443.0";"443.0"
"206590.0";"443.0";"443.0"
"206600.0";"443.0";"443.0"
"206610.0";"443.0";"443.0"
"206620.0";"443.0";"443.0"
"206630.0";"443.0";"443.0"
"206640.0";"443.0";"443.0"
"206650.0";"443.0";"443.0"
"206660.0";"443.0";"443.0"
"206670.0";"443.0";"443.0"
"206680.0";"443.0";"443.0"
"206690.0";"443.0";"443.0"
"206700.0";"443.0";"443.0"
"206710.0";"443.0";"443.0"
"206720.0";"443.0";"443.0"
"206730.0";"443.0";"443.0"
"206740.0";"443.0";"443.0"
"206750.0";"443.0";"443.0"
"206760.0";"443.0";"443.0"
"206770.0";"443.0";"443.0"
"206780.0";"443.0";"443.0"
"206790.0";"443.0";"443.0"
"206800.0";"443.0";"443.0"
"206810.0";"443.0";"443.0"
"206820.0";"443.0";"443.0"
"206830.0";"443.0";"443.0"
"206840.0";"443.0";"443.0"
"206850.0";"443.0";"443.0"
"206860.0";"443.0";"443.0"
"206870.0";"443.0";"443.0"
"206880.0";"443.0";"443.0"
"206890.0";"443.0";"443.0"
"206900.0";"443.0";"443.0"
"206910.0";"443.0";"443.0"
"206920.0";"443.0";"443.0"
"206930.0";"443.0";"443.0"
"206940.0";"443.0";"443.0"
"206950.0";"443.0";"443.0"
"206960.0";"443.0";"443.0"
"206970.0";"443.0";"443.0"
"206980.0";"443.0";"443.0"
"206990.0";"443.0";"443.0"
"207000.0";"443.0";"443.0"
"207010.0";"443.0";"443.0"
"207020.0";"443.0";"443.0"
"207030.0";"443.0";"443.0"
"207040.0";"443.0";"443.0"
"207050.0";"443.0";"443.0"
"207060.0";"443.0";"443.0"
"207070.0";"443.0";"443.0"
"207080.0";"443.0";"443.0"
"207090.0";"443.0";"443.0"
"207100.0";"443.0";"443.0"
"207110.0";"443.0";"443.0"
"207120.0";"443.0";"443.0"
"207130.0";"443.0";"443.0"
"207140.0";"443.0";"443.0"
"207150.0";"443.0";"443.0"
"207160.0";"443.0";"443.0"
"207170.0";"443.0";"443.0"
"207180.0";"443.0";"443.0"
"207190.0";"443.0";"443.0"
"207200.0";"443.0";"443.0"
"207210.0";"443.0";"443.0"
"207220.0";"443.0";"443.0"
"207230.0";"443.0";"443.0"
"207240.0";"443.0";"443.0"
"207250.0";"443.0";"443.0"
"207260.0";"443.0";"443.0"
"207270.0";"443.0";"443.0"
"207280.0";"443.0";"443.0"
"207290.0";"443.0";"443.0"
"207300.0";"443.0";"443.0"
"207310.0";"443.0";"443.0"
"207320.0";"443.0";"443.0"
"207330.0";"443.0";"443.0"
"207340.0";"443.0";"443.0"
"207350.0";"443.0";"443.0"
"207360.0";"443.0";"443.0"
"207370.0";"443.0";"443.0"
"207380.0";"443.0";"443.0"
"207390.0";"443.0";"443.0"
"207400.0";"443.0";"443.0"
"207410.0";"443.0";"443.0"
"207420.0";"443.0";"443.0"
"207430.0";"443.0";"443.0"
"207440.0";"443.0";"443.0"
"207450.0";"443.0";"443.0"
"207460.0";"443.0";"443.0"
"207470.0";"443.0";"443.0"
"207480.0";"443.0";"443.0"
"207490.0";"443.0";"443.0"
"207500.0";"443.0";"443.0"
"207510.0";"443.0";"443.0"
"207520.0";"443.0";"443.0"
"207530.0";"443.0";"443.0"
"207540.0";"443.0";"443.0"
"207550.0";"443.0";"443.0"
"207560.0";"443.0";"443.0"
"207570.0";"443.0";"443.0"
"207580.0";"443.0";"443.0"
"207590.0";"443.0";"443.0"
"207600.0";"443.0";"443.0"
"207610.0";"443.0";"443.0"
"207620.0";"443.0";"443.0"
"207630.0";"443.0";"443.0"
"207640.0";"443.0";"443.0"
"207650.0";"443.0";"443.0"
"207660.0";"443.0";"443.0"
"207670.0";"443.0";"443.0"
"207680.0";"443.0";"443.0"
"207690.0";"443.0";"443.0"
"207700.0";"443.0";"443.0"
"207710.0";"443.0";"443.0"
"207720.0";"443.0";"443.0"
"207730.0";"443.0";"443.0"
"207740.0";"443.0";"443.0"
"207750.0";"443.0";"443.0"
"207760.0";"443.0";"443.0"
"207770.0";"443.0";"443.0"
"207780.0";"443.0";"443.0"
"207790.0";"443.0";"443.0"
"207800.0";"443.0";"443.0"
"207810.0";"443.0";"443.0"
"207820.0";"443.0";"443.0"
"207830.0";"443.0";"443.0"
"207840.0";"443.0";"443.0"
"207850.0";"443.0";"443.0"
"207860.0";"443.0";"443.0"
"207870.0";"443.0";"443.0"
"207880.0";"443.0";"443.0"
"207890.0";"443.0";"443.0"
"207900.0";"443.0";"443.0"
"207910.0";"443.0";"443.0"
"207920.0";"443.0";"443.0"
"207930.0";"443.0";"443.0"
"207940.0";"443.0";"443.0"
"207950.0";"443.0";"443.0"
"207960.0";"443.0";"443.0"
"207970.0";"443.0";"443.0"
"207980.0";"443.0";"443.0"
"207990.0";"443.0";"443.0"
"208000.0";"443.0";"443.0"
"208010.0";"443.0";"443.0"
"208020.0";"443.0";"443.0"
"208030.0";"443.0";"443.0"
"208040.0";"443.0";"443.0"
"208050.0";"443.0";"443.0"
"208060.0";"443.0";"443.0"
"208070.0";"443.0";"443.0"
"208080.0";"443.0";"443.0"
"208090.0";"443.0";"443.0"
"208100.0";"443.0";"443.0"
"208110.0";"443.0";"443.0"
"208120.0";"443.0";"443.0"
"208130.0";"443.0";"443.0"
"208140.0";"443.0";"443.0"
"208150.0";"443.0";"443.0"
"208160.0";"443.0";"443.0"
"208170.0";"443.0";"443.0"
"208180.0";"443.0";"443.0"
"208190.0";"443.0";"443.0"
"208200.0";"443.0";"443.0"
"208210.0";"443.0";"443.0"
"208220.0";"443.0";"443.0"
"208230.0";"443.0";"443.0"
"208240.0";"443.0";"443.0"
"208250.0";"443.0";"443.0"
"208260.0";"443.0";"443.0"
"208270.0";"443.0";"443.0"
"208280.0";"443.0";"443.0"
"208290.0";"443.0";"443.0"
"208300.0";"443.0";"443.0"
"208310.0";"443.0";"443.0"
"208320.0";"443.0";"443.0"
"208330.0";"443.0";"443.0"
"208340.0";"443.0";"443.0"
"208350.0";"443.0";"443.0"
"208360.0";"443.0";"443.0"
"208370.0";"443.0";"443.0"
"208380.0";"443.0";"443.0"
"208390.0";"443.0";"443.0"
"208400.0";"443.0";"443.0"
"208410.0";"443.0";"443.0"
"208420.0";"443.0";"443.0"
"208430.0";"443.0";"443.0"
"208440.0";"443.0";"443.0"
"208450.0";"443.0";"443.0"
"208460.0";"443.0";"443.0"
"208470.0";"443.0";"443.0"
"208480.0";"443.0";"443.0"
"208490.0";"443.0";"443.0"
"208500.0";"443.0";"443.0"
"208510.0";"443.0";"443.0"
"208520.0";"443.0";"443.0"
"208530.0";"443.0";"443.0"
"208540.0";"443.0";"443.0"
"208550.0";"443.0";"443.0"
"208560.0";"443.0";"443.0"
"208570.0";"443.0";"443.0"
"208580.0";"443.0";"443.0"
"208590.0";"443.0";"443.0"
"208600.0";"443.0";"443.0"
"208610.0";"443.0";"443.0"
"208620.0";"443.0";"443.0"
"208630.0";"443.0";"443.0"
"208640.0";"443.0";"443.0"
"208650.0";"443.0";"443.0"
"208660.0";"443.0";"443.0"
"208670.0";"443.0";"443.0"
"208680.0";"443.0";"443.0"
"208690.0";"443.0";"443.0"
"208700.0";"443.0";"443.0"
"208710.0";"443.0";"443.0"
"208720.0";"443.0";"443.0"
"208730.0";"443.0";"443.0"
"208740.0";"443.0";"443.0"
"208750.0";"443.0";"443.0"
"208760.0";"443.0";"443.0"
"208770.0";"443.0";"443.0"
"208780.0";"443.0";"443.0"
"208790.0";"443.0";"443.0"
"208800.0";"443.0";"443.0"
"208810.0";"443.0";"443.0"
"208820.0";"443.0";"443.0"
"208830.0";"443.0";"443.0"
"208840.0";"443.0";"443.0"
"208850.0";"443.0";"443.0"
"208860.0";"443.0";"443.0"
"208870.0";"443.0";"443.0"
"208880.0";"443.0";"443.0"
"208890.0";"443.0";"443.0"
"208900.0";"443.0";"443.0"
"208910.0";"443.0";"443.0"
"208920.0";"443.0";"443.0"
"208930.0";"443.0";"443.0"
"208940.0";"443.0";"443.0"
"208950.0";"443.0";"443.0"
"208960.0";"443.0";"443.0"
"208970.0";"443.0";"443.0"
"208980.0";"443.0";"443.0"
"208990.0";"443.0";"443.0"
"209000.0";"443.0";"443.0"
"209010.0";"443.0";"443.0"
"209020.0";"443.0";"443.0"
"209030.0";"443.0";"443.0"
"209040.0";"443.0";"443.0"
"209050.0";"443.0";"443.0"
"209060.0";"443.0";"443.0"
"209070.0";"443.0";"443.0"
"209080.0";"443.0";"443.0"
"209090.0";"443.0";"443.0"
"209100.0";"443.0";"443.0"
"209110.0";"443.0";"443.0"
"209120.0";"443.0";"443.0"
"209130.0";"443.0";"443.0"
"209140.0";"443.0";"443.0"
"209150.0";"443.0";"443.0"
"209160.0";"443.0";"443.0"
"209170.0";"443.0";"443.0"
"209180.0";"443.0";"443.0"
"209190.0";"443.0";"443.0"
"209200.0";"443.0";"443.0"
"209210.0";"443.0";"443.0"
"209220.0";"443.0";"443.0"
"209230.0";"443.0";"443.0"
"209240.0";"443.0";"443.0"
"209250.0";"443.0";"443.0"
"209260.0";"443.0";"443.0"
"209270.0";"443.0";"443.0"
"209280.0";"443.0";"443.0"
"209290.0";"443.0";"443.0"
"209300.0";"443.0";"443.0"
"209310.0";"443.0";"443.0"
"209320.0";"443.0";"443.0"
"209330.0";"443.0";"443.0"
"209340.0";"443.0";"443.0"
"209350.0";"443.0";"443.0"
"209360.0";"443.0";"443.0"
"209370.0";"443.0";"443.0"
"209380.0";"443.0";"443.0"
"209390.0";"443.0";"443.0"
"209400.0";"443.0";"443.0"
"209410.0";"443.0";"443.0"
"209420.0";"443.0";"443.0"
"209430.0";"443.0";"443.0"
"209440.0";"443.0";"443.0"
"209450.0";"443.0";"443.0"
"209460.0";"443.0";"443.0"
"209470.0";"443.0";"443.0"
"209480.0";"443.0";"443.0"
"209490.0";"443.0";"443.0"
"209500.0";"443.0";"443.0"
"209510.0";"443.0";"443.0"
"209520.0";"443.0";"443.0"
"209530.0";"443.0";"443.0"
"209540.0";"443.0";"443.0"
"209550.0";"443.0";"443.0"
"209560.0";"443.0";"443.0"
"209570.0";"443.0";"443.0"
"209580.0";"443.0";"443.0"
"209590.0";"443.0";"443.0"
"209600.0";"443.0";"443.0"
"209610.0";"443.0";"443.0"
"209620.0";"443.0";"443.0"
"209630.0";"443.0";"443.0"
"209640.0";"443.0";"443.0"
"209650.0";"443.0";"443.0"
"209660.0";"443.0";"443.0"
"209670.0";"443.0";"443.0"
"209680.0";"443.0";"443.0"
"209690.0";"443.0";"443.0"
"209700.0";"443.0";"443.0"
"209710.0";"443.0";"443.0"
"209720.0";"443.0";"443.0"
"209730.0";"443.0";"443.0"
"209740.0";"443.0";"443.0"
"209750.0";"443.0";"443.0"
"209760.0";"443.0";"443.0"
"209770.0";"443.0";"443.0"
"209780.0";"443.0";"443.0"
"209790.0";"443.0";"443.0"
"209800.0";"443.0";"443.0"
"209810.0";"443.0";"443.0"
"209820.0";"443.0";"443.0"
"209830.0";"443.0";"443.0"
"209840.0";"443.0";"443.0"
"209850.0";"443.0";"443.0"
"209860.0";"443.0";"443.0"
"209870.0";"443.0";"443.0"
"209880.0";"443.0";"443.0"
"209890.0";"443.0";"443.0"
"209900.0";"443.0";"443.0"
"209910.0";"443.0";"443.0"
"209920.0";"443.0";"443.0"
"209930.0";"443.0";"443.0"
"209940.0";"443.0";"443.0"
"209950.0";"443.0";"443.0"
"209960.0";"443.0";"443.0"
"209970.0";"443.0";"443.0"
"209980.0";"443.0";"443.0"
"209990.0";"443.0";"443.0"
"210000.0";"443.0";"443.0"
"210010.0";"443.0";"443.0"
"210020.0";"443.0";"443.0"
"210030.0";"443.0";"443.0"
"210040.0";"443.0";"443.0"
"210050.0";"443.0";"443.0"
"210060.0";"443.0";"443.0"
"210070.0";"443.0";"443.0"
"210080.0";"443.0";"443.0"
"210090.0";"443.0";"443.0"
"210100.0";"443.0";"443.0"
"210110.0";"443.0";"443.0"
"210120.0";"443.0";"443.0"
"210130.0";"443.0";"443.0"
"210140.0";"443.0";"443.0"
"210150.0";"443.0";"443.0"
"210160.0";"443.0";"443.0"
"210170.0";"443.0";"443.0"
"210180.0";"443.0";"443.0"
"210190.0";"443.0";"443.0"
"210200.0";"443.0";"443.0"
"210210.0";"443.0";"443.0"
"210220.0";"443.0";"443.0"
"210230.0";"443.0";"443.0"
"210240.0";"443.0";"443.0"
"210250.0";"443.0";"443.0"
"210260.0";"443.0";"443.0"
"210270.0";"443.0";"443.0"
"210280.0";"443.0";"443.0"
"210290.0";"443.0";"443.0"
"210300.0";"443.0";"443.0"
"210310.0";"443.0";"443.0"
"210320.0";"443.0";"443.0"
"210330.0";"443.0";"443.0"
"210340.0";"443.0";"443.0"
"210350.0";"443.0";"443.0"
"210360.0";"443.0";"443.0"
"210370.0";"443.0";"443.0"
"210380.0";"443.0";"443.0"
"210390.0";"443.0";"443.0"
"210400.0";"443.0";"443.0"
"210410.0";"443.0";"443.0"
"210420.0";"443.0";"443.0"
"210430.0";"443.0";"443.0"
"210440.0";"443.0";"443.0"
"210450.0";"443.0";"443.0"
"210460.0";"443.0";"443.0"
"210470.0";"443.0";"443.0"
"210480.0";"443.0";"443.0"
"210490.0";"443.0";"443.0"
"210500.0";"443.0";"443.0"
"210510.0";"443.0";"443.0"
"210520.0";"443.0";"443.0"
"210530.0";"443.0";"443.0"
"210540.0";"443.0";"443.0"
"210550.0";"443.0";"443.0"
"210560.0";"443.0";"443.0"
"210570.0";"443.0";"443.0"
"210580.0";"443.0";"443.0"
"210590.0";"443.0";"443.0"
"210600.0";"443.0";"443.0"
"210610.0";"443.0";"443.0"
"210620.0";"443.0";"443.0"
"210630.0";"443.0";"443.0"
"210640.0";"443.0";"443.0"
"210650.0";"443.0";"443.0"
"210660.0";"443.0";"443.0"
"210670.0";"443.0";"443.0"
"210680.0";"443.0";"443.0"
"210690.0";"443.0";"443.0"
"210700.0";"443.0";"443.0"
"210710.0";"443.0";"443.0"
"210720.0";"443.0";"443.0"
"210730.0";"443.0";"443.0"
"210740.0";"443.0";"443.0"
"210750.0";"443.0";"443.0"
"210760.0";"443.0";"443.0"
"210770.0";"443.0";"443.0"
"210780.0";"443.0";"443.0"
"210790.0";"443.0";"443.0"
"210800.0";"443.0";"443.0"
"210810.0";"443.0";"443.0"
"210820.0";"443.0";"443.0"
"210830.0";"443.0";"443.0"
"210840.0";"443.0";"443.0"
"210850.0";"443.0";"443.0"
"210860.0";"443.0";"443.0"
"210870.0";"443.0";"443.0"
"210880.0";"443.0";"443.0"
"210890.0";"443.0";"443.0"
"210900.0";"443.0";"443.0"
"210910.0";"443.0";"443.0"
"210920.0";"443.0";"443.0"
"210930.0";"443.0";"443.0"
"210940.0";"443.0";"443.0"
"210950.0";"443.0";"443.0"
"210960.0";"443.0";"443.0"
"210970.0";"443.0";"443.0"
"210980.0";"443.0";"443.0"
"210990.0";"443.0";"443.0"
"211000.0";"443.0";"443.0"
"211010.0";"443.0";"443.0"
"211020.0";"443.0";"443.0"
"211030.0";"443.0";"443.0"
"211040.0";"443.0";"443.0"
"211050.0";"443.0";"443.0"
"211060.0";"443.0";"443.0"
"211070.0";"443.0";"443.0"
"211080.0";"443.0";"443.0"
"211090.0";"443.0";"443.0"
"211100.0";"443.0";"443.0"
"211110.0";"443.0";"443.0"
"211120.0";"443.0";"443.0"
"211130.0";"443.0";"443.0"
"211140.0";"443.0";"443.0"
"211150.0";"443.0";"443.0"
"211160.0";"443.0";"443.0"
"211170.0";"443.0";"443.0"
"211180.0";"443.0";"443.0"
"211190.0";"443.0";"443.0"
"211200.0";"443.0";"443.0"
"211210.0";"443.0";"443.0"
"211220.0";"443.0";"443.0"
"211230.0";"443.0";"443.0"
"211240.0";"443.0";"443.0"
"211250.0";"443.0";"443.0"
"211260.0";"443.0";"443.0"
"211270.0";"443.0";"443.0"
"211280.0";"443.0";"443.0"
"211290.0";"443.0";"443.0"
"211300.0";"443.0";"443.0"
"211310.0";"443.0";"443.0"
"211320.0";"443.0";"443.0"
"211330.0";"443.0";"443.0"
"211340.0";"443.0";"443.0"
"211350.0";"443.0";"443.0"
"211360.0";"443.0";"443.0"
"211370.0";"443.0";"443.0"
"211380.0";"443.0";"443.0"
"211390.0";"443.0";"443.0"
"211400.0";"443.0";"443.0"
"211410.0";"443.0";"443.0"
"211420.0";"443.0";"443.0"
"211430.0";"443.0";"443.0"
"211440.0";"443.0";"443.0"
"211450.0";"443.0";"443.0"
"211460.0";"443.0";"443.0"
"211470.0";"443.0";"443.0"
"211480.0";"443.0";"443.0"
"211490.0";"443.0";"443.0"
"211500.0";"443.0";"443.0"
"211510.0";"443.0";"443.0"
"211520.0";"443.0";"443.0"
"211530.0";"443.0";"443.0"
"211540.0";"443.0";"443.0"
"211550.0";"443.0";"443.0"
"211560.0";"443.0";"443.0"
"211570.0";"443.0";"443.0"
"211580.0";"443.0";"443.0"
"211590.0";"443.0";"443.0"
"211600.0";"443.0";"443.0"
"211610.0";"443.0";"443.0"
"211620.0";"443.0";"443.0"
"211630.0";"443.0";"443.0"
"211640.0";"443.0";"443.0"
"211650.0";"443.0";"443.0"
"211660.0";"443.0";"443.0"
"211670.0";"443.0";"443.0"
"211680.0";"443.0";"443.0"
"211690.0";"443.0";"443.0"
"211700.0";"443.0";"443.0"
"211710.0";"443.0";"443.0"
"211720.0";"443.0";"443.0"
"211730.0";"443.0";"443.0"
"211740.0";"443.0";"443.0"
"211750.0";"443.0";"443.0"
"211760.0";"443.0";"443.0"
"211770.0";"443.0";"443.0"
"211780.0";"443.0";"443.0"
"211790.0";"443.0";"443.0"
"211800.0";"443.0";"443.0"
"211810.0";"443.0";"443.0"
"211820.0";"443.0";"443.0"
"211830.0";"443.0";"443.0"
"211840.0";"443.0";"443.0"
"211850.0";"443.0";"443.0"
"211860.0";"443.0";"443.0"
"211870.0";"443.0";"443.0"
"211880.0";"443.0";"443.0"
"211890.0";"443.0";"443.0"
"211900.0";"443.0";"443.0"
"211910.0";"443.0";"443.0"
"211920.0";"443.0";"443.0"
"211930.0";"443.0";"443.0"
"211940.0";"443.0";"443.0"
"211950.0";"443.0";"443.0"
"211960.0";"443.0";"443.0"
"211970.0";"443.0";"443.0"
"211980.0";"443.0";"443.0"
"211990.0";"443.0";"443.0"
"212000.0";"443.0";"443.0"
"212010.0";"443.0";"443.0"
"212020.0";"443.0";"443.0"
"212030.0";"443.0";"443.0"
"212040.0";"443.0";"443.0"
"212050.0";"443.0";"443.0"
"212060.0";"443.0";"443.0"
"212070.0";"443.0";"443.0"
"212080.0";"443.0";"443.0"
"212090.0";"443.0";"443.0"
"212100.0";"443.0";"443.0"
"212110.0";"443.0";"443.0"
"212120.0";"443.0";"443.0"
"212130.0";"443.0";"443.0"
"212140.0";"443.0";"443.0"
"212150.0";"443.0";"443.0"
"212160.0";"443.0";"443.0"
"212170.0";"443.0";"443.0"
"212180.0";"443.0";"443.0"
"212190.0";"443.0";"443.0"
"212200.0";"443.0";"443.0"
"212210.0";"443.0";"443.0"
"212220.0";"443.0";"443.0"
"212230.0";"443.0";"443.0"
"212240.0";"443.0";"443.0"
"212250.0";"443.0";"443.0"
"212260.0";"443.0";"443.0"
"212270.0";"443.0";"443.0"
"212280.0";"443.0";"443.0"
"212290.0";"443.0";"443.0"
"212300.0";"443.0";"443.0"
"212310.0";"443.0";"443.0"
"212320.0";"443.0";"443.0"
"212330.0";"443.0";"443.0"
"212340.0";"443.0";"443.0"
"212350.0";"443.0";"443.0"
"212360.0";"443.0";"443.0"
"212370.0";"443.0";"443.0"
"212380.0";"443.0";"443.0"
"212390.0";"443.0";"443.0"
"212400.0";"443.0";"443.0"
"212410.0";"443.0";"443.0"
"212420.0";"443.0";"443.0"
"212430.0";"443.0";"443.0"
"212440.0";"443.0";"443.0"
"212450.0";"443.0";"443.0"
"212460.0";"443.0";"443.0"
"212470.0";"443.0";"443.0"
"212480.0";"443.0";"443.0"
"212490.0";"443.0";"443.0"
"212500.0";"443.0";"443.0"
"212510.0";"443.0";"443.0"
"212520.0";"443.0";"443.0"
"212530.0";"443.0";"443.0"
"212540.0";"443.0";"443.0"
"212550.0";"443.0";"443.0"
"212560.0";"443.0";"443.0"
"212570.0";"443.0";"443.0"
"212580.0";"443.0";"443.0"
"212590.0";"443.0";"443.0"
"212600.0";"443.0";"443.0"
"212610.0";"443.0";"443.0"
"212620.0";"443.0";"443.0"
"212630.0";"443.0";"443.0"
"212640.0";"443.0";"443.0"
"212650.0";"443.0";"443.0"
"212660.0";"443.0";"443.0"
"212670.0";"443.0";"443.0"
"212680.0";"443.0";"443.0"
"212690.0";"443.0";"443.0"
"212700.0";"443.0";"443.0"
"212710.0";"443.0";"443.0"
"212720.0";"443.0";"443.0"
"212730.0";"443.0";"443.0"
"212740.0";"443.0";"443.0"
"212750.0";"443.0";"443.0"
"212760.0";"443.0";"443.0"
"212770.0";"443.0";"443.0"
"212780.0";"443.0";"443.0"
"212790.0";"443.0";"443.0"
"212800.0";"443.0";"443.0"
"212810.0";"443.0";"443.0"
"212820.0";"443.0";"443.0"
"212830.0";"443.0";"443.0"
"212840.0";"443.0";"443.0"
"212850.0";"443.0";"443.0"
"212860.0";"443.0";"443.0"
"212870.0";"443.0";"443.0"
"212880.0";"443.0";"443.0"
"212890.0";"443.0";"443.0"
"212900.0";"443.0";"443.0"
"212910.0";"443.0";"443.0"
"212920.0";"443.0";"443.0"
"212930.0";"443.0";"443.0"
"212940.0";"443.0";"443.0"
"212950.0";"443.0";"443.0"
"212960.0";"443.0";"443.0"
"212970.0";"443.0";"443.0"
"212980.0";"443.0";"443.0"
"212990.0";"443.0";"443.0"
"213000.0";"443.0";"443.0"
"213010.0";"443.0";"443.0"
"213020.0";"443.0";"443.0"
"213030.0";"443.0";"443.0"
"213040.0";"443.0";"443.0"
"213050.0";"443.0";"443.0"
"213060.0";"443.0";"443.0"
"213070.0";"443.0";"443.0"
"213080.0";"443.0";"443.0"
"213090.0";"443.0";"443.0"
"213100.0";"443.0";"443.0"
"213110.0";"443.0";"443.0"
"213120.0";"443.0";"443.0"
"213130.0";"443.0";"443.0"
"213140.0";"443.0";"443.0"
"213150.0";"443.0";"443.0"
"213160.0";"443.0";"443.0"
"213170.0";"443.0";"443.0"
"213180.0";"443.0";"443.0"
"213190.0";"443.0";"443.0"
"213200.0";"443.0";"443.0"
"213210.0";"443.0";"443.0"
"213220.0";"443.0";"443.0"
"213230.0";"443.0";"443.0"
"213240.0";"443.0";"443.0"
"213250.0";"443.0";"443.0"
"213260.0";"443.0";"443.0"
"213270.0";"443.0";"443.0"
"213280.0";"443.0";"443.0"
"213290.0";"443.0";"443.0"
"213300.0";"443.0";"443.0"
"213310.0";"443.0";"443.0"
"213320.0";"443.0";"443.0"
"213330.0";"443.0";"443.0"
"213340.0";"443.0";"443.0"
"213350.0";"443.0";"443.0"
"213360.0";"443.0";"443.0"
"213370.0";"443.0";"443.0"
"213380.0";"443.0";"443.0"
"213390.0";"443.0";"443.0"
"213400.0";"443.0";"443.0"
"213410.0";"443.0";"443.0"
"213420.0";"443.0";"443.0"
"213430.0";"443.0";"443.0"
"213440.0";"443.0";"443.0"
"213450.0";"443.0";"443.0"
"213460.0";"443.0";"443.0"
"213470.0";"443.0";"443.0"
"213480.0";"443.0";"443.0"
"213490.0";"443.0";"443.0"
"213500.0";"443.0";"443.0"
"213510.0";"443.0";"443.0"
"213520.0";"443.0";"443.0"
"213530.0";"443.0";"443.0"
"213540.0";"443.0";"443.0"
"213550.0";"443.0";"443.0"
"213560.0";"443.0";"443.0"
"213570.0";"443.0";"443.0"
"213580.0";"443.0";"443.0"
"213590.0";"443.0";"443.0"
"213600.0";"443.0";"443.0"
"213610.0";"443.0";"443.0"
"213620.0";"443.0";"443.0"
"213630.0";"443.0";"443.0"
"213640.0";"443.0";"443.0"
"213650.0";"443.0";"443.0"
"213660.0";"443.0";"443.0"
"213670.0";"443.0";"443.0"
"213680.0";"443.0";"443.0"
"213690.0";"443.0";"443.0"
"213700.0";"443.0";"443.0"
"213710.0";"443.0";"443.0"
"213720.0";"443.0";"443.0"
"213730.0";"443.0";"443.0"
"213740.0";"443.0";"443.0"
"213750.0";"443.0";"443.0"
"213760.0";"443.0";"443.0"
"213770.0";"443.0";"443.0"
"213780.0";"443.0";"443.0"
"213790.0";"443.0";"443.0"
"213800.0";"443.0";"443.0"
"213810.0";"443.0";"443.0"
"213820.0";"443.0";"443.0"
"213830.0";"443.0";"443.0"
"213840.0";"443.0";"443.0"
"213850.0";"443.0";"443.0"
"213860.0";"443.0";"443.0"
"213870.0";"443.0";"443.0"
"213880.0";"443.0";"443.0"
"213890.0";"443.0";"443.0"
"213900.0";"443.0";"443.0"
"213910.0";"443.0";"443.0"
"213920.0";"443.0";"443.0"
"213930.0";"443.0";"443.0"
"213940.0";"443.0";"443.0"
"213950.0";"443.0";"443.0"
"213960.0";"443.0";"443.0"
"213970.0";"443.0";"443.0"
"213980.0";"443.0";"443.0"
"213990.0";"443.0";"443.0"
"214000.0";"443.0";"443.0"
"214010.0";"443.0";"443.0"
"214020.0";"443.0";"443.0"
"214030.0";"443.0";"443.0"
"214040.0";"443.0";"443.0"
"214050.0";"443.0";"443.0"
"214060.0";"443.0";"443.0"
"214070.0";"443.0";"443.0"
"214080.0";"443.0";"443.0"
"214090.0";"443.0";"443.0"
"214100.0";"443.0";"443.0"
"214110.0";"443.0";"443.0"
"214120.0";"443.0";"443.0"
"214130.0";"443.0";"443.0"
"214140.0";"443.0";"443.0"
"214150.0";"443.0";"443.0"
"214160.0";"443.0";"443.0"
"214170.0";"443.0";"443.0"
"214180.0";"443.0";"443.0"
"214190.0";"443.0";"443.0"
"214200.0";"443.0";"443.0"
"214210.0";"443.0";"443.0"
"214220.0";"443.0";"443.0"
"214230.0";"443.0";"443.0"
"214240.0";"443.0";"443.0"
"214250.0";"443.0";"443.0"
"214260.0";"443.0";"443.0"
"214270.0";"443.0";"443.0"
"214280.0";"443.0";"443.0"
"214290.0";"443.0";"443.0"
"214300.0";"443.0";"443.0"
"214310.0";"443.0";"443.0"
"214320.0";"443.0";"443.0"
"214330.0";"443.0";"443.0"
"214340.0";"443.0";"443.0"
"214350.0";"443.0";"443.0"
"214360.0";"443.0";"443.0"
"214370.0";"443.0";"443.0"
"214380.0";"443.0";"443.0"
"214390.0";"443.0";"443.0"
"214400.0";"443.0";"443.0"
"214410.0";"443.0";"443.0"
"214420.0";"443.0";"443.0"
"214430.0";"443.0";"443.0"
"214440.0";"443.0";"443.0"
"214450.0";"443.0";"443.0"
"214460.0";"443.0";"443.0"
"214470.0";"443.0";"443.0"
"214480.0";"443.0";"443.0"
"214490.0";"443.0";"443.0"
"214500.0";"443.0";"443.0"
"214510.0";"443.0";"443.0"
"214520.0";"443.0";"443.0"
"214530.0";"443.0";"443.0"
"214540.0";"443.0";"443.0"
"214550.0";"443.0";"443.0"
"214560.0";"443.0";"443.0"
"214570.0";"443.0";"443.0"
"214580.0";"443.0";"443.0"
"214590.0";"443.0";"443.0"
"214600.0";"443.0";"443.0"
"214610.0";"443.0";"443.0"
"214620.0";"443.0";"443.0"
"214630.0";"443.0";"443.0"
"214640.0";"443.0";"443.0"
"214650.0";"443.0";"443.0"
"214660.0";"443.0";"443.0"
"214670.0";"443.0";"443.0"
"214680.0";"443.0";"443.0"
"214690.0";"443.0";"443.0"
"214700.0";"443.0";"443.0"
"214710.0";"443.0";"443.0"
"214720.0";"443.0";"443.0"
"214730.0";"443.0";"443.0"
"214740.0";"443.0";"443.0"
"214750.0";"443.0";"443.0"
"214760.0";"443.0";"443.0"
"214770.0";"443.0";"443.0"
"214780.0";"443.0";"443.0"
"214790.0";"443.0";"443.0"
"214800.0";"443.0";"443.0"
"214810.0";"443.0";"443.0"
"214820.0";"443.0";"443.0"
"214830.0";"443.0";"443.0"
"214840.0";"443.0";"443.0"
"214850.0";"443.0";"443.0"
"214860.0";"443.0";"443.0"
"214870.0";"443.0";"443.0"
"214880.0";"443.0";"443.0"
"214890.0";"443.0";"443.0"
"214900.0";"443.0";"443.0"
"214910.0";"443.0";"443.0"
"214920.0";"443.0";"443.0"
"214930.0";"443.0";"443.0"
"214940.0";"443.0";"443.0"
"214950.0";"443.0";"443.0"
"214960.0";"443.0";"443.0"
"214970.0";"443.0";"443.0"
"214980.0";"443.0";"443.0"
"214990.0";"443.0";"443.0"
"215000.0";"443.0";"443.0"
"215010.0";"443.0";"443.0"
"215020.0";"443.0";"443.0"
"215030.0";"443.0";"443.0"
"215040.0";"443.0";"443.0"
"215050.0";"443.0";"443.0"
"215060.0";"443.0";"443.0"
"215070.0";"443.0";"443.0"
"215080.0";"443.0";"443.0"
"215090.0";"443.0";"443.0"
"215100.0";"443.0";"443.0"
"215110.0";"443.0";"443.0"
"215120.0";"443.0";"443.0"
"215130.0";"443.0";"443.0"
"215140.0";"443.0";"443.0"
"215150.0";"443.0";"443.0"
"215160.0";"443.0";"443.0"
"215170.0";"443.0";"443.0"
"215180.0";"443.0";"443.0"
"215190.0";"443.0";"443.0"
"215200.0";"443.0";"443.0"
"215210.0";"443.0";"443.0"
"215220.0";"443.0";"443.0"
"215230.0";"443.0";"443.0"
"215240.0";"443.0";"443.0"
"215250.0";"443.0";"443.0"
"215260.0";"443.0";"443.0"
"215270.0";"443.0";"443.0"
"215280.0";"443.0";"443.0"
"215290.0";"443.0";"443.0"
"215300.0";"443.0";"443.0"
"215310.0";"443.0";"443.0"
"215320.0";"443.0";"443.0"
"215330.0";"443.0";"443.0"
"215340.0";"443.0";"443.0"
"215350.0";"443.0";"443.0"
"215360.0";"443.0";"443.0"
"215370.0";"443.0";"443.0"
"215380.0";"443.0";"443.0"
"215390.0";"443.0";"443.0"
"215400.0";"443.0";"443.0"
"215410.0";"443.0";"443.0"
"215420.0";"443.0";"443.0"
"215430.0";"443.0";"443.0"
"215440.0";"443.0";"443.0"
"215450.0";"443.0";"443.0"
"215460.0";"443.0";"443.0"
"215470.0";"443.0";"443.0"
"215480.0";"443.0";"443.0"
"215490.0";"443.0";"443.0"
"215500.0";"443.0";"443.0"
"215510.0";"443.0";"443.0"
"215520.0";"443.0";"443.0"
"215530.0";"443.0";"443.0"
"215540.0";"443.0";"443.0"
"215550.0";"443.0";"443.0"
"215560.0";"443.0";"443.0"
"215570.0";"443.0";"443.0"
"215580.0";"443.0";"443.0"
"215590.0";"443.0";"443.0"
"215600.0";"443.0";"443.0"
"215610.0";"443.0";"443.0"
"215620.0";"443.0";"443.0"
"215630.0";"443.0";"443.0"
"215640.0";"443.0";"443.0"
"215650.0";"443.0";"443.0"
"215660.0";"443.0";"443.0"
"215670.0";"443.0";"443.0"
"215680.0";"443.0";"443.0"
"215690.0";"443.0";"443.0"
"215700.0";"443.0";"443.0"
"215710.0";"443.0";"443.0"
"215720.0";"443.0";"443.0"
"215730.0";"443.0";"443.0"
"215740.0";"443.0";"443.0"
"215750.0";"443.0";"443.0"
"215760.0";"443.0";"443.0"
"215770.0";"443.0";"443.0"
"215780.0";"443.0";"443.0"
"215790.0";"443.0";"443.0"
"215800.0";"443.0";"443.0"
"215810.0";"443.0";"443.0"
"215820.0";"443.0";"443.0"
"215830.0";"443.0";"443.0"
"215840.0";"443.0";"443.0"
"215850.0";"443.0";"443.0"
"215860.0";"443.0";"443.0"
"215870.0";"443.0";"443.0"
"215880.0";"443.0";"443.0"
"215890.0";"443.0";"443.0"
"215900.0";"443.0";"443.0"
"215910.0";"443.0";"443.0"
"215920.0";"443.0";"443.0"
"215930.0";"443.0";"443.0"
"215940.0";"443.0";"443.0"
"215950.0";"443.0";"443.0"
"215960.0";"443.0";"443.0"
"215970.0";"443.0";"443.0"
"215980.0";"443.0";"443.0"
"215990.0";"443.0";"443.0"
"216000.0";"443.0";"443.0"
"216010.0";"443.0";"443.0"
"216020.0";"443.0";"443.0"
"216030.0";"443.0";"443.0"
"216040.0";"443.0";"443.0"
"216050.0";"443.0";"443.0"
"216060.0";"443.0";"443.0"
"216070.0";"443.0";"443.0"
"216080.0";"443.0";"443.0"
"216090.0";"443.0";"443.0"
"216100.0";"443.0";"443.0"
"216110.0";"443.0";"443.0"
"216120.0";"443.0";"443.0"
"216130.0";"443.0";"443.0"
"216140.0";"443.0";"443.0"
"216150.0";"443.0";"443.0"
"216160.0";"443.0";"443.0"
"216170.0";"443.0";"443.0"
"216180.0";"443.0";"443.0"
"216190.0";"443.0";"443.0"
"216200.0";"443.0";"443.0"
"216210.0";"443.0";"443.0"
"216220.0";"443.0";"443.0"
"216230.0";"443.0";"443.0"
"216240.0";"443.0";"443.0"
"216250.0";"443.0";"443.0"
"216260.0";"443.0";"443.0"
"216270.0";"443.0";"443.0"
"216280.0";"443.0";"443.0"
"216290.0";"443.0";"443.0"
"216300.0";"443.0";"443.0"
"216310.0";"443.0";"443.0"
"216320.0";"443.0";"443.0"
"216330.0";"443.0";"443.0"
"216340.0";"443.0";"443.0"
"216350.0";"443.0";"443.0"
"216360.0";"443.0";"443.0"
"216370.0";"443.0";"443.0"
"216380.0";"443.0";"443.0"
"216390.0";"443.0";"443.0"
"216400.0";"443.0";"443.0"
"216410.0";"443.0";"443.0"
"216420.0";"443.0";"443.0"
"216430.0";"443.0";"443.0"
"216440.0";"443.0";"443.0"
"216450.0";"443.0";"443.0"
"216460.0";"443.0";"443.0"
"216470.0";"443.0";"443.0"
"216480.0";"443.0";"443.0"
"216490.0";"443.0";"443.0"
"216500.0";"443.0";"443.0"
"216510.0";"443.0";"443.0"
"216520.0";"443.0";"443.0"
"216530.0";"443.0";"443.0"
"216540.0";"443.0";"443.0"
"216550.0";"443.0";"443.0"
"216560.0";"443.0";"443.0"
"216570.0";"443.0";"443.0"
"216580.0";"443.0";"443.0"
"216590.0";"443.0";"443.0"
"216600.0";"443.0";"443.0"
"216610.0";"443.0";"443.0"
"216620.0";"443.0";"443.0"
"216630.0";"443.0";"443.0"
"216640.0";"443.0";"443.0"
"216650.0";"443.0";"443.0"
"216660.0";"443.0";"443.0"
"216670.0";"443.0";"443.0"
"216680.0";"443.0";"443.0"
"216690.0";"443.0";"443.0"
"216700.0";"443.0";"443.0"
"216710.0";"443.0";"443.0"
"216720.0";"443.0";"443.0"
"216730.0";"443.0";"443.0"
"216740.0";"443.0";"443.0"
"216750.0";"443.0";"443.0"
"216760.0";"443.0";"443.0"
"216770.0";"443.0";"443.0"
"216780.0";"443.0";"443.0"
"216790.0";"443.0";"443.0"
"216800.0";"443.0";"443.0"
"216810.0";"443.0";"443.0"
"216820.0";"443.0";"443.0"
"216830.0";"443.0";"443.0"
"216840.0";"443.0";"443.0"
"216850.0";"443.0";"443.0"
"216860.0";"443.0";"443.0"
"216870.0";"443.0";"443.0"
"216880.0";"443.0";"443.0"
"216890.0";"443.0";"443.0"
"216900.0";"443.0";"443.0"
"216910.0";"443.0";"443.0"
"216920.0";"443.0";"443.0"
"216930.0";"443.0";"443.0"
"216940.0";"443.0";"443.0"
"216950.0";"443.0";"443.0"
"216960.0";"443.0";"443.0"
"216970.0";"443.0";"443.0"
"216980.0";"443.0";"443.0"
"216990.0";"443.0";"443.0"
"217000.0";"443.0";"443.0"
"217010.0";"443.0";"443.0"
"217020.0";"443.0";"443.0"
"217030.0";"443.0";"443.0"
"217040.0";"443.0";"443.0"
"217050.0";"443.0";"443.0"
"217060.0";"443.0";"443.0"
"217070.0";"443.0";"443.0"
"217080.0";"443.0";"443.0"
"217090.0";"443.0";"443.0"
"217100.0";"443.0";"443.0"
"217110.0";"443.0";"443.0"
"217120.0";"443.0";"443.0"
"217130.0";"443.0";"443.0"
"217140.0";"443.0";"443.0"
"217150.0";"443.0";"443.0"
"217160.0";"443.0";"443.0"
"217170.0";"443.0";"443.0"
"217180.0";"443.0";"443.0"
"217190.0";"443.0";"443.0"
"217200.0";"443.0";"443.0"
"217210.0";"443.0";"443.0"
"217220.0";"443.0";"443.0"
"217230.0";"443.0";"443.0"
"217240.0";"443.0";"443.0"
"217250.0";"443.0";"443.0"
"217260.0";"443.0";"443.0"
"217270.0";"443.0";"443.0"
"217280.0";"443.0";"443.0"
"217290.0";"443.0";"443.0"
"217300.0";"443.0";"443.0"
"217310.0";"443.0";"443.0"
"217320.0";"443.0";"443.0"
"217330.0";"443.0";"443.0"
"217340.0";"443.0";"443.0"
"217350.0";"443.0";"443.0"
"217360.0";"443.0";"443.0"
"217370.0";"443.0";"443.0"
"217380.0";"443.0";"443.0"
"217390.0";"443.0";"443.0"
"217400.0";"443.0";"443.0"
"217410.0";"443.0";"443.0"
"217420.0";"443.0";"443.0"
"217430.0";"443.0";"443.0"
"217440.0";"443.0";"443.0"
"217450.0";"443.0";"443.0"
"217460.0";"443.0";"443.0"
"217470.0";"443.0";"443.0"
"217480.0";"443.0";"443.0"
"217490.0";"443.0";"443.0"
"217500.0";"443.0";"443.0"
"217510.0";"443.0";"443.0"
"217520.0";"443.0";"443.0"
"217530.0";"443.0";"443.0"
"217540.0";"443.0";"443.0"
"217550.0";"443.0";"443.0"
"217560.0";"443.0";"443.0"
"217570.0";"443.0";"443.0"
"217580.0";"443.0";"443.0"
"217590.0";"443.0";"443.0"
"217600.0";"443.0";"443.0"
"217610.0";"443.0";"443.0"
"217620.0";"443.0";"443.0"
"217630.0";"443.0";"443.0"
"217640.0";"443.0";"443.0"
"217650.0";"443.0";"443.0"
"217660.0";"443.0";"443.0"
"217670.0";"443.0";"443.0"
"217680.0";"443.0";"443.0"
"217690.0";"443.0";"443.0"
"217700.0";"443.0";"443.0"
"217710.0";"443.0";"443.0"
"217720.0";"443.0";"443.0"
"217730.0";"443.0";"443.0"
"217740.0";"443.0";"443.0"
"217750.0";"443.0";"443.0"
"217760.0";"443.0";"443.0"
"217770.0";"443.0";"443.0"
"217780.0";"443.0";"443.0"
"217790.0";"443.0";"443.0"
"217800.0";"443.0";"443.0"
"217810.0";"443.0";"443.0"
"217820.0";"443.0";"443.0"
"217830.0";"443.0";"443.0"
"217840.0";"443.0";"443.0"
"217850.0";"443.0";"443.0"
"217860.0";"443.0";"443.0"
"217870.0";"443.0";"443.0"
"217880.0";"443.0";"443.0"
"217890.0";"443.0";"443.0"
"217900.0";"443.0";"443.0"
"217910.0";"443.0";"443.0"
"217920.0";"443.0";"443.0"
"217930.0";"443.0";"443.0"
"217940.0";"443.0";"443.0"
"217950.0";"443.0";"443.0"
"217960.0";"443.0";"443.0"
"217970.0";"443.0";"443.0"
"217980.0";"443.0";"443.0"
"217990.0";"443.0";"443.0"
"218000.0";"443.0";"443.0"
"218010.0";"443.0";"443.0"
"218020.0";"443.0";"443.0"
"218030.0";"443.0";"443.0"
"218040.0";"443.0";"443.0"
"218050.0";"443.0";"443.0"
"218060.0";"443.0";"443.0"
"218070.0";"443.0";"443.0"
"218080.0";"443.0";"443.0"
"218090.0";"443.0";"443.0"
"218100.0";"443.0";"443.0"
"218110.0";"443.0";"443.0"
"218120.0";"443.0";"443.0"
"218130.0";"443.0";"443.0"
"218140.0";"443.0";"443.0"
"218150.0";"443.0";"443.0"
"218160.0";"443.0";"443.0"
"218170.0";"443.0";"443.0"
"218180.0";"443.0";"443.0"
"218190.0";"443.0";"443.0"
"218200.0";"443.0";"443.0"
"218210.0";"443.0";"443.0"
"218220.0";"443.0";"443.0"
"218230.0";"443.0";"443.0"
"218240.0";"443.0";"443.0"
"218250.0";"443.0";"443.0"
"218260.0";"443.0";"443.0"
"218270.0";"443.0";"443.0"
"218280.0";"443.0";"443.0"
"218290.0";"443.0";"443.0"
"218300.0";"443.0";"443.0"
"218310.0";"443.0";"443.0"
"218320.0";"443.0";"443.0"
"218330.0";"443.0";"443.0"
"218340.0";"443.0";"443.0"
"218350.0";"443.0";"443.0"
"218360.0";"443.0";"443.0"
"218370.0";"443.0";"443.0"
"218380.0";"443.0";"443.0"
"218390.0";"443.0";"443.0"
"218400.0";"443.0";"443.0"
"218410.0";"443.0";"443.0"
"218420.0";"443.0";"443.0"
"218430.0";"443.0";"443.0"
"218440.0";"443.0";"443.0"
"218450.0";"443.0";"443.0"
"218460.0";"443.0";"443.0"
"218470.0";"443.0";"443.0"
"218480.0";"443.0";"443.0"
"218490.0";"443.0";"443.0"
"218500.0";"443.0";"443.0"
"218510.0";"443.0";"443.0"
"218520.0";"443.0";"443.0"
"218530.0";"443.0";"443.0"
"218540.0";"443.0";"443.0"
"218550.0";"443.0";"443.0"
"218560.0";"443.0";"443.0"
"218570.0";"443.0";"443.0"
"218580.0";"443.0";"443.0"
"218590.0";"443.0";"443.0"
"218600.0";"443.0";"443.0"
"218610.0";"443.0";"443.0"
"218620.0";"443.0";"443.0"
"218630.0";"443.0";"443.0"
"218640.0";"443.0";"443.0"
"218650.0";"443.0";"443.0"
"218660.0";"443.0";"443.0"
"218670.0";"443.0";"443.0"
"218680.0";"443.0";"443.0"
"218690.0";"443.0";"443.0"
"218700.0";"443.0";"443.0"
"218710.0";"443.0";"443.0"
"218720.0";"443.0";"443.0"
"218730.0";"443.0";"443.0"
"218740.0";"443.0";"443.0"
"218750.0";"443.0";"443.0"
"218760.0";"443.0";"443.0"
"218770.0";"443.0";"443.0"
"218780.0";"443.0";"443.0"
"218790.0";"443.0";"443.0"
"218800.0";"443.0";"443.0"
"218810.0";"443.0";"443.0"
"218820.0";"443.0";"443.0"
"218830.0";"443.0";"443.0"
"218840.0";"443.0";"443.0"
"218850.0";"443.0";"443.0"
"218860.0";"443.0";"443.0"
"218870.0";"443.0";"443.0"
"218880.0";"443.0";"443.0"
"218890.0";"443.0";"443.0"
"218900.0";"443.0";"443.0"
"218910.0";"443.0";"443.0"
"218920.0";"443.0";"443.0"
"218930.0";"443.0";"443.0"
"218940.0";"443.0";"443.0"
"218950.0";"443.0";"443.0"
"218960.0";"443.0";"443.0"
"218970.0";"443.0";"443.0"
"218980.0";"443.0";"443.0"
"218990.0";"443.0";"443.0"
"219000.0";"443.0";"443.0"
"219010.0";"443.0";"443.0"
"219020.0";"443.0";"443.0"
"219030.0";"443.0";"443.0"
"219040.0";"443.0";"443.0"
"219050.0";"443.0";"443.0"
"219060.0";"443.0";"443.0"
"219070.0";"443.0";"443.0"
"219080.0";"443.0";"443.0"
"219090.0";"443.0";"443.0"
"219100.0";"443.0";"443.0"
"219110.0";"443.0";"443.0"
"219120.0";"443.0";"443.0"
"219130.0";"443.0";"443.0"
"219140.0";"443.0";"443.0"
"219150.0";"443.0";"443.0"
"219160.0";"443.0";"443.0"
"219170.0";"443.0";"443.0"
"219180.0";"443.0";"443.0"
"219190.0";"443.0";"443.0"
"219200.0";"443.0";"443.0"
"219210.0";"443.0";"443.0"
"219220.0";"443.0";"443.0"
"219230.0";"443.0";"443.0"
"219240.0";"443.0";"443.0"
"219250.0";"443.0";"443.0"
"219260.0";"443.0";"443.0"
"219270.0";"443.0";"443.0"
"219280.0";"443.0";"443.0"
"219290.0";"443.0";"443.0"
"219300.0";"443.0";"443.0"
"219310.0";"443.0";"443.0"
"219320.0";"443.0";"443.0"
"219330.0";"443.0";"443.0"
"219340.0";"443.0";"443.0"
"219350.0";"443.0";"443.0"
"219360.0";"443.0";"443.0"
"219370.0";"443.0";"443.0"
"219380.0";"443.0";"443.0"
"219390.0";"443.0";"443.0"
"219400.0";"443.0";"443.0"
"219410.0";"443.0";"443.0"
"219420.0";"443.0";"443.0"
"219430.0";"443.0";"443.0"
"219440.0";"443.0";"443.0"
"219450.0";"443.0";"443.0"
"219460.0";"443.0";"443.0"
"219470.0";"443.0";"443.0"
"219480.0";"443.0";"443.0"
"219490.0";"443.0";"443.0"
"219500.0";"443.0";"443.0"
"219510.0";"443.0";"443.0"
"219520.0";"443.0";"443.0"
"219530.0";"443.0";"443.0"
"219540.0";"443.0";"443.0"
"219550.0";"443.0";"443.0"
"219560.0";"443.0";"443.0"
"219570.0";"443.0";"443.0"
"219580.0";"443.0";"443.0"
"219590.0";"443.0";"443.0"
"219600.0";"443.0";"443.0"
"219610.0";"443.0";"443.0"
"219620.0";"443.0";"443.0"
"219630.0";"443.0";"443.0"
"219640.0";"443.0";"443.0"
"219650.0";"443.0";"443.0"
"219660.0";"443.0";"443.0"
"219670.0";"443.0";"443.0"
"219680.0";"443.0";"443.0"
"219690.0";"443.0";"443.0"
"219700.0";"443.0";"443.0"
"219710.0";"443.0";"443.0"
"219720.0";"443.0";"443.0"
"219730.0";"443.0";"443.0"
"219740.0";"443.0";"443.0"
"219750.0";"443.0";"443.0"
"219760.0";"443.0";"443.0"
"219770.0";"443.0";"443.0"
"219780.0";"443.0";"443.0"
"219790.0";"443.0";"443.0"
"219800.0";"443.0";"443.0"
"219810.0";"443.0";"443.0"
"219820.0";"443.0";"443.0"
"219830.0";"443.0";"443.0"
"219840.0";"443.0";"443.0"
"219850.0";"443.0";"443.0"
"219860.0";"443.0";"443.0"
"219870.0";"443.0";"443.0"
"219880.0";"443.0";"443.0"
"219890.0";"443.0";"443.0"
"219900.0";"443.0";"443.0"
"219910.0";"443.0";"443.0"
"219920.0";"443.0";"443.0"
"219930.0";"443.0";"443.0"
"219940.0";"443.0";"443.0"
"219950.0";"443.0";"443.0"
"219960.0";"443.0";"443.0"
"219970.0";"443.0";"443.0"
"219980.0";"443.0";"443.0"
"219990.0";"443.0";"443.0"
"220000.0";"443.0";"443.0"
"220010.0";"443.0";"443.0"
"220020.0";"443.0";"443.0"
"220030.0";"443.0";"443.0"
"220040.0";"443.0";"443.0"
"220050.0";"443.0";"443.0"
"220060.0";"443.0";"443.0"
"220070.0";"443.0";"443.0"
"220080.0";"443.0";"443.0"
"220090.0";"443.0";"443.0"
"220100.0";"443.0";"443.0"
"220110.0";"443.0";"443.0"
"220120.0";"443.0";"443.0"
"220130.0";"443.0";"443.0"
"220140.0";"443.0";"443.0"
"220150.0";"443.0";"443.0"
"220160.0";"443.0";"443.0"
"220170.0";"443.0";"443.0"
"220180.0";"443.0";"443.0"
"220190.0";"443.0";"443.0"
"220200.0";"443.0";"443.0"
"220210.0";"443.0";"443.0"
"220220.0";"443.0";"443.0"
"220230.0";"443.0";"443.0"
"220240.0";"443.0";"443.0"
"220250.0";"443.0";"443.0"
"220260.0";"443.0";"443.0"
"220270.0";"443.0";"443.0"
"220280.0";"443.0";"443.0"
"220290.0";"443.0";"443.0"
"220300.0";"443.0";"443.0"
"220310.0";"443.0";"443.0"
"220320.0";"443.0";"443.0"
"220330.0";"443.0";"443.0"
"220340.0";"443.0";"443.0"
"220350.0";"443.0";"443.0"
"220360.0";"443.0";"443.0"
"220370.0";"443.0";"443.0"
"220380.0";"443.0";"443.0"
"220390.0";"443.0";"443.0"
"220400.0";"443.0";"443.0"
"220410.0";"443.0";"443.0"
"220420.0";"443.0";"443.0"
"220430.0";"443.0";"443.0"
"220440.0";"443.0";"443.0"
"220450.0";"443.0";"443.0"
"220460.0";"443.0";"443.0"
"220470.0";"443.0";"443.0"
"220480.0";"443.0";"443.0"
"220490.0";"443.0";"443.0"
"220500.0";"443.0";"443.0"
"220510.0";"443.0";"443.0"
"220520.0";"443.0";"443.0"
"220530.0";"443.0";"443.0"
"220540.0";"443.0";"443.0"
"220550.0";"443.0";"443.0"
"220560.0";"443.0";"443.0"
"220570.0";"443.0";"443.0"
"220580.0";"443.0";"443.0"
"220590.0";"443.0";"443.0"
"220600.0";"443.0";"443.0"
"220610.0";"443.0";"443.0"
"220620.0";"443.0";"443.0"
"220630.0";"443.0";"443.0"
"220640.0";"443.0";"443.0"
"220650.0";"443.0";"443.0"
"220660.0";"443.0";"443.0"
"220670.0";"443.0";"443.0"
"220680.0";"443.0";"443.0"
"220690.0";"443.0";"443.0"
"220700.0";"443.0";"443.0"
"220710.0";"443.0";"443.0"
"220720.0";"443.0";"443.0"
"220730.0";"443.0";"443.0"
"220740.0";"443.0";"443.0"
"220750.0";"443.0";"443.0"
"220760.0";"443.0";"443.0"
"220770.0";"443.0";"443.0"
"220780.0";"443.0";"443.0"
"220790.0";"443.0";"443.0"
"220800.0";"443.0";"443.0"
"220810.0";"443.0";"443.0"
"220820.0";"443.0";"443.0"
"220830.0";"443.0";"443.0"
"220840.0";"443.0";"443.0"
"220850.0";"443.0";"443.0"
"220860.0";"443.0";"443.0"
"220870.0";"443.0";"443.0"
"220880.0";"443.0";"443.0"
"220890.0";"443.0";"443.0"
"220900.0";"443.0";"443.0"
"220910.0";"443.0";"443.0"
"220920.0";"443.0";"443.0"
"220930.0";"443.0";"443.0"
"220940.0";"443.0";"443.0"
"220950.0";"443.0";"443.0"
"220960.0";"443.0";"443.0"
"220970.0";"443.0";"443.0"
"220980.0";"443.0";"443.0"
"220990.0";"443.0";"443.0"
"221000.0";"443.0";"443.0"
"221010.0";"443.0";"443.0"
"221020.0";"443.0";"443.0"
"221030.0";"443.0";"443.0"
"221040.0";"443.0";"443.0"
"221050.0";"443.0";"443.0"
"221060.0";"443.0";"443.0"
"221070.0";"443.0";"443.0"
"221080.0";"443.0";"443.0"
"221090.0";"443.0";"443.0"
"221100.0";"443.0";"443.0"
"221110.0";"443.0";"443.0"
"221120.0";"443.0";"443.0"
"221130.0";"443.0";"443.0"
"221140.0";"443.0";"443.0"
"221150.0";"443.0";"443.0"
"221160.0";"443.0";"443.0"
"221170.0";"443.0";"443.0"
"221180.0";"443.0";"443.0"
"221190.0";"443.0";"443.0"
"221200.0";"443.0";"443.0"
"221210.0";"443.0";"443.0"
"221220.0";"443.0";"443.0"
"221230.0";"443.0";"443.0"
"221240.0";"443.0";"443.0"
"221250.0";"443.0";"443.0"
"221260.0";"443.0";"443.0"
"221270.0";"443.0";"443.0"
"221280.0";"443.0";"443.0"
"221290.0";"443.0";"443.0"
"221300.0";"443.0";"443.0"
"221310.0";"443.0";"443.0"
"221320.0";"443.0";"443.0"
"221330.0";"443.0";"443.0"
"221340.0";"443.0";"443.0"
"221350.0";"443.0";"443.0"
"221360.0";"443.0";"443.0"
"221370.0";"443.0";"443.0"
"221380.0";"443.0";"443.0"
"221390.0";"443.0";"443.0"
"221400.0";"443.0";"443.0"
"221410.0";"443.0";"443.0"
"221420.0";"443.0";"443.0"
"221430.0";"443.0";"443.0"
"221440.0";"443.0";"443.0"
"221450.0";"443.0";"443.0"
"221460.0";"443.0";"443.0"
"221470.0";"443.0";"443.0"
"221480.0";"443.0";"443.0"
"221490.0";"443.0";"443.0"
"221500.0";"443.0";"443.0"
"221510.0";"443.0";"443.0"
"221520.0";"443.0";"443.0"
"221530.0";"443.0";"443.0"
"221540.0";"443.0";"443.0"
"221550.0";"443.0";"443.0"
"221560.0";"443.0";"443.0"
"221570.0";"443.0";"443.0"
"221580.0";"443.0";"443.0"
"221590.0";"443.0";"443.0"
"221600.0";"443.0";"443.0"
"221610.0";"443.0";"443.0"
"221620.0";"443.0";"443.0"
"221630.0";"443.0";"443.0"
"221640.0";"443.0";"443.0"
"221650.0";"443.0";"443.0"
"221660.0";"443.0";"443.0"
"221670.0";"443.0";"443.0"
"221680.0";"443.0";"443.0"
"221690.0";"443.0";"443.0"
"221700.0";"443.0";"443.0"
"221710.0";"443.0";"443.0"
"221720.0";"443.0";"443.0"
"221730.0";"443.0";"443.0"
"221740.0";"443.0";"443.0"
"221750.0";"443.0";"443.0"
"221760.0";"443.0";"443.0"
"221770.0";"443.0";"443.0"
"221780.0";"443.0";"443.0"
"221790.0";"443.0";"443.0"
"221800.0";"443.0";"443.0"
"221810.0";"443.0";"443.0"
"221820.0";"443.0";"443.0"
"221830.0";"443.0";"443.0"
"221840.0";"443.0";"443.0"
"221850.0";"443.0";"443.0"
"221860.0";"443.0";"443.0"
"221870.0";"443.0";"443.0"
"221880.0";"443.0";"443.0"
"221890.0";"443.0";"443.0"
"221900.0";"443.0";"443.0"
"221910.0";"443.0";"443.0"
"221920.0";"443.0";"443.0"
"221930.0";"443.0";"443.0"
"221940.0";"443.0";"443.0"
"221950.0";"443.0";"443.0"
"221960.0";"443.0";"443.0"
"221970.0";"443.0";"443.0"
"221980.0";"443.0";"443.0"
"221990.0";"443.0";"443.0"
"222000.0";"443.0";"443.0"
"222010.0";"443.0";"443.0"
"222020.0";"443.0";"443.0"
"222030.0";"443.0";"443.0"
"222040.0";"443.0";"443.0"
"222050.0";"443.0";"443.0"
"222060.0";"443.0";"443.0"
"222070.0";"443.0";"443.0"
"222080.0";"443.0";"443.0"
"222090.0";"443.0";"443.0"
"222100.0";"443.0";"443.0"
"222110.0";"443.0";"443.0"
"222120.0";"443.0";"443.0"
"222130.0";"443.0";"443.0"
"222140.0";"443.0";"443.0"
"222150.0";"443.0";"443.0"
"222160.0";"443.0";"443.0"
"222170.0";"443.0";"443.0"
"222180.0";"443.0";"443.0"
"222190.0";"443.0";"443.0"
"222200.0";"443.0";"443.0"
"222210.0";"443.0";"443.0"
"222220.0";"443.0";"443.0"
"222230.0";"443.0";"443.0"
"222240.0";"443.0";"443.0"
"222250.0";"443.0";"443.0"
"222260.0";"443.0";"443.0"
"222270.0";"443.0";"443.0"
"222280.0";"443.0";"443.0"
"222290.0";"443.0";"443.0"
"222300.0";"443.0";"443.0"
"222310.0";"443.0";"443.0"
"222320.0";"443.0";"443.0"
"222330.0";"443.0";"443.0"
"222340.0";"443.0";"443.0"
"222350.0";"443.0";"443.0"
"222360.0";"443.0";"443.0"
"222370.0";"443.0";"443.0"
"222380.0";"443.0";"443.0"
"222390.0";"443.0";"443.0"
"222400.0";"443.0";"443.0"
"222410.0";"443.0";"443.0"
"222420.0";"443.0";"443.0"
"222430.0";"443.0";"443.0"
"222440.0";"443.0";"443.0"
"222450.0";"443.0";"443.0"
"222460.0";"443.0";"443.0"
"222470.0";"443.0";"443.0"
"222480.0";"443.0";"443.0"
"222490.0";"443.0";"443.0"
"222500.0";"443.0";"443.0"
"222510.0";"443.0";"443.0"
"222520.0";"443.0";"443.0"
"222530.0";"443.0";"443.0"
"222540.0";"443.0";"443.0"
"222550.0";"443.0";"443.0"
"222560.0";"443.0";"443.0"
"222570.0";"443.0";"443.0"
"222580.0";"443.0";"443.0"
"222590.0";"443.0";"443.0"
"222600.0";"443.0";"443.0"
"222610.0";"443.0";"443.0"
"222620.0";"443.0";"443.0"
"222630.0";"443.0";"443.0"
"222640.0";"443.0";"443.0"
"222650.0";"443.0";"443.0"
"222660.0";"443.0";"443.0"
"222670.0";"443.0";"443.0"
"222680.0";"443.0";"443.0"
"222690.0";"443.0";"443.0"
"222700.0";"443.0";"443.0"
"222710.0";"443.0";"443.0"
"222720.0";"443.0";"443.0"
"222730.0";"443.0";"443.0"
"222740.0";"443.0";"443.0"
"222750.0";"443.0";"443.0"
"222760.0";"443.0";"443.0"
"222770.0";"443.0";"443.0"
"222780.0";"443.0";"443.0"
"222790.0";"443.0";"443.0"
"222800.0";"443.0";"443.0"
"222810.0";"443.0";"443.0"
"222820.0";"443.0";"443.0"
"222830.0";"443.0";"443.0"
"222840.0";"443.0";"443.0"
"222850.0";"443.0";"443.0"
"222860.0";"443.0";"443.0"
"222870.0";"443.0";"443.0"
"222880.0";"443.0";"443.0"
"222890.0";"443.0";"443.0"
"222900.0";"443.0";"443.0"
"222910.0";"443.0";"443.0"
"222920.0";"443.0";"443.0"
"222930.0";"443.0";"443.0"
"222940.0";"443.0";"443.0"
"222950.0";"443.0";"443.0"
"222960.0";"443.0";"443.0"
"222970.0";"443.0";"443.0"
"222980.0";"443.0";"443.0"
"222990.0";"443.0";"443.0"
"223000.0";"443.0";"443.0"
"223010.0";"443.0";"443.0"
"223020.0";"443.0";"443.0"
"223030.0";"443.0";"443.0"
"223040.0";"443.0";"443.0"
"223050.0";"443.0";"443.0"
"223060.0";"443.0";"443.0"
"223070.0";"443.0";"443.0"
"223080.0";"443.0";"443.0"
"223090.0";"443.0";"443.0"
"223100.0";"443.0";"443.0"
"223110.0";"443.0";"443.0"
"223120.0";"443.0";"443.0"
"223130.0";"443.0";"443.0"
"223140.0";"443.0";"443.0"
"223150.0";"443.0";"443.0"
"223160.0";"443.0";"443.0"
"223170.0";"443.0";"443.0"
"223180.0";"443.0";"443.0"
"223190.0";"443.0";"443.0"
"223200.0";"443.0";"443.0"
"223210.0";"443.0";"443.0"
"223220.0";"443.0";"443.0"
"223230.0";"443.0";"443.0"
"223240.0";"443.0";"443.0"
"223250.0";"443.0";"443.0"
"223260.0";"443.0";"443.0"
"223270.0";"443.0";"443.0"
"223280.0";"443.0";"443.0"
"223290.0";"443.0";"443.0"
"223300.0";"443.0";"443.0"
"223310.0";"443.0";"443.0"
"223320.0";"443.0";"443.0"
"223330.0";"443.0";"443.0"
"223340.0";"443.0";"443.0"
"223350.0";"443.0";"443.0"
"223360.0";"443.0";"443.0"
"223370.0";"443.0";"443.0"
"223380.0";"443.0";"443.0"
"223390.0";"443.0";"443.0"
"223400.0";"443.0";"443.0"
"223410.0";"443.0";"443.0"
"223420.0";"443.0";"443.0"
"223430.0";"443.0";"443.0"
"223440.0";"443.0";"443.0"
"223450.0";"443.0";"443.0"
"223460.0";"443.0";"443.0"
"223470.0";"443.0";"443.0"
"223480.0";"443.0";"443.0"
"223490.0";"443.0";"443.0"
"223500.0";"443.0";"443.0"
"223510.0";"443.0";"443.0"
"223520.0";"443.0";"443.0"
"223530.0";"443.0";"443.0"
"223540.0";"443.0";"443.0"
"223550.0";"443.0";"443.0"
"223560.0";"443.0";"443.0"
"223570.0";"443.0";"443.0"
"223580.0";"443.0";"443.0"
"223590.0";"443.0";"443.0"
"223600.0";"443.0";"443.0"
"223610.0";"443.0";"443.0"
"223620.0";"443.0";"443.0"
"223630.0";"443.0";"443.0"
"223640.0";"443.0";"443.0"
"223650.0";"443.0";"443.0"
"223660.0";"443.0";"443.0"
"223670.0";"443.0";"443.0"
"223680.0";"443.0";"443.0"
"223690.0";"443.0";"443.0"
"223700.0";"443.0";"443.0"
"223710.0";"443.0";"443.0"
"223720.0";"443.0";"443.0"
"223730.0";"443.0";"443.0"
"223740.0";"443.0";"443.0"
"223750.0";"443.0";"443.0"
"223760.0";"443.0";"443.0"
"223770.0";"443.0";"443.0"
"223780.0";"443.0";"443.0"
"223790.0";"443.0";"443.0"
"223800.0";"443.0";"443.0"
"223810.0";"443.0";"443.0"
"223820.0";"443.0";"443.0"
"223830.0";"443.0";"443.0"
"223840.0";"443.0";"443.0"
"223850.0";"443.0";"443.0"
"223860.0";"443.0";"443.0"
"223870.0";"443.0";"443.0"
"223880.0";"443.0";"443.0"
"223890.0";"443.0";"443.0"
"223900.0";"443.0";"443.0"
"223910.0";"443.0";"443.0"
"223920.0";"443.0";"443.0"
"223930.0";"443.0";"443.0"
"223940.0";"443.0";"443.0"
"223950.0";"443.0";"443.0"
"223960.0";"443.0";"443.0"
"223970.0";"443.0";"443.0"
"223980.0";"443.0";"443.0"
"223990.0";"443.0";"443.0"
"224000.0";"443.0";"443.0"
"224010.0";"443.0";"443.0"
"224020.0";"443.0";"443.0"
"224030.0";"443.0";"443.0"
"224040.0";"443.0";"443.0"
"224050.0";"443.0";"443.0"
"224060.0";"443.0";"443.0"
"224070.0";"443.0";"443.0"
"224080.0";"443.0";"443.0"
"224090.0";"443.0";"443.0"
"224100.0";"443.0";"443.0"
"224110.0";"443.0";"443.0"
"224120.0";"443.0";"443.0"
"224130.0";"443.0";"443.0"
"224140.0";"443.0";"443.0"
"224150.0";"443.0";"443.0"
"224160.0";"443.0";"443.0"
"224170.0";"443.0";"443.0"
"224180.0";"443.0";"443.0"
"224190.0";"443.0";"443.0"
"224200.0";"443.0";"443.0"
"224210.0";"443.0";"443.0"
"224220.0";"443.0";"443.0"
"224230.0";"443.0";"443.0"
"224240.0";"443.0";"443.0"
"224250.0";"443.0";"443.0"
"224260.0";"443.0";"443.0"
"224270.0";"443.0";"443.0"
"224280.0";"443.0";"443.0"
"224290.0";"443.0";"443.0"
"224300.0";"443.0";"443.0"
"224310.0";"443.0";"443.0"
"224320.0";"443.0";"443.0"
"224330.0";"443.0";"443.0"
"224340.0";"443.0";"443.0"
"224350.0";"443.0";"443.0"
"224360.0";"443.0";"443.0"
"224370.0";"443.0";"443.0"
"224380.0";"443.0";"443.0"
"224390.0";"443.0";"443.0"
"224400.0";"443.0";"443.0"
"224410.0";"443.0";"443.0"
"224420.0";"443.0";"443.0"
"224430.0";"443.0";"443.0"
"224440.0";"443.0";"443.0"
"224450.0";"443.0";"443.0"
"224460.0";"443.0";"443.0"
"224470.0";"443.0";"443.0"
"224480.0";"443.0";"443.0"
"224490.0";"443.0";"443.0"
"224500.0";"443.0";"443.0"
"224510.0";"443.0";"443.0"
"224520.0";"443.0";"443.0"
"224530.0";"443.0";"443.0"
"224540.0";"443.0";"443.0"
"224550.0";"443.0";"443.0"
"224560.0";"443.0";"443.0"
"224570.0";"443.0";"443.0"
"224580.0";"443.0";"443.0"
"224590.0";"443.0";"443.0"
"224600.0";"443.0";"443.0"
"224610.0";"443.0";"443.0"
"224620.0";"443.0";"443.0"
"224630.0";"443.0";"443.0"
"224640.0";"443.0";"443.0"
"224650.0";"443.0";"443.0"
"224660.0";"443.0";"443.0"
"224670.0";"443.0";"443.0"
"224680.0";"443.0";"443.0"
"224690.0";"443.0";"443.0"
"224700.0";"443.0";"443.0"
"224710.0";"443.0";"443.0"
"224720.0";"443.0";"443.0"
"224730.0";"443.0";"443.0"
"224740.0";"443.0";"443.0"
"224750.0";"443.0";"443.0"
"224760.0";"443.0";"443.0"
"224770.0";"443.0";"443.0"
"224780.0";"443.0";"443.0"
"224790.0";"443.0";"443.0"
"224800.0";"443.0";"443.0"
"224810.0";"443.0";"443.0"
"224820.0";"443.0";"443.0"
"224830.0";"443.0";"443.0"
"224840.0";"443.0";"443.0"
"224850.0";"443.0";"443.0"
"224860.0";"443.0";"443.0"
"224870.0";"443.0";"443.0"
"224880.0";"443.0";"443.0"
"224890.0";"443.0";"443.0"
"224900.0";"443.0";"443.0"
"224910.0";"443.0";"443.0"
"224920.0";"443.0";"443.0"
"224930.0";"443.0";"443.0"
"224940.0";"443.0";"443.0"
"224950.0";"443.0";"443.0"
"224960.0";"443.0";"443.0"
"224970.0";"443.0";"443.0"
"224980.0";"443.0";"443.0"
"224990.0";"443.0";"443.0"
"225000.0";"443.0";"443.0"
"225010.0";"443.0";"443.0"
"225020.0";"443.0";"443.0"
"225030.0";"443.0";"443.0"
"225040.0";"443.0";"443.0"
"225050.0";"443.0";"443.0"
"225060.0";"443.0";"443.0"
"225070.0";"443.0";"443.0"
"225080.0";"443.0";"443.0"
"225090.0";"443.0";"443.0"
"225100.0";"443.0";"443.0"
"225110.0";"443.0";"443.0"
"225120.0";"443.0";"443.0"
"225130.0";"443.0";"443.0"
"225140.0";"443.0";"443.0"
"225150.0";"443.0";"443.0"
"225160.0";"443.0";"443.0"
"225170.0";"443.0";"443.0"
"225180.0";"443.0";"443.0"
"225190.0";"443.0";"443.0"
"225200.0";"443.0";"443.0"
"225210.0";"443.0";"443.0"
"225220.0";"443.0";"443.0"
"225230.0";"443.0";"443.0"
"225240.0";"443.0";"443.0"
"225250.0";"443.0";"443.0"
"225260.0";"443.0";"443.0"
"225270.0";"443.0";"443.0"
"225280.0";"443.0";"443.0"
"225290.0";"443.0";"443.0"
"225300.0";"443.0";"443.0"
"225310.0";"443.0";"443.0"
"225320.0";"443.0";"443.0"
"225330.0";"443.0";"443.0"
"225340.0";"443.0";"443.0"
"225350.0";"443.0";"443.0"
"225360.0";"443.0";"443.0"
"225370.0";"443.0";"443.0"
"225380.0";"443.0";"443.0"
"225390.0";"443.0";"443.0"
"225400.0";"443.0";"443.0"
"225410.0";"443.0";"443.0"
"225420.0";"443.0";"443.0"
"225430.0";"443.0";"443.0"
"225440.0";"443.0";"443.0"
"225450.0";"443.0";"443.0"
"225460.0";"443.0";"443.0"
"225470.0";"443.0";"443.0"
"225480.0";"443.0";"443.0"
"225490.0";"443.0";"443.0"
"225500.0";"443.0";"443.0"
"225510.0";"443.0";"443.0"
"225520.0";"443.0";"443.0"
"225530.0";"443.0";"443.0"
"225540.0";"443.0";"443.0"
"225550.0";"443.0";"443.0"
"225560.0";"443.0";"443.0"
"225570.0";"443.0";"443.0"
"225580.0";"443.0";"443.0"
"225590.0";"443.0";"443.0"
"225600.0";"443.0";"443.0"
"225610.0";"443.0";"443.0"
"225620.0";"443.0";"443.0"
"225630.0";"443.0";"443.0"
"225640.0";"443.0";"443.0"
"225650.0";"443.0";"443.0"
"225660.0";"443.0";"443.0"
"225670.0";"443.0";"443.0"
"225680.0";"443.0";"443.0"
"225690.0";"443.0";"443.0"
"225700.0";"443.0";"443.0"
"225710.0";"443.0";"443.0"
"225720.0";"443.0";"443.0"
"225730.0";"443.0";"443.0"
"225740.0";"443.0";"443.0"
"225750.0";"443.0";"443.0"
"225760.0";"443.0";"443.0"
"225770.0";"443.0";"443.0"
"225780.0";"443.0";"443.0"
"225790.0";"443.0";"443.0"
"225800.0";"443.0";"443.0"
"225810.0";"443.0";"443.0"
"225820.0";"443.0";"443.0"
"225830.0";"443.0";"443.0"
"225840.0";"443.0";"443.0"
"225850.0";"443.0";"443.0"
"225860.0";"443.0";"443.0"
"225870.0";"443.0";"443.0"
"225880.0";"443.0";"443.0"
"225890.0";"443.0";"443.0"
"225900.0";"443.0";"443.0"
"225910.0";"443.0";"443.0"
"225920.0";"443.0";"443.0"
"225930.0";"443.0";"443.0"
"225940.0";"443.0";"443.0"
"225950.0";"443.0";"443.0"
"225960.0";"443.0";"443.0"
"225970.0";"443.0";"443.0"
"225980.0";"443.0";"443.0"
"225990.0";"443.0";"443.0"
"226000.0";"443.0";"443.0"
"226010.0";"443.0";"443.0"
"226020.0";"443.0";"443.0"
"226030.0";"443.0";"443.0"
"226040.0";"443.0";"443.0"
"226050.0";"443.0";"443.0"
"226060.0";"443.0";"443.0"
"226070.0";"443.0";"443.0"
"226080.0";"443.0";"443.0"
"226090.0";"443.0";"443.0"
"226100.0";"443.0";"443.0"
"226110.0";"443.0";"443.0"
"226120.0";"443.0";"443.0"
"226130.0";"443.0";"443.0"
"226140.0";"443.0";"443.0"
"226150.0";"443.0";"443.0"
"226160.0";"443.0";"443.0"
"226170.0";"443.0";"443.0"
"226180.0";"443.0";"443.0"
"226190.0";"443.0";"443.0"
"226200.0";"443.0";"443.0"
"226210.0";"443.0";"443.0"
"226220.0";"443.0";"443.0"
"226230.0";"443.0";"443.0"
"226240.0";"443.0";"443.0"
"226250.0";"443.0";"443.0"
"226260.0";"443.0";"443.0"
"226270.0";"443.0";"443.0"
"226280.0";"443.0";"443.0"
"226290.0";"443.0";"443.0"
"226300.0";"443.0";"443.0"
"226310.0";"443.0";"443.0"
"226320.0";"443.0";"443.0"
"226330.0";"443.0";"443.0"
"226340.0";"443.0";"443.0"
"226350.0";"443.0";"443.0"
"226360.0";"443.0";"443.0"
"226370.0";"443.0";"443.0"
"226380.0";"443.0";"443.0"
"226390.0";"443.0";"443.0"
"226400.0";"443.0";"443.0"
"226410.0";"443.0";"443.0"
"226420.0";"443.0";"443.0"
"226430.0";"443.0";"443.0"
"226440.0";"443.0";"443.0"
"226450.0";"443.0";"443.0"
"226460.0";"443.0";"443.0"
"226470.0";"443.0";"443.0"
"226480.0";"443.0";"443.0"
"226490.0";"443.0";"443.0"
"226500.0";"443.0";"443.0"
"226510.0";"443.0";"443.0"
"226520.0";"443.0";"443.0"
"226530.0";"443.0";"443.0"
"226540.0";"443.0";"443.0"
"226550.0";"443.0";"443.0"
"226560.0";"443.0";"443.0"
"226570.0";"443.0";"443.0"
"226580.0";"443.0";"443.0"
"226590.0";"443.0";"443.0"
"226600.0";"443.0";"443.0"
"226610.0";"443.0";"443.0"
"226620.0";"443.0";"443.0"
"226630.0";"443.0";"443.0"
"226640.0";"443.0";"443.0"
"226650.0";"443.0";"443.0"
"226660.0";"443.0";"443.0"
"226670.0";"443.0";"443.0"
"226680.0";"443.0";"443.0"
"226690.0";"443.0";"443.0"
"226700.0";"443.0";"443.0"
"226710.0";"443.0";"443.0"
"226720.0";"443.0";"443.0"
"226730.0";"443.0";"443.0"
"226740.0";"443.0";"443.0"
"226750.0";"443.0";"443.0"
"226760.0";"443.0";"443.0"
"226770.0";"443.0";"443.0"
"226780.0";"443.0";"443.0"
"226790.0";"443.0";"443.0"
"226800.0";"443.0";"443.0"
"226810.0";"443.0";"443.0"
"226820.0";"443.0";"443.0"
"226830.0";"443.0";"443.0"
"226840.0";"443.0";"443.0"
"226850.0";"443.0";"443.0"
"226860.0";"443.0";"443.0"
"226870.0";"443.0";"443.0"
"226880.0";"443.0";"443.0"
"226890.0";"443.0";"443.0"
"226900.0";"443.0";"443.0"
"226910.0";"443.0";"443.0"
"226920.0";"443.0";"443.0"
"226930.0";"443.0";"443.0"
"226940.0";"443.0";"443.0"
"226950.0";"443.0";"443.0"
"226960.0";"443.0";"443.0"
"226970.0";"443.0";"443.0"
"226980.0";"443.0";"443.0"
"226990.0";"443.0";"443.0"
"227000.0";"443.0";"443.0"
"227010.0";"443.0";"443.0"
"227020.0";"443.0";"443.0"
"227030.0";"443.0";"443.0"
"227040.0";"443.0";"443.0"
"227050.0";"443.0";"443.0"
"227060.0";"443.0";"443.0"
"227070.0";"443.0";"443.0"
"227080.0";"443.0";"443.0"
"227090.0";"443.0";"443.0"
"227100.0";"443.0";"443.0"
"227110.0";"443.0";"443.0"
"227120.0";"443.0";"443.0"
"227130.0";"443.0";"443.0"
"227140.0";"443.0";"443.0"
"227150.0";"443.0";"443.0"
"227160.0";"443.0";"443.0"
"227170.0";"443.0";"443.0"
"227180.0";"443.0";"443.0"
"227190.0";"443.0";"443.0"
"227200.0";"443.0";"443.0"
"227210.0";"443.0";"443.0"
"227220.0";"443.0";"443.0"
"227230.0";"443.0";"443.0"
"227240.0";"443.0";"443.0"
"227250.0";"443.0";"443.0"
"227260.0";"443.0";"443.0"
"227270.0";"443.0";"443.0"
"227280.0";"443.0";"443.0"
"227290.0";"443.0";"443.0"
"227300.0";"443.0";"443.0"
"227310.0";"443.0";"443.0"
"227320.0";"443.0";"443.0"
"227330.0";"443.0";"443.0"
"227340.0";"443.0";"443.0"
"227350.0";"443.0";"443.0"
"227360.0";"443.0";"443.0"
"227370.0";"443.0";"443.0"
"227380.0";"443.0";"443.0"
"227390.0";"443.0";"443.0"
"227400.0";"443.0";"443.0"
"227410.0";"443.0";"443.0"
"227420.0";"443.0";"443.0"
"227430.0";"443.0";"443.0"
"227440.0";"443.0";"443.0"
"227450.0";"443.0";"443.0"
"227460.0";"443.0";"443.0"
"227470.0";"443.0";"443.0"
"227480.0";"443.0";"443.0"
"227490.0";"443.0";"443.0"
"227500.0";"443.0";"443.0"
"227510.0";"443.0";"443.0"
"227520.0";"443.0";"443.0"
"227530.0";"443.0";"443.0"
"227540.0";"443.0";"443.0"
"227550.0";"443.0";"443.0"
"227560.0";"443.0";"443.0"
"227570.0";"443.0";"443.0"
"227580.0";"443.0";"443.0"
"227590.0";"443.0";"443.0"
"227600.0";"443.0";"443.0"
"227610.0";"443.0";"443.0"
"227620.0";"443.0";"443.0"
"227630.0";"443.0";"443.0"
"227640.0";"443.0";"443.0"
"227650.0";"443.0";"443.0"
"227660.0";"443.0";"443.0"
"227670.0";"443.0";"443.0"
"227680.0";"443.0";"443.0"
"227690.0";"443.0";"443.0"
"227700.0";"443.0";"443.0"
"227710.0";"443.0";"443.0"
"227720.0";"443.0";"443.0"
"227730.0";"443.0";"443.0"
"227740.0";"443.0";"443.0"
"227750.0";"443.0";"443.0"
"227760.0";"443.0";"443.0"
"227770.0";"443.0";"443.0"
"227780.0";"443.0";"443.0"
"227790.0";"443.0";"443.0"
"227800.0";"443.0";"443.0"
"227810.0";"443.0";"443.0"
"227820.0";"443.0";"443.0"
"227830.0";"443.0";"443.0"
"227840.0";"443.0";"443.0"
"227850.0";"443.0";"443.0"
"227860.0";"443.0";"443.0"
"227870.0";"443.0";"443.0"
"227880.0";"443.0";"443.0"
"227890.0";"443.0";"443.0"
"227900.0";"443.0";"443.0"
"227910.0";"443.0";"443.0"
"227920.0";"443.0";"443.0"
"227930.0";"443.0";"443.0"
"227940.0";"443.0";"443.0"
"227950.0";"443.0";"443.0"
"227960.0";"443.0";"443.0"
"227970.0";"443.0";"443.0"
"227980.0";"443.0";"443.0"
"227990.0";"443.0";"443.0"
"228000.0";"443.0";"443.0"
"228010.0";"443.0";"443.0"
"228020.0";"443.0";"443.0"
"228030.0";"443.0";"443.0"
"228040.0";"443.0";"443.0"
"228050.0";"443.0";"443.0"
"228060.0";"443.0";"443.0"
"228070.0";"443.0";"443.0"
"228080.0";"443.0";"443.0"
"228090.0";"443.0";"443.0"
"228100.0";"443.0";"443.0"
"228110.0";"443.0";"443.0"
"228120.0";"443.0";"443.0"
"228130.0";"443.0";"443.0"
"228140.0";"443.0";"443.0"
"228150.0";"443.0";"443.0"
"228160.0";"443.0";"443.0"
"228170.0";"443.0";"443.0"
"228180.0";"443.0";"443.0"
"228190.0";"443.0";"443.0"
"228200.0";"443.0";"443.0"
"228210.0";"443.0";"443.0"
"228220.0";"443.0";"443.0"
"228230.0";"443.0";"443.0"
"228240.0";"443.0";"443.0"
"228250.0";"443.0";"443.0"
"228260.0";"443.0";"443.0"
"228270.0";"443.0";"443.0"
"228280.0";"443.0";"443.0"
"228290.0";"443.0";"443.0"
"228300.0";"443.0";"443.0"
"228310.0";"443.0";"443.0"
"228320.0";"443.0";"443.0"
"228330.0";"443.0";"443.0"
"228340.0";"443.0";"443.0"
"228350.0";"443.0";"443.0"
"228360.0";"443.0";"443.0"
"228370.0";"443.0";"443.0"
"228380.0";"443.0";"443.0"
"228390.0";"443.0";"443.0"
"228400.0";"443.0";"443.0"
"228410.0";"443.0";"443.0"
"228420.0";"443.0";"443.0"
"228430.0";"443.0";"443.0"
"228440.0";"443.0";"443.0"
"228450.0";"443.0";"443.0"
"228460.0";"443.0";"443.0"
"228470.0";"443.0";"443.0"
"228480.0";"443.0";"443.0"
"228490.0";"443.0";"443.0"
"228500.0";"443.0";"443.0"
"228510.0";"443.0";"443.0"
"228520.0";"443.0";"443.0"
"228530.0";"443.0";"443.0"
"228540.0";"443.0";"443.0"
"228550.0";"443.0";"443.0"
"228560.0";"443.0";"443.0"
"228570.0";"443.0";"443.0"
"228580.0";"443.0";"443.0"
"228590.0";"443.0";"443.0"
"228600.0";"443.0";"443.0"
"228610.0";"443.0";"443.0"
"228620.0";"443.0";"443.0"
"228630.0";"443.0";"443.0"
"228640.0";"443.0";"443.0"
"228650.0";"443.0";"443.0"
"228660.0";"443.0";"443.0"
"228670.0";"443.0";"443.0"
"228680.0";"443.0";"443.0"
"228690.0";"443.0";"443.0"
"228700.0";"443.0";"443.0"
"228710.0";"443.0";"443.0"
"228720.0";"443.0";"443.0"
"228730.0";"443.0";"443.0"
"228740.0";"443.0";"443.0"
"228750.0";"443.0";"443.0"
"228760.0";"443.0";"443.0"
"228770.0";"443.0";"443.0"
"228780.0";"443.0";"443.0"
"228790.0";"443.0";"443.0"
"228800.0";"443.0";"443.0"
"228810.0";"443.0";"443.0"
"228820.0";"443.0";"443.0"
"228830.0";"443.0";"443.0"
"228840.0";"443.0";"443.0"
"228850.0";"443.0";"443.0"
"228860.0";"443.0";"443.0"
"228870.0";"443.0";"443.0"
"228880.0";"443.0";"443.0"
"228890.0";"443.0";"443.0"
"228900.0";"443.0";"443.0"
"228910.0";"443.0";"443.0"
"228920.0";"443.0";"443.0"
"228930.0";"443.0";"443.0"
"228940.0";"443.0";"443.0"
"228950.0";"443.0";"443.0"
"228960.0";"443.0";"443.0"
"228970.0";"443.0";"443.0"
"228980.0";"443.0";"443.0"
"228990.0";"443.0";"443.0"
"229000.0";"443.0";"443.0"
"229010.0";"443.0";"443.0"
"229020.0";"443.0";"443.0"
"229030.0";"443.0";"443.0"
"229040.0";"443.0";"443.0"
"229050.0";"443.0";"443.0"
"229060.0";"443.0";"443.0"
"229070.0";"443.0";"443.0"
"229080.0";"443.0";"443.0"
"229090.0";"443.0";"443.0"
"229100.0";"443.0";"443.0"
"229110.0";"443.0";"443.0"
"229120.0";"443.0";"443.0"
"229130.0";"443.0";"443.0"
"229140.0";"443.0";"443.0"
"229150.0";"443.0";"443.0"
"229160.0";"443.0";"443.0"
"229170.0";"443.0";"443.0"
"229180.0";"443.0";"443.0"
"229190.0";"443.0";"443.0"
"229200.0";"443.0";"443.0"
"229210.0";"443.0";"443.0"
"229220.0";"443.0";"443.0"
"229230.0";"443.0";"443.0"
"229240.0";"443.0";"443.0"
"229250.0";"443.0";"443.0"
"229260.0";"443.0";"443.0"
"229270.0";"443.0";"443.0"
"229280.0";"443.0";"443.0"
"229290.0";"443.0";"443.0"
"229300.0";"443.0";"443.0"
"229310.0";"443.0";"443.0"
"229320.0";"443.0";"443.0"
"229330.0";"443.0";"443.0"
"229340.0";"443.0";"443.0"
"229350.0";"443.0";"443.0"
"229360.0";"443.0";"443.0"
"229370.0";"443.0";"443.0"
"229380.0";"443.0";"443.0"
"229390.0";"443.0";"443.0"
"229400.0";"443.0";"443.0"
"229410.0";"443.0";"443.0"
"229420.0";"443.0";"443.0"
"229430.0";"443.0";"443.0"
"229440.0";"443.0";"443.0"
"229450.0";"443.0";"443.0"
"229460.0";"443.0";"443.0"
"229470.0";"443.0";"443.0"
"229480.0";"443.0";"443.0"
"229490.0";"443.0";"443.0"
"229500.0";"443.0";"443.0"
"229510.0";"443.0";"443.0"
"229520.0";"443.0";"443.0"
"229530.0";"443.0";"443.0"
"229540.0";"443.0";"443.0"
"229550.0";"443.0";"443.0"
"229560.0";"443.0";"443.0"
"229570.0";"443.0";"443.0"
"229580.0";"443.0";"443.0"
"229590.0";"443.0";"443.0"
"229600.0";"443.0";"443.0"
"229610.0";"443.0";"443.0"
"229620.0";"443.0";"443.0"
"229630.0";"443.0";"443.0"
"229640.0";"443.0";"443.0"
"229650.0";"443.0";"443.0"
"229660.0";"443.0";"443.0"
"229670.0";"443.0";"443.0"
"229680.0";"443.0";"443.0"
"229690.0";"443.0";"443.0"
"229700.0";"443.0";"443.0"
"229710.0";"443.0";"443.0"
"229720.0";"443.0";"443.0"
"229730.0";"443.0";"443.0"
"229740.0";"443.0";"443.0"
"229750.0";"443.0";"443.0"
"229760.0";"443.0";"443.0"
"229770.0";"443.0";"443.0"
"229780.0";"443.0";"443.0"
"229790.0";"443.0";"443.0"
"229800.0";"443.0";"443.0"
"229810.0";"443.0";"443.0"
"229820.0";"443.0";"443.0"
"229830.0";"443.0";"443.0"
"229840.0";"443.0";"443.0"
"229850.0";"443.0";"443.0"
"229860.0";"443.0";"443.0"
"229870.0";"443.0";"443.0"
"229880.0";"443.0";"443.0"
"229890.0";"443.0";"443.0"
"229900.0";"443.0";"443.0"
"229910.0";"443.0";"443.0"
"229920.0";"443.0";"443.0"
"229930.0";"443.0";"443.0"
"229940.0";"443.0";"443.0"
"229950.0";"443.0";"443.0"
"229960.0";"443.0";"443.0"
"229970.0";"443.0";"443.0"
"229980.0";"443.0";"443.0"
"229990.0";"443.0";"443.0"
"230000.0";"443.0";"443.0"
"230010.0";"443.0";"443.0"
"230020.0";"443.0";"443.0"
"230030.0";"443.0";"443.0"
"230040.0";"443.0";"443.0"
"230050.0";"443.0";"443.0"
"230060.0";"443.0";"443.0"
"230070.0";"443.0";"443.0"
"230080.0";"443.0";"443.0"
"230090.0";"443.0";"443.0"
"230100.0";"443.0";"443.0"
"230110.0";"443.0";"443.0"
"230120.0";"443.0";"443.0"
"230130.0";"443.0";"443.0"
"230140.0";"443.0";"443.0"
"230150.0";"443.0";"443.0"
"230160.0";"443.0";"443.0"
"230170.0";"443.0";"443.0"
"230180.0";"443.0";"443.0"
"230190.0";"443.0";"443.0"
"230200.0";"443.0";"443.0"
"230210.0";"443.0";"443.0"
"230220.0";"443.0";"443.0"
"230230.0";"443.0";"443.0"
"230240.0";"443.0";"443.0"
"230250.0";"443.0";"443.0"
"230260.0";"443.0";"443.0"
"230270.0";"443.0";"443.0"
"230280.0";"443.0";"443.0"
"230290.0";"443.0";"443.0"
"230300.0";"443.0";"443.0"
"230310.0";"443.0";"443.0"
"230320.0";"443.0";"443.0"
"230330.0";"443.0";"443.0"
"230340.0";"443.0";"443.0"
"230350.0";"443.0";"443.0"
"230360.0";"443.0";"443.0"
"230370.0";"443.0";"443.0"
"230380.0";"443.0";"443.0"
"230390.0";"443.0";"443.0"
"230400.0";"443.0";"443.0"
"230410.0";"443.0";"443.0"
"230420.0";"443.0";"443.0"
"230430.0";"443.0";"443.0"
"230440.0";"443.0";"443.0"
"230450.0";"443.0";"443.0"
"230460.0";"443.0";"443.0"
"230470.0";"443.0";"443.0"
"230480.0";"443.0";"443.0"
"230490.0";"443.0";"443.0"
"230500.0";"443.0";"443.0"
"230510.0";"443.0";"443.0"
"230520.0";"443.0";"443.0"
"230530.0";"443.0";"443.0"
"230540.0";"443.0";"443.0"
"230550.0";"443.0";"443.0"
"230560.0";"443.0";"443.0"
"230570.0";"443.0";"443.0"
"230580.0";"443.0";"443.0"
"230590.0";"443.0";"443.0"
"230600.0";"443.0";"443.0"
"230610.0";"443.0";"443.0"
"230620.0";"443.0";"443.0"
"230630.0";"443.0";"443.0"
"230640.0";"443.0";"443.0"
"230650.0";"443.0";"443.0"
"230660.0";"443.0";"443.0"
"230670.0";"443.0";"443.0"
"230680.0";"443.0";"443.0"
"230690.0";"443.0";"443.0"
"230700.0";"443.0";"443.0"
"230710.0";"443.0";"443.0"
"230720.0";"443.0";"443.0"
"230730.0";"443.0";"443.0"
"230740.0";"443.0";"443.0"
"230750.0";"443.0";"443.0"
"230760.0";"443.0";"443.0"
"230770.0";"443.0";"443.0"
"230780.0";"443.0";"443.0"
"230790.0";"443.0";"443.0"
"230800.0";"443.0";"443.0"
"230810.0";"443.0";"443.0"
"230820.0";"443.0";"443.0"
"230830.0";"443.0";"443.0"
"230840.0";"443.0";"443.0"
"230850.0";"443.0";"443.0"
"230860.0";"443.0";"443.0"
"230870.0";"443.0";"443.0"
"230880.0";"443.0";"443.0"
"230890.0";"443.0";"443.0"
"230900.0";"443.0";"443.0"
"230910.0";"443.0";"443.0"
"230920.0";"443.0";"443.0"
"230930.0";"443.0";"443.0"
"230940.0";"443.0";"443.0"
"230950.0";"443.0";"443.0"
"230960.0";"443.0";"443.0"
"230970.0";"443.0";"443.0"
"230980.0";"443.0";"443.0"
"230990.0";"443.0";"443.0"
"231000.0";"443.0";"443.0"
"231010.0";"443.0";"443.0"
"231020.0";"443.0";"443.0"
"231030.0";"443.0";"443.0"
"231040.0";"443.0";"443.0"
"231050.0";"443.0";"443.0"
"231060.0";"443.0";"443.0"
"231070.0";"443.0";"443.0"
"231080.0";"443.0";"443.0"
"231090.0";"443.0";"443.0"
"231100.0";"443.0";"443.0"
"231110.0";"443.0";"443.0"
"231120.0";"443.0";"443.0"
"231130.0";"443.0";"443.0"
"231140.0";"443.0";"443.0"
"231150.0";"443.0";"443.0"
"231160.0";"443.0";"443.0"
"231170.0";"443.0";"443.0"
"231180.0";"443.0";"443.0"
"231190.0";"443.0";"443.0"
"231200.0";"443.0";"443.0"
"231210.0";"443.0";"443.0"
"231220.0";"443.0";"443.0"
"231230.0";"443.0";"443.0"
"231240.0";"443.0";"443.0"
"231250.0";"443.0";"443.0"
"231260.0";"443.0";"443.0"
"231270.0";"443.0";"443.0"
"231280.0";"443.0";"443.0"
"231290.0";"443.0";"443.0"
"231300.0";"443.0";"443.0"
"231310.0";"443.0";"443.0"
"231320.0";"443.0";"443.0"
"231330.0";"443.0";"443.0"
"231340.0";"443.0";"443.0"
"231350.0";"443.0";"443.0"
"231360.0";"443.0";"443.0"
"231370.0";"443.0";"443.0"
"231380.0";"443.0";"443.0"
"231390.0";"443.0";"443.0"
"231400.0";"443.0";"443.0"
"231410.0";"443.0";"443.0"
"231420.0";"443.0";"443.0"
"231430.0";"443.0";"443.0"
"231440.0";"443.0";"443.0"
"231450.0";"443.0";"443.0"
"231460.0";"443.0";"443.0"
"231470.0";"443.0";"443.0"
"231480.0";"443.0";"443.0"
"231490.0";"443.0";"443.0"
"231500.0";"443.0";"443.0"
"231510.0";"443.0";"443.0"
"231520.0";"443.0";"443.0"
"231530.0";"443.0";"443.0"
"231540.0";"443.0";"443.0"
"231550.0";"443.0";"443.0"
"231560.0";"443.0";"443.0"
"231570.0";"443.0";"443.0"
"231580.0";"443.0";"443.0"
"231590.0";"443.0";"443.0"
"231600.0";"443.0";"443.0"
"231610.0";"443.0";"443.0"
"231620.0";"443.0";"443.0"
"231630.0";"443.0";"443.0"
"231640.0";"443.0";"443.0"
"231650.0";"443.0";"443.0"
"231660.0";"443.0";"443.0"
"231670.0";"443.0";"443.0"
"231680.0";"443.0";"443.0"
"231690.0";"443.0";"443.0"
"231700.0";"443.0";"443.0"
"231710.0";"443.0";"443.0"
"231720.0";"443.0";"443.0"
"231730.0";"443.0";"443.0"
"231740.0";"443.0";"443.0"
"231750.0";"443.0";"443.0"
"231760.0";"443.0";"443.0"
"231770.0";"443.0";"443.0"
"231780.0";"443.0";"443.0"
"231790.0";"443.0";"443.0"
"231800.0";"443.0";"443.0"
"231810.0";"443.0";"443.0"
"231820.0";"443.0";"443.0"
"231830.0";"443.0";"443.0"
"231840.0";"443.0";"443.0"
"231850.0";"443.0";"443.0"
"231860.0";"443.0";"443.0"
"231870.0";"443.0";"443.0"
"231880.0";"443.0";"443.0"
"231890.0";"443.0";"443.0"
"231900.0";"443.0";"443.0"
"231910.0";"443.0";"443.0"
"231920.0";"443.0";"443.0"
"231930.0";"443.0";"443.0"
"231940.0";"443.0";"443.0"
"231950.0";"443.0";"443.0"
"231960.0";"443.0";"443.0"
"231970.0";"443.0";"443.0"
"231980.0";"443.0";"443.0"
"231990.0";"443.0";"443.0"
"232000.0";"443.0";"443.0"
"232010.0";"443.0";"443.0"
"232020.0";"443.0";"443.0"
"232030.0";"443.0";"443.0"
"232040.0";"443.0";"443.0"
"232050.0";"443.0";"443.0"
"232060.0";"443.0";"443.0"
"232070.0";"443.0";"443.0"
"232080.0";"443.0";"443.0"
"232090.0";"443.0";"443.0"
"232100.0";"443.0";"443.0"
"232110.0";"443.0";"443.0"
"232120.0";"443.0";"443.0"
"232130.0";"443.0";"443.0"
"232140.0";"443.0";"443.0"
"232150.0";"443.0";"443.0"
"232160.0";"443.0";"443.0"
"232170.0";"443.0";"443.0"
"232180.0";"443.0";"443.0"
"232190.0";"443.0";"443.0"
"232200.0";"443.0";"443.0"
"232210.0";"443.0";"443.0"
"232220.0";"443.0";"443.0"
"232230.0";"443.0";"443.0"
"232240.0";"443.0";"443.0"
"232250.0";"443.0";"443.0"
"232260.0";"443.0";"443.0"
"232270.0";"443.0";"443.0"
"232280.0";"443.0";"443.0"
"232290.0";"443.0";"443.0"
"232300.0";"443.0";"443.0"
"232310.0";"443.0";"443.0"
"232320.0";"443.0";"443.0"
"232330.0";"443.0";"443.0"
"232340.0";"443.0";"443.0"
"232350.0";"443.0";"443.0"
"232360.0";"443.0";"443.0"
"232370.0";"443.0";"443.0"
"232380.0";"443.0";"443.0"
"232390.0";"443.0";"443.0"
"232400.0";"443.0";"443.0"
"232410.0";"443.0";"443.0"
"232420.0";"443.0";"443.0"
"232430.0";"443.0";"443.0"
"232440.0";"443.0";"443.0"
"232450.0";"443.0";"443.0"
"232460.0";"443.0";"443.0"
"232470.0";"443.0";"443.0"
"232480.0";"443.0";"443.0"
"232490.0";"443.0";"443.0"
"232500.0";"443.0";"443.0"
"232510.0";"443.0";"443.0"
"232520.0";"443.0";"443.0"
"232530.0";"443.0";"443.0"
"232540.0";"443.0";"443.0"
"232550.0";"443.0";"443.0"
"232560.0";"443.0";"443.0"
"232570.0";"443.0";"443.0"
"232580.0";"443.0";"443.0"
"232590.0";"443.0";"443.0"
"232600.0";"443.0";"443.0"
"232610.0";"443.0";"443.0"
"232620.0";"443.0";"443.0"
"232630.0";"443.0";"443.0"
"232640.0";"443.0";"443.0"
"232650.0";"443.0";"443.0"
"232660.0";"443.0";"443.0"
"232670.0";"443.0";"443.0"
"232680.0";"443.0";"443.0"
"232690.0";"443.0";"443.0"
"232700.0";"443.0";"443.0"
"232710.0";"443.0";"443.0"
"232720.0";"443.0";"443.0"
"232730.0";"443.0";"443.0"
"232740.0";"443.0";"443.0"
"232750.0";"443.0";"443.0"
"232760.0";"443.0";"443.0"
"232770.0";"443.0";"443.0"
"232780.0";"443.0";"443.0"
"232790.0";"443.0";"443.0"
"232800.0";"443.0";"443.0"
"232810.0";"443.0";"443.0"
"232820.0";"443.0";"443.0"
"232830.0";"443.0";"443.0"
"232840.0";"443.0";"443.0"
"232850.0";"443.0";"443.0"
"232860.0";"443.0";"443.0"
"232870.0";"443.0";"443.0"
"232880.0";"443.0";"443.0"
"232890.0";"443.0";"443.0"
"232900.0";"443.0";"443.0"
"232910.0";"443.0";"443.0"
"232920.0";"443.0";"443.0"
"232930.0";"443.0";"443.0"
"232940.0";"443.0";"443.0"
"232950.0";"443.0";"443.0"
"232960.0";"443.0";"443.0"
"232970.0";"443.0";"443.0"
"232980.0";"443.0";"443.0"
"232990.0";"443.0";"443.0"
"233000.0";"443.0";"443.0"
"233010.0";"443.0";"443.0"
"233020.0";"443.0";"443.0"
"233030.0";"443.0";"443.0"
"233040.0";"443.0";"443.0"
"233050.0";"443.0";"443.0"
"233060.0";"443.0";"443.0"
"233070.0";"443.0";"443.0"
"233080.0";"443.0";"443.0"
"233090.0";"443.0";"443.0"
"233100.0";"443.0";"443.0"
"233110.0";"443.0";"443.0"
"233120.0";"443.0";"443.0"
"233130.0";"443.0";"443.0"
"233140.0";"443.0";"443.0"
"233150.0";"443.0";"443.0"
"233160.0";"443.0";"443.0"
"233170.0";"443.0";"443.0"
"233180.0";"443.0";"443.0"
"233190.0";"443.0";"443.0"
"233200.0";"443.0";"443.0"
"233210.0";"443.0";"443.0"
"233220.0";"443.0";"443.0"
"233230.0";"443.0";"443.0"
"233240.0";"443.0";"443.0"
"233250.0";"443.0";"443.0"
"233260.0";"443.0";"443.0"
"233270.0";"443.0";"443.0"
"233280.0";"443.0";"443.0"
"233290.0";"443.0";"443.0"
"233300.0";"443.0";"443.0"
"233310.0";"443.0";"443.0"
"233320.0";"443.0";"443.0"
"233330.0";"443.0";"443.0"
"233340.0";"443.0";"443.0"
"233350.0";"443.0";"443.0"
"233360.0";"443.0";"443.0"
"233370.0";"443.0";"443.0"
"233380.0";"443.0";"443.0"
"233390.0";"443.0";"443.0"
"233400.0";"443.0";"443.0"
"233410.0";"443.0";"443.0"
"233420.0";"443.0";"443.0"
"233430.0";"443.0";"443.0"
"233440.0";"443.0";"443.0"
"233450.0";"443.0";"443.0"
"233460.0";"443.0";"443.0"
"233470.0";"443.0";"443.0"
"233480.0";"443.0";"443.0"
"233490.0";"443.0";"443.0"
"233500.0";"443.0";"443.0"
"233510.0";"443.0";"443.0"
"233520.0";"443.0";"443.0"
"233530.0";"443.0";"443.0"
"233540.0";"443.0";"443.0"
"233550.0";"443.0";"443.0"
"233560.0";"443.0";"443.0"
"233570.0";"443.0";"443.0"
"233580.0";"443.0";"443.0"
"233590.0";"443.0";"443.0"
"233600.0";"443.0";"443.0"
"233610.0";"443.0";"443.0"
"233620.0";"443.0";"443.0"
"233630.0";"443.0";"443.0"
"233640.0";"443.0";"443.0"
"233650.0";"443.0";"443.0"
"233660.0";"443.0";"443.0"
"233670.0";"443.0";"443.0"
"233680.0";"443.0";"443.0"
"233690.0";"443.0";"443.0"
"233700.0";"443.0";"443.0"
"233710.0";"443.0";"443.0"
"233720.0";"443.0";"443.0"
"233730.0";"443.0";"443.0"
"233740.0";"443.0";"443.0"
"233750.0";"443.0";"443.0"
"233760.0";"443.0";"443.0"
"233770.0";"443.0";"443.0"
"233780.0";"443.0";"443.0"
"233790.0";"443.0";"443.0"
"233800.0";"443.0";"443.0"
"233810.0";"443.0";"443.0"
"233820.0";"443.0";"443.0"
"233830.0";"443.0";"443.0"
"233840.0";"443.0";"443.0"
"233850.0";"443.0";"443.0"
"233860.0";"443.0";"443.0"
"233870.0";"443.0";"443.0"
"233880.0";"443.0";"443.0"
"233890.0";"443.0";"443.0"
"233900.0";"443.0";"443.0"
"233910.0";"443.0";"443.0"
"233920.0";"443.0";"443.0"
"233930.0";"443.0";"443.0"
"233940.0";"443.0";"443.0"
"233950.0";"443.0";"443.0"
"233960.0";"443.0";"443.0"
"233970.0";"443.0";"443.0"
"233980.0";"443.0";"443.0"
"233990.0";"443.0";"443.0"
"234000.0";"443.0";"443.0"
"234010.0";"443.0";"443.0"
"234020.0";"443.0";"443.0"
"234030.0";"443.0";"443.0"
"234040.0";"443.0";"443.0"
"234050.0";"443.0";"443.0"
"234060.0";"443.0";"443.0"
"234070.0";"443.0";"443.0"
"234080.0";"443.0";"443.0"
"234090.0";"443.0";"443.0"
"234100.0";"443.0";"443.0"
"234110.0";"443.0";"443.0"
"234120.0";"443.0";"443.0"
"234130.0";"443.0";"443.0"
"234140.0";"443.0";"443.0"
"234150.0";"443.0";"443.0"
"234160.0";"443.0";"443.0"
"234170.0";"443.0";"443.0"
"234180.0";"443.0";"443.0"
"234190.0";"443.0";"443.0"
"234200.0";"443.0";"443.0"
"234210.0";"443.0";"443.0"
"234220.0";"443.0";"443.0"
"234230.0";"443.0";"443.0"
"234240.0";"443.0";"443.0"
"234250.0";"443.0";"443.0"
"234260.0";"443.0";"443.0"
"234270.0";"443.0";"443.0"
"234280.0";"443.0";"443.0"
"234290.0";"443.0";"443.0"
"234300.0";"443.0";"443.0"
"234310.0";"443.0";"443.0"
"234320.0";"443.0";"443.0"
"234330.0";"443.0";"443.0"
"234340.0";"443.0";"443.0"
"234350.0";"443.0";"443.0"
"234360.0";"443.0";"443.0"
"234370.0";"443.0";"443.0"
"234380.0";"443.0";"443.0"
"234390.0";"443.0";"443.0"
"234400.0";"443.0";"443.0"
"234410.0";"443.0";"443.0"
"234420.0";"443.0";"443.0"
"234430.0";"443.0";"443.0"
"234440.0";"443.0";"443.0"
"234450.0";"443.0";"443.0"
"234460.0";"443.0";"443.0"
"234470.0";"443.0";"443.0"
"234480.0";"443.0";"443.0"
"234490.0";"443.0";"443.0"
"234500.0";"443.0";"443.0"
"234510.0";"443.0";"443.0"
"234520.0";"443.0";"443.0"
"234530.0";"443.0";"443.0"
"234540.0";"443.0";"443.0"
"234550.0";"443.0";"443.0"
"234560.0";"443.0";"443.0"
"234570.0";"443.0";"443.0"
"234580.0";"443.0";"443.0"
"234590.0";"443.0";"443.0"
"234600.0";"443.0";"443.0"
"234610.0";"443.0";"443.0"
"234620.0";"443.0";"443.0"
"234630.0";"443.0";"443.0"
"234640.0";"443.0";"443.0"
"234650.0";"443.0";"443.0"
"234660.0";"443.0";"443.0"
"234670.0";"443.0";"443.0"
"234680.0";"443.0";"443.0"
"234690.0";"443.0";"443.0"
"234700.0";"443.0";"443.0"
"234710.0";"443.0";"443.0"
"234720.0";"443.0";"443.0"
"234730.0";"443.0";"443.0"
"234740.0";"443.0";"443.0"
"234750.0";"443.0";"443.0"
"234760.0";"443.0";"443.0"
"234770.0";"443.0";"443.0"
"234780.0";"443.0";"443.0"
"234790.0";"443.0";"443.0"
"234800.0";"443.0";"443.0"
"234810.0";"443.0";"443.0"
"234820.0";"443.0";"443.0"
"234830.0";"443.0";"443.0"
"234840.0";"443.0";"443.0"
"234850.0";"443.0";"443.0"
"234860.0";"443.0";"443.0"
"234870.0";"443.0";"443.0"
"234880.0";"443.0";"443.0"
"234890.0";"443.0";"443.0"
"234900.0";"443.0";"443.0"
"234910.0";"443.0";"443.0"
"234920.0";"443.0";"443.0"
"234930.0";"443.0";"443.0"
"234940.0";"443.0";"443.0"
"234950.0";"443.0";"443.0"
"234960.0";"443.0";"443.0"
"234970.0";"443.0";"443.0"
"234980.0";"443.0";"443.0"
"234990.0";"443.0";"443.0"
"235000.0";"443.0";"443.0"
"235010.0";"443.0";"443.0"
"235020.0";"443.0";"443.0"
"235030.0";"443.0";"443.0"
"235040.0";"443.0";"443.0"
"235050.0";"443.0";"443.0"
"235060.0";"443.0";"443.0"
"235070.0";"443.0";"443.0"
"235080.0";"443.0";"443.0"
"235090.0";"443.0";"443.0"
"235100.0";"443.0";"443.0"
"235110.0";"443.0";"443.0"
"235120.0";"443.0";"443.0"
"235130.0";"443.0";"443.0"
"235140.0";"443.0";"443.0"
"235150.0";"443.0";"443.0"
"235160.0";"443.0";"443.0"
"235170.0";"443.0";"443.0"
"235180.0";"443.0";"443.0"
"235190.0";"443.0";"443.0"
"235200.0";"443.0";"443.0"
"235210.0";"443.0";"443.0"
"235220.0";"443.0";"443.0"
"235230.0";"443.0";"443.0"
"235240.0";"443.0";"443.0"
"235250.0";"443.0";"443.0"
"235260.0";"443.0";"443.0"
"235270.0";"443.0";"443.0"
"235280.0";"443.0";"443.0"
"235290.0";"443.0";"443.0"
"235300.0";"443.0";"443.0"
"235310.0";"443.0";"443.0"
"235320.0";"443.0";"443.0"
"235330.0";"443.0";"443.0"
"235340.0";"443.0";"443.0"
"235350.0";"443.0";"443.0"
"235360.0";"443.0";"443.0"
"235370.0";"443.0";"443.0"
"235380.0";"443.0";"443.0"
"235390.0";"443.0";"443.0"
"235400.0";"443.0";"443.0"
"235410.0";"443.0";"443.0"
"235420.0";"443.0";"443.0"
"235430.0";"443.0";"443.0"
"235440.0";"443.0";"443.0"
"235450.0";"443.0";"443.0"
"235460.0";"443.0";"443.0"
"235470.0";"443.0";"443.0"
"235480.0";"443.0";"443.0"
"235490.0";"443.0";"443.0"
"235500.0";"443.0";"443.0"
"235510.0";"443.0";"443.0"
"235520.0";"443.0";"443.0"
"235530.0";"443.0";"443.0"
"235540.0";"443.0";"443.0"
"235550.0";"443.0";"443.0"
"235560.0";"443.0";"443.0"
"235570.0";"443.0";"443.0"
"235580.0";"443.0";"443.0"
"235590.0";"443.0";"443.0"
"235600.0";"443.0";"443.0"
"235610.0";"443.0";"443.0"
"235620.0";"443.0";"443.0"
"235630.0";"443.0";"443.0"
"235640.0";"443.0";"443.0"
"235650.0";"443.0";"443.0"
"235660.0";"443.0";"443.0"
"235670.0";"443.0";"443.0"
"235680.0";"443.0";"443.0"
"235690.0";"443.0";"443.0"
"235700.0";"443.0";"443.0"
"235710.0";"443.0";"443.0"
"235720.0";"443.0";"443.0"
"235730.0";"443.0";"443.0"
"235740.0";"443.0";"443.0"
"235750.0";"443.0";"443.0"
"235760.0";"443.0";"443.0"
"235770.0";"443.0";"443.0"
"235780.0";"443.0";"443.0"
"235790.0";"443.0";"443.0"
"235800.0";"443.0";"443.0"
"235810.0";"443.0";"443.0"
"235820.0";"443.0";"443.0"
"235830.0";"443.0";"443.0"
"235840.0";"443.0";"443.0"
"235850.0";"443.0";"443.0"
"235860.0";"443.0";"443.0"
"235870.0";"443.0";"443.0"
"235880.0";"443.0";"443.0"
"235890.0";"443.0";"443.0"
"235900.0";"443.0";"443.0"
"235910.0";"443.0";"443.0"
"235920.0";"443.0";"443.0"
"235930.0";"443.0";"443.0"
"235940.0";"443.0";"443.0"
"235950.0";"443.0";"443.0"
"235960.0";"443.0";"443.0"
"235970.0";"443.0";"443.0"
"235980.0";"443.0";"443.0"
"235990.0";"443.0";"443.0"
"236000.0";"443.0";"443.0"
"236010.0";"443.0";"443.0"
"236020.0";"443.0";"443.0"
"236030.0";"443.0";"443.0"
"236040.0";"443.0";"443.0"
"236050.0";"443.0";"443.0"
"236060.0";"443.0";"443.0"
"236070.0";"443.0";"443.0"
"236080.0";"443.0";"443.0"
"236090.0";"443.0";"443.0"
"236100.0";"443.0";"443.0"
"236110.0";"443.0";"443.0"
"236120.0";"443.0";"443.0"
"236130.0";"443.0";"443.0"
"236140.0";"443.0";"443.0"
"236150.0";"443.0";"443.0"
"236160.0";"443.0";"443.0"
"236170.0";"443.0";"443.0"
"236180.0";"443.0";"443.0"
"236190.0";"443.0";"443.0"
"236200.0";"443.0";"443.0"
"236210.0";"443.0";"443.0"
"236220.0";"443.0";"443.0"
"236230.0";"443.0";"443.0"
"236240.0";"443.0";"443.0"
"236250.0";"443.0";"443.0"
"236260.0";"443.0";"443.0"
"236270.0";"443.0";"443.0"
"236280.0";"443.0";"443.0"
"236290.0";"443.0";"443.0"
"236300.0";"443.0";"443.0"
"236310.0";"443.0";"443.0"
"236320.0";"443.0";"443.0"
"236330.0";"443.0";"443.0"
"236340.0";"443.0";"443.0"
"236350.0";"443.0";"443.0"
"236360.0";"443.0";"443.0"
"236370.0";"443.0";"443.0"
"236380.0";"443.0";"443.0"
"236390.0";"443.0";"443.0"
"236400.0";"443.0";"443.0"
"236410.0";"443.0";"443.0"
"236420.0";"443.0";"443.0"
"236430.0";"443.0";"443.0"
"236440.0";"443.0";"443.0"
"236450.0";"443.0";"443.0"
"236460.0";"443.0";"443.0"
"236470.0";"443.0";"443.0"
"236480.0";"443.0";"443.0"
"236490.0";"443.0";"443.0"
"236500.0";"443.0";"443.0"
"236510.0";"443.0";"443.0"
"236520.0";"443.0";"443.0"
"236530.0";"443.0";"443.0"
"236540.0";"443.0";"443.0"
"236550.0";"443.0";"443.0"
"236560.0";"443.0";"443.0"
"236570.0";"443.0";"443.0"
"236580.0";"443.0";"443.0"
"236590.0";"443.0";"443.0"
"236600.0";"443.0";"443.0"
"236610.0";"443.0";"443.0"
"236620.0";"443.0";"443.0"
"236630.0";"443.0";"443.0"
"236640.0";"443.0";"443.0"
"236650.0";"443.0";"443.0"
"236660.0";"443.0";"443.0"
"236670.0";"443.0";"443.0"
"236680.0";"443.0";"443.0"
"236690.0";"443.0";"443.0"
"236700.0";"443.0";"443.0"
"236710.0";"443.0";"443.0"
"236720.0";"443.0";"443.0"
"236730.0";"443.0";"443.0"
"236740.0";"443.0";"443.0"
"236750.0";"443.0";"443.0"
"236760.0";"443.0";"443.0"
"236770.0";"443.0";"443.0"
"236780.0";"443.0";"443.0"
"236790.0";"443.0";"443.0"
"236800.0";"443.0";"443.0"
"236810.0";"443.0";"443.0"
"236820.0";"443.0";"443.0"
"236830.0";"443.0";"443.0"
"236840.0";"443.0";"443.0"
"236850.0";"443.0";"443.0"
"236860.0";"443.0";"443.0"
"236870.0";"443.0";"443.0"
"236880.0";"443.0";"443.0"
"236890.0";"443.0";"443.0"
"236900.0";"443.0";"443.0"
"236910.0";"443.0";"443.0"
"236920.0";"443.0";"443.0"
"236930.0";"443.0";"443.0"
"236940.0";"443.0";"443.0"
"236950.0";"443.0";"443.0"
"236960.0";"443.0";"443.0"
"236970.0";"443.0";"443.0"
"236980.0";"443.0";"443.0"
"236990.0";"443.0";"443.0"
"237000.0";"443.0";"443.0"
"237010.0";"443.0";"443.0"
"237020.0";"443.0";"443.0"
"237030.0";"443.0";"443.0"
"237040.0";"443.0";"443.0"
"237050.0";"443.0";"443.0"
"237060.0";"443.0";"443.0"
"237070.0";"443.0";"443.0"
"237080.0";"443.0";"443.0"
"237090.0";"443.0";"443.0"
"237100.0";"443.0";"443.0"
"237110.0";"443.0";"443.0"
"237120.0";"443.0";"443.0"
"237130.0";"443.0";"443.0"
"237140.0";"443.0";"443.0"
"237150.0";"443.0";"443.0"
"237160.0";"443.0";"443.0"
"237170.0";"443.0";"443.0"
"237180.0";"443.0";"443.0"
"237190.0";"443.0";"443.0"
"237200.0";"443.0";"443.0"
"237210.0";"443.0";"443.0"
"237220.0";"443.0";"443.0"
"237230.0";"443.0";"443.0"
"237240.0";"443.0";"443.0"
"237250.0";"443.0";"443.0"
"237260.0";"443.0";"443.0"
"237270.0";"443.0";"443.0"
"237280.0";"443.0";"443.0"
"237290.0";"443.0";"443.0"
"237300.0";"443.0";"443.0"
"237310.0";"443.0";"443.0"
"237320.0";"443.0";"443.0"
"237330.0";"443.0";"443.0"
"237340.0";"443.0";"443.0"
"237350.0";"443.0";"443.0"
"237360.0";"443.0";"443.0"
"237370.0";"443.0";"443.0"
"237380.0";"443.0";"443.0"
"237390.0";"443.0";"443.0"
"237400.0";"443.0";"443.0"
"237410.0";"443.0";"443.0"
"237420.0";"443.0";"443.0"
"237430.0";"443.0";"443.0"
"237440.0";"443.0";"443.0"
"237450.0";"443.0";"443.0"
"237460.0";"443.0";"443.0"
"237470.0";"443.0";"443.0"
"237480.0";"443.0";"443.0"
"237490.0";"443.0";"443.0"
"237500.0";"443.0";"443.0"
"237510.0";"443.0";"443.0"
"237520.0";"443.0";"443.0"
"237530.0";"443.0";"443.0"
"237540.0";"443.0";"443.0"
"237550.0";"443.0";"443.0"
"237560.0";"443.0";"443.0"
"237570.0";"443.0";"443.0"
"237580.0";"443.0";"443.0"
"237590.0";"443.0";"443.0"
"237600.0";"443.0";"443.0"
"237610.0";"443.0";"443.0"
"237620.0";"443.0";"443.0"
"237630.0";"443.0";"443.0"
"237640.0";"443.0";"443.0"
"237650.0";"443.0";"443.0"
"237660.0";"443.0";"443.0"
"237670.0";"443.0";"443.0"
"237680.0";"443.0";"443.0"
"237690.0";"443.0";"443.0"
"237700.0";"443.0";"443.0"
"237710.0";"443.0";"443.0"
"237720.0";"443.0";"443.0"
"237730.0";"443.0";"443.0"
"237740.0";"443.0";"443.0"
"237750.0";"443.0";"443.0"
"237760.0";"443.0";"443.0"
"237770.0";"443.0";"443.0"
"237780.0";"443.0";"443.0"
"237790.0";"443.0";"443.0"
"237800.0";"443.0";"443.0"
"237810.0";"443.0";"443.0"
"237820.0";"443.0";"443.0"
"237830.0";"443.0";"443.0"
"237840.0";"443.0";"443.0"
"237850.0";"443.0";"443.0"
"237860.0";"443.0";"443.0"
"237870.0";"443.0";"443.0"
"237880.0";"443.0";"443.0"
"237890.0";"443.0";"443.0"
"237900.0";"443.0";"443.0"
"237910.0";"443.0";"443.0"
"237920.0";"443.0";"443.0"
"237930.0";"443.0";"443.0"
"237940.0";"443.0";"443.0"
"237950.0";"443.0";"443.0"
"237960.0";"443.0";"443.0"
"237970.0";"443.0";"443.0"
"237980.0";"443.0";"443.0"
"237990.0";"443.0";"443.0"
"238000.0";"443.0";"443.0"
"238010.0";"443.0";"443.0"
"238020.0";"443.0";"443.0"
"238030.0";"443.0";"443.0"
"238040.0";"443.0";"443.0"
"238050.0";"443.0";"443.0"
"238060.0";"443.0";"443.0"
"238070.0";"443.0";"443.0"
"238080.0";"443.0";"443.0"
"238090.0";"443.0";"443.0"
"238100.0";"443.0";"443.0"
"238110.0";"443.0";"443.0"
"238120.0";"443.0";"443.0"
"238130.0";"443.0";"443.0"
"238140.0";"443.0";"443.0"
"238150.0";"443.0";"443.0"
"238160.0";"443.0";"443.0"
"238170.0";"443.0";"443.0"
"238180.0";"443.0";"443.0"
"238190.0";"443.0";"443.0"
"238200.0";"443.0";"443.0"
"238210.0";"443.0";"443.0"
"238220.0";"443.0";"443.0"
"238230.0";"443.0";"443.0"
"238240.0";"443.0";"443.0"
"238250.0";"443.0";"443.0"
"238260.0";"443.0";"443.0"
"238270.0";"443.0";"443.0"
"238280.0";"443.0";"443.0"
"238290.0";"443.0";"443.0"
"238300.0";"443.0";"443.0"
"238310.0";"443.0";"443.0"
"238320.0";"443.0";"443.0"
"238330.0";"443.0";"443.0"
"238340.0";"443.0";"443.0"
"238350.0";"443.0";"443.0"
"238360.0";"443.0";"443.0"
"238370.0";"443.0";"443.0"
"238380.0";"443.0";"443.0"
"238390.0";"443.0";"443.0"
"238400.0";"443.0";"443.0"
"238410.0";"443.0";"443.0"
"238420.0";"443.0";"443.0"
"238430.0";"443.0";"443.0"
"238440.0";"443.0";"443.0"
"238450.0";"443.0";"443.0"
"238460.0";"443.0";"443.0"
"238470.0";"443.0";"443.0"
"238480.0";"443.0";"443.0"
"238490.0";"443.0";"443.0"
"238500.0";"443.0";"443.0"
"238510.0";"443.0";"443.0"
"238520.0";"443.0";"443.0"
"238530.0";"443.0";"443.0"
"238540.0";"443.0";"443.0"
"238550.0";"443.0";"443.0"
"238560.0";"443.0";"443.0"
"238570.0";"443.0";"443.0"
"238580.0";"443.0";"443.0"
"238590.0";"443.0";"443.0"
"238600.0";"443.0";"443.0"
"238610.0";"443.0";"443.0"
"238620.0";"443.0";"443.0"
"238630.0";"443.0";"443.0"
"238640.0";"443.0";"443.0"
"238650.0";"443.0";"443.0"
"238660.0";"443.0";"443.0"
"238670.0";"443.0";"443.0"
"238680.0";"443.0";"443.0"
"238690.0";"443.0";"443.0"
"238700.0";"443.0";"443.0"
"238710.0";"443.0";"443.0"
"238720.0";"443.0";"443.0"
"238730.0";"443.0";"443.0"
"238740.0";"443.0";"443.0"
"238750.0";"443.0";"443.0"
"238760.0";"443.0";"443.0"
"238770.0";"443.0";"443.0"
"238780.0";"443.0";"443.0"
"238790.0";"443.0";"443.0"
"238800.0";"443.0";"443.0"
"238810.0";"443.0";"443.0"
"238820.0";"443.0";"443.0"
"238830.0";"443.0";"443.0"
"238840.0";"443.0";"443.0"
"238850.0";"443.0";"443.0"
"238860.0";"443.0";"443.0"
"238870.0";"443.0";"443.0"
"238880.0";"443.0";"443.0"
"238890.0";"443.0";"443.0"
"238900.0";"443.0";"443.0"
"238910.0";"443.0";"443.0"
"238920.0";"443.0";"443.0"
"238930.0";"443.0";"443.0"
"238940.0";"443.0";"443.0"
"238950.0";"443.0";"443.0"
"238960.0";"443.0";"443.0"
"238970.0";"443.0";"443.0"
"238980.0";"443.0";"443.0"
"238990.0";"443.0";"443.0"
"239000.0";"443.0";"443.0"
"239010.0";"443.0";"443.0"
"239020.0";"443.0";"443.0"
"239030.0";"443.0";"443.0"
"239040.0";"443.0";"443.0"
"239050.0";"443.0";"443.0"
"239060.0";"443.0";"443.0"
"239070.0";"443.0";"443.0"
"239080.0";"443.0";"443.0"
"239090.0";"443.0";"443.0"
"239100.0";"443.0";"443.0"
"239110.0";"443.0";"443.0"
"239120.0";"443.0";"443.0"
"239130.0";"443.0";"443.0"
"239140.0";"443.0";"443.0"
"239150.0";"443.0";"443.0"
"239160.0";"443.0";"443.0"
"239170.0";"443.0";"443.0"
"239180.0";"443.0";"443.0"
"239190.0";"443.0";"443.0"
"239200.0";"443.0";"443.0"
"239210.0";"443.0";"443.0"
"239220.0";"443.0";"443.0"
"239230.0";"443.0";"443.0"
"239240.0";"443.0";"443.0"
"239250.0";"443.0";"443.0"
"239260.0";"443.0";"443.0"
"239270.0";"443.0";"443.0"
"239280.0";"443.0";"443.0"
"239290.0";"443.0";"443.0"
"239300.0";"443.0";"443.0"
"239310.0";"443.0";"443.0"
"239320.0";"443.0";"443.0"
"239330.0";"443.0";"443.0"
"239340.0";"443.0";"443.0"
"239350.0";"443.0";"443.0"
"239360.0";"443.0";"443.0"
"239370.0";"443.0";"443.0"
"239380.0";"443.0";"443.0"
"239390.0";"443.0";"443.0"
"239400.0";"443.0";"443.0"
"239410.0";"443.0";"443.0"
"239420.0";"443.0";"443.0"
"239430.0";"443.0";"443.0"
"239440.0";"443.0";"443.0"
"239450.0";"443.0";"443.0"
"239460.0";"443.0";"443.0"
"239470.0";"443.0";"443.0"
"239480.0";"443.0";"443.0"
"239490.0";"443.0";"443.0"
"239500.0";"443.0";"443.0"
"239510.0";"443.0";"443.0"
"239520.0";"443.0";"443.0"
"239530.0";"443.0";"443.0"
"239540.0";"443.0";"443.0"
"239550.0";"443.0";"443.0"
"239560.0";"443.0";"443.0"
"239570.0";"443.0";"443.0"
"239580.0";"443.0";"443.0"
"239590.0";"443.0";"443.0"
"239600.0";"443.0";"443.0"
"239610.0";"443.0";"443.0"
"239620.0";"443.0";"443.0"
"239630.0";"443.0";"443.0"
"239640.0";"443.0";"443.0"
"239650.0";"443.0";"443.0"
"239660.0";"443.0";"443.0"
"239670.0";"443.0";"443.0"
"239680.0";"443.0";"443.0"
"239690.0";"443.0";"443.0"
"239700.0";"443.0";"443.0"
"239710.0";"443.0";"443.0"
"239720.0";"443.0";"443.0"
"239730.0";"443.0";"443.0"
"239740.0";"443.0";"443.0"
"239750.0";"443.0";"443.0"
"239760.0";"443.0";"443.0"
"239770.0";"443.0";"443.0"
"239780.0";"443.0";"443.0"
"239790.0";"443.0";"443.0"
"239800.0";"443.0";"443.0"
"239810.0";"443.0";"443.0"
"239820.0";"443.0";"443.0"
"239830.0";"443.0";"443.0"
"239840.0";"443.0";"443.0"
"239850.0";"443.0";"443.0"
"239860.0";"443.0";"443.0"
"239870.0";"443.0";"443.0"
"239880.0";"443.0";"443.0"
"239890.0";"443.0";"443.0"
"239900.0";"443.0";"443.0"
"239910.0";"443.0";"443.0"
"239920.0";"443.0";"443.0"
"239930.0";"443.0";"443.0"
"239940.0";"443.0";"443.0"
"239950.0";"443.0";"443.0"
"239960.0";"443.0";"443.0"
"239970.0";"443.0";"443.0"
"239980.0";"443.0";"443.0"
"239990.0";"443.0";"443.0"
"240000.0";"443.0";"443.0"
"240010.0";"443.0";"443.0"
"240020.0";"443.0";"443.0"
"240030.0";"443.0";"443.0"
"240040.0";"443.0";"443.0"
"240050.0";"443.0";"443.0"
"240060.0";"443.0";"443.0"
"240070.0";"443.0";"443.0"
"240080.0";"443.0";"443.0"
"240090.0";"443.0";"443.0"
"240100.0";"443.0";"443.0"
"240110.0";"443.0";"443.0"
"240120.0";"443.0";"443.0"
"240130.0";"443.0";"443.0"
"240140.0";"443.0";"443.0"
"240150.0";"443.0";"443.0"
"240160.0";"443.0";"443.0"
"240170.0";"443.0";"443.0"
"240180.0";"443.0";"443.0"
"240190.0";"443.0";"443.0"
"240200.0";"443.0";"443.0"
"240210.0";"443.0";"443.0"
"240220.0";"443.0";"443.0"
"240230.0";"443.0";"443.0"
"240240.0";"443.0";"443.0"
"240250.0";"443.0";"443.0"
"240260.0";"443.0";"443.0"
"240270.0";"443.0";"443.0"
"240280.0";"443.0";"443.0"
"240290.0";"443.0";"443.0"
"240300.0";"443.0";"443.0"
"240310.0";"443.0";"443.0"
"240320.0";"443.0";"443.0"
"240330.0";"443.0";"443.0"
"240340.0";"443.0";"443.0"
"240350.0";"443.0";"443.0"
"240360.0";"443.0";"443.0"
"240370.0";"443.0";"443.0"
"240380.0";"443.0";"443.0"
"240390.0";"443.0";"443.0"
"240400.0";"443.0";"443.0"
"240410.0";"443.0";"443.0"
"240420.0";"443.0";"443.0"
"240430.0";"443.0";"443.0"
"240440.0";"443.0";"443.0"
"240450.0";"443.0";"443.0"
"240460.0";"443.0";"443.0"
"240470.0";"443.0";"443.0"
"240480.0";"443.0";"443.0"
"240490.0";"443.0";"443.0"
"240500.0";"443.0";"443.0"
"240510.0";"443.0";"443.0"
"240520.0";"443.0";"443.0"
"240530.0";"443.0";"443.0"
"240540.0";"443.0";"443.0"
"240550.0";"443.0";"443.0"
"240560.0";"443.0";"443.0"
"240570.0";"443.0";"443.0"
"240580.0";"443.0";"443.0"
"240590.0";"443.0";"443.0"
"240600.0";"443.0";"443.0"
"240610.0";"443.0";"443.0"
"240620.0";"443.0";"443.0"
"240630.0";"443.0";"443.0"
"240640.0";"443.0";"443.0"
"240650.0";"443.0";"443.0"
"240660.0";"443.0";"443.0"
"240670.0";"443.0";"443.0"
"240680.0";"443.0";"443.0"
"240690.0";"443.0";"443.0"
"240700.0";"443.0";"443.0"
"240710.0";"443.0";"443.0"
"240720.0";"443.0";"443.0"
"240730.0";"443.0";"443.0"
"240740.0";"443.0";"443.0"
"240750.0";"443.0";"443.0"
"240760.0";"443.0";"443.0"
"240770.0";"443.0";"443.0"
"240780.0";"443.0";"443.0"
"240790.0";"443.0";"443.0"
"240800.0";"443.0";"443.0"
"240810.0";"443.0";"443.0"
"240820.0";"443.0";"443.0"
"240830.0";"443.0";"443.0"
"240840.0";"443.0";"443.0"
"240850.0";"443.0";"443.0"
"240860.0";"443.0";"443.0"
"240870.0";"443.0";"443.0"
"240880.0";"443.0";"443.0"
"240890.0";"443.0";"443.0"
"240900.0";"443.0";"443.0"
"240910.0";"443.0";"443.0"
"240920.0";"443.0";"443.0"
"240930.0";"443.0";"443.0"
"240940.0";"443.0";"443.0"
"240950.0";"443.0";"443.0"
"240960.0";"443.0";"443.0"
"240970.0";"443.0";"443.0"
"240980.0";"443.0";"443.0"
"240990.0";"443.0";"443.0"
"241000.0";"443.0";"443.0"
"241010.0";"443.0";"443.0"
"241020.0";"443.0";"443.0"
"241030.0";"443.0";"443.0"
"241040.0";"443.0";"443.0"
"241050.0";"443.0";"443.0"
"241060.0";"443.0";"443.0"
"241070.0";"443.0";"443.0"
"241080.0";"443.0";"443.0"
"241090.0";"443.0";"443.0"
"241100.0";"443.0";"443.0"
"241110.0";"443.0";"443.0"
"241120.0";"443.0";"443.0"
"241130.0";"443.0";"443.0"
"241140.0";"443.0";"443.0"
"241150.0";"443.0";"443.0"
"241160.0";"443.0";"443.0"
"241170.0";"443.0";"443.0"
"241180.0";"443.0";"443.0"
"241190.0";"443.0";"443.0"
"241200.0";"443.0";"443.0"
"241210.0";"443.0";"443.0"
"241220.0";"443.0";"443.0"
"241230.0";"443.0";"443.0"
"241240.0";"443.0";"443.0"
"241250.0";"443.0";"443.0"
"241260.0";"443.0";"443.0"
"241270.0";"443.0";"443.0"
"241280.0";"443.0";"443.0"
"241290.0";"443.0";"443.0"
"241300.0";"443.0";"443.0"
"241310.0";"443.0";"443.0"
"241320.0";"443.0";"443.0"
"241330.0";"443.0";"443.0"
"241340.0";"443.0";"443.0"
"241350.0";"443.0";"443.0"
"241360.0";"443.0";"443.0"
"241370.0";"443.0";"443.0"
"241380.0";"443.0";"443.0"
"241390.0";"443.0";"443.0"
"241400.0";"443.0";"443.0"
"241410.0";"443.0";"443.0"
"241420.0";"443.0";"443.0"
"241430.0";"443.0";"443.0"
"241440.0";"443.0";"443.0"
"241450.0";"443.0";"443.0"
"241460.0";"443.0";"443.0"
"241470.0";"443.0";"443.0"
"241480.0";"443.0";"443.0"
"241490.0";"443.0";"443.0"
"241500.0";"443.0";"443.0"
"241510.0";"443.0";"443.0"
"241520.0";"443.0";"443.0"
"241530.0";"443.0";"443.0"
"241540.0";"443.0";"443.0"
"241550.0";"443.0";"443.0"
"241560.0";"443.0";"443.0"
"241570.0";"443.0";"443.0"
"241580.0";"443.0";"443.0"
"241590.0";"443.0";"443.0"
"241600.0";"443.0";"443.0"
"241610.0";"443.0";"443.0"
"241620.0";"443.0";"443.0"
"241630.0";"443.0";"443.0"
"241640.0";"443.0";"443.0"
"241650.0";"443.0";"443.0"
"241660.0";"443.0";"443.0"
"241670.0";"443.0";"443.0"
"241680.0";"443.0";"443.0"
"241690.0";"443.0";"443.0"
"241700.0";"443.0";"443.0"
"241710.0";"443.0";"443.0"
"241720.0";"443.0";"443.0"
"241730.0";"443.0";"443.0"
"241740.0";"443.0";"443.0"
"241750.0";"443.0";"443.0"
"241760.0";"443.0";"443.0"
"241770.0";"443.0";"443.0"
"241780.0";"443.0";"443.0"
"241790.0";"443.0";"443.0"
"241800.0";"443.0";"443.0"
"241810.0";"443.0";"443.0"
"241820.0";"443.0";"443.0"
"241830.0";"443.0";"443.0"
"241840.0";"443.0";"443.0"
"241850.0";"443.0";"443.0"
"241860.0";"443.0";"443.0"
"241870.0";"443.0";"443.0"
"241880.0";"443.0";"443.0"
"241890.0";"443.0";"443.0"
"241900.0";"443.0";"443.0"
"241910.0";"443.0";"443.0"
"241920.0";"443.0";"443.0"
"241930.0";"443.0";"443.0"
"241940.0";"443.0";"443.0"
"241950.0";"443.0";"443.0"
"241960.0";"443.0";"443.0"
"241970.0";"443.0";"443.0"
"241980.0";"443.0";"443.0"
"241990.0";"443.0";"443.0"
"242000.0";"443.0";"443.0"
"242010.0";"443.0";"443.0"
"242020.0";"443.0";"443.0"
"242030.0";"443.0";"443.0"
"242040.0";"443.0";"443.0"
"242050.0";"443.0";"443.0"
"242060.0";"443.0";"443.0"
"242070.0";"443.0";"443.0"
"242080.0";"443.0";"443.0"
"242090.0";"443.0";"443.0"
"242100.0";"443.0";"443.0"
"242110.0";"443.0";"443.0"
"242120.0";"443.0";"443.0"
"242130.0";"443.0";"443.0"
"242140.0";"443.0";"443.0"
"242150.0";"443.0";"443.0"
"242160.0";"443.0";"443.0"
"242170.0";"443.0";"443.0"
"242180.0";"443.0";"443.0"
"242190.0";"443.0";"443.0"
"242200.0";"443.0";"443.0"
"242210.0";"443.0";"443.0"
"242220.0";"443.0";"443.0"
"242230.0";"443.0";"443.0"
"242240.0";"443.0";"443.0"
"242250.0";"443.0";"443.0"
"242260.0";"443.0";"443.0"
"242270.0";"443.0";"443.0"
"242280.0";"443.0";"443.0"
"242290.0";"443.0";"443.0"
"242300.0";"443.0";"443.0"
"242310.0";"443.0";"443.0"
"242320.0";"443.0";"443.0"
"242330.0";"443.0";"443.0"
"242340.0";"443.0";"443.0"
"242350.0";"443.0";"443.0"
"242360.0";"443.0";"443.0"
"242370.0";"443.0";"443.0"
"242380.0";"443.0";"443.0"
"242390.0";"443.0";"443.0"
"242400.0";"443.0";"443.0"
"242410.0";"443.0";"443.0"
"242420.0";"443.0";"443.0"
"242430.0";"443.0";"443.0"
"242440.0";"443.0";"443.0"
"242450.0";"443.0";"443.0"
"242460.0";"443.0";"443.0"
"242470.0";"443.0";"443.0"
"242480.0";"443.0";"443.0"
"242490.0";"443.0";"443.0"
"242500.0";"443.0";"443.0"
"242510.0";"443.0";"443.0"
"242520.0";"443.0";"443.0"
"242530.0";"443.0";"443.0"
"242540.0";"443.0";"443.0"
"242550.0";"443.0";"443.0"
"242560.0";"443.0";"443.0"
"242570.0";"443.0";"443.0"
"242580.0";"443.0";"443.0"
"242590.0";"443.0";"443.0"
"242600.0";"443.0";"443.0"
"242610.0";"443.0";"443.0"
"242620.0";"443.0";"443.0"
"242630.0";"443.0";"443.0"
"242640.0";"443.0";"443.0"
"242650.0";"443.0";"443.0"
"242660.0";"443.0";"443.0"
"242670.0";"443.0";"443.0"
"242680.0";"443.0";"443.0"
"242690.0";"443.0";"443.0"
"242700.0";"443.0";"443.0"
"242710.0";"443.0";"443.0"
"242720.0";"443.0";"443.0"
"242730.0";"443.0";"443.0"
"242740.0";"443.0";"443.0"
"242750.0";"443.0";"443.0"
"242760.0";"443.0";"443.0"
"242770.0";"443.0";"443.0"
"242780.0";"443.0";"443.0"
"242790.0";"443.0";"443.0"
"242800.0";"443.0";"443.0"
"242810.0";"443.0";"443.0"
"242820.0";"443.0";"443.0"
"242830.0";"443.0";"443.0"
"242840.0";"443.0";"443.0"
"242850.0";"443.0";"443.0"
"242860.0";"443.0";"443.0"
"242870.0";"443.0";"443.0"
"242880.0";"443.0";"443.0"
"242890.0";"443.0";"443.0"
"242900.0";"443.0";"443.0"
"242910.0";"443.0";"443.0"
"242920.0";"443.0";"443.0"
"242930.0";"443.0";"443.0"
"242940.0";"443.0";"443.0"
"242950.0";"443.0";"443.0"
"242960.0";"443.0";"443.0"
"242970.0";"443.0";"443.0"
"242980.0";"443.0";"443.0"
"242990.0";"443.0";"443.0"
"243000.0";"443.0";"443.0"
"243010.0";"443.0";"443.0"
"243020.0";"443.0";"443.0"
"243030.0";"443.0";"443.0"
"243040.0";"443.0";"443.0"
"243050.0";"443.0";"443.0"
"243060.0";"443.0";"443.0"
"243070.0";"443.0";"443.0"
"243080.0";"443.0";"443.0"
"243090.0";"443.0";"443.0"
"243100.0";"443.0";"443.0"
"243110.0";"443.0";"443.0"
"243120.0";"443.0";"443.0"
"243130.0";"443.0";"443.0"
"243140.0";"443.0";"443.0"
"243150.0";"443.0";"443.0"
"243160.0";"443.0";"443.0"
"243170.0";"443.0";"443.0"
"243180.0";"443.0";"443.0"
"243190.0";"443.0";"443.0"
"243200.0";"443.0";"443.0"
"243210.0";"443.0";"443.0"
"243220.0";"443.0";"443.0"
"243230.0";"443.0";"443.0"
"243240.0";"443.0";"443.0"
"243250.0";"443.0";"443.0"
"243260.0";"443.0";"443.0"
"243270.0";"443.0";"443.0"
"243280.0";"443.0";"443.0"
"243290.0";"443.0";"443.0"
"243300.0";"443.0";"443.0"
"243310.0";"443.0";"443.0"
"243320.0";"443.0";"443.0"
"243330.0";"443.0";"443.0"
"243340.0";"443.0";"443.0"
"243350.0";"443.0";"443.0"
"243360.0";"443.0";"443.0"
"243370.0";"443.0";"443.0"
"243380.0";"443.0";"443.0"
"243390.0";"443.0";"443.0"
"243400.0";"443.0";"443.0"
"243410.0";"443.0";"443.0"
"243420.0";"443.0";"443.0"
"243430.0";"443.0";"443.0"
"243440.0";"443.0";"443.0"
"243450.0";"443.0";"443.0"
"243460.0";"443.0";"443.0"
"243470.0";"443.0";"443.0"
"243480.0";"443.0";"443.0"
"243490.0";"443.0";"443.0"
"243500.0";"443.0";"443.0"
"243510.0";"443.0";"443.0"
"243520.0";"443.0";"443.0"
"243530.0";"443.0";"443.0"
"243540.0";"443.0";"443.0"
"243550.0";"443.0";"443.0"
"243560.0";"443.0";"443.0"
"243570.0";"443.0";"443.0"
"243580.0";"443.0";"443.0"
"243590.0";"443.0";"443.0"
"243600.0";"443.0";"443.0"
"243610.0";"443.0";"443.0"
"243620.0";"443.0";"443.0"
"243630.0";"443.0";"443.0"
"243640.0";"443.0";"443.0"
"243650.0";"443.0";"443.0"
"243660.0";"443.0";"443.0"
"243670.0";"443.0";"443.0"
"243680.0";"443.0";"443.0"
"243690.0";"443.0";"443.0"
"243700.0";"443.0";"443.0"
"243710.0";"443.0";"443.0"
"243720.0";"443.0";"443.0"
"243730.0";"443.0";"443.0"
"243740.0";"443.0";"443.0"
"243750.0";"443.0";"443.0"
"243760.0";"443.0";"443.0"
"243770.0";"443.0";"443.0"
"243780.0";"443.0";"443.0"
"243790.0";"443.0";"443.0"
"243800.0";"443.0";"443.0"
"243810.0";"443.0";"443.0"
"243820.0";"443.0";"443.0"
"243830.0";"443.0";"443.0"
"243840.0";"443.0";"443.0"
"243850.0";"443.0";"443.0"
"243860.0";"443.0";"443.0"
"243870.0";"443.0";"443.0"
"243880.0";"443.0";"443.0"
"243890.0";"443.0";"443.0"
"243900.0";"443.0";"443.0"
"243910.0";"443.0";"443.0"
"243920.0";"443.0";"443.0"
"243930.0";"443.0";"443.0"
"243940.0";"443.0";"443.0"
"243950.0";"443.0";"443.0"
"243960.0";"443.0";"443.0"
"243970.0";"443.0";"443.0"
"243980.0";"443.0";"443.0"
"243990.0";"443.0";"443.0"
"244000.0";"443.0";"443.0"
"244010.0";"443.0";"443.0"
"244020.0";"443.0";"443.0"
"244030.0";"443.0";"443.0"
"244040.0";"443.0";"443.0"
"244050.0";"443.0";"443.0"
"244060.0";"443.0";"443.0"
"244070.0";"443.0";"443.0"
"244080.0";"443.0";"443.0"
"244090.0";"443.0";"443.0"
"244100.0";"443.0";"443.0"
"244110.0";"443.0";"443.0"
"244120.0";"443.0";"443.0"
"244130.0";"443.0";"443.0"
"244140.0";"443.0";"443.0"
"244150.0";"443.0";"443.0"
"244160.0";"443.0";"443.0"
"244170.0";"443.0";"443.0"
"244180.0";"443.0";"443.0"
"244190.0";"443.0";"443.0"
"244200.0";"443.0";"443.0"
"244210.0";"443.0";"443.0"
"244220.0";"443.0";"443.0"
"244230.0";"443.0";"443.0"
"244240.0";"443.0";"443.0"
"244250.0";"443.0";"443.0"
"244260.0";"443.0";"443.0"
"244270.0";"443.0";"443.0"
"244280.0";"443.0";"443.0"
"244290.0";"443.0";"443.0"
"244300.0";"443.0";"443.0"
"244310.0";"443.0";"443.0"
"244320.0";"443.0";"443.0"
"244330.0";"443.0";"443.0"
"244340.0";"443.0";"443.0"
"244350.0";"443.0";"443.0"
"244360.0";"443.0";"443.0"
"244370.0";"443.0";"443.0"
"244380.0";"443.0";"443.0"
"244390.0";"443.0";"443.0"
"244400.0";"443.0";"443.0"
"244410.0";"443.0";"443.0"
"244420.0";"443.0";"443.0"
"244430.0";"443.0";"443.0"
"244440.0";"443.0";"443.0"
"244450.0";"443.0";"443.0"
"244460.0";"443.0";"443.0"
"244470.0";"443.0";"443.0"
"244480.0";"443.0";"443.0"
"244490.0";"443.0";"443.0"
"244500.0";"443.0";"443.0"
"244510.0";"443.0";"443.0"
"244520.0";"443.0";"443.0"
"244530.0";"443.0";"443.0"
"244540.0";"443.0";"443.0"
"244550.0";"443.0";"443.0"
"244560.0";"443.0";"443.0"
"244570.0";"443.0";"443.0"
"244580.0";"443.0";"443.0"
"244590.0";"443.0";"443.0"
"244600.0";"443.0";"443.0"
"244610.0";"443.0";"443.0"
"244620.0";"443.0";"443.0"
"244630.0";"443.0";"443.0"
"244640.0";"443.0";"443.0"
"244650.0";"443.0";"443.0"
"244660.0";"443.0";"443.0"
"244670.0";"443.0";"443.0"
"244680.0";"443.0";"443.0"
"244690.0";"443.0";"443.0"
"244700.0";"443.0";"443.0"
"244710.0";"443.0";"443.0"
"244720.0";"443.0";"443.0"
"244730.0";"443.0";"443.0"
"244740.0";"443.0";"443.0"
"244750.0";"443.0";"443.0"
"244760.0";"443.0";"443.0"
"244770.0";"443.0";"443.0"
"244780.0";"443.0";"443.0"
"244790.0";"443.0";"443.0"
"244800.0";"443.0";"443.0"
"244810.0";"443.0";"443.0"
"244820.0";"443.0";"443.0"
"244830.0";"443.0";"443.0"
"244840.0";"443.0";"443.0"
"244850.0";"443.0";"443.0"
"244860.0";"443.0";"443.0"
"244870.0";"443.0";"443.0"
"244880.0";"443.0";"443.0"
"244890.0";"443.0";"443.0"
"244900.0";"443.0";"443.0"
"244910.0";"443.0";"443.0"
"244920.0";"443.0";"443.0"
"244930.0";"443.0";"443.0"
"244940.0";"443.0";"443.0"
"244950.0";"443.0";"443.0"
"244960.0";"443.0";"443.0"
"244970.0";"443.0";"443.0"
"244980.0";"443.0";"443.0"
"244990.0";"443.0";"443.0"
"245000.0";"443.0";"443.0"
"245010.0";"443.0";"443.0"
"245020.0";"443.0";"443.0"
"245030.0";"443.0";"443.0"
"245040.0";"443.0";"443.0"
"245050.0";"443.0";"443.0"
"245060.0";"443.0";"443.0"
"245070.0";"443.0";"443.0"
"245080.0";"443.0";"443.0"
"245090.0";"443.0";"443.0"
"245100.0";"443.0";"443.0"
"245110.0";"443.0";"443.0"
"245120.0";"443.0";"443.0"
"245130.0";"443.0";"443.0"
"245140.0";"443.0";"443.0"
"245150.0";"443.0";"443.0"
"245160.0";"443.0";"443.0"
"245170.0";"443.0";"443.0"
"245180.0";"443.0";"443.0"
"245190.0";"443.0";"443.0"
"245200.0";"443.0";"443.0"
"245210.0";"443.0";"443.0"
"245220.0";"443.0";"443.0"
"245230.0";"443.0";"443.0"
"245240.0";"443.0";"443.0"
"245250.0";"443.0";"443.0"
"245260.0";"443.0";"443.0"
"245270.0";"443.0";"443.0"
"245280.0";"443.0";"443.0"
"245290.0";"443.0";"443.0"
"245300.0";"443.0";"443.0"
"245310.0";"443.0";"443.0"
"245320.0";"443.0";"443.0"
"245330.0";"443.0";"443.0"
"245340.0";"443.0";"443.0"
"245350.0";"443.0";"443.0"
"245360.0";"443.0";"443.0"
"245370.0";"443.0";"443.0"
"245380.0";"443.0";"443.0"
"245390.0";"443.0";"443.0"
"245400.0";"443.0";"443.0"
"245410.0";"443.0";"443.0"
"245420.0";"443.0";"443.0"
"245430.0";"443.0";"443.0"
"245440.0";"443.0";"443.0"
"245450.0";"443.0";"443.0"
"245460.0";"443.0";"443.0"
"245470.0";"443.0";"443.0"
"245480.0";"443.0";"443.0"
"245490.0";"443.0";"443.0"
"245500.0";"443.0";"443.0"
"245510.0";"443.0";"443.0"
"245520.0";"443.0";"443.0"
"245530.0";"443.0";"443.0"
"245540.0";"443.0";"443.0"
"245550.0";"443.0";"443.0"
"245560.0";"443.0";"443.0"
"245570.0";"443.0";"443.0"
"245580.0";"443.0";"443.0"
"245590.0";"443.0";"443.0"
"245600.0";"443.0";"443.0"
"245610.0";"443.0";"443.0"
"245620.0";"443.0";"443.0"
"245630.0";"443.0";"443.0"
"245640.0";"443.0";"443.0"
"245650.0";"443.0";"443.0"
"245660.0";"443.0";"443.0"
"245670.0";"443.0";"443.0"
"245680.0";"443.0";"443.0"
"245690.0";"443.0";"443.0"
"245700.0";"443.0";"443.0"
"245710.0";"443.0";"443.0"
"245720.0";"443.0";"443.0"
"245730.0";"443.0";"443.0"
"245740.0";"443.0";"443.0"
"245750.0";"443.0";"443.0"
"245760.0";"443.0";"443.0"
"245770.0";"443.0";"443.0"
"245780.0";"443.0";"443.0"
"245790.0";"443.0";"443.0"
"245800.0";"443.0";"443.0"
"245810.0";"443.0";"443.0"
"245820.0";"443.0";"443.0"
"245830.0";"443.0";"443.0"
"245840.0";"443.0";"443.0"
"245850.0";"443.0";"443.0"
"245860.0";"443.0";"443.0"
"245870.0";"443.0";"443.0"
"245880.0";"443.0";"443.0"
"245890.0";"443.0";"443.0"
"245900.0";"443.0";"443.0"
"245910.0";"443.0";"443.0"
"245920.0";"443.0";"443.0"
"245930.0";"443.0";"443.0"
"245940.0";"443.0";"443.0"
"245950.0";"443.0";"443.0"
"245960.0";"443.0";"443.0"
"245970.0";"443.0";"443.0"
"245980.0";"443.0";"443.0"
"245990.0";"443.0";"443.0"
"246000.0";"443.0";"443.0"
"246010.0";"443.0";"443.0"
"246020.0";"443.0";"443.0"
"246030.0";"443.0";"443.0"
"246040.0";"443.0";"443.0"
"246050.0";"443.0";"443.0"
"246060.0";"443.0";"443.0"
"246070.0";"443.0";"443.0"
"246080.0";"443.0";"443.0"
"246090.0";"443.0";"443.0"
"246100.0";"443.0";"443.0"
"246110.0";"443.0";"443.0"
"246120.0";"443.0";"443.0"
"246130.0";"443.0";"443.0"
"246140.0";"443.0";"443.0"
"246150.0";"443.0";"443.0"
"246160.0";"443.0";"443.0"
"246170.0";"443.0";"443.0"
"246180.0";"443.0";"443.0"
"246190.0";"443.0";"443.0"
"246200.0";"443.0";"443.0"
"246210.0";"443.0";"443.0"
"246220.0";"443.0";"443.0"
"246230.0";"443.0";"443.0"
"246240.0";"443.0";"443.0"
"246250.0";"443.0";"443.0"
"246260.0";"443.0";"443.0"
"246270.0";"443.0";"443.0"
"246280.0";"443.0";"443.0"
"246290.0";"443.0";"443.0"
"246300.0";"443.0";"443.0"
"246310.0";"443.0";"443.0"
"246320.0";"443.0";"443.0"
"246330.0";"443.0";"443.0"
"246340.0";"443.0";"443.0"
"246350.0";"443.0";"443.0"
"246360.0";"443.0";"443.0"
"246370.0";"443.0";"443.0"
"246380.0";"443.0";"443.0"
"246390.0";"443.0";"443.0"
"246400.0";"443.0";"443.0"
"246410.0";"443.0";"443.0"
"246420.0";"443.0";"443.0"
"246430.0";"443.0";"443.0"
"246440.0";"443.0";"443.0"
"246450.0";"443.0";"443.0"
"246460.0";"443.0";"443.0"
"246470.0";"443.0";"443.0"
"246480.0";"443.0";"443.0"
"246490.0";"443.0";"443.0"
"246500.0";"443.0";"443.0"
"246510.0";"443.0";"443.0"
"246520.0";"443.0";"443.0"
"246530.0";"443.0";"443.0"
"246540.0";"443.0";"443.0"
"246550.0";"443.0";"443.0"
"246560.0";"443.0";"443.0"
"246570.0";"443.0";"443.0"
"246580.0";"443.0";"443.0"
"246590.0";"443.0";"443.0"
"246600.0";"443.0";"443.0"
"246610.0";"443.0";"443.0"
"246620.0";"443.0";"443.0"
"246630.0";"443.0";"443.0"
"246640.0";"443.0";"443.0"
"246650.0";"443.0";"443.0"
"246660.0";"443.0";"443.0"
"246670.0";"443.0";"443.0"
"246680.0";"443.0";"443.0"
"246690.0";"443.0";"443.0"
"246700.0";"443.0";"443.0"
"246710.0";"443.0";"443.0"
"246720.0";"443.0";"443.0"
"246730.0";"443.0";"443.0"
"246740.0";"443.0";"443.0"
"246750.0";"443.0";"443.0"
"246760.0";"443.0";"443.0"
"246770.0";"443.0";"443.0"
"246780.0";"443.0";"443.0"
"246790.0";"443.0";"443.0"
"246800.0";"443.0";"443.0"
"246810.0";"443.0";"443.0"
"246820.0";"443.0";"443.0"
"246830.0";"443.0";"443.0"
"246840.0";"443.0";"443.0"
"246850.0";"443.0";"443.0"
"246860.0";"443.0";"443.0"
"246870.0";"443.0";"443.0"
"246880.0";"443.0";"443.0"
"246890.0";"443.0";"443.0"
"246900.0";"443.0";"443.0"
"246910.0";"443.0";"443.0"
"246920.0";"443.0";"443.0"
"246930.0";"443.0";"443.0"
"246940.0";"443.0";"443.0"
"246950.0";"443.0";"443.0"
"246960.0";"443.0";"443.0"
"246970.0";"443.0";"443.0"
"246980.0";"443.0";"443.0"
"246990.0";"443.0";"443.0"
"247000.0";"443.0";"443.0"
"247010.0";"443.0";"443.0"
"247020.0";"443.0";"443.0"
"247030.0";"443.0";"443.0"
"247040.0";"443.0";"443.0"
"247050.0";"443.0";"443.0"
"247060.0";"443.0";"443.0"
"247070.0";"443.0";"443.0"
"247080.0";"443.0";"443.0"
"247090.0";"443.0";"443.0"
"247100.0";"443.0";"443.0"
"247110.0";"443.0";"443.0"
"247120.0";"443.0";"443.0"
"247130.0";"443.0";"443.0"
"247140.0";"443.0";"443.0"
"247150.0";"443.0";"443.0"
"247160.0";"443.0";"443.0"
"247170.0";"443.0";"443.0"
"247180.0";"443.0";"443.0"
"247190.0";"443.0";"443.0"
"247200.0";"443.0";"443.0"
"247210.0";"443.0";"443.0"
"247220.0";"443.0";"443.0"
"247230.0";"443.0";"443.0"
"247240.0";"443.0";"443.0"
"247250.0";"443.0";"443.0"
"247260.0";"443.0";"443.0"
"247270.0";"443.0";"443.0"
"247280.0";"443.0";"443.0"
"247290.0";"443.0";"443.0"
"247300.0";"443.0";"443.0"
"247310.0";"443.0";"443.0"
"247320.0";"443.0";"443.0"
"247330.0";"443.0";"443.0"
"247340.0";"443.0";"443.0"
"247350.0";"443.0";"443.0"
"247360.0";"443.0";"443.0"
"247370.0";"443.0";"443.0"
"247380.0";"443.0";"443.0"
"247390.0";"443.0";"443.0"
"247400.0";"443.0";"443.0"
"247410.0";"443.0";"443.0"
"247420.0";"443.0";"443.0"
"247430.0";"443.0";"443.0"
"247440.0";"443.0";"443.0"
"247450.0";"443.0";"443.0"
"247460.0";"443.0";"443.0"
"247470.0";"443.0";"443.0"
"247480.0";"443.0";"443.0"
"247490.0";"443.0";"443.0"
"247500.0";"443.0";"443.0"
"247510.0";"443.0";"443.0"
"247520.0";"443.0";"443.0"
"247530.0";"443.0";"443.0"
"247540.0";"443.0";"443.0"
"247550.0";"443.0";"443.0"
"247560.0";"443.0";"443.0"
"247570.0";"443.0";"443.0"
"247580.0";"443.0";"443.0"
"247590.0";"443.0";"443.0"
"247600.0";"443.0";"443.0"
"247610.0";"443.0";"443.0"
"247620.0";"443.0";"443.0"
"247630.0";"443.0";"443.0"
"247640.0";"443.0";"443.0"
"247650.0";"443.0";"443.0"
"247660.0";"443.0";"443.0"
"247670.0";"443.0";"443.0"
"247680.0";"443.0";"443.0"
"247690.0";"443.0";"443.0"
"247700.0";"443.0";"443.0"
"247710.0";"443.0";"443.0"
"247720.0";"443.0";"443.0"
"247730.0";"443.0";"443.0"
"247740.0";"443.0";"443.0"
"247750.0";"443.0";"443.0"
"247760.0";"443.0";"443.0"
"247770.0";"443.0";"443.0"
"247780.0";"443.0";"443.0"
"247790.0";"443.0";"443.0"
"247800.0";"443.0";"443.0"
"247810.0";"443.0";"443.0"
"247820.0";"443.0";"443.0"
"247830.0";"443.0";"443.0"
"247840.0";"443.0";"443.0"
"247850.0";"443.0";"443.0"
"247860.0";"443.0";"443.0"
"247870.0";"443.0";"443.0"
"247880.0";"443.0";"443.0"
"247890.0";"443.0";"443.0"
"247900.0";"443.0";"443.0"
"247910.0";"443.0";"443.0"
"247920.0";"443.0";"443.0"
"247930.0";"443.0";"443.0"
"247940.0";"443.0";"443.0"
"247950.0";"443.0";"443.0"
"247960.0";"443.0";"443.0"
"247970.0";"443.0";"443.0"
"247980.0";"443.0";"443.0"
"247990.0";"443.0";"443.0"
"248000.0";"443.0";"443.0"
"248010.0";"443.0";"443.0"
"248020.0";"443.0";"443.0"
"248030.0";"443.0";"443.0"
"248040.0";"443.0";"443.0"
"248050.0";"443.0";"443.0"
"248060.0";"443.0";"443.0"
"248070.0";"443.0";"443.0"
"248080.0";"443.0";"443.0"
"248090.0";"443.0";"443.0"
"248100.0";"443.0";"443.0"
"248110.0";"443.0";"443.0"
"248120.0";"443.0";"443.0"
"248130.0";"443.0";"443.0"
"248140.0";"443.0";"443.0"
"248150.0";"443.0";"443.0"
"248160.0";"443.0";"443.0"
"248170.0";"443.0";"443.0"
"248180.0";"443.0";"443.0"
"248190.0";"443.0";"443.0"
"248200.0";"443.0";"443.0"
"248210.0";"443.0";"443.0"
"248220.0";"443.0";"443.0"
"248230.0";"443.0";"443.0"
"248240.0";"443.0";"443.0"
"248250.0";"443.0";"443.0"
"248260.0";"443.0";"443.0"
"248270.0";"443.0";"443.0"
"248280.0";"443.0";"443.0"
"248290.0";"443.0";"443.0"
"248300.0";"443.0";"443.0"
"248310.0";"443.0";"443.0"
"248320.0";"443.0";"443.0"
"248330.0";"443.0";"443.0"
"248340.0";"443.0";"443.0"
"248350.0";"443.0";"443.0"
"248360.0";"443.0";"443.0"
"248370.0";"443.0";"443.0"
"248380.0";"443.0";"443.0"
"248390.0";"443.0";"443.0"
"248400.0";"443.0";"443.0"
"248410.0";"443.0";"443.0"
"248420.0";"443.0";"443.0"
"248430.0";"443.0";"443.0"
"248440.0";"443.0";"443.0"
"248450.0";"443.0";"443.0"
"248460.0";"443.0";"443.0"
"248470.0";"443.0";"443.0"
"248480.0";"443.0";"443.0"
"248490.0";"443.0";"443.0"
"248500.0";"443.0";"443.0"
"248510.0";"443.0";"443.0"
"248520.0";"443.0";"443.0"
"248530.0";"443.0";"443.0"
"248540.0";"443.0";"443.0"
"248550.0";"443.0";"443.0"
"248560.0";"443.0";"443.0"
"248570.0";"443.0";"443.0"
"248580.0";"443.0";"443.0"
"248590.0";"443.0";"443.0"
"248600.0";"443.0";"443.0"
"248610.0";"443.0";"443.0"
"248620.0";"443.0";"443.0"
"248630.0";"443.0";"443.0"
"248640.0";"443.0";"443.0"
"248650.0";"443.0";"443.0"
"248660.0";"443.0";"443.0"
"248670.0";"443.0";"443.0"
"248680.0";"443.0";"443.0"
"248690.0";"443.0";"443.0"
"248700.0";"443.0";"443.0"
"248710.0";"443.0";"443.0"
"248720.0";"443.0";"443.0"
"248730.0";"443.0";"443.0"
"248740.0";"443.0";"443.0"
"248750.0";"443.0";"443.0"
"248760.0";"443.0";"443.0"
"248770.0";"443.0";"443.0"
"248780.0";"443.0";"443.0"
"248790.0";"443.0";"443.0"
"248800.0";"443.0";"443.0"
"248810.0";"443.0";"443.0"
"248820.0";"443.0";"443.0"
"248830.0";"443.0";"443.0"
"248840.0";"443.0";"443.0"
"248850.0";"443.0";"443.0"
"248860.0";"443.0";"443.0"
"248870.0";"443.0";"443.0"
"248880.0";"443.0";"443.0"
"248890.0";"443.0";"443.0"
"248900.0";"443.0";"443.0"
"248910.0";"443.0";"443.0"
"248920.0";"443.0";"443.0"
"248930.0";"443.0";"443.0"
"248940.0";"443.0";"443.0"
"248950.0";"443.0";"443.0"
"248960.0";"443.0";"443.0"
"248970.0";"443.0";"443.0"
"248980.0";"443.0";"443.0"
"248990.0";"443.0";"443.0"
"249000.0";"443.0";"443.0"
"249010.0";"443.0";"443.0"
"249020.0";"443.0";"443.0"
"249030.0";"443.0";"443.0"
"249040.0";"443.0";"443.0"
"249050.0";"443.0";"443.0"
"249060.0";"443.0";"443.0"
"249070.0";"443.0";"443.0"
"249080.0";"443.0";"443.0"
"249090.0";"443.0";"443.0"
"249100.0";"443.0";"443.0"
"249110.0";"443.0";"443.0"
"249120.0";"443.0";"443.0"
"249130.0";"443.0";"443.0"
"249140.0";"443.0";"443.0"
"249150.0";"443.0";"443.0"
"249160.0";"443.0";"443.0"
"249170.0";"443.0";"443.0"
"249180.0";"443.0";"443.0"
"249190.0";"443.0";"443.0"
"249200.0";"443.0";"443.0"
"249210.0";"443.0";"443.0"
"249220.0";"443.0";"443.0"
"249230.0";"443.0";"443.0"
"249240.0";"443.0";"443.0"
"249250.0";"443.0";"443.0"
"249260.0";"443.0";"443.0"
"249270.0";"443.0";"443.0"
"249280.0";"443.0";"443.0"
"249290.0";"443.0";"443.0"
"249300.0";"443.0";"443.0"
"249310.0";"443.0";"443.0"
"249320.0";"443.0";"443.0"
"249330.0";"443.0";"443.0"
"249340.0";"443.0";"443.0"
"249350.0";"443.0";"443.0"
"249360.0";"443.0";"443.0"
"249370.0";"443.0";"443.0"
"249380.0";"443.0";"443.0"
"249390.0";"443.0";"443.0"
"249400.0";"443.0";"443.0"
"249410.0";"443.0";"443.0"
"249420.0";"443.0";"443.0"
"249430.0";"443.0";"443.0"
"249440.0";"443.0";"443.0"
"249450.0";"443.0";"443.0"
"249460.0";"443.0";"443.0"
"249470.0";"443.0";"443.0"
"249480.0";"443.0";"443.0"
"249490.0";"443.0";"443.0"
"249500.0";"443.0";"443.0"
"249510.0";"443.0";"443.0"
"249520.0";"443.0";"443.0"
"249530.0";"443.0";"443.0"
"249540.0";"443.0";"443.0"
"249550.0";"443.0";"443.0"
"249560.0";"443.0";"443.0"
"249570.0";"443.0";"443.0"
"249580.0";"443.0";"443.0"
"249590.0";"443.0";"443.0"
"249600.0";"443.0";"443.0"
"249610.0";"443.0";"443.0"
"249620.0";"443.0";"443.0"
"249630.0";"443.0";"443.0"
"249640.0";"443.0";"443.0"
"249650.0";"443.0";"443.0"
"249660.0";"443.0";"443.0"
"249670.0";"443.0";"443.0"
"249680.0";"443.0";"443.0"
"249690.0";"443.0";"443.0"
"249700.0";"443.0";"443.0"
"249710.0";"443.0";"443.0"
"249720.0";"443.0";"443.0"
"249730.0";"443.0";"443.0"
"249740.0";"443.0";"443.0"
"249750.0";"443.0";"443.0"
"249760.0";"443.0";"443.0"
"249770.0";"443.0";"443.0"
"249780.0";"443.0";"443.0"
"249790.0";"443.0";"443.0"
"249800.0";"443.0";"443.0"
"249810.0";"443.0";"443.0"
"249820.0";"443.0";"443.0"
"249830.0";"443.0";"443.0"
"249840.0";"443.0";"443.0"
"249850.0";"443.0";"443.0"
"249860.0";"443.0";"443.0"
"249870.0";"443.0";"443.0"
"249880.0";"443.0";"443.0"
"249890.0";"443.0";"443.0"
"249900.0";"443.0";"443.0"
"249910.0";"443.0";"443.0"
"249920.0";"443.0";"443.0"
"249930.0";"443.0";"443.0"
"249940.0";"443.0";"443.0"
"249950.0";"443.0";"443.0"
"249960.0";"443.0";"443.0"
"249970.0";"443.0";"443.0"
"249980.0";"443.0";"443.0"
"249990.0";"443.0";"443.0"
"250000.0";"443.0";"443.0"
"250010.0";"443.0";"443.0"
"250020.0";"443.0";"443.0"
"250030.0";"443.0";"443.0"
"250040.0";"443.0";"443.0"
"250050.0";"443.0";"443.0"
"250060.0";"443.0";"443.0"
"250070.0";"443.0";"443.0"
"250080.0";"443.0";"443.0"
"250090.0";"443.0";"443.0"
"250100.0";"443.0";"443.0"
"250110.0";"443.0";"443.0"
"250120.0";"443.0";"443.0"
"250130.0";"443.0";"443.0"
"250140.0";"443.0";"443.0"
"250150.0";"443.0";"443.0"
"250160.0";"443.0";"443.0"
"250170.0";"443.0";"443.0"
"250180.0";"443.0";"443.0"
"250190.0";"443.0";"443.0"
"250200.0";"443.0";"443.0"
"250210.0";"443.0";"443.0"
"250220.0";"443.0";"443.0"
"250230.0";"443.0";"443.0"
"250240.0";"443.0";"443.0"
"250250.0";"443.0";"443.0"
"250260.0";"443.0";"443.0"
"250270.0";"443.0";"443.0"
"250280.0";"443.0";"443.0"
"250290.0";"443.0";"443.0"
"250300.0";"443.0";"443.0"
"250310.0";"443.0";"443.0"
"250320.0";"443.0";"443.0"
"250330.0";"443.0";"443.0"
"250340.0";"443.0";"443.0"
"250350.0";"443.0";"443.0"
"250360.0";"443.0";"443.0"
"250370.0";"443.0";"443.0"
"250380.0";"443.0";"443.0"
"250390.0";"443.0";"443.0"
"250400.0";"443.0";"443.0"
"250410.0";"443.0";"443.0"
"250420.0";"443.0";"443.0"
"250430.0";"443.0";"443.0"
"250440.0";"443.0";"443.0"
"250450.0";"443.0";"443.0"
"250460.0";"443.0";"443.0"
"250470.0";"443.0";"443.0"
"250480.0";"443.0";"443.0"
"250490.0";"443.0";"443.0"
"250500.0";"443.0";"443.0"
"250510.0";"443.0";"443.0"
"250520.0";"443.0";"443.0"
"250530.0";"443.0";"443.0"
"250540.0";"443.0";"443.0"
"250550.0";"443.0";"443.0"
"250560.0";"443.0";"443.0"
"250570.0";"443.0";"443.0"
"250580.0";"443.0";"443.0"
"250590.0";"443.0";"443.0"
"250600.0";"443.0";"443.0"
"250610.0";"443.0";"443.0"
"250620.0";"443.0";"443.0"
"250630.0";"443.0";"443.0"
"250640.0";"443.0";"443.0"
"250650.0";"443.0";"443.0"
"250660.0";"443.0";"443.0"
"250670.0";"443.0";"443.0"
"250680.0";"443.0";"443.0"
"250690.0";"443.0";"443.0"
"250700.0";"443.0";"443.0"
"250710.0";"443.0";"443.0"
"250720.0";"443.0";"443.0"
"250730.0";"443.0";"443.0"
"250740.0";"443.0";"443.0"
"250750.0";"443.0";"443.0"
"250760.0";"443.0";"443.0"
"250770.0";"443.0";"443.0"
"250780.0";"443.0";"443.0"
"250790.0";"443.0";"443.0"
"250800.0";"443.0";"443.0"
"250810.0";"443.0";"443.0"
"250820.0";"443.0";"443.0"
"250830.0";"443.0";"443.0"
"250840.0";"443.0";"443.0"
"250850.0";"443.0";"443.0"
"250860.0";"443.0";"443.0"
"250870.0";"443.0";"443.0"
"250880.0";"443.0";"443.0"
"250890.0";"443.0";"443.0"
"250900.0";"443.0";"443.0"
"250910.0";"443.0";"443.0"
"250920.0";"443.0";"443.0"
"250930.0";"443.0";"443.0"
"250940.0";"443.0";"443.0"
"250950.0";"443.0";"443.0"
"250960.0";"443.0";"443.0"
"250970.0";"443.0";"443.0"
"250980.0";"443.0";"443.0"
"250990.0";"443.0";"443.0"
"251000.0";"443.0";"443.0"
"251010.0";"443.0";"443.0"
"251020.0";"443.0";"443.0"
"251030.0";"443.0";"443.0"
"251040.0";"443.0";"443.0"
"251050.0";"443.0";"443.0"
"251060.0";"443.0";"443.0"
"251070.0";"443.0";"443.0"
"251080.0";"443.0";"443.0"
"251090.0";"443.0";"443.0"
"251100.0";"443.0";"443.0"
"251110.0";"443.0";"443.0"
"251120.0";"443.0";"443.0"
"251130.0";"443.0";"443.0"
"251140.0";"443.0";"443.0"
"251150.0";"443.0";"443.0"
"251160.0";"443.0";"443.0"
"251170.0";"443.0";"443.0"
"251180.0";"443.0";"443.0"
"251190.0";"443.0";"443.0"
"251200.0";"443.0";"443.0"
"251210.0";"443.0";"443.0"
"251220.0";"443.0";"443.0"
"251230.0";"443.0";"443.0"
"251240.0";"443.0";"443.0"
"251250.0";"443.0";"443.0"
"251260.0";"443.0";"443.0"
"251270.0";"443.0";"443.0"
"251280.0";"443.0";"443.0"
"251290.0";"443.0";"443.0"
"251300.0";"443.0";"443.0"
"251310.0";"443.0";"443.0"
"251320.0";"443.0";"443.0"
"251330.0";"443.0";"443.0"
"251340.0";"443.0";"443.0"
"251350.0";"443.0";"443.0"
"251360.0";"443.0";"443.0"
"251370.0";"443.0";"443.0"
"251380.0";"443.0";"443.0"
"251390.0";"443.0";"443.0"
"251400.0";"443.0";"443.0"
"251410.0";"443.0";"443.0"
"251420.0";"443.0";"443.0"
"251430.0";"443.0";"443.0"
"251440.0";"443.0";"443.0"
"251450.0";"443.0";"443.0"
"251460.0";"443.0";"443.0"
"251470.0";"443.0";"443.0"
"251480.0";"443.0";"443.0"
"251490.0";"443.0";"443.0"
"251500.0";"443.0";"443.0"
"251510.0";"443.0";"443.0"
"251520.0";"443.0";"443.0"
"251530.0";"443.0";"443.0"
"251540.0";"443.0";"443.0"
"251550.0";"443.0";"443.0"
"251560.0";"443.0";"443.0"
"251570.0";"443.0";"443.0"
"251580.0";"443.0";"443.0"
"251590.0";"443.0";"443.0"
"251600.0";"443.0";"443.0"
"251610.0";"443.0";"443.0"
"251620.0";"443.0";"443.0"
"251630.0";"443.0";"443.0"
"251640.0";"443.0";"443.0"
"251650.0";"443.0";"443.0"
"251660.0";"443.0";"443.0"
"251670.0";"443.0";"443.0"
"251680.0";"443.0";"443.0"
"251690.0";"443.0";"443.0"
"251700.0";"443.0";"443.0"
"251710.0";"443.0";"443.0"
"251720.0";"443.0";"443.0"
"251730.0";"443.0";"443.0"
"251740.0";"443.0";"443.0"
"251750.0";"443.0";"443.0"
"251760.0";"443.0";"443.0"
"251770.0";"443.0";"443.0"
"251780.0";"443.0";"443.0"
"251790.0";"443.0";"443.0"
"251800.0";"443.0";"443.0"
"251810.0";"443.0";"443.0"
"251820.0";"443.0";"443.0"
"251830.0";"443.0";"443.0"
"251840.0";"443.0";"443.0"
"251850.0";"443.0";"443.0"
"251860.0";"443.0";"443.0"
"251870.0";"443.0";"443.0"
"251880.0";"443.0";"443.0"
"251890.0";"443.0";"443.0"
"251900.0";"443.0";"443.0"
"251910.0";"443.0";"443.0"
"251920.0";"443.0";"443.0"
"251930.0";"443.0";"443.0"
"251940.0";"443.0";"443.0"
"251950.0";"443.0";"443.0"
"251960.0";"443.0";"443.0"
"251970.0";"443.0";"443.0"
"251980.0";"443.0";"443.0"
"251990.0";"443.0";"443.0"
"252000.0";"443.0";"443.0"
"252010.0";"443.0";"443.0"
"252020.0";"443.0";"443.0"
"252030.0";"443.0";"443.0"
"252040.0";"443.0";"443.0"
"252050.0";"443.0";"443.0"
"252060.0";"443.0";"443.0"
"252070.0";"443.0";"443.0"
"252080.0";"443.0";"443.0"
"252090.0";"443.0";"443.0"
"252100.0";"443.0";"443.0"
"252110.0";"443.0";"443.0"
"252120.0";"443.0";"443.0"
"252130.0";"443.0";"443.0"
"252140.0";"443.0";"443.0"
"252150.0";"443.0";"443.0"
"252160.0";"443.0";"443.0"
"252170.0";"443.0";"443.0"
"252180.0";"443.0";"443.0"
"252190.0";"443.0";"443.0"
"252200.0";"443.0";"443.0"
"252210.0";"443.0";"443.0"
"252220.0";"443.0";"443.0"
"252230.0";"443.0";"443.0"
"252240.0";"443.0";"443.0"
"252250.0";"443.0";"443.0"
"252260.0";"443.0";"443.0"
"252270.0";"443.0";"443.0"
"252280.0";"443.0";"443.0"
"252290.0";"443.0";"443.0"
"252300.0";"443.0";"443.0"
"252310.0";"443.0";"443.0"
"252320.0";"443.0";"443.0"
"252330.0";"443.0";"443.0"
"252340.0";"443.0";"443.0"
"252350.0";"443.0";"443.0"
"252360.0";"443.0";"443.0"
"252370.0";"443.0";"443.0"
"252380.0";"443.0";"443.0"
"252390.0";"443.0";"443.0"
"252400.0";"443.0";"443.0"
"252410.0";"443.0";"443.0"
"252420.0";"443.0";"443.0"
"252430.0";"443.0";"443.0"
"252440.0";"443.0";"443.0"
"252450.0";"443.0";"443.0"
"252460.0";"443.0";"443.0"
"252470.0";"443.0";"443.0"
"252480.0";"443.0";"443.0"
"252490.0";"443.0";"443.0"
"252500.0";"443.0";"443.0"
"252510.0";"443.0";"443.0"
"252520.0";"443.0";"443.0"
"252530.0";"443.0";"443.0"
"252540.0";"443.0";"443.0"
"252550.0";"443.0";"443.0"
"252560.0";"443.0";"443.0"
"252570.0";"443.0";"443.0"
"252580.0";"443.0";"443.0"
"252590.0";"443.0";"443.0"
"252600.0";"443.0";"443.0"
"252610.0";"443.0";"443.0"
"252620.0";"443.0";"443.0"
"252630.0";"443.0";"443.0"
"252640.0";"443.0";"443.0"
"252650.0";"443.0";"443.0"
"252660.0";"443.0";"443.0"
"252670.0";"443.0";"443.0"
"252680.0";"443.0";"443.0"
"252690.0";"443.0";"443.0"
"252700.0";"443.0";"443.0"
"252710.0";"443.0";"443.0"
"252720.0";"443.0";"443.0"
"252730.0";"443.0";"443.0"
"252740.0";"443.0";"443.0"
"252750.0";"443.0";"443.0"
"252760.0";"443.0";"443.0"
"252770.0";"443.0";"443.0"
"252780.0";"443.0";"443.0"
"252790.0";"443.0";"443.0"
"252800.0";"443.0";"443.0"
"252810.0";"443.0";"443.0"
"252820.0";"443.0";"443.0"
"252830.0";"443.0";"443.0"
"252840.0";"443.0";"443.0"
"252850.0";"443.0";"443.0"
"252860.0";"443.0";"443.0"
"252870.0";"443.0";"443.0"
"252880.0";"443.0";"443.0"
"252890.0";"443.0";"443.0"
"252900.0";"443.0";"443.0"
"252910.0";"443.0";"443.0"
"252920.0";"443.0";"443.0"
"252930.0";"443.0";"443.0"
"252940.0";"443.0";"443.0"
"252950.0";"443.0";"443.0"
"252960.0";"443.0";"443.0"
"252970.0";"443.0";"443.0"
"252980.0";"443.0";"443.0"
"252990.0";"443.0";"443.0"
"253000.0";"443.0";"443.0"
"253010.0";"443.0";"443.0"
"253020.0";"443.0";"443.0"
"253030.0";"443.0";"443.0"
"253040.0";"443.0";"443.0"
"253050.0";"443.0";"443.0"
"253060.0";"443.0";"443.0"
"253070.0";"443.0";"443.0"
"253080.0";"443.0";"443.0"
"253090.0";"443.0";"443.0"
"253100.0";"443.0";"443.0"
"253110.0";"443.0";"443.0"
"253120.0";"443.0";"443.0"
"253130.0";"443.0";"443.0"
"253140.0";"443.0";"443.0"
"253150.0";"443.0";"443.0"
"253160.0";"443.0";"443.0"
"253170.0";"443.0";"443.0"
"253180.0";"443.0";"443.0"
"253190.0";"443.0";"443.0"
"253200.0";"443.0";"443.0"
"253210.0";"443.0";"443.0"
"253220.0";"443.0";"443.0"
"253230.0";"443.0";"443.0"
"253240.0";"443.0";"443.0"
"253250.0";"443.0";"443.0"
"253260.0";"443.0";"443.0"
"253270.0";"443.0";"443.0"
"253280.0";"443.0";"443.0"
"253290.0";"443.0";"443.0"
"253300.0";"443.0";"443.0"
"253310.0";"443.0";"443.0"
"253320.0";"443.0";"443.0"
"253330.0";"443.0";"443.0"
"253340.0";"443.0";"443.0"
"253350.0";"443.0";"443.0"
"253360.0";"443.0";"443.0"
"253370.0";"443.0";"443.0"
"253380.0";"443.0";"443.0"
"253390.0";"443.0";"443.0"
"253400.0";"443.0";"443.0"
"253410.0";"443.0";"443.0"
"253420.0";"443.0";"443.0"
"253430.0";"443.0";"443.0"
"253440.0";"443.0";"443.0"
"253450.0";"443.0";"443.0"
"253460.0";"443.0";"443.0"
"253470.0";"443.0";"443.0"
"253480.0";"443.0";"443.0"
"253490.0";"443.0";"443.0"
"253500.0";"443.0";"443.0"
"253510.0";"443.0";"443.0"
"253520.0";"443.0";"443.0"
"253530.0";"443.0";"443.0"
"253540.0";"443.0";"443.0"
"253550.0";"443.0";"443.0"
"253560.0";"443.0";"443.0"
"253570.0";"443.0";"443.0"
"253580.0";"443.0";"443.0"
"253590.0";"443.0";"443.0"
"253600.0";"443.0";"443.0"
"253610.0";"443.0";"443.0"
"253620.0";"443.0";"443.0"
"253630.0";"443.0";"443.0"
"253640.0";"443.0";"443.0"
"253650.0";"443.0";"443.0"
"253660.0";"443.0";"443.0"
"253670.0";"443.0";"443.0"
"253680.0";"443.0";"443.0"
"253690.0";"443.0";"443.0"
"253700.0";"443.0";"443.0"
"253710.0";"443.0";"443.0"
"253720.0";"443.0";"443.0"
"253730.0";"443.0";"443.0"
"253740.0";"443.0";"443.0"
"253750.0";"443.0";"443.0"
"253760.0";"443.0";"443.0"
"253770.0";"443.0";"443.0"
"253780.0";"443.0";"443.0"
"253790.0";"443.0";"443.0"
"253800.0";"443.0";"443.0"
"253810.0";"443.0";"443.0"
"253820.0";"443.0";"443.0"
"253830.0";"443.0";"443.0"
"253840.0";"443.0";"443.0"
"253850.0";"443.0";"443.0"
"253860.0";"443.0";"443.0"
"253870.0";"443.0";"443.0"
"253880.0";"443.0";"443.0"
"253890.0";"443.0";"443.0"
"253900.0";"443.0";"443.0"
"253910.0";"443.0";"443.0"
"253920.0";"443.0";"443.0"
"253930.0";"443.0";"443.0"
"253940.0";"443.0";"443.0"
"253950.0";"443.0";"443.0"
"253960.0";"443.0";"443.0"
"253970.0";"443.0";"443.0"
"253980.0";"443.0";"443.0"
"253990.0";"443.0";"443.0"
"254000.0";"443.0";"443.0"
"254010.0";"443.0";"443.0"
"254020.0";"443.0";"443.0"
"254030.0";"443.0";"443.0"
"254040.0";"443.0";"443.0"
"254050.0";"443.0";"443.0"
"254060.0";"443.0";"443.0"
"254070.0";"443.0";"443.0"
"254080.0";"443.0";"443.0"
"254090.0";"443.0";"443.0"
"254100.0";"443.0";"443.0"
"254110.0";"443.0";"443.0"
"254120.0";"443.0";"443.0"
"254130.0";"443.0";"443.0"
"254140.0";"443.0";"443.0"
"254150.0";"443.0";"443.0"
"254160.0";"443.0";"443.0"
"254170.0";"443.0";"443.0"
"254180.0";"443.0";"443.0"
"254190.0";"443.0";"443.0"
"254200.0";"443.0";"443.0"
"254210.0";"443.0";"443.0"
"254220.0";"443.0";"443.0"
"254230.0";"443.0";"443.0"
"254240.0";"443.0";"443.0"
"254250.0";"443.0";"443.0"
"254260.0";"443.0";"443.0"
"254270.0";"443.0";"443.0"
"254280.0";"443.0";"443.0"
"254290.0";"443.0";"443.0"
"254300.0";"443.0";"443.0"
"254310.0";"443.0";"443.0"
"254320.0";"443.0";"443.0"
"254330.0";"443.0";"443.0"
"254340.0";"443.0";"443.0"
"254350.0";"443.0";"443.0"
"254360.0";"443.0";"443.0"
"254370.0";"443.0";"443.0"
"254380.0";"443.0";"443.0"
"254390.0";"443.0";"443.0"
"254400.0";"443.0";"443.0"
"254410.0";"443.0";"443.0"
"254420.0";"443.0";"443.0"
"254430.0";"443.0";"443.0"
"254440.0";"443.0";"443.0"
"254450.0";"443.0";"443.0"
"254460.0";"443.0";"443.0"
"254470.0";"443.0";"443.0"
"254480.0";"443.0";"443.0"
"254490.0";"443.0";"443.0"
"254500.0";"443.0";"443.0"
"254510.0";"443.0";"443.0"
"254520.0";"443.0";"443.0"
"254530.0";"443.0";"443.0"
"254540.0";"443.0";"443.0"
"254550.0";"443.0";"443.0"
"254560.0";"443.0";"443.0"
"254570.0";"443.0";"443.0"
"254580.0";"443.0";"443.0"
"254590.0";"443.0";"443.0"
"254600.0";"443.0";"443.0"
"254610.0";"443.0";"443.0"
"254620.0";"443.0";"443.0"
"254630.0";"443.0";"443.0"
"254640.0";"443.0";"443.0"
"254650.0";"443.0";"443.0"
"254660.0";"443.0";"443.0"
"254670.0";"443.0";"443.0"
"254680.0";"443.0";"443.0"
"254690.0";"443.0";"443.0"
"254700.0";"443.0";"443.0"
"254710.0";"443.0";"443.0"
"254720.0";"443.0";"443.0"
"254730.0";"443.0";"443.0"
"254740.0";"443.0";"443.0"
"254750.0";"443.0";"443.0"
"254760.0";"443.0";"443.0"
"254770.0";"443.0";"443.0"
"254780.0";"443.0";"443.0"
"254790.0";"443.0";"443.0"
"254800.0";"443.0";"443.0"
"254810.0";"443.0";"443.0"
"254820.0";"443.0";"443.0"
"254830.0";"443.0";"443.0"
"254840.0";"443.0";"443.0"
"254850.0";"443.0";"443.0"
"254860.0";"443.0";"443.0"
"254870.0";"443.0";"443.0"
"254880.0";"443.0";"443.0"
"254890.0";"443.0";"443.0"
"254900.0";"443.0";"443.0"
"254910.0";"443.0";"443.0"
"254920.0";"443.0";"443.0"
"254930.0";"443.0";"443.0"
"254940.0";"443.0";"443.0"
"254950.0";"443.0";"443.0"
"254960.0";"443.0";"443.0"
"254970.0";"443.0";"443.0"
"254980.0";"443.0";"443.0"
"254990.0";"443.0";"443.0"
"255000.0";"443.0";"443.0"
"255010.0";"443.0";"443.0"
"255020.0";"443.0";"443.0"
"255030.0";"443.0";"443.0"
"255040.0";"443.0";"443.0"
"255050.0";"443.0";"443.0"
"255060.0";"443.0";"443.0"
"255070.0";"443.0";"443.0"
"255080.0";"443.0";"443.0"
"255090.0";"443.0";"443.0"
"255100.0";"443.0";"443.0"
"255110.0";"443.0";"443.0"
"255120.0";"443.0";"443.0"
"255130.0";"443.0";"443.0"
"255140.0";"443.0";"443.0"
"255150.0";"443.0";"443.0"
"255160.0";"443.0";"443.0"
"255170.0";"443.0";"443.0"
"255180.0";"443.0";"443.0"
"255190.0";"443.0";"443.0"
"255200.0";"443.0";"443.0"
"255210.0";"443.0";"443.0"
"255220.0";"443.0";"443.0"
"255230.0";"443.0";"443.0"
"255240.0";"443.0";"443.0"
"255250.0";"443.0";"443.0"
"255260.0";"443.0";"443.0"
"255270.0";"443.0";"443.0"
"255280.0";"443.0";"443.0"
"255290.0";"443.0";"443.0"
"255300.0";"443.0";"443.0"
"255310.0";"443.0";"443.0"
"255320.0";"443.0";"443.0"
"255330.0";"443.0";"443.0"
"255340.0";"443.0";"443.0"
"255350.0";"443.0";"443.0"
"255360.0";"443.0";"443.0"
"255370.0";"443.0";"443.0"
"255380.0";"443.0";"443.0"
"255390.0";"443.0";"443.0"
"255400.0";"443.0";"443.0"
"255410.0";"443.0";"443.0"
"255420.0";"443.0";"443.0"
"255430.0";"443.0";"443.0"
"255440.0";"443.0";"443.0"
"255450.0";"443.0";"443.0"
"255460.0";"443.0";"443.0"
"255470.0";"443.0";"443.0"
"255480.0";"443.0";"443.0"
"255490.0";"443.0";"443.0"
"255500.0";"443.0";"443.0"
"255510.0";"443.0";"443.0"
"255520.0";"443.0";"443.0"
"255530.0";"443.0";"443.0"
"255540.0";"443.0";"443.0"
"255550.0";"443.0";"443.0"
"255560.0";"443.0";"443.0"
"255570.0";"443.0";"443.0"
"255580.0";"443.0";"443.0"
"255590.0";"443.0";"443.0"
"255600.0";"443.0";"443.0"
"255610.0";"443.0";"443.0"
"255620.0";"443.0";"443.0"
"255630.0";"443.0";"443.0"
"255640.0";"443.0";"443.0"
"255650.0";"443.0";"443.0"
"255660.0";"443.0";"443.0"
"255670.0";"443.0";"443.0"
"255680.0";"443.0";"443.0"
"255690.0";"443.0";"443.0"
"255700.0";"443.0";"443.0"
"255710.0";"443.0";"443.0"
"255720.0";"443.0";"443.0"
"255730.0";"443.0";"443.0"
"255740.0";"443.0";"443.0"
"255750.0";"443.0";"443.0"
"255760.0";"443.0";"443.0"
"255770.0";"443.0";"443.0"
"255780.0";"443.0";"443.0"
"255790.0";"443.0";"443.0"
"255800.0";"443.0";"443.0"
"255810.0";"443.0";"443.0"
"255820.0";"443.0";"443.0"
"255830.0";"443.0";"443.0"
"255840.0";"443.0";"443.0"
"255850.0";"443.0";"443.0"
"255860.0";"443.0";"443.0"
"255870.0";"443.0";"443.0"
"255880.0";"443.0";"443.0"
"255890.0";"443.0";"443.0"
"255900.0";"443.0";"443.0"
"255910.0";"443.0";"443.0"
"255920.0";"443.0";"443.0"
"255930.0";"443.0";"443.0"
"255940.0";"443.0";"443.0"
"255950.0";"443.0";"443.0"
"255960.0";"443.0";"443.0"
"255970.0";"443.0";"443.0"
"255980.0";"443.0";"443.0"
"255990.0";"443.0";"443.0"
"256000.0";"443.0";"443.0"
"256010.0";"443.0";"443.0"
"256020.0";"443.0";"443.0"
"256030.0";"443.0";"443.0"
"256040.0";"443.0";"443.0"
"256050.0";"443.0";"443.0"
"256060.0";"443.0";"443.0"
"256070.0";"443.0";"443.0"
"256080.0";"443.0";"443.0"
"256090.0";"443.0";"443.0"
"256100.0";"443.0";"443.0"
"256110.0";"443.0";"443.0"
"256120.0";"443.0";"443.0"
"256130.0";"443.0";"443.0"
"256140.0";"443.0";"443.0"
"256150.0";"443.0";"443.0"
"256160.0";"443.0";"443.0"
"256170.0";"443.0";"443.0"
"256180.0";"443.0";"443.0"
"256190.0";"443.0";"443.0"
"256200.0";"443.0";"443.0"
"256210.0";"443.0";"443.0"
"256220.0";"443.0";"443.0"
"256230.0";"443.0";"443.0"
"256240.0";"443.0";"443.0"
"256250.0";"443.0";"443.0"
"256260.0";"443.0";"443.0"
"256270.0";"443.0";"443.0"
"256280.0";"443.0";"443.0"
"256290.0";"443.0";"443.0"
"256300.0";"443.0";"443.0"
"256310.0";"443.0";"443.0"
"256320.0";"443.0";"443.0"
"256330.0";"443.0";"443.0"
"256340.0";"443.0";"443.0"
"256350.0";"443.0";"443.0"
"256360.0";"443.0";"443.0"
"256370.0";"443.0";"443.0"
"256380.0";"443.0";"443.0"
"256390.0";"443.0";"443.0"
"256400.0";"443.0";"443.0"
"256410.0";"443.0";"443.0"
"256420.0";"443.0";"443.0"
"256430.0";"443.0";"443.0"
"256440.0";"443.0";"443.0"
"256450.0";"443.0";"443.0"
"256460.0";"443.0";"443.0"
"256470.0";"443.0";"443.0"
"256480.0";"443.0";"443.0"
"256490.0";"443.0";"443.0"
"256500.0";"443.0";"443.0"
"256510.0";"443.0";"443.0"
"256520.0";"443.0";"443.0"
"256530.0";"443.0";"443.0"
"256540.0";"443.0";"443.0"
"256550.0";"443.0";"443.0"
"256560.0";"443.0";"443.0"
"256570.0";"443.0";"443.0"
"256580.0";"443.0";"443.0"
"256590.0";"443.0";"443.0"
"256600.0";"443.0";"443.0"
"256610.0";"443.0";"443.0"
"256620.0";"443.0";"443.0"
"256630.0";"443.0";"443.0"
"256640.0";"443.0";"443.0"
"256650.0";"443.0";"443.0"
"256660.0";"443.0";"443.0"
"256670.0";"443.0";"443.0"
"256680.0";"443.0";"443.0"
"256690.0";"443.0";"443.0"
"256700.0";"443.0";"443.0"
"256710.0";"443.0";"443.0"
"256720.0";"443.0";"443.0"
"256730.0";"443.0";"443.0"
"256740.0";"443.0";"443.0"
"256750.0";"443.0";"443.0"
"256760.0";"443.0";"443.0"
"256770.0";"443.0";"443.0"
"256780.0";"443.0";"443.0"
"256790.0";"443.0";"443.0"
"256800.0";"443.0";"443.0"
"256810.0";"443.0";"443.0"
"256820.0";"443.0";"443.0"
"256830.0";"443.0";"443.0"
"256840.0";"443.0";"443.0"
"256850.0";"443.0";"443.0"
"256860.0";"443.0";"443.0"
"256870.0";"443.0";"443.0"
"256880.0";"443.0";"443.0"
"256890.0";"443.0";"443.0"
"256900.0";"443.0";"443.0"
"256910.0";"443.0";"443.0"
"256920.0";"443.0";"443.0"
"256930.0";"443.0";"443.0"
"256940.0";"443.0";"443.0"
"256950.0";"443.0";"443.0"
"256960.0";"443.0";"443.0"
"256970.0";"443.0";"443.0"
"256980.0";"443.0";"443.0"
"256990.0";"443.0";"443.0"
"257000.0";"443.0";"443.0"
"257010.0";"443.0";"443.0"
"257020.0";"443.0";"443.0"
"257030.0";"443.0";"443.0"
"257040.0";"443.0";"443.0"
"257050.0";"443.0";"443.0"
"257060.0";"443.0";"443.0"
"257070.0";"443.0";"443.0"
"257080.0";"443.0";"443.0"
"257090.0";"443.0";"443.0"
"257100.0";"443.0";"443.0"
"257110.0";"443.0";"443.0"
"257120.0";"443.0";"443.0"
"257130.0";"443.0";"443.0"
"257140.0";"443.0";"443.0"
"257150.0";"443.0";"443.0"
"257160.0";"443.0";"443.0"
"257170.0";"443.0";"443.0"
"257180.0";"443.0";"443.0"
"257190.0";"443.0";"443.0"
"257200.0";"443.0";"443.0"
"257210.0";"443.0";"443.0"
"257220.0";"443.0";"443.0"
"257230.0";"443.0";"443.0"
"257240.0";"443.0";"443.0"
"257250.0";"443.0";"443.0"
"257260.0";"443.0";"443.0"
"257270.0";"443.0";"443.0"
"257280.0";"443.0";"443.0"
"257290.0";"443.0";"443.0"
"257300.0";"443.0";"443.0"
"257310.0";"443.0";"443.0"
"257320.0";"443.0";"443.0"
"257330.0";"443.0";"443.0"
"257340.0";"443.0";"443.0"
"257350.0";"443.0";"443.0"
"257360.0";"443.0";"443.0"
"257370.0";"443.0";"443.0"
"257380.0";"443.0";"443.0"
"257390.0";"443.0";"443.0"
"257400.0";"443.0";"443.0"
"257410.0";"443.0";"443.0"
"257420.0";"443.0";"443.0"
"257430.0";"443.0";"443.0"
"257440.0";"443.0";"443.0"
"257450.0";"443.0";"443.0"
"257460.0";"443.0";"443.0"
"257470.0";"443.0";"443.0"
"257480.0";"443.0";"443.0"
"257490.0";"443.0";"443.0"
"257500.0";"443.0";"443.0"
"257510.0";"443.0";"443.0"
"257520.0";"443.0";"443.0"
"257530.0";"443.0";"443.0"
"257540.0";"443.0";"443.0"
"257550.0";"443.0";"443.0"
"257560.0";"443.0";"443.0"
"257570.0";"443.0";"443.0"
"257580.0";"443.0";"443.0"
"257590.0";"443.0";"443.0"
"257600.0";"443.0";"443.0"
"257610.0";"443.0";"443.0"
"257620.0";"443.0";"443.0"
"257630.0";"443.0";"443.0"
"257640.0";"443.0";"443.0"
"257650.0";"443.0";"443.0"
"257660.0";"443.0";"443.0"
"257670.0";"443.0";"443.0"
"257680.0";"443.0";"443.0"
"257690.0";"443.0";"443.0"
"257700.0";"443.0";"443.0"
"257710.0";"443.0";"443.0"
"257720.0";"443.0";"443.0"
"257730.0";"443.0";"443.0"
"257740.0";"443.0";"443.0"
"257750.0";"443.0";"443.0"
"257760.0";"443.0";"443.0"
"257770.0";"443.0";"443.0"
"257780.0";"443.0";"443.0"
"257790.0";"443.0";"443.0"
"257800.0";"443.0";"443.0"
"257810.0";"443.0";"443.0"
"257820.0";"443.0";"443.0"
"257830.0";"443.0";"443.0"
"257840.0";"443.0";"443.0"
"257850.0";"443.0";"443.0"
"257860.0";"443.0";"443.0"
"257870.0";"443.0";"443.0"
"257880.0";"443.0";"443.0"
"257890.0";"443.0";"443.0"
"257900.0";"443.0";"443.0"
"257910.0";"443.0";"443.0"
"257920.0";"443.0";"443.0"
"257930.0";"443.0";"443.0"
"257940.0";"443.0";"443.0"
"257950.0";"443.0";"443.0"
"257960.0";"443.0";"443.0"
"257970.0";"443.0";"443.0"
"257980.0";"443.0";"443.0"
"257990.0";"443.0";"443.0"
"258000.0";"443.0";"443.0"
"258010.0";"443.0";"443.0"
"258020.0";"443.0";"443.0"
"258030.0";"443.0";"443.0"
"258040.0";"443.0";"443.0"
"258050.0";"443.0";"443.0"
"258060.0";"443.0";"443.0"
"258070.0";"443.0";"443.0"
"258080.0";"443.0";"443.0"
"258090.0";"443.0";"443.0"
"258100.0";"443.0";"443.0"
"258110.0";"443.0";"443.0"
"258120.0";"443.0";"443.0"
"258130.0";"443.0";"443.0"
"258140.0";"443.0";"443.0"
"258150.0";"443.0";"443.0"
"258160.0";"443.0";"443.0"
"258170.0";"443.0";"443.0"
"258180.0";"443.0";"443.0"
"258190.0";"443.0";"443.0"
"258200.0";"443.0";"443.0"
"258210.0";"443.0";"443.0"
"258220.0";"443.0";"443.0"
"258230.0";"443.0";"443.0"
"258240.0";"443.0";"443.0"
"258250.0";"443.0";"443.0"
"258260.0";"443.0";"443.0"
"258270.0";"443.0";"443.0"
"258280.0";"443.0";"443.0"
"258290.0";"443.0";"443.0"
"258300.0";"443.0";"443.0"
"258310.0";"443.0";"443.0"
"258320.0";"443.0";"443.0"
"258330.0";"443.0";"443.0"
"258340.0";"443.0";"443.0"
"258350.0";"443.0";"443.0"
"258360.0";"443.0";"443.0"
"258370.0";"443.0";"443.0"
"258380.0";"443.0";"443.0"
"258390.0";"443.0";"443.0"
"258400.0";"443.0";"443.0"
"258410.0";"443.0";"443.0"
"258420.0";"443.0";"443.0"
"258430.0";"443.0";"443.0"
"258440.0";"443.0";"443.0"
"258450.0";"443.0";"443.0"
"258460.0";"443.0";"443.0"
"258470.0";"443.0";"443.0"
"258480.0";"443.0";"443.0"
"258490.0";"443.0";"443.0"
"258500.0";"443.0";"443.0"
"258510.0";"443.0";"443.0"
"258520.0";"443.0";"443.0"
"258530.0";"443.0";"443.0"
"258540.0";"443.0";"443.0"
"258550.0";"443.0";"443.0"
"258560.0";"443.0";"443.0"
"258570.0";"443.0";"443.0"
"258580.0";"443.0";"443.0"
"258590.0";"443.0";"443.0"
"258600.0";"443.0";"443.0"
"258610.0";"443.0";"443.0"
"258620.0";"443.0";"443.0"
"258630.0";"443.0";"443.0"
"258640.0";"443.0";"443.0"
"258650.0";"443.0";"443.0"
"258660.0";"443.0";"443.0"
"258670.0";"443.0";"443.0"
"258680.0";"443.0";"443.0"
"258690.0";"443.0";"443.0"
"258700.0";"443.0";"443.0"
"258710.0";"443.0";"443.0"
"258720.0";"443.0";"443.0"
"258730.0";"443.0";"443.0"
"258740.0";"443.0";"443.0"
"258750.0";"443.0";"443.0"
"258760.0";"443.0";"443.0"
"258770.0";"443.0";"443.0"
"258780.0";"443.0";"443.0"
"258790.0";"443.0";"443.0"
"258800.0";"443.0";"443.0"
"258810.0";"443.0";"443.0"
"258820.0";"443.0";"443.0"
"258830.0";"443.0";"443.0"
"258840.0";"443.0";"443.0"
"258850.0";"443.0";"443.0"
"258860.0";"443.0";"443.0"
"258870.0";"443.0";"443.0"
"258880.0";"443.0";"443.0"
"258890.0";"443.0";"443.0"
"258900.0";"443.0";"443.0"
"258910.0";"443.0";"443.0"
"258920.0";"443.0";"443.0"
"258930.0";"443.0";"443.0"
"258940.0";"443.0";"443.0"
"258950.0";"443.0";"443.0"
"258960.0";"443.0";"443.0"
"258970.0";"443.0";"443.0"
"258980.0";"443.0";"443.0"
"258990.0";"443.0";"443.0"
"259000.0";"443.0";"443.0"
"259010.0";"443.0";"443.0"
"259020.0";"443.0";"443.0"
"259030.0";"443.0";"443.0"
"259040.0";"443.0";"443.0"
"259050.0";"443.0";"443.0"
"259060.0";"443.0";"443.0"
"259070.0";"443.0";"443.0"
"259080.0";"443.0";"443.0"
"259090.0";"443.0";"443.0"
"259100.0";"443.0";"443.0"
"259110.0";"443.0";"443.0"
"259120.0";"443.0";"443.0"
"259130.0";"443.0";"443.0"
"259140.0";"443.0";"443.0"
"259150.0";"443.0";"443.0"
"259160.0";"443.0";"443.0"
"259170.0";"443.0";"443.0"
"259180.0";"443.0";"443.0"
"259190.0";"443.0";"443.0"
"259200.0";"443.0";"443.0"
"259210.0";"443.0";"443.0"
"259220.0";"443.0";"443.0"
"259230.0";"443.0";"443.0"
"259240.0";"443.0";"443.0"
"259250.0";"443.0";"443.0"
"259260.0";"443.0";"443.0"
"259270.0";"443.0";"443.0"
"259280.0";"443.0";"443.0"
"259290.0";"443.0";"443.0"
"259300.0";"443.0";"443.0"
"259310.0";"443.0";"443.0"
"259320.0";"443.0";"443.0"
"259330.0";"443.0";"443.0"
"259340.0";"443.0";"443.0"
"259350.0";"443.0";"443.0"
"259360.0";"443.0";"443.0"
"259370.0";"443.0";"443.0"
"259380.0";"443.0";"443.0"
"259390.0";"443.0";"443.0"
"259400.0";"443.0";"443.0"
"259410.0";"443.0";"443.0"
"259420.0";"443.0";"443.0"
"259430.0";"443.0";"443.0"
"259440.0";"443.0";"443.0"
"259450.0";"443.0";"443.0"
"259460.0";"443.0";"443.0"
"259470.0";"443.0";"443.0"
"259480.0";"443.0";"443.0"
"259490.0";"443.0";"443.0"
"259500.0";"443.0";"443.0"
"259510.0";"443.0";"443.0"
"259520.0";"443.0";"443.0"
"259530.0";"443.0";"443.0"
"259540.0";"443.0";"443.0"
"259550.0";"443.0";"443.0"
"259560.0";"443.0";"443.0"
"259570.0";"443.0";"443.0"
"259580.0";"443.0";"443.0"
"259590.0";"443.0";"443.0"
"259600.0";"443.0";"443.0"
"259610.0";"443.0";"443.0"
"259620.0";"443.0";"443.0"
"259630.0";"443.0";"443.0"
"259640.0";"443.0";"443.0"
"259650.0";"443.0";"443.0"
"259660.0";"443.0";"443.0"
"259670.0";"443.0";"443.0"
"259680.0";"443.0";"443.0"
"259690.0";"443.0";"443.0"
"259700.0";"443.0";"443.0"
"259710.0";"443.0";"443.0"
"259720.0";"443.0";"443.0"
"259730.0";"443.0";"443.0"
"259740.0";"443.0";"443.0"
"259750.0";"443.0";"443.0"
"259760.0";"443.0";"443.0"
"259770.0";"443.0";"443.0"
"259780.0";"443.0";"443.0"
"259790.0";"443.0";"443.0"
"259800.0";"443.0";"443.0"
"259810.0";"443.0";"443.0"
"259820.0";"443.0";"443.0"
"259830.0";"443.0";"443.0"
"259840.0";"443.0";"443.0"
"259850.0";"443.0";"443.0"
"259860.0";"443.0";"443.0"
"259870.0";"443.0";"443.0"
"259880.0";"443.0";"443.0"
"259890.0";"443.0";"443.0"
"259900.0";"443.0";"443.0"
"259910.0";"443.0";"443.0"
"259920.0";"443.0";"443.0"
"259930.0";"443.0";"443.0"
"259940.0";"443.0";"443.0"
"259950.0";"443.0";"443.0"
"259960.0";"443.0";"443.0"
"259970.0";"443.0";"443.0"
"259980.0";"443.0";"443.0"
"259990.0";"443.0";"443.0"
"260000.0";"443.0";"443.0"
"260010.0";"443.0";"443.0"
"260020.0";"443.0";"443.0"
"260030.0";"443.0";"443.0"
"260040.0";"443.0";"443.0"
"260050.0";"443.0";"443.0"
"260060.0";"443.0";"443.0"
"260070.0";"443.0";"443.0"
"260080.0";"443.0";"443.0"
"260090.0";"443.0";"443.0"
"260100.0";"443.0";"443.0"
"260110.0";"443.0";"443.0"
"260120.0";"443.0";"443.0"
"260130.0";"443.0";"443.0"
"260140.0";"443.0";"443.0"
"260150.0";"443.0";"443.0"
"260160.0";"443.0";"443.0"
"260170.0";"443.0";"443.0"
"260180.0";"443.0";"443.0"
"260190.0";"443.0";"443.0"
"260200.0";"443.0";"443.0"
"260210.0";"443.0";"443.0"
"260220.0";"443.0";"443.0"
"260230.0";"443.0";"443.0"
"260240.0";"443.0";"443.0"
"260250.0";"443.0";"443.0"
"260260.0";"443.0";"443.0"
"260270.0";"443.0";"443.0"
"260280.0";"443.0";"443.0"
"260290.0";"443.0";"443.0"
"260300.0";"443.0";"443.0"
"260310.0";"443.0";"443.0"
"260320.0";"443.0";"443.0"
"260330.0";"443.0";"443.0"
"260340.0";"443.0";"443.0"
"260350.0";"443.0";"443.0"
"260360.0";"443.0";"443.0"
"260370.0";"443.0";"443.0"
"260380.0";"443.0";"443.0"
"260390.0";"443.0";"443.0"
"260400.0";"443.0";"443.0"
"260410.0";"443.0";"443.0"
"260420.0";"443.0";"443.0"
"260430.0";"443.0";"443.0"
"260440.0";"443.0";"443.0"
"260450.0";"443.0";"443.0"
"260460.0";"443.0";"443.0"
"260470.0";"443.0";"443.0"
"260480.0";"443.0";"443.0"
"260490.0";"443.0";"443.0"
"260500.0";"443.0";"443.0"
"260510.0";"443.0";"443.0"
"260520.0";"443.0";"443.0"
"260530.0";"443.0";"443.0"
"260540.0";"443.0";"443.0"
"260550.0";"443.0";"443.0"
"260560.0";"443.0";"443.0"
"260570.0";"443.0";"443.0"
"260580.0";"443.0";"443.0"
"260590.0";"443.0";"443.0"
"260600.0";"443.0";"443.0"
"260610.0";"443.0";"443.0"
"260620.0";"443.0";"443.0"
"260630.0";"443.0";"443.0"
"260640.0";"443.0";"443.0"
"260650.0";"443.0";"443.0"
"260660.0";"443.0";"443.0"
"260670.0";"443.0";"443.0"
"260680.0";"443.0";"443.0"
"260690.0";"443.0";"443.0"
"260700.0";"443.0";"443.0"
"260710.0";"443.0";"443.0"
"260720.0";"443.0";"443.0"
"260730.0";"443.0";"443.0"
"260740.0";"443.0";"443.0"
"260750.0";"443.0";"443.0"
"260760.0";"443.0";"443.0"
"260770.0";"443.0";"443.0"
"260780.0";"443.0";"443.0"
"260790.0";"443.0";"443.0"
"260800.0";"443.0";"443.0"
"260810.0";"443.0";"443.0"
"260820.0";"443.0";"443.0"
"260830.0";"443.0";"443.0"
"260840.0";"443.0";"443.0"
"260850.0";"443.0";"443.0"
"260860.0";"443.0";"443.0"
"260870.0";"443.0";"443.0"
"260880.0";"443.0";"443.0"
"260890.0";"443.0";"443.0"
"260900.0";"443.0";"443.0"
"260910.0";"443.0";"443.0"
"260920.0";"443.0";"443.0"
"260930.0";"443.0";"443.0"
"260940.0";"443.0";"443.0"
"260950.0";"443.0";"443.0"
"260960.0";"443.0";"443.0"
"260970.0";"443.0";"443.0"
"260980.0";"443.0";"443.0"
"260990.0";"443.0";"443.0"
"261000.0";"443.0";"443.0"
"261010.0";"443.0";"443.0"
"261020.0";"443.0";"443.0"
"261030.0";"443.0";"443.0"
"261040.0";"443.0";"443.0"
"261050.0";"443.0";"443.0"
"261060.0";"443.0";"443.0"
"261070.0";"443.0";"443.0"
"261080.0";"443.0";"443.0"
"261090.0";"443.0";"443.0"
"261100.0";"443.0";"443.0"
"261110.0";"443.0";"443.0"
"261120.0";"443.0";"443.0"
"261130.0";"443.0";"443.0"
"261140.0";"443.0";"443.0"
"261150.0";"443.0";"443.0"
"261160.0";"443.0";"443.0"
"261170.0";"443.0";"443.0"
"261180.0";"443.0";"443.0"
"261190.0";"443.0";"443.0"
"261200.0";"443.0";"443.0"
"261210.0";"443.0";"443.0"
"261220.0";"443.0";"443.0"
"261230.0";"443.0";"443.0"
"261240.0";"443.0";"443.0"
"261250.0";"443.0";"443.0"
"261260.0";"443.0";"443.0"
"261270.0";"443.0";"443.0"
"261280.0";"443.0";"443.0"
"261290.0";"443.0";"443.0"
"261300.0";"443.0";"443.0"
"261310.0";"443.0";"443.0"
"261320.0";"443.0";"443.0"
"261330.0";"443.0";"443.0"
"261340.0";"443.0";"443.0"
"261350.0";"443.0";"443.0"
"261360.0";"443.0";"443.0"
"261370.0";"443.0";"443.0"
"261380.0";"443.0";"443.0"
"261390.0";"443.0";"443.0"
"261400.0";"443.0";"443.0"
"261410.0";"443.0";"443.0"
"261420.0";"443.0";"443.0"
"261430.0";"443.0";"443.0"
"261440.0";"443.0";"443.0"
"261450.0";"443.0";"443.0"
"261460.0";"443.0";"443.0"
"261470.0";"443.0";"443.0"
"261480.0";"443.0";"443.0"
"261490.0";"443.0";"443.0"
"261500.0";"443.0";"443.0"
"261510.0";"443.0";"443.0"
"261520.0";"443.0";"443.0"
"261530.0";"443.0";"443.0"
"261540.0";"443.0";"443.0"
"261550.0";"443.0";"443.0"
"261560.0";"443.0";"443.0"
"261570.0";"443.0";"443.0"
"261580.0";"443.0";"443.0"
"261590.0";"443.0";"443.0"
"261600.0";"443.0";"443.0"
"261610.0";"443.0";"443.0"
"261620.0";"443.0";"443.0"
"261630.0";"443.0";"443.0"
"261640.0";"443.0";"443.0"
"261650.0";"443.0";"443.0"
"261660.0";"443.0";"443.0"
"261670.0";"443.0";"443.0"
"261680.0";"443.0";"443.0"
"261690.0";"443.0";"443.0"
"261700.0";"443.0";"443.0"
"261710.0";"443.0";"443.0"
"261720.0";"443.0";"443.0"
"261730.0";"443.0";"443.0"
"261740.0";"443.0";"443.0"
"261750.0";"443.0";"443.0"
"261760.0";"443.0";"443.0"
"261770.0";"443.0";"443.0"
"261780.0";"443.0";"443.0"
"261790.0";"443.0";"443.0"
"261800.0";"443.0";"443.0"
"261810.0";"443.0";"443.0"
"261820.0";"443.0";"443.0"
"261830.0";"443.0";"443.0"
"261840.0";"443.0";"443.0"
"261850.0";"443.0";"443.0"
"261860.0";"443.0";"443.0"
"261870.0";"443.0";"443.0"
"261880.0";"443.0";"443.0"
"261890.0";"443.0";"443.0"
"261900.0";"443.0";"443.0"
"261910.0";"443.0";"443.0"
"261920.0";"443.0";"443.0"
"261930.0";"443.0";"443.0"
"261940.0";"443.0";"443.0"
"261950.0";"443.0";"443.0"
"261960.0";"443.0";"443.0"
"261970.0";"443.0";"443.0"
"261980.0";"443.0";"443.0"
"261990.0";"443.0";"443.0"
"262000.0";"443.0";"443.0"
"262010.0";"443.0";"443.0"
"262020.0";"443.0";"443.0"
"262030.0";"443.0";"443.0"
"262040.0";"443.0";"443.0"
"262050.0";"443.0";"443.0"
"262060.0";"443.0";"443.0"
"262070.0";"443.0";"443.0"
"262080.0";"443.0";"443.0"
"262090.0";"443.0";"443.0"
"262100.0";"443.0";"443.0"
"262110.0";"443.0";"443.0"
"262120.0";"443.0";"443.0"
"262130.0";"443.0";"443.0"
"262140.0";"443.0";"443.0"
"262150.0";"443.0";"443.0"
"262160.0";"443.0";"443.0"
"262170.0";"443.0";"443.0"
"262180.0";"443.0";"443.0"
"262190.0";"443.0";"443.0"
"262200.0";"443.0";"443.0"
"262210.0";"443.0";"443.0"
"262220.0";"443.0";"443.0"
"262230.0";"443.0";"443.0"
"262240.0";"443.0";"443.0"
"262250.0";"443.0";"443.0"
"262260.0";"443.0";"443.0"
"262270.0";"443.0";"443.0"
"262280.0";"443.0";"443.0"
"262290.0";"443.0";"443.0"
"262300.0";"443.0";"443.0"
"262310.0";"443.0";"443.0"
"262320.0";"443.0";"443.0"
"262330.0";"443.0";"443.0"
"262340.0";"443.0";"443.0"
"262350.0";"443.0";"443.0"
"262360.0";"443.0";"443.0"
"262370.0";"443.0";"443.0"
"262380.0";"443.0";"443.0"
"262390.0";"443.0";"443.0"
"262400.0";"443.0";"443.0"
"262410.0";"443.0";"443.0"
"262420.0";"443.0";"443.0"
"262430.0";"443.0";"443.0"
"262440.0";"443.0";"443.0"
"262450.0";"443.0";"443.0"
"262460.0";"443.0";"443.0"
"262470.0";"443.0";"443.0"
"262480.0";"443.0";"443.0"
"262490.0";"443.0";"443.0"
"262500.0";"443.0";"443.0"
"262510.0";"443.0";"443.0"
"262520.0";"443.0";"443.0"
"262530.0";"443.0";"443.0"
"262540.0";"443.0";"443.0"
"262550.0";"443.0";"443.0"
"262560.0";"443.0";"443.0"
"262570.0";"443.0";"443.0"
"262580.0";"443.0";"443.0"
"262590.0";"443.0";"443.0"
"262600.0";"443.0";"443.0"
"262610.0";"443.0";"443.0"
"262620.0";"443.0";"443.0"
"262630.0";"443.0";"443.0"
"262640.0";"443.0";"443.0"
"262650.0";"443.0";"443.0"
"262660.0";"443.0";"443.0"
"262670.0";"443.0";"443.0"
"262680.0";"443.0";"443.0"
"262690.0";"443.0";"443.0"
"262700.0";"443.0";"443.0"
"262710.0";"443.0";"443.0"
"262720.0";"443.0";"443.0"
"262730.0";"443.0";"443.0"
"262740.0";"443.0";"443.0"
"262750.0";"443.0";"443.0"
"262760.0";"443.0";"443.0"
"262770.0";"443.0";"443.0"
"262780.0";"443.0";"443.0"
"262790.0";"443.0";"443.0"
"262800.0";"443.0";"443.0"
"262810.0";"443.0";"443.0"
"262820.0";"443.0";"443.0"
"262830.0";"443.0";"443.0"
"262840.0";"443.0";"443.0"
"262850.0";"443.0";"443.0"
"262860.0";"443.0";"443.0"
"262870.0";"443.0";"443.0"
"262880.0";"443.0";"443.0"
"262890.0";"443.0";"443.0"
"262900.0";"443.0";"443.0"
"262910.0";"443.0";"443.0"
"262920.0";"443.0";"443.0"
"262930.0";"443.0";"443.0"
"262940.0";"443.0";"443.0"
"262950.0";"443.0";"443.0"
"262960.0";"443.0";"443.0"
"262970.0";"443.0";"443.0"
"262980.0";"443.0";"443.0"
"262990.0";"443.0";"443.0"
"263000.0";"443.0";"443.0"
"263010.0";"443.0";"443.0"
"263020.0";"443.0";"443.0"
"263030.0";"443.0";"443.0"
"263040.0";"443.0";"443.0"
"263050.0";"443.0";"443.0"
"263060.0";"443.0";"443.0"
"263070.0";"443.0";"443.0"
"263080.0";"443.0";"443.0"
"263090.0";"443.0";"443.0"
"263100.0";"443.0";"443.0"
"263110.0";"443.0";"443.0"
"263120.0";"443.0";"443.0"
"263130.0";"443.0";"443.0"
"263140.0";"443.0";"443.0"
"263150.0";"443.0";"443.0"
"263160.0";"443.0";"443.0"
"263170.0";"443.0";"443.0"
"263180.0";"443.0";"443.0"
"263190.0";"443.0";"443.0"
"263200.0";"443.0";"443.0"
"263210.0";"443.0";"443.0"
"263220.0";"443.0";"443.0"
"263230.0";"443.0";"443.0"
"263240.0";"443.0";"443.0"
"263250.0";"443.0";"443.0"
"263260.0";"443.0";"443.0"
"263270.0";"443.0";"443.0"
"263280.0";"443.0";"443.0"
"263290.0";"443.0";"443.0"
"263300.0";"443.0";"443.0"
"263310.0";"443.0";"443.0"
"263320.0";"443.0";"443.0"
"263330.0";"443.0";"443.0"
"263340.0";"443.0";"443.0"
"263350.0";"443.0";"443.0"
"263360.0";"443.0";"443.0"
"263370.0";"443.0";"443.0"
"263380.0";"443.0";"443.0"
"263390.0";"443.0";"443.0"
"263400.0";"443.0";"443.0"
"263410.0";"443.0";"443.0"
"263420.0";"443.0";"443.0"
"263430.0";"443.0";"443.0"
"263440.0";"443.0";"443.0"
"263450.0";"443.0";"443.0"
"263460.0";"443.0";"443.0"
"263470.0";"443.0";"443.0"
"263480.0";"443.0";"443.0"
"263490.0";"443.0";"443.0"
"263500.0";"443.0";"443.0"
"263510.0";"443.0";"443.0"
"263520.0";"443.0";"443.0"
"263530.0";"443.0";"443.0"
"263540.0";"443.0";"443.0"
"263550.0";"443.0";"443.0"
"263560.0";"443.0";"443.0"
"263570.0";"443.0";"443.0"
"263580.0";"443.0";"443.0"
"263590.0";"443.0";"443.0"
"263600.0";"443.0";"443.0"
"263610.0";"443.0";"443.0"
"263620.0";"443.0";"443.0"
"263630.0";"443.0";"443.0"
"263640.0";"443.0";"443.0"
"263650.0";"443.0";"443.0"
"263660.0";"443.0";"443.0"
"263670.0";"443.0";"443.0"
"263680.0";"443.0";"443.0"
"263690.0";"443.0";"443.0"
"263700.0";"443.0";"443.0"
"263710.0";"443.0";"443.0"
"263720.0";"443.0";"443.0"
"263730.0";"443.0";"443.0"
"263740.0";"443.0";"443.0"
"263750.0";"443.0";"443.0"
"263760.0";"443.0";"443.0"
"263770.0";"443.0";"443.0"
"263780.0";"443.0";"443.0"
"263790.0";"443.0";"443.0"
"263800.0";"443.0";"443.0"
"263810.0";"443.0";"443.0"
"263820.0";"443.0";"443.0"
"263830.0";"443.0";"443.0"
"263840.0";"443.0";"443.0"
"263850.0";"443.0";"443.0"
"263860.0";"443.0";"443.0"
"263870.0";"443.0";"443.0"
"263880.0";"443.0";"443.0"
"263890.0";"443.0";"443.0"
"263900.0";"443.0";"443.0"
"263910.0";"443.0";"443.0"
"263920.0";"443.0";"443.0"
"263930.0";"443.0";"443.0"
"263940.0";"443.0";"443.0"
"263950.0";"443.0";"443.0"
"263960.0";"443.0";"443.0"
"263970.0";"443.0";"443.0"
"263980.0";"443.0";"443.0"
"263990.0";"443.0";"443.0"
"264000.0";"443.0";"443.0"
"264010.0";"443.0";"443.0"
"264020.0";"443.0";"443.0"
"264030.0";"443.0";"443.0"
"264040.0";"443.0";"443.0"
"264050.0";"443.0";"443.0"
"264060.0";"443.0";"443.0"
"264070.0";"443.0";"443.0"
"264080.0";"443.0";"443.0"
"264090.0";"443.0";"443.0"
"264100.0";"443.0";"443.0"
"264110.0";"443.0";"443.0"
"264120.0";"443.0";"443.0"
"264130.0";"443.0";"443.0"
"264140.0";"443.0";"443.0"
"264150.0";"443.0";"443.0"
"264160.0";"443.0";"443.0"
"264170.0";"443.0";"443.0"
"264180.0";"443.0";"443.0"
"264190.0";"443.0";"443.0"
"264200.0";"443.0";"443.0"
"264210.0";"443.0";"443.0"
"264220.0";"443.0";"443.0"
"264230.0";"443.0";"443.0"
"264240.0";"443.0";"443.0"
"264250.0";"443.0";"443.0"
"264260.0";"443.0";"443.0"
"264270.0";"443.0";"443.0"
"264280.0";"443.0";"443.0"
"264290.0";"443.0";"443.0"
"264300.0";"443.0";"443.0"
"264310.0";"443.0";"443.0"
"264320.0";"443.0";"443.0"
"264330.0";"443.0";"443.0"
"264340.0";"443.0";"443.0"
"264350.0";"443.0";"443.0"
"264360.0";"443.0";"443.0"
"264370.0";"443.0";"443.0"
"264380.0";"443.0";"443.0"
"264390.0";"443.0";"443.0"
"264400.0";"443.0";"443.0"
"264410.0";"443.0";"443.0"
"264420.0";"443.0";"443.0"
"264430.0";"443.0";"443.0"
"264440.0";"443.0";"443.0"
"264450.0";"443.0";"443.0"
"264460.0";"443.0";"443.0"
"264470.0";"443.0";"443.0"
"264480.0";"443.0";"443.0"
"264490.0";"443.0";"443.0"
"264500.0";"443.0";"443.0"
"264510.0";"443.0";"443.0"
"264520.0";"443.0";"443.0"
"264530.0";"443.0";"443.0"
"264540.0";"443.0";"443.0"
"264550.0";"443.0";"443.0"
"264560.0";"443.0";"443.0"
"264570.0";"443.0";"443.0"
"264580.0";"443.0";"443.0"
"264590.0";"443.0";"443.0"
"264600.0";"443.0";"443.0"
"264610.0";"443.0";"443.0"
"264620.0";"443.0";"443.0"
"264630.0";"443.0";"443.0"
"264640.0";"443.0";"443.0"
"264650.0";"443.0";"443.0"
"264660.0";"443.0";"443.0"
"264670.0";"443.0";"443.0"
"264680.0";"443.0";"443.0"
"264690.0";"443.0";"443.0"
"264700.0";"443.0";"443.0"
"264710.0";"443.0";"443.0"
"264720.0";"443.0";"443.0"
"264730.0";"443.0";"443.0"
"264740.0";"443.0";"443.0"
"264750.0";"443.0";"443.0"
"264760.0";"443.0";"443.0"
"264770.0";"443.0";"443.0"
"264780.0";"443.0";"443.0"
"264790.0";"443.0";"443.0"
"264800.0";"443.0";"443.0"
"264810.0";"443.0";"443.0"
"264820.0";"443.0";"443.0"
"264830.0";"443.0";"443.0"
"264840.0";"443.0";"443.0"
"264850.0";"443.0";"443.0"
"264860.0";"443.0";"443.0"
"264870.0";"443.0";"443.0"
"264880.0";"443.0";"443.0"
"264890.0";"443.0";"443.0"
"264900.0";"443.0";"443.0"
"264910.0";"443.0";"443.0"
"264920.0";"443.0";"443.0"
"264930.0";"443.0";"443.0"
"264940.0";"443.0";"443.0"
"264950.0";"443.0";"443.0"
"264960.0";"443.0";"443.0"
"264970.0";"443.0";"443.0"
"264980.0";"443.0";"443.0"
"264990.0";"443.0";"443.0"
"265000.0";"443.0";"443.0"
"265010.0";"443.0";"443.0"
"265020.0";"443.0";"443.0"
"265030.0";"443.0";"443.0"
"265040.0";"443.0";"443.0"
"265050.0";"443.0";"443.0"
"265060.0";"443.0";"443.0"
"265070.0";"443.0";"443.0"
"265080.0";"443.0";"443.0"
"265090.0";"443.0";"443.0"
"265100.0";"443.0";"443.0"
"265110.0";"443.0";"443.0"
"265120.0";"443.0";"443.0"
"265130.0";"443.0";"443.0"
"265140.0";"443.0";"443.0"
"265150.0";"443.0";"443.0"
"265160.0";"443.0";"443.0"
"265170.0";"443.0";"443.0"
"265180.0";"443.0";"443.0"
"265190.0";"443.0";"443.0"
"265200.0";"443.0";"443.0"
"265210.0";"443.0";"443.0"
"265220.0";"443.0";"443.0"
"265230.0";"443.0";"443.0"
"265240.0";"443.0";"443.0"
"265250.0";"443.0";"443.0"
"265260.0";"443.0";"443.0"
"265270.0";"443.0";"443.0"
"265280.0";"443.0";"443.0"
"265290.0";"443.0";"443.0"
"265300.0";"443.0";"443.0"
"265310.0";"443.0";"443.0"
"265320.0";"443.0";"443.0"
"265330.0";"443.0";"443.0"
"265340.0";"443.0";"443.0"
"265350.0";"443.0";"443.0"
"265360.0";"443.0";"443.0"
"265370.0";"443.0";"443.0"
"265380.0";"443.0";"443.0"
"265390.0";"443.0";"443.0"
"265400.0";"443.0";"443.0"
"265410.0";"443.0";"443.0"
"265420.0";"443.0";"443.0"
"265430.0";"443.0";"443.0"
"265440.0";"443.0";"443.0"
"265450.0";"443.0";"443.0"
"265460.0";"443.0";"443.0"
"265470.0";"443.0";"443.0"
"265480.0";"443.0";"443.0"
"265490.0";"443.0";"443.0"
"265500.0";"443.0";"443.0"
"265510.0";"443.0";"443.0"
"265520.0";"443.0";"443.0"
"265530.0";"443.0";"443.0"
"265540.0";"443.0";"443.0"
"265550.0";"443.0";"443.0"
"265560.0";"443.0";"443.0"
"265570.0";"443.0";"443.0"
"265580.0";"443.0";"443.0"
"265590.0";"443.0";"443.0"
"265600.0";"443.0";"443.0"
"265610.0";"443.0";"443.0"
"265620.0";"443.0";"443.0"
"265630.0";"443.0";"443.0"
"265640.0";"443.0";"443.0"
"265650.0";"443.0";"443.0"
"265660.0";"443.0";"443.0"
"265670.0";"443.0";"443.0"
"265680.0";"443.0";"443.0"
"265690.0";"443.0";"443.0"
"265700.0";"443.0";"443.0"
"265710.0";"443.0";"443.0"
"265720.0";"443.0";"443.0"
"265730.0";"443.0";"443.0"
"265740.0";"443.0";"443.0"
"265750.0";"443.0";"443.0"
"265760.0";"443.0";"443.0"
"265770.0";"443.0";"443.0"
"265780.0";"443.0";"443.0"
"265790.0";"443.0";"443.0"
"265800.0";"443.0";"443.0"
"265810.0";"443.0";"443.0"
"265820.0";"443.0";"443.0"
"265830.0";"443.0";"443.0"
"265840.0";"443.0";"443.0"
"265850.0";"443.0";"443.0"
"265860.0";"443.0";"443.0"
"265870.0";"443.0";"443.0"
"265880.0";"443.0";"443.0"
"265890.0";"443.0";"443.0"
"265900.0";"443.0";"443.0"
"265910.0";"443.0";"443.0"
"265920.0";"443.0";"443.0"
"265930.0";"443.0";"443.0"
"265940.0";"443.0";"443.0"
"265950.0";"443.0";"443.0"
"265960.0";"443.0";"443.0"
"265970.0";"443.0";"443.0"
"265980.0";"443.0";"443.0"
"265990.0";"443.0";"443.0"
"266000.0";"443.0";"443.0"
"266010.0";"443.0";"443.0"
"266020.0";"443.0";"443.0"
"266030.0";"443.0";"443.0"
"266040.0";"443.0";"443.0"
"266050.0";"443.0";"443.0"
"266060.0";"443.0";"443.0"
"266070.0";"443.0";"443.0"
"266080.0";"443.0";"443.0"
"266090.0";"443.0";"443.0"
"266100.0";"443.0";"443.0"
"266110.0";"443.0";"443.0"
"266120.0";"443.0";"443.0"
"266130.0";"443.0";"443.0"
"266140.0";"443.0";"443.0"
"266150.0";"443.0";"443.0"
"266160.0";"443.0";"443.0"
"266170.0";"443.0";"443.0"
"266180.0";"443.0";"443.0"
"266190.0";"443.0";"443.0"
"266200.0";"443.0";"443.0"
"266210.0";"443.0";"443.0"
"266220.0";"443.0";"443.0"
"266230.0";"443.0";"443.0"
"266240.0";"443.0";"443.0"
"266250.0";"443.0";"443.0"
"266260.0";"443.0";"443.0"
"266270.0";"443.0";"443.0"
"266280.0";"443.0";"443.0"
"266290.0";"443.0";"443.0"
"266300.0";"443.0";"443.0"
"266310.0";"443.0";"443.0"
"266320.0";"443.0";"443.0"
"266330.0";"443.0";"443.0"
"266340.0";"443.0";"443.0"
"266350.0";"443.0";"443.0"
"266360.0";"443.0";"443.0"
"266370.0";"443.0";"443.0"
"266380.0";"443.0";"443.0"
"266390.0";"443.0";"443.0"
"266400.0";"443.0";"443.0"
"266410.0";"443.0";"443.0"
"266420.0";"443.0";"443.0"
"266430.0";"443.0";"443.0"
"266440.0";"443.0";"443.0"
"266450.0";"443.0";"443.0"
"266460.0";"443.0";"443.0"
"266470.0";"443.0";"443.0"
"266480.0";"443.0";"443.0"
"266490.0";"443.0";"443.0"
"266500.0";"443.0";"443.0"
"266510.0";"443.0";"443.0"
"266520.0";"443.0";"443.0"
"266530.0";"443.0";"443.0"
"266540.0";"443.0";"443.0"
"266550.0";"443.0";"443.0"
"266560.0";"443.0";"443.0"
"266570.0";"443.0";"443.0"
"266580.0";"443.0";"443.0"
"266590.0";"443.0";"443.0"
"266600.0";"443.0";"443.0"
"266610.0";"443.0";"443.0"
"266620.0";"443.0";"443.0"
"266630.0";"443.0";"443.0"
"266640.0";"443.0";"443.0"
"266650.0";"443.0";"443.0"
"266660.0";"443.0";"443.0"
"266670.0";"443.0";"443.0"
"266680.0";"443.0";"443.0"
"266690.0";"443.0";"443.0"
"266700.0";"443.0";"443.0"
"266710.0";"443.0";"443.0"
"266720.0";"443.0";"443.0"
"266730.0";"443.0";"443.0"
"266740.0";"443.0";"443.0"
"266750.0";"443.0";"443.0"
"266760.0";"443.0";"443.0"
"266770.0";"443.0";"443.0"
"266780.0";"443.0";"443.0"
"266790.0";"443.0";"443.0"
"266800.0";"443.0";"443.0"
"266810.0";"443.0";"443.0"
"266820.0";"443.0";"443.0"
"266830.0";"443.0";"443.0"
"266840.0";"443.0";"443.0"
"266850.0";"443.0";"443.0"
"266860.0";"443.0";"443.0"
"266870.0";"443.0";"443.0"
"266880.0";"443.0";"443.0"
"266890.0";"443.0";"443.0"
"266900.0";"443.0";"443.0"
"266910.0";"443.0";"443.0"
"266920.0";"443.0";"443.0"
"266930.0";"443.0";"443.0"
"266940.0";"443.0";"443.0"
"266950.0";"443.0";"443.0"
"266960.0";"443.0";"443.0"
"266970.0";"443.0";"443.0"
"266980.0";"443.0";"443.0"
"266990.0";"443.0";"443.0"
"267000.0";"443.0";"443.0"
"267010.0";"443.0";"443.0"
"267020.0";"443.0";"443.0"
"267030.0";"443.0";"443.0"
"267040.0";"443.0";"443.0"
"267050.0";"443.0";"443.0"
"267060.0";"443.0";"443.0"
"267070.0";"443.0";"443.0"
"267080.0";"443.0";"443.0"
"267090.0";"443.0";"443.0"
"267100.0";"443.0";"443.0"
"267110.0";"443.0";"443.0"
"267120.0";"443.0";"443.0"
"267130.0";"443.0";"443.0"
"267140.0";"443.0";"443.0"
"267150.0";"443.0";"443.0"
"267160.0";"443.0";"443.0"
"267170.0";"443.0";"443.0"
"267180.0";"443.0";"443.0"
"267190.0";"443.0";"443.0"
"267200.0";"443.0";"443.0"
"267210.0";"443.0";"443.0"
"267220.0";"443.0";"443.0"
"267230.0";"443.0";"443.0"
"267240.0";"443.0";"443.0"
"267250.0";"443.0";"443.0"
"267260.0";"443.0";"443.0"
"267270.0";"443.0";"443.0"
"267280.0";"443.0";"443.0"
"267290.0";"443.0";"443.0"
"267300.0";"443.0";"443.0"
"267310.0";"443.0";"443.0"
"267320.0";"443.0";"443.0"
"267330.0";"443.0";"443.0"
"267340.0";"443.0";"443.0"
"267350.0";"443.0";"443.0"
"267360.0";"443.0";"443.0"
"267370.0";"443.0";"443.0"
"267380.0";"443.0";"443.0"
"267390.0";"443.0";"443.0"
"267400.0";"443.0";"443.0"
"267410.0";"443.0";"443.0"
"267420.0";"443.0";"443.0"
"267430.0";"443.0";"443.0"
"267440.0";"443.0";"443.0"
"267450.0";"443.0";"443.0"
"267460.0";"443.0";"443.0"
"267470.0";"443.0";"443.0"
"267480.0";"443.0";"443.0"
"267490.0";"443.0";"443.0"
"267500.0";"443.0";"443.0"
"267510.0";"443.0";"443.0"
"267520.0";"443.0";"443.0"
"267530.0";"443.0";"443.0"
"267540.0";"443.0";"443.0"
"267550.0";"443.0";"443.0"
"267560.0";"443.0";"443.0"
"267570.0";"443.0";"443.0"
"267580.0";"443.0";"443.0"
"267590.0";"443.0";"443.0"
"267600.0";"443.0";"443.0"
"267610.0";"443.0";"443.0"
"267620.0";"443.0";"443.0"
"267630.0";"443.0";"443.0"
"267640.0";"443.0";"443.0"
"267650.0";"443.0";"443.0"
"267660.0";"443.0";"443.0"
"267670.0";"443.0";"443.0"
"267680.0";"443.0";"443.0"
"267690.0";"443.0";"443.0"
"267700.0";"443.0";"443.0"
"267710.0";"443.0";"443.0"
"267720.0";"443.0";"443.0"
"267730.0";"443.0";"443.0"
"267740.0";"443.0";"443.0"
"267750.0";"443.0";"443.0"
"267760.0";"443.0";"443.0"
"267770.0";"443.0";"443.0"
"267780.0";"443.0";"443.0"
"267790.0";"443.0";"443.0"
"267800.0";"443.0";"443.0"
"267810.0";"443.0";"443.0"
"267820.0";"443.0";"443.0"
"267830.0";"443.0";"443.0"
"267840.0";"443.0";"443.0"
"267850.0";"443.0";"443.0"
"267860.0";"443.0";"443.0"
"267870.0";"443.0";"443.0"
"267880.0";"443.0";"443.0"
"267890.0";"443.0";"443.0"
"267900.0";"443.0";"443.0"
"267910.0";"443.0";"443.0"
"267920.0";"443.0";"443.0"
"267930.0";"443.0";"443.0"
"267940.0";"443.0";"443.0"
"267950.0";"443.0";"443.0"
"267960.0";"443.0";"443.0"
"267970.0";"443.0";"443.0"
"267980.0";"443.0";"443.0"
"267990.0";"443.0";"443.0"
"268000.0";"443.0";"443.0"
"268010.0";"443.0";"443.0"
"268020.0";"443.0";"443.0"
"268030.0";"443.0";"443.0"
"268040.0";"443.0";"443.0"
"268050.0";"443.0";"443.0"
"268060.0";"443.0";"443.0"
"268070.0";"443.0";"443.0"
"268080.0";"443.0";"443.0"
"268090.0";"443.0";"443.0"
"268100.0";"443.0";"443.0"
"268110.0";"443.0";"443.0"
"268120.0";"443.0";"443.0"
"268130.0";"443.0";"443.0"
"268140.0";"443.0";"443.0"
"268150.0";"443.0";"443.0"
"268160.0";"443.0";"443.0"
"268170.0";"443.0";"443.0"
"268180.0";"443.0";"443.0"
"268190.0";"443.0";"443.0"
"268200.0";"443.0";"443.0"
"268210.0";"443.0";"443.0"
"268220.0";"443.0";"443.0"
"268230.0";"443.0";"443.0"
"268240.0";"443.0";"443.0"
"268250.0";"443.0";"443.0"
"268260.0";"443.0";"443.0"
"268270.0";"443.0";"443.0"
"268280.0";"443.0";"443.0"
"268290.0";"443.0";"443.0"
"268300.0";"443.0";"443.0"
"268310.0";"443.0";"443.0"
"268320.0";"443.0";"443.0"
"268330.0";"443.0";"443.0"
"268340.0";"443.0";"443.0"
"268350.0";"443.0";"443.0"
"268360.0";"443.0";"443.0"
"268370.0";"443.0";"443.0"
"268380.0";"443.0";"443.0"
"268390.0";"443.0";"443.0"
"268400.0";"443.0";"443.0"
"268410.0";"443.0";"443.0"
"268420.0";"443.0";"443.0"
"268430.0";"443.0";"443.0"
"268440.0";"443.0";"443.0"
"268450.0";"443.0";"443.0"
"268460.0";"443.0";"443.0"
"268470.0";"443.0";"443.0"
"268480.0";"443.0";"443.0"
"268490.0";"443.0";"443.0"
"268500.0";"443.0";"443.0"
"268510.0";"443.0";"443.0"
"268520.0";"443.0";"443.0"
"268530.0";"443.0";"443.0"
"268540.0";"443.0";"443.0"
"268550.0";"443.0";"443.0"
"268560.0";"443.0";"443.0"
"268570.0";"443.0";"443.0"
"268580.0";"443.0";"443.0"
"268590.0";"443.0";"443.0"
"268600.0";"443.0";"443.0"
"268610.0";"443.0";"443.0"
"268620.0";"443.0";"443.0"
"268630.0";"443.0";"443.0"
"268640.0";"443.0";"443.0"
"268650.0";"443.0";"443.0"
"268660.0";"443.0";"443.0"
"268670.0";"443.0";"443.0"
"268680.0";"443.0";"443.0"
"268690.0";"443.0";"443.0"
"268700.0";"443.0";"443.0"
"268710.0";"443.0";"443.0"
"268720.0";"443.0";"443.0"
"268730.0";"443.0";"443.0"
"268740.0";"443.0";"443.0"
"268750.0";"443.0";"443.0"
"268760.0";"443.0";"443.0"
"268770.0";"443.0";"443.0"
"268780.0";"443.0";"443.0"
"268790.0";"443.0";"443.0"
"268800.0";"443.0";"443.0"
"268810.0";"443.0";"443.0"
"268820.0";"443.0";"443.0"
"268830.0";"443.0";"443.0"
"268840.0";"443.0";"443.0"
"268850.0";"443.0";"443.0"
"268860.0";"443.0";"443.0"
"268870.0";"443.0";"443.0"
"268880.0";"443.0";"443.0"
"268890.0";"443.0";"443.0"
"268900.0";"443.0";"443.0"
"268910.0";"443.0";"443.0"
"268920.0";"443.0";"443.0"
"268930.0";"443.0";"443.0"
"268940.0";"443.0";"443.0"
"268950.0";"443.0";"443.0"
"268960.0";"443.0";"443.0"
"268970.0";"443.0";"443.0"
"268980.0";"443.0";"443.0"
"268990.0";"443.0";"443.0"
"269000.0";"443.0";"443.0"
"269010.0";"443.0";"443.0"
"269020.0";"443.0";"443.0"
"269030.0";"443.0";"443.0"
"269040.0";"443.0";"443.0"
"269050.0";"443.0";"443.0"
"269060.0";"443.0";"443.0"
"269070.0";"443.0";"443.0"
"269080.0";"443.0";"443.0"
"269090.0";"443.0";"443.0"
"269100.0";"443.0";"443.0"
"269110.0";"443.0";"443.0"
"269120.0";"443.0";"443.0"
"269130.0";"443.0";"443.0"
"269140.0";"443.0";"443.0"
"269150.0";"443.0";"443.0"
"269160.0";"443.0";"443.0"
"269170.0";"443.0";"443.0"
"269180.0";"443.0";"443.0"
"269190.0";"443.0";"443.0"
"269200.0";"443.0";"443.0"
"269210.0";"443.0";"443.0"
"269220.0";"443.0";"443.0"
"269230.0";"443.0";"443.0"
"269240.0";"443.0";"443.0"
"269250.0";"443.0";"443.0"
"269260.0";"443.0";"443.0"
"269270.0";"443.0";"443.0"
"269280.0";"443.0";"443.0"
"269290.0";"443.0";"443.0"
"269300.0";"443.0";"443.0"
"269310.0";"443.0";"443.0"
"269320.0";"443.0";"443.0"
"269330.0";"443.0";"443.0"
"269340.0";"443.0";"443.0"
"269350.0";"443.0";"443.0"
"269360.0";"443.0";"443.0"
"269370.0";"443.0";"443.0"
"269380.0";"443.0";"443.0"
"269390.0";"443.0";"443.0"
"269400.0";"443.0";"443.0"
"269410.0";"443.0";"443.0"
"269420.0";"443.0";"443.0"
"269430.0";"443.0";"443.0"
"269440.0";"443.0";"443.0"
"269450.0";"443.0";"443.0"
"269460.0";"443.0";"443.0"
"269470.0";"443.0";"443.0"
"269480.0";"443.0";"443.0"
"269490.0";"443.0";"443.0"
"269500.0";"443.0";"443.0"
"269510.0";"443.0";"443.0"
"269520.0";"443.0";"443.0"
"269530.0";"443.0";"443.0"
"269540.0";"443.0";"443.0"
"269550.0";"443.0";"443.0"
"269560.0";"443.0";"443.0"
"269570.0";"443.0";"443.0"
"269580.0";"443.0";"443.0"
"269590.0";"443.0";"443.0"
"269600.0";"443.0";"443.0"
"269610.0";"443.0";"443.0"
"269620.0";"443.0";"443.0"
"269630.0";"443.0";"443.0"
"269640.0";"443.0";"443.0"
"269650.0";"443.0";"443.0"
"269660.0";"443.0";"443.0"
"269670.0";"443.0";"443.0"
"269680.0";"443.0";"443.0"
"269690.0";"443.0";"443.0"
"269700.0";"443.0";"443.0"
"269710.0";"443.0";"443.0"
"269720.0";"443.0";"443.0"
"269730.0";"443.0";"443.0"
"269740.0";"443.0";"443.0"
"269750.0";"443.0";"443.0"
"269760.0";"443.0";"443.0"
"269770.0";"443.0";"443.0"
"269780.0";"443.0";"443.0"
"269790.0";"443.0";"443.0"
"269800.0";"443.0";"443.0"
"269810.0";"443.0";"443.0"
"269820.0";"443.0";"443.0"
"269830.0";"443.0";"443.0"
"269840.0";"443.0";"443.0"
"269850.0";"443.0";"443.0"
"269860.0";"443.0";"443.0"
"269870.0";"443.0";"443.0"
"269880.0";"443.0";"443.0"
"269890.0";"443.0";"443.0"
"269900.0";"443.0";"443.0"
"269910.0";"443.0";"443.0"
"269920.0";"443.0";"443.0"
"269930.0";"443.0";"443.0"
"269940.0";"443.0";"443.0"
"269950.0";"443.0";"443.0"
"269960.0";"443.0";"443.0"
"269970.0";"443.0";"443.0"
"269980.0";"443.0";"443.0"
"269990.0";"443.0";"443.0"
"270000.0";"443.0";"443.0"
"270010.0";"443.0";"443.0"
"270020.0";"443.0";"443.0"
"270030.0";"443.0";"443.0"
"270040.0";"443.0";"443.0"
"270050.0";"443.0";"443.0"
"270060.0";"443.0";"443.0"
"270070.0";"443.0";"443.0"
"270080.0";"443.0";"443.0"
"270090.0";"443.0";"443.0"
"270100.0";"443.0";"443.0"
"270110.0";"443.0";"443.0"
"270120.0";"443.0";"443.0"
"270130.0";"443.0";"443.0"
"270140.0";"443.0";"443.0"
"270150.0";"443.0";"443.0"
"270160.0";"443.0";"443.0"
"270170.0";"443.0";"443.0"
"270180.0";"443.0";"443.0"
"270190.0";"443.0";"443.0"
"270200.0";"443.0";"443.0"
"270210.0";"443.0";"443.0"
"270220.0";"443.0";"443.0"
"270230.0";"443.0";"443.0"
"270240.0";"443.0";"443.0"
"270250.0";"443.0";"443.0"
"270260.0";"443.0";"443.0"
"270270.0";"443.0";"443.0"
"270280.0";"443.0";"443.0"
"270290.0";"443.0";"443.0"
"270300.0";"443.0";"443.0"
"270310.0";"443.0";"443.0"
"270320.0";"443.0";"443.0"
"270330.0";"443.0";"443.0"
"270340.0";"443.0";"443.0"
"270350.0";"443.0";"443.0"
"270360.0";"443.0";"443.0"
"270370.0";"443.0";"443.0"
"270380.0";"443.0";"443.0"
"270390.0";"443.0";"443.0"
"270400.0";"443.0";"443.0"
"270410.0";"443.0";"443.0"
"270420.0";"443.0";"443.0"
"270430.0";"443.0";"443.0"
"270440.0";"443.0";"443.0"
"270450.0";"443.0";"443.0"
"270460.0";"443.0";"443.0"
"270470.0";"443.0";"443.0"
"270480.0";"443.0";"443.0"
"270490.0";"443.0";"443.0"
"270500.0";"443.0";"443.0"
"270510.0";"443.0";"443.0"
"270520.0";"443.0";"443.0"
"270530.0";"443.0";"443.0"
"270540.0";"443.0";"443.0"
"270550.0";"443.0";"443.0"
"270560.0";"443.0";"443.0"
"270570.0";"443.0";"443.0"
"270580.0";"443.0";"443.0"
"270590.0";"443.0";"443.0"
"270600.0";"443.0";"443.0"
"270610.0";"443.0";"443.0"
"270620.0";"443.0";"443.0"
"270630.0";"443.0";"443.0"
"270640.0";"443.0";"443.0"
"270650.0";"443.0";"443.0"
"270660.0";"443.0";"443.0"
"270670.0";"443.0";"443.0"
"270680.0";"443.0";"443.0"
"270690.0";"443.0";"443.0"
"270700.0";"443.0";"443.0"
"270710.0";"443.0";"443.0"
"270720.0";"443.0";"443.0"
"270730.0";"443.0";"443.0"
"270740.0";"443.0";"443.0"
"270750.0";"443.0";"443.0"
"270760.0";"443.0";"443.0"
"270770.0";"443.0";"443.0"
"270780.0";"443.0";"443.0"
"270790.0";"443.0";"443.0"
"270800.0";"443.0";"443.0"
"270810.0";"443.0";"443.0"
"270820.0";"443.0";"443.0"
"270830.0";"443.0";"443.0"
"270840.0";"443.0";"443.0"
"270850.0";"443.0";"443.0"
"270860.0";"443.0";"443.0"
"270870.0";"443.0";"443.0"
"270880.0";"443.0";"443.0"
"270890.0";"443.0";"443.0"
"270900.0";"443.0";"443.0"
"270910.0";"443.0";"443.0"
"270920.0";"443.0";"443.0"
"270930.0";"443.0";"443.0"
"270940.0";"443.0";"443.0"
"270950.0";"443.0";"443.0"
"270960.0";"443.0";"443.0"
"270970.0";"443.0";"443.0"
"270980.0";"443.0";"443.0"
"270990.0";"443.0";"443.0"
"271000.0";"443.0";"443.0"
"271010.0";"443.0";"443.0"
"271020.0";"443.0";"443.0"
"271030.0";"443.0";"443.0"
"271040.0";"443.0";"443.0"
"271050.0";"443.0";"443.0"
"271060.0";"443.0";"443.0"
"271070.0";"443.0";"443.0"
"271080.0";"443.0";"443.0"
"271090.0";"443.0";"443.0"
"271100.0";"443.0";"443.0"
"271110.0";"443.0";"443.0"
"271120.0";"443.0";"443.0"
"271130.0";"443.0";"443.0"
"271140.0";"443.0";"443.0"
"271150.0";"443.0";"443.0"
"271160.0";"443.0";"443.0"
"271170.0";"443.0";"443.0"
"271180.0";"443.0";"443.0"
"271190.0";"443.0";"443.0"
"271200.0";"443.0";"443.0"
"271210.0";"443.0";"443.0"
"271220.0";"443.0";"443.0"
"271230.0";"443.0";"443.0"
"271240.0";"443.0";"443.0"
"271250.0";"443.0";"443.0"
"271260.0";"443.0";"443.0"
"271270.0";"443.0";"443.0"
"271280.0";"443.0";"443.0"
"271290.0";"443.0";"443.0"
"271300.0";"443.0";"443.0"
"271310.0";"443.0";"443.0"
"271320.0";"443.0";"443.0"
"271330.0";"443.0";"443.0"
"271340.0";"443.0";"443.0"
"271350.0";"443.0";"443.0"
"271360.0";"443.0";"443.0"
"271370.0";"443.0";"443.0"
"271380.0";"443.0";"443.0"
"271390.0";"443.0";"443.0"
"271400.0";"443.0";"443.0"
"271410.0";"443.0";"443.0"
"271420.0";"443.0";"443.0"
"271430.0";"443.0";"443.0"
"271440.0";"443.0";"443.0"
"271450.0";"443.0";"443.0"
"271460.0";"443.0";"443.0"
"271470.0";"443.0";"443.0"
"271480.0";"443.0";"443.0"
"271490.0";"443.0";"443.0"
"271500.0";"443.0";"443.0"
"271510.0";"443.0";"443.0"
"271520.0";"443.0";"443.0"
"271530.0";"443.0";"443.0"
"271540.0";"443.0";"443.0"
"271550.0";"443.0";"443.0"
"271560.0";"443.0";"443.0"
"271570.0";"443.0";"443.0"
"271580.0";"443.0";"443.0"
"271590.0";"443.0";"443.0"
"271600.0";"443.0";"443.0"
"271610.0";"443.0";"443.0"
"271620.0";"443.0";"443.0"
"271630.0";"443.0";"443.0"
"271640.0";"443.0";"443.0"
"271650.0";"443.0";"443.0"
"271660.0";"443.0";"443.0"
"271670.0";"443.0";"443.0"
"271680.0";"443.0";"443.0"
"271690.0";"443.0";"443.0"
"271700.0";"443.0";"443.0"
"271710.0";"443.0";"443.0"
"271720.0";"443.0";"443.0"
"271730.0";"443.0";"443.0"
"271740.0";"443.0";"443.0"
"271750.0";"443.0";"443.0"
"271760.0";"443.0";"443.0"
"271770.0";"443.0";"443.0"
"271780.0";"443.0";"443.0"
"271790.0";"443.0";"443.0"
"271800.0";"443.0";"443.0"
"271810.0";"443.0";"443.0"
"271820.0";"443.0";"443.0"
"271830.0";"443.0";"443.0"
"271840.0";"443.0";"443.0"
"271850.0";"443.0";"443.0"
"271860.0";"443.0";"443.0"
"271870.0";"443.0";"443.0"
"271880.0";"443.0";"443.0"
"271890.0";"443.0";"443.0"
"271900.0";"443.0";"443.0"
"271910.0";"443.0";"443.0"
"271920.0";"443.0";"443.0"
"271930.0";"443.0";"443.0"
"271940.0";"443.0";"443.0"
"271950.0";"443.0";"443.0"
"271960.0";"443.0";"443.0"
"271970.0";"443.0";"443.0"
"271980.0";"443.0";"443.0"
"271990.0";"443.0";"443.0"
"272000.0";"443.0";"443.0"
"272010.0";"443.0";"443.0"
"272020.0";"443.0";"443.0"
"272030.0";"443.0";"443.0"
"272040.0";"443.0";"443.0"
"272050.0";"443.0";"443.0"
"272060.0";"443.0";"443.0"
"272070.0";"443.0";"443.0"
"272080.0";"443.0";"443.0"
"272090.0";"443.0";"443.0"
"272100.0";"443.0";"443.0"
"272110.0";"443.0";"443.0"
"272120.0";"443.0";"443.0"
"272130.0";"443.0";"443.0"
"272140.0";"443.0";"443.0"
"272150.0";"443.0";"443.0"
"272160.0";"443.0";"443.0"
"272170.0";"443.0";"443.0"
"272180.0";"443.0";"443.0"
"272190.0";"443.0";"443.0"
"272200.0";"443.0";"443.0"
"272210.0";"443.0";"443.0"
"272220.0";"443.0";"443.0"
"272230.0";"443.0";"443.0"
"272240.0";"443.0";"443.0"
"272250.0";"443.0";"443.0"
"272260.0";"443.0";"443.0"
"272270.0";"443.0";"443.0"
"272280.0";"443.0";"443.0"
"272290.0";"443.0";"443.0"
"272300.0";"443.0";"443.0"
"272310.0";"443.0";"443.0"
"272320.0";"443.0";"443.0"
"272330.0";"443.0";"443.0"
"272340.0";"443.0";"443.0"
"272350.0";"443.0";"443.0"
"272360.0";"443.0";"443.0"
"272370.0";"443.0";"443.0"
"272380.0";"443.0";"443.0"
"272390.0";"443.0";"443.0"
"272400.0";"443.0";"443.0"
"272410.0";"443.0";"443.0"
"272420.0";"443.0";"443.0"
"272430.0";"443.0";"443.0"
"272440.0";"443.0";"443.0"
"272450.0";"443.0";"443.0"
"272460.0";"443.0";"443.0"
"272470.0";"443.0";"443.0"
"272480.0";"443.0";"443.0"
"272490.0";"443.0";"443.0"
"272500.0";"443.0";"443.0"
"272510.0";"443.0";"443.0"
"272520.0";"443.0";"443.0"
"272530.0";"443.0";"443.0"
"272540.0";"443.0";"443.0"
"272550.0";"443.0";"443.0"
"272560.0";"443.0";"443.0"
"272570.0";"443.0";"443.0"
"272580.0";"443.0";"443.0"
"272590.0";"443.0";"443.0"
"272600.0";"443.0";"443.0"
"272610.0";"443.0";"443.0"
"272620.0";"443.0";"443.0"
"272630.0";"443.0";"443.0"
"272640.0";"443.0";"443.0"
"272650.0";"443.0";"443.0"
"272660.0";"443.0";"443.0"
"272670.0";"443.0";"443.0"
"272680.0";"443.0";"443.0"
"272690.0";"443.0";"443.0"
"272700.0";"443.0";"443.0"
"272710.0";"443.0";"443.0"
"272720.0";"443.0";"443.0"
"272730.0";"443.0";"443.0"
"272740.0";"443.0";"443.0"
"272750.0";"443.0";"443.0"
"272760.0";"443.0";"443.0"
"272770.0";"443.0";"443.0"
"272780.0";"443.0";"443.0"
"272790.0";"443.0";"443.0"
"272800.0";"443.0";"443.0"
"272810.0";"443.0";"443.0"
"272820.0";"443.0";"443.0"
"272830.0";"443.0";"443.0"
"272840.0";"443.0";"443.0"
"272850.0";"443.0";"443.0"
"272860.0";"443.0";"443.0"
"272870.0";"443.0";"443.0"
"272880.0";"443.0";"443.0"
"272890.0";"443.0";"443.0"
"272900.0";"443.0";"443.0"
"272910.0";"443.0";"443.0"
"272920.0";"443.0";"443.0"
"272930.0";"443.0";"443.0"
"272940.0";"443.0";"443.0"
"272950.0";"443.0";"443.0"
"272960.0";"443.0";"443.0"
"272970.0";"443.0";"443.0"
"272980.0";"443.0";"443.0"
"272990.0";"443.0";"443.0"
"273000.0";"443.0";"443.0"
"273010.0";"443.0";"443.0"
"273020.0";"443.0";"443.0"
"273030.0";"443.0";"443.0"
"273040.0";"443.0";"443.0"
"273050.0";"443.0";"443.0"
"273060.0";"443.0";"443.0"
"273070.0";"443.0";"443.0"
"273080.0";"443.0";"443.0"
"273090.0";"443.0";"443.0"
"273100.0";"443.0";"443.0"
"273110.0";"443.0";"443.0"
"273120.0";"443.0";"443.0"
"273130.0";"443.0";"443.0"
"273140.0";"443.0";"443.0"
"273150.0";"443.0";"443.0"
"273160.0";"443.0";"443.0"
"273170.0";"443.0";"443.0"
"273180.0";"443.0";"443.0"
"273190.0";"443.0";"443.0"
"273200.0";"443.0";"443.0"
"273210.0";"443.0";"443.0"
"273220.0";"443.0";"443.0"
"273230.0";"443.0";"443.0"
"273240.0";"443.0";"443.0"
"273250.0";"443.0";"443.0"
"273260.0";"443.0";"443.0"
"273270.0";"443.0";"443.0"
"273280.0";"443.0";"443.0"
"273290.0";"443.0";"443.0"
"273300.0";"443.0";"443.0"
"273310.0";"443.0";"443.0"
"273320.0";"443.0";"443.0"
"273330.0";"443.0";"443.0"
"273340.0";"443.0";"443.0"
"273350.0";"443.0";"443.0"
"273360.0";"443.0";"443.0"
"273370.0";"443.0";"443.0"
"273380.0";"443.0";"443.0"
"273390.0";"443.0";"443.0"
"273400.0";"443.0";"443.0"
"273410.0";"443.0";"443.0"
"273420.0";"443.0";"443.0"
"273430.0";"443.0";"443.0"
"273440.0";"443.0";"443.0"
"273450.0";"443.0";"443.0"
"273460.0";"443.0";"443.0"
"273470.0";"443.0";"443.0"
"273480.0";"443.0";"443.0"
"273490.0";"443.0";"443.0"
"273500.0";"443.0";"443.0"
"273510.0";"443.0";"443.0"
"273520.0";"443.0";"443.0"
"273530.0";"443.0";"443.0"
"273540.0";"443.0";"443.0"
"273550.0";"443.0";"443.0"
"273560.0";"443.0";"443.0"
"273570.0";"443.0";"443.0"
"273580.0";"443.0";"443.0"
"273590.0";"443.0";"443.0"
"273600.0";"443.0";"443.0"
"273610.0";"443.0";"443.0"
"273620.0";"443.0";"443.0"
"273630.0";"443.0";"443.0"
"273640.0";"443.0";"443.0"
"273650.0";"443.0";"443.0"
"273660.0";"443.0";"443.0"
"273670.0";"443.0";"443.0"
"273680.0";"443.0";"443.0"
"273690.0";"443.0";"443.0"
"273700.0";"443.0";"443.0"
"273710.0";"443.0";"443.0"
"273720.0";"443.0";"443.0"
"273730.0";"443.0";"443.0"
"273740.0";"443.0";"443.0"
"273750.0";"443.0";"443.0"
"273760.0";"443.0";"443.0"
"273770.0";"443.0";"443.0"
"273780.0";"443.0";"443.0"
"273790.0";"443.0";"443.0"
"273800.0";"443.0";"443.0"
"273810.0";"443.0";"443.0"
"273820.0";"443.0";"443.0"
"273830.0";"443.0";"443.0"
"273840.0";"443.0";"443.0"
"273850.0";"443.0";"443.0"
"273860.0";"443.0";"443.0"
"273870.0";"443.0";"443.0"
"273880.0";"443.0";"443.0"
"273890.0";"443.0";"443.0"
"273900.0";"443.0";"443.0"
"273910.0";"443.0";"443.0"
"273920.0";"443.0";"443.0"
"273930.0";"443.0";"443.0"
"273940.0";"443.0";"443.0"
"273950.0";"443.0";"443.0"
"273960.0";"443.0";"443.0"
"273970.0";"443.0";"443.0"
"273980.0";"443.0";"443.0"
"273990.0";"443.0";"443.0"
"274000.0";"443.0";"443.0"
"274010.0";"443.0";"443.0"
"274020.0";"443.0";"443.0"
"274030.0";"443.0";"443.0"
"274040.0";"443.0";"443.0"
"274050.0";"443.0";"443.0"
"274060.0";"443.0";"443.0"
"274070.0";"443.0";"443.0"
"274080.0";"443.0";"443.0"
"274090.0";"443.0";"443.0"
"274100.0";"443.0";"443.0"
"274110.0";"443.0";"443.0"
"274120.0";"443.0";"443.0"
"274130.0";"443.0";"443.0"
"274140.0";"443.0";"443.0"
"274150.0";"443.0";"443.0"
"274160.0";"443.0";"443.0"
"274170.0";"443.0";"443.0"
"274180.0";"443.0";"443.0"
"274190.0";"443.0";"443.0"
"274200.0";"443.0";"443.0"
"274210.0";"443.0";"443.0"
"274220.0";"443.0";"443.0"
"274230.0";"443.0";"443.0"
"274240.0";"443.0";"443.0"
"274250.0";"443.0";"443.0"
"274260.0";"443.0";"443.0"
"274270.0";"443.0";"443.0"
"274280.0";"443.0";"443.0"
"274290.0";"443.0";"443.0"
"274300.0";"443.0";"443.0"
"274310.0";"443.0";"443.0"
"274320.0";"443.0";"443.0"
"274330.0";"443.0";"443.0"
"274340.0";"443.0";"443.0"
"274350.0";"443.0";"443.0"
"274360.0";"443.0";"443.0"
"274370.0";"443.0";"443.0"
"274380.0";"443.0";"443.0"
"274390.0";"443.0";"443.0"
"274400.0";"443.0";"443.0"
"274410.0";"443.0";"443.0"
"274420.0";"443.0";"443.0"
"274430.0";"443.0";"443.0"
"274440.0";"443.0";"443.0"
"274450.0";"443.0";"443.0"
"274460.0";"443.0";"443.0"
"274470.0";"443.0";"443.0"
"274480.0";"443.0";"443.0"
"274490.0";"443.0";"443.0"
"274500.0";"443.0";"443.0"
"274510.0";"443.0";"443.0"
"274520.0";"443.0";"443.0"
"274530.0";"443.0";"443.0"
"274540.0";"443.0";"443.0"
"274550.0";"443.0";"443.0"
"274560.0";"443.0";"443.0"
"274570.0";"443.0";"443.0"
"274580.0";"443.0";"443.0"
"274590.0";"443.0";"443.0"
"274600.0";"443.0";"443.0"
"274610.0";"443.0";"443.0"
"274620.0";"443.0";"443.0"
"274630.0";"443.0";"443.0"
"274640.0";"443.0";"443.0"
"274650.0";"443.0";"443.0"
"274660.0";"443.0";"443.0"
"274670.0";"443.0";"443.0"
"274680.0";"443.0";"443.0"
"274690.0";"443.0";"443.0"
"274700.0";"443.0";"443.0"
"274710.0";"443.0";"443.0"
"274720.0";"443.0";"443.0"
"274730.0";"443.0";"443.0"
"274740.0";"443.0";"443.0"
"274750.0";"443.0";"443.0"
"274760.0";"443.0";"443.0"
"274770.0";"443.0";"443.0"
"274780.0";"443.0";"443.0"
"274790.0";"443.0";"443.0"
"274800.0";"443.0";"443.0"
"274810.0";"443.0";"443.0"
"274820.0";"443.0";"443.0"
"274830.0";"443.0";"443.0"
"274840.0";"443.0";"443.0"
"274850.0";"443.0";"443.0"
"274860.0";"443.0";"443.0"
"274870.0";"443.0";"443.0"
"274880.0";"443.0";"443.0"
"274890.0";"443.0";"443.0"
"274900.0";"443.0";"443.0"
"274910.0";"443.0";"443.0"
"274920.0";"443.0";"443.0"
"274930.0";"443.0";"443.0"
"274940.0";"443.0";"443.0"
"274950.0";"443.0";"443.0"
"274960.0";"443.0";"443.0"
"274970.0";"443.0";"443.0"
"274980.0";"443.0";"443.0"
"274990.0";"443.0";"443.0"
"275000.0";"443.0";"443.0"
"275010.0";"443.0";"443.0"
"275020.0";"443.0";"443.0"
"275030.0";"443.0";"443.0"
"275040.0";"443.0";"443.0"
"275050.0";"443.0";"443.0"
"275060.0";"443.0";"443.0"
"275070.0";"443.0";"443.0"
"275080.0";"443.0";"443.0"
"275090.0";"443.0";"443.0"
"275100.0";"443.0";"443.0"
"275110.0";"443.0";"443.0"
"275120.0";"443.0";"443.0"
"275130.0";"443.0";"443.0"
"275140.0";"443.0";"443.0"
"275150.0";"443.0";"443.0"
"275160.0";"443.0";"443.0"
"275170.0";"443.0";"443.0"
"275180.0";"443.0";"443.0"
"275190.0";"443.0";"443.0"
"275200.0";"443.0";"443.0"
"275210.0";"443.0";"443.0"
"275220.0";"443.0";"443.0"
"275230.0";"443.0";"443.0"
"275240.0";"443.0";"443.0"
"275250.0";"443.0";"443.0"
"275260.0";"443.0";"443.0"
"275270.0";"443.0";"443.0"
"275280.0";"443.0";"443.0"
"275290.0";"443.0";"443.0"
"275300.0";"443.0";"443.0"
"275310.0";"443.0";"443.0"
"275320.0";"443.0";"443.0"
"275330.0";"443.0";"443.0"
"275340.0";"443.0";"443.0"
"275350.0";"443.0";"443.0"
"275360.0";"443.0";"443.0"
"275370.0";"443.0";"443.0"
"275380.0";"443.0";"443.0"
"275390.0";"443.0";"443.0"
"275400.0";"443.0";"443.0"
"275410.0";"443.0";"443.0"
"275420.0";"443.0";"443.0"
"275430.0";"443.0";"443.0"
"275440.0";"443.0";"443.0"
"275450.0";"443.0";"443.0"
"275460.0";"443.0";"443.0"
"275470.0";"443.0";"443.0"
"275480.0";"443.0";"443.0"
"275490.0";"443.0";"443.0"
"275500.0";"443.0";"443.0"
"275510.0";"443.0";"443.0"
"275520.0";"443.0";"443.0"
"275530.0";"443.0";"443.0"
"275540.0";"443.0";"443.0"
"275550.0";"443.0";"443.0"
"275560.0";"443.0";"443.0"
"275570.0";"443.0";"443.0"
"275580.0";"443.0";"443.0"
"275590.0";"443.0";"443.0"
"275600.0";"443.0";"443.0"
"275610.0";"443.0";"443.0"
"275620.0";"443.0";"443.0"
"275630.0";"443.0";"443.0"
"275640.0";"443.0";"443.0"
"275650.0";"443.0";"443.0"
"275660.0";"443.0";"443.0"
"275670.0";"443.0";"443.0"
"275680.0";"443.0";"443.0"
"275690.0";"443.0";"443.0"
"275700.0";"443.0";"443.0"
"275710.0";"443.0";"443.0"
"275720.0";"443.0";"443.0"
"275730.0";"443.0";"443.0"
"275740.0";"443.0";"443.0"
"275750.0";"443.0";"443.0"
"275760.0";"443.0";"443.0"
"275770.0";"443.0";"443.0"
"275780.0";"443.0";"443.0"
"275790.0";"443.0";"443.0"
"275800.0";"443.0";"443.0"
"275810.0";"443.0";"443.0"
"275820.0";"443.0";"443.0"
"275830.0";"443.0";"443.0"
"275840.0";"443.0";"443.0"
"275850.0";"443.0";"443.0"
"275860.0";"443.0";"443.0"
"275870.0";"443.0";"443.0"
"275880.0";"443.0";"443.0"
"275890.0";"443.0";"443.0"
"275900.0";"443.0";"443.0"
"275910.0";"443.0";"443.0"
"275920.0";"443.0";"443.0"
"275930.0";"443.0";"443.0"
"275940.0";"443.0";"443.0"
"275950.0";"443.0";"443.0"
"275960.0";"443.0";"443.0"
"275970.0";"443.0";"443.0"
"275980.0";"443.0";"443.0"
"275990.0";"443.0";"443.0"
"276000.0";"443.0";"443.0"
"276010.0";"443.0";"443.0"
"276020.0";"443.0";"443.0"
"276030.0";"443.0";"443.0"
"276040.0";"443.0";"443.0"
"276050.0";"443.0";"443.0"
"276060.0";"443.0";"443.0"
"276070.0";"443.0";"443.0"
"276080.0";"443.0";"443.0"
"276090.0";"443.0";"443.0"
"276100.0";"443.0";"443.0"
"276110.0";"443.0";"443.0"
"276120.0";"443.0";"443.0"
"276130.0";"443.0";"443.0"
"276140.0";"443.0";"443.0"
"276150.0";"443.0";"443.0"
"276160.0";"443.0";"443.0"
"276170.0";"443.0";"443.0"
"276180.0";"443.0";"443.0"
"276190.0";"443.0";"443.0"
"276200.0";"443.0";"443.0"
"276210.0";"443.0";"443.0"
"276220.0";"443.0";"443.0"
"276230.0";"443.0";"443.0"
"276240.0";"443.0";"443.0"
"276250.0";"443.0";"443.0"
"276260.0";"443.0";"443.0"
"276270.0";"443.0";"443.0"
"276280.0";"443.0";"443.0"
"276290.0";"443.0";"443.0"
"276300.0";"443.0";"443.0"
"276310.0";"443.0";"443.0"
"276320.0";"443.0";"443.0"
"276330.0";"443.0";"443.0"
"276340.0";"443.0";"443.0"
"276350.0";"443.0";"443.0"
"276360.0";"443.0";"443.0"
"276370.0";"443.0";"443.0"
"276380.0";"443.0";"443.0"
"276390.0";"443.0";"443.0"
"276400.0";"443.0";"443.0"
"276410.0";"443.0";"443.0"
"276420.0";"443.0";"443.0"
"276430.0";"443.0";"443.0"
"276440.0";"443.0";"443.0"
"276450.0";"443.0";"443.0"
"276460.0";"443.0";"443.0"
"276470.0";"443.0";"443.0"
"276480.0";"443.0";"443.0"
"276490.0";"443.0";"443.0"
"276500.0";"443.0";"443.0"
"276510.0";"443.0";"443.0"
"276520.0";"443.0";"443.0"
"276530.0";"443.0";"443.0"
"276540.0";"443.0";"443.0"
"276550.0";"443.0";"443.0"
"276560.0";"443.0";"443.0"
"276570.0";"443.0";"443.0"
"276580.0";"443.0";"443.0"
"276590.0";"443.0";"443.0"
"276600.0";"443.0";"443.0"
"276610.0";"443.0";"443.0"
"276620.0";"443.0";"443.0"
"276630.0";"443.0";"443.0"
"276640.0";"443.0";"443.0"
"276650.0";"443.0";"443.0"
"276660.0";"443.0";"443.0"
"276670.0";"443.0";"443.0"
"276680.0";"443.0";"443.0"
"276690.0";"443.0";"443.0"
"276700.0";"443.0";"443.0"
"276710.0";"443.0";"443.0"
"276720.0";"443.0";"443.0"
"276730.0";"443.0";"443.0"
"276740.0";"443.0";"443.0"
"276750.0";"443.0";"443.0"
"276760.0";"443.0";"443.0"
"276770.0";"443.0";"443.0"
"276780.0";"443.0";"443.0"
"276790.0";"443.0";"443.0"
"276800.0";"443.0";"443.0"
"276810.0";"443.0";"443.0"
"276820.0";"443.0";"443.0"
"276830.0";"443.0";"443.0"
"276840.0";"443.0";"443.0"
"276850.0";"443.0";"443.0"
"276860.0";"443.0";"443.0"
"276870.0";"443.0";"443.0"
"276880.0";"443.0";"443.0"
"276890.0";"443.0";"443.0"
"276900.0";"443.0";"443.0"
"276910.0";"443.0";"443.0"
"276920.0";"443.0";"443.0"
"276930.0";"443.0";"443.0"
"276940.0";"443.0";"443.0"
"276950.0";"443.0";"443.0"
"276960.0";"443.0";"443.0"
"276970.0";"443.0";"443.0"
"276980.0";"443.0";"443.0"
"276990.0";"443.0";"443.0"
"277000.0";"443.0";"443.0"
"277010.0";"443.0";"443.0"
"277020.0";"443.0";"443.0"
"277030.0";"443.0";"443.0"
"277040.0";"443.0";"443.0"
"277050.0";"443.0";"443.0"
"277060.0";"443.0";"443.0"
"277070.0";"443.0";"443.0"
"277080.0";"443.0";"443.0"
"277090.0";"443.0";"443.0"
"277100.0";"443.0";"443.0"
"277110.0";"443.0";"443.0"
"277120.0";"443.0";"443.0"
"277130.0";"443.0";"443.0"
"277140.0";"443.0";"443.0"
"277150.0";"443.0";"443.0"
"277160.0";"443.0";"443.0"
"277170.0";"443.0";"443.0"
"277180.0";"443.0";"443.0"
"277190.0";"443.0";"443.0"
"277200.0";"443.0";"443.0"
"277210.0";"443.0";"443.0"
"277220.0";"443.0";"443.0"
"277230.0";"443.0";"443.0"
"277240.0";"443.0";"443.0"
"277250.0";"443.0";"443.0"
"277260.0";"443.0";"443.0"
"277270.0";"443.0";"443.0"
"277280.0";"443.0";"443.0"
"277290.0";"443.0";"443.0"
"277300.0";"443.0";"443.0"
"277310.0";"443.0";"443.0"
"277320.0";"443.0";"443.0"
"277330.0";"443.0";"443.0"
"277340.0";"443.0";"443.0"
"277350.0";"443.0";"443.0"
"277360.0";"443.0";"443.0"
"277370.0";"443.0";"443.0"
"277380.0";"443.0";"443.0"
"277390.0";"443.0";"443.0"
"277400.0";"443.0";"443.0"
"277410.0";"443.0";"443.0"
"277420.0";"443.0";"443.0"
"277430.0";"443.0";"443.0"
"277440.0";"443.0";"443.0"
"277450.0";"443.0";"443.0"
"277460.0";"443.0";"443.0"
"277470.0";"443.0";"443.0"
"277480.0";"443.0";"443.0"
"277490.0";"443.0";"443.0"
"277500.0";"443.0";"443.0"
"277510.0";"443.0";"443.0"
"277520.0";"443.0";"443.0"
"277530.0";"443.0";"443.0"
"277540.0";"443.0";"443.0"
"277550.0";"443.0";"443.0"
"277560.0";"443.0";"443.0"
"277570.0";"443.0";"443.0"
"277580.0";"443.0";"443.0"
"277590.0";"443.0";"443.0"
"277600.0";"443.0";"443.0"
"277610.0";"443.0";"443.0"
"277620.0";"443.0";"443.0"
"277630.0";"443.0";"443.0"
"277640.0";"443.0";"443.0"
"277650.0";"443.0";"443.0"
"277660.0";"443.0";"443.0"
"277670.0";"443.0";"443.0"
"277680.0";"443.0";"443.0"
"277690.0";"443.0";"443.0"
"277700.0";"443.0";"443.0"
"277710.0";"443.0";"443.0"
"277720.0";"443.0";"443.0"
"277730.0";"443.0";"443.0"
"277740.0";"443.0";"443.0"
"277750.0";"443.0";"443.0"
"277760.0";"443.0";"443.0"
"277770.0";"443.0";"443.0"
"277780.0";"443.0";"443.0"
"277790.0";"443.0";"443.0"
"277800.0";"443.0";"443.0"
"277810.0";"443.0";"443.0"
"277820.0";"443.0";"443.0"
"277830.0";"443.0";"443.0"
"277840.0";"443.0";"443.0"
"277850.0";"443.0";"443.0"
"277860.0";"443.0";"443.0"
"277870.0";"443.0";"443.0"
"277880.0";"443.0";"443.0"
"277890.0";"443.0";"443.0"
"277900.0";"443.0";"443.0"
"277910.0";"443.0";"443.0"
"277920.0";"443.0";"443.0"
"277930.0";"443.0";"443.0"
"277940.0";"443.0";"443.0"
"277950.0";"443.0";"443.0"
"277960.0";"443.0";"443.0"
"277970.0";"443.0";"443.0"
"277980.0";"443.0";"443.0"
"277990.0";"443.0";"443.0"
"278000.0";"443.0";"443.0"
"278010.0";"443.0";"443.0"
"278020.0";"443.0";"443.0"
"278030.0";"443.0";"443.0"
"278040.0";"443.0";"443.0"
"278050.0";"443.0";"443.0"
"278060.0";"443.0";"443.0"
"278070.0";"443.0";"443.0"
"278080.0";"443.0";"443.0"
"278090.0";"443.0";"443.0"
"278100.0";"443.0";"443.0"
"278110.0";"443.0";"443.0"
"278120.0";"443.0";"443.0"
"278130.0";"443.0";"443.0"
"278140.0";"443.0";"443.0"
"278150.0";"443.0";"443.0"
"278160.0";"443.0";"443.0"
"278170.0";"443.0";"443.0"
"278180.0";"443.0";"443.0"
"278190.0";"443.0";"443.0"
"278200.0";"443.0";"443.0"
"278210.0";"443.0";"443.0"
"278220.0";"443.0";"443.0"
"278230.0";"443.0";"443.0"
"278240.0";"443.0";"443.0"
"278250.0";"443.0";"443.0"
"278260.0";"443.0";"443.0"
"278270.0";"443.0";"443.0"
"278280.0";"443.0";"443.0"
"278290.0";"443.0";"443.0"
"278300.0";"443.0";"443.0"
"278310.0";"443.0";"443.0"
"278320.0";"443.0";"443.0"
"278330.0";"443.0";"443.0"
"278340.0";"443.0";"443.0"
"278350.0";"443.0";"443.0"
"278360.0";"443.0";"443.0"
"278370.0";"443.0";"443.0"
"278380.0";"443.0";"443.0"
"278390.0";"443.0";"443.0"
"278400.0";"443.0";"443.0"
"278410.0";"443.0";"443.0"
"278420.0";"443.0";"443.0"
"278430.0";"443.0";"443.0"
"278440.0";"443.0";"443.0"
"278450.0";"443.0";"443.0"
"278460.0";"443.0";"443.0"
"278470.0";"443.0";"443.0"
"278480.0";"443.0";"443.0"
"278490.0";"443.0";"443.0"
"278500.0";"443.0";"443.0"
"278510.0";"443.0";"443.0"
"278520.0";"443.0";"443.0"
"278530.0";"443.0";"443.0"
"278540.0";"443.0";"443.0"
"278550.0";"443.0";"443.0"
"278560.0";"443.0";"443.0"
"278570.0";"443.0";"443.0"
"278580.0";"443.0";"443.0"
"278590.0";"443.0";"443.0"
"278600.0";"443.0";"443.0"
"278610.0";"443.0";"443.0"
"278620.0";"443.0";"443.0"
"278630.0";"443.0";"443.0"
"278640.0";"443.0";"443.0"
"278650.0";"443.0";"443.0"
"278660.0";"443.0";"443.0"
"278670.0";"443.0";"443.0"
"278680.0";"443.0";"443.0"
"278690.0";"443.0";"443.0"
"278700.0";"443.0";"443.0"
"278710.0";"443.0";"443.0"
"278720.0";"443.0";"443.0"
"278730.0";"443.0";"443.0"
"278740.0";"443.0";"443.0"
"278750.0";"443.0";"443.0"
"278760.0";"443.0";"443.0"
"278770.0";"443.0";"443.0"
"278780.0";"443.0";"443.0"
"278790.0";"443.0";"443.0"
"278800.0";"443.0";"443.0"
"278810.0";"443.0";"443.0"
"278820.0";"443.0";"443.0"
"278830.0";"443.0";"443.0"
"278840.0";"443.0";"443.0"
"278850.0";"443.0";"443.0"
"278860.0";"443.0";"443.0"
"278870.0";"443.0";"443.0"
"278880.0";"443.0";"443.0"
"278890.0";"443.0";"443.0"
"278900.0";"443.0";"443.0"
"278910.0";"443.0";"443.0"
"278920.0";"443.0";"443.0"
"278930.0";"443.0";"443.0"
"278940.0";"443.0";"443.0"
"278950.0";"443.0";"443.0"
"278960.0";"443.0";"443.0"
"278970.0";"443.0";"443.0"
"278980.0";"443.0";"443.0"
"278990.0";"443.0";"443.0"
"279000.0";"443.0";"443.0"
"279010.0";"443.0";"443.0"
"279020.0";"443.0";"443.0"
"279030.0";"443.0";"443.0"
"279040.0";"443.0";"443.0"
"279050.0";"443.0";"443.0"
"279060.0";"443.0";"443.0"
"279070.0";"443.0";"443.0"
"279080.0";"443.0";"443.0"
"279090.0";"443.0";"443.0"
"279100.0";"443.0";"443.0"
"279110.0";"443.0";"443.0"
"279120.0";"443.0";"443.0"
"279130.0";"443.0";"443.0"
"279140.0";"443.0";"443.0"
"279150.0";"443.0";"443.0"
"279160.0";"443.0";"443.0"
"279170.0";"443.0";"443.0"
"279180.0";"443.0";"443.0"
"279190.0";"443.0";"443.0"
"279200.0";"443.0";"443.0"
"279210.0";"443.0";"443.0"
"279220.0";"443.0";"443.0"
"279230.0";"443.0";"443.0"
"279240.0";"443.0";"443.0"
"279250.0";"443.0";"443.0"
"279260.0";"443.0";"443.0"
"279270.0";"443.0";"443.0"
"279280.0";"443.0";"443.0"
"279290.0";"443.0";"443.0"
"279300.0";"443.0";"443.0"
"279310.0";"443.0";"443.0"
"279320.0";"443.0";"443.0"
"279330.0";"443.0";"443.0"
"279340.0";"443.0";"443.0"
"279350.0";"443.0";"443.0"
"279360.0";"443.0";"443.0"
"279370.0";"443.0";"443.0"
"279380.0";"443.0";"443.0"
"279390.0";"443.0";"443.0"
"279400.0";"443.0";"443.0"
"279410.0";"443.0";"443.0"
"279420.0";"443.0";"443.0"
"279430.0";"443.0";"443.0"
"279440.0";"443.0";"443.0"
"279450.0";"443.0";"443.0"
"279460.0";"443.0";"443.0"
"279470.0";"443.0";"443.0"
"279480.0";"443.0";"443.0"
"279490.0";"443.0";"443.0"
"279500.0";"443.0";"443.0"
"279510.0";"443.0";"443.0"
"279520.0";"443.0";"443.0"
"279530.0";"443.0";"443.0"
"279540.0";"443.0";"443.0"
"279550.0";"443.0";"443.0"
"279560.0";"443.0";"443.0"
"279570.0";"443.0";"443.0"
"279580.0";"443.0";"443.0"
"279590.0";"443.0";"443.0"
"279600.0";"443.0";"443.0"
"279610.0";"443.0";"443.0"
"279620.0";"443.0";"443.0"
"279630.0";"443.0";"443.0"
"279640.0";"443.0";"443.0"
"279650.0";"443.0";"443.0"
"279660.0";"443.0";"443.0"
"279670.0";"443.0";"443.0"
"279680.0";"443.0";"443.0"
"279690.0";"443.0";"443.0"
"279700.0";"443.0";"443.0"
"279710.0";"443.0";"443.0"
"279720.0";"443.0";"443.0"
"279730.0";"443.0";"443.0"
"279740.0";"443.0";"443.0"
"279750.0";"443.0";"443.0"
"279760.0";"443.0";"443.0"
"279770.0";"443.0";"443.0"
"279780.0";"443.0";"443.0"
"279790.0";"443.0";"443.0"
"279800.0";"443.0";"443.0"
"279810.0";"443.0";"443.0"
"279820.0";"443.0";"443.0"
"279830.0";"443.0";"443.0"
"279840.0";"443.0";"443.0"
"279850.0";"443.0";"443.0"
"279860.0";"443.0";"443.0"
"279870.0";"443.0";"443.0"
"279880.0";"443.0";"443.0"
"279890.0";"443.0";"443.0"
"279900.0";"443.0";"443.0"
"279910.0";"443.0";"443.0"
"279920.0";"443.0";"443.0"
"279930.0";"443.0";"443.0"
"279940.0";"443.0";"443.0"
"279950.0";"443.0";"443.0"
"279960.0";"443.0";"443.0"
"279970.0";"443.0";"443.0"
"279980.0";"443.0";"443.0"
"279990.0";"443.0";"443.0"
"280000.0";"443.0";"443.0"
"280010.0";"443.0";"443.0"
"280020.0";"443.0";"443.0"
"280030.0";"443.0";"443.0"
"280040.0";"443.0";"443.0"
"280050.0";"443.0";"443.0"
"280060.0";"443.0";"443.0"
"280070.0";"443.0";"443.0"
"280080.0";"443.0";"443.0"
"280090.0";"443.0";"443.0"
"280100.0";"443.0";"443.0"
"280110.0";"443.0";"443.0"
"280120.0";"443.0";"443.0"
"280130.0";"443.0";"443.0"
"280140.0";"443.0";"443.0"
"280150.0";"443.0";"443.0"
"280160.0";"443.0";"443.0"
"280170.0";"443.0";"443.0"
"280180.0";"443.0";"443.0"
"280190.0";"443.0";"443.0"
"280200.0";"443.0";"443.0"
"280210.0";"443.0";"443.0"
"280220.0";"443.0";"443.0"
"280230.0";"443.0";"443.0"
"280240.0";"443.0";"443.0"
"280250.0";"443.0";"443.0"
"280260.0";"443.0";"443.0"
"280270.0";"443.0";"443.0"
"280280.0";"443.0";"443.0"
"280290.0";"443.0";"443.0"
"280300.0";"443.0";"443.0"
"280310.0";"443.0";"443.0"
"280320.0";"443.0";"443.0"
"280330.0";"443.0";"443.0"
"280340.0";"443.0";"443.0"
"280350.0";"443.0";"443.0"
"280360.0";"443.0";"443.0"
"280370.0";"443.0";"443.0"
"280380.0";"443.0";"443.0"
"280390.0";"443.0";"443.0"
"280400.0";"443.0";"443.0"
"280410.0";"443.0";"443.0"
"280420.0";"443.0";"443.0"
"280430.0";"443.0";"443.0"
"280440.0";"443.0";"443.0"
"280450.0";"443.0";"443.0"
"280460.0";"443.0";"443.0"
"280470.0";"443.0";"443.0"
"280480.0";"443.0";"443.0"
"280490.0";"443.0";"443.0"
"280500.0";"443.0";"443.0"
"280510.0";"443.0";"443.0"
"280520.0";"443.0";"443.0"
"280530.0";"443.0";"443.0"
"280540.0";"443.0";"443.0"
"280550.0";"443.0";"443.0"
"280560.0";"443.0";"443.0"
"280570.0";"443.0";"443.0"
"280580.0";"443.0";"443.0"
"280590.0";"443.0";"443.0"
"280600.0";"443.0";"443.0"
"280610.0";"443.0";"443.0"
"280620.0";"443.0";"443.0"
"280630.0";"443.0";"443.0"
"280640.0";"443.0";"443.0"
"280650.0";"443.0";"443.0"
"280660.0";"443.0";"443.0"
"280670.0";"443.0";"443.0"
"280680.0";"443.0";"443.0"
"280690.0";"443.0";"443.0"
"280700.0";"443.0";"443.0"
"280710.0";"443.0";"443.0"
"280720.0";"443.0";"443.0"
"280730.0";"443.0";"443.0"
"280740.0";"443.0";"443.0"
"280750.0";"443.0";"443.0"
"280760.0";"443.0";"443.0"
"280770.0";"443.0";"443.0"
"280780.0";"443.0";"443.0"
"280790.0";"443.0";"443.0"
"280800.0";"443.0";"443.0"
"280810.0";"443.0";"443.0"
"280820.0";"443.0";"443.0"
"280830.0";"443.0";"443.0"
"280840.0";"443.0";"443.0"
"280850.0";"443.0";"443.0"
"280860.0";"443.0";"443.0"
"280870.0";"443.0";"443.0"
"280880.0";"443.0";"443.0"
"280890.0";"443.0";"443.0"
"280900.0";"443.0";"443.0"
"280910.0";"443.0";"443.0"
"280920.0";"443.0";"443.0"
"280930.0";"443.0";"443.0"
"280940.0";"443.0";"443.0"
"280950.0";"443.0";"443.0"
"280960.0";"443.0";"443.0"
"280970.0";"443.0";"443.0"
"280980.0";"443.0";"443.0"
"280990.0";"443.0";"443.0"
"281000.0";"443.0";"443.0"
"281010.0";"443.0";"443.0"
"281020.0";"443.0";"443.0"
"281030.0";"443.0";"443.0"
"281040.0";"443.0";"443.0"
"281050.0";"443.0";"443.0"
"281060.0";"443.0";"443.0"
"281070.0";"443.0";"443.0"
"281080.0";"443.0";"443.0"
"281090.0";"443.0";"443.0"
"281100.0";"443.0";"443.0"
"281110.0";"443.0";"443.0"
"281120.0";"443.0";"443.0"
"281130.0";"443.0";"443.0"
"281140.0";"443.0";"443.0"
"281150.0";"443.0";"443.0"
"281160.0";"443.0";"443.0"
"281170.0";"443.0";"443.0"
"281180.0";"443.0";"443.0"
"281190.0";"443.0";"443.0"
"281200.0";"443.0";"443.0"
"281210.0";"443.0";"443.0"
"281220.0";"443.0";"443.0"
"281230.0";"443.0";"443.0"
"281240.0";"443.0";"443.0"
"281250.0";"443.0";"443.0"
"281260.0";"443.0";"443.0"
"281270.0";"443.0";"443.0"
"281280.0";"443.0";"443.0"
"281290.0";"443.0";"443.0"
"281300.0";"443.0";"443.0"
"281310.0";"443.0";"443.0"
"281320.0";"443.0";"443.0"
"281330.0";"443.0";"443.0"
"281340.0";"443.0";"443.0"
"281350.0";"443.0";"443.0"
"281360.0";"443.0";"443.0"
"281370.0";"443.0";"443.0"
"281380.0";"443.0";"443.0"
"281390.0";"443.0";"443.0"
"281400.0";"443.0";"443.0"
"281410.0";"443.0";"443.0"
"281420.0";"443.0";"443.0"
"281430.0";"443.0";"443.0"
"281440.0";"443.0";"443.0"
"281450.0";"443.0";"443.0"
"281460.0";"443.0";"443.0"
"281470.0";"443.0";"443.0"
"281480.0";"443.0";"443.0"
"281490.0";"443.0";"443.0"
"281500.0";"443.0";"443.0"
"281510.0";"443.0";"443.0"
"281520.0";"443.0";"443.0"
"281530.0";"443.0";"443.0"
"281540.0";"443.0";"443.0"
"281550.0";"443.0";"443.0"
"281560.0";"443.0";"443.0"
"281570.0";"443.0";"443.0"
"281580.0";"443.0";"443.0"
"281590.0";"443.0";"443.0"
"281600.0";"443.0";"443.0"
"281610.0";"443.0";"443.0"
"281620.0";"443.0";"443.0"
"281630.0";"443.0";"443.0"
"281640.0";"443.0";"443.0"
"281650.0";"443.0";"443.0"
"281660.0";"443.0";"443.0"
"281670.0";"443.0";"443.0"
"281680.0";"443.0";"443.0"
"281690.0";"443.0";"443.0"
"281700.0";"443.0";"443.0"
"281710.0";"443.0";"443.0"
"281720.0";"443.0";"443.0"
"281730.0";"443.0";"443.0"
"281740.0";"443.0";"443.0"
"281750.0";"443.0";"443.0"
"281760.0";"443.0";"443.0"
"281770.0";"443.0";"443.0"
"281780.0";"443.0";"443.0"
"281790.0";"443.0";"443.0"
"281800.0";"443.0";"443.0"
"281810.0";"443.0";"443.0"
"281820.0";"443.0";"443.0"
"281830.0";"443.0";"443.0"
"281840.0";"443.0";"443.0"
"281850.0";"443.0";"443.0"
"281860.0";"443.0";"443.0"
"281870.0";"443.0";"443.0"
"281880.0";"443.0";"443.0"
"281890.0";"443.0";"443.0"
"281900.0";"443.0";"443.0"
"281910.0";"443.0";"443.0"
"281920.0";"443.0";"443.0"
"281930.0";"443.0";"443.0"
"281940.0";"443.0";"443.0"
"281950.0";"443.0";"443.0"
"281960.0";"443.0";"443.0"
"281970.0";"443.0";"443.0"
"281980.0";"443.0";"443.0"
"281990.0";"443.0";"443.0"
"282000.0";"443.0";"443.0"
"282010.0";"443.0";"443.0"
"282020.0";"443.0";"443.0"
"282030.0";"443.0";"443.0"
"282040.0";"443.0";"443.0"
"282050.0";"443.0";"443.0"
"282060.0";"443.0";"443.0"
"282070.0";"443.0";"443.0"
"282080.0";"443.0";"443.0"
"282090.0";"443.0";"443.0"
"282100.0";"443.0";"443.0"
"282110.0";"443.0";"443.0"
"282120.0";"443.0";"443.0"
"282130.0";"443.0";"443.0"
"282140.0";"443.0";"443.0"
"282150.0";"443.0";"443.0"
"282160.0";"443.0";"443.0"
"282170.0";"443.0";"443.0"
"282180.0";"443.0";"443.0"
"282190.0";"443.0";"443.0"
"282200.0";"443.0";"443.0"
"282210.0";"443.0";"443.0"
"282220.0";"443.0";"443.0"
"282230.0";"443.0";"443.0"
"282240.0";"443.0";"443.0"
"282250.0";"443.0";"443.0"
"282260.0";"443.0";"443.0"
"282270.0";"443.0";"443.0"
"282280.0";"443.0";"443.0"
"282290.0";"443.0";"443.0"
"282300.0";"443.0";"443.0"
"282310.0";"443.0";"443.0"
"282320.0";"443.0";"443.0"
"282330.0";"443.0";"443.0"
"282340.0";"443.0";"443.0"
"282350.0";"443.0";"443.0"
"282360.0";"443.0";"443.0"
"282370.0";"443.0";"443.0"
"282380.0";"443.0";"443.0"
"282390.0";"443.0";"443.0"
"282400.0";"443.0";"443.0"
"282410.0";"443.0";"443.0"
"282420.0";"443.0";"443.0"
"282430.0";"443.0";"443.0"
"282440.0";"443.0";"443.0"
"282450.0";"443.0";"443.0"
"282460.0";"443.0";"443.0"
"282470.0";"443.0";"443.0"
"282480.0";"443.0";"443.0"
"282490.0";"443.0";"443.0"
"282500.0";"443.0";"443.0"
"282510.0";"443.0";"443.0"
"282520.0";"443.0";"443.0"
"282530.0";"443.0";"443.0"
"282540.0";"443.0";"443.0"
"282550.0";"443.0";"443.0"
"282560.0";"443.0";"443.0"
"282570.0";"443.0";"443.0"
"282580.0";"443.0";"443.0"
"282590.0";"443.0";"443.0"
"282600.0";"443.0";"443.0"
"282610.0";"443.0";"443.0"
"282620.0";"443.0";"443.0"
"282630.0";"443.0";"443.0"
"282640.0";"443.0";"443.0"
"282650.0";"443.0";"443.0"
"282660.0";"443.0";"443.0"
"282670.0";"443.0";"443.0"
"282680.0";"443.0";"443.0"
"282690.0";"443.0";"443.0"
"282700.0";"443.0";"443.0"
"282710.0";"443.0";"443.0"
"282720.0";"443.0";"443.0"
"282730.0";"443.0";"443.0"
"282740.0";"443.0";"443.0"
"282750.0";"443.0";"443.0"
"282760.0";"443.0";"443.0"
"282770.0";"443.0";"443.0"
"282780.0";"443.0";"443.0"
"282790.0";"443.0";"443.0"
"282800.0";"443.0";"443.0"
"282810.0";"443.0";"443.0"
"282820.0";"443.0";"443.0"
"282830.0";"443.0";"443.0"
"282840.0";"443.0";"443.0"
"282850.0";"443.0";"443.0"
"282860.0";"443.0";"443.0"
"282870.0";"443.0";"443.0"
"282880.0";"443.0";"443.0"
"282890.0";"443.0";"443.0"
"282900.0";"443.0";"443.0"
"282910.0";"443.0";"443.0"
"282920.0";"443.0";"443.0"
"282930.0";"443.0";"443.0"
"282940.0";"443.0";"443.0"
"282950.0";"443.0";"443.0"
"282960.0";"443.0";"443.0"
"282970.0";"443.0";"443.0"
"282980.0";"443.0";"443.0"
"282990.0";"443.0";"443.0"
"283000.0";"443.0";"443.0"
"283010.0";"443.0";"443.0"
"283020.0";"443.0";"443.0"
"283030.0";"443.0";"443.0"
"283040.0";"443.0";"443.0"
"283050.0";"443.0";"443.0"
"283060.0";"443.0";"443.0"
"283070.0";"443.0";"443.0"
"283080.0";"443.0";"443.0"
"283090.0";"443.0";"443.0"
"283100.0";"443.0";"443.0"
"283110.0";"443.0";"443.0"
"283120.0";"443.0";"443.0"
"283130.0";"443.0";"443.0"
"283140.0";"443.0";"443.0"
"283150.0";"443.0";"443.0"
"283160.0";"443.0";"443.0"
"283170.0";"443.0";"443.0"
"283180.0";"443.0";"443.0"
"283190.0";"443.0";"443.0"
"283200.0";"443.0";"443.0"
"283210.0";"443.0";"443.0"
"283220.0";"443.0";"443.0"
"283230.0";"443.0";"443.0"
"283240.0";"443.0";"443.0"
"283250.0";"443.0";"443.0"
"283260.0";"443.0";"443.0"
"283270.0";"443.0";"443.0"
"283280.0";"443.0";"443.0"
"283290.0";"443.0";"443.0"
"283300.0";"443.0";"443.0"
"283310.0";"443.0";"443.0"
"283320.0";"443.0";"443.0"
"283330.0";"443.0";"443.0"
"283340.0";"443.0";"443.0"
"283350.0";"443.0";"443.0"
"283360.0";"443.0";"443.0"
"283370.0";"443.0";"443.0"
"283380.0";"443.0";"443.0"
"283390.0";"443.0";"443.0"
"283400.0";"443.0";"443.0"
"283410.0";"443.0";"443.0"
"283420.0";"443.0";"443.0"
"283430.0";"443.0";"443.0"
"283440.0";"443.0";"443.0"
"283450.0";"443.0";"443.0"
"283460.0";"443.0";"443.0"
"283470.0";"443.0";"443.0"
"283480.0";"443.0";"443.0"
"283490.0";"443.0";"443.0"
"283500.0";"443.0";"443.0"
"283510.0";"443.0";"443.0"
"283520.0";"443.0";"443.0"
"283530.0";"443.0";"443.0"
"283540.0";"443.0";"443.0"
"283550.0";"443.0";"443.0"
"283560.0";"443.0";"443.0"
"283570.0";"443.0";"443.0"
"283580.0";"443.0";"443.0"
"283590.0";"443.0";"443.0"
"283600.0";"443.0";"443.0"
"283610.0";"443.0";"443.0"
"283620.0";"443.0";"443.0"
"283630.0";"443.0";"443.0"
"283640.0";"443.0";"443.0"
"283650.0";"443.0";"443.0"
"283660.0";"443.0";"443.0"
"283670.0";"443.0";"443.0"
"283680.0";"443.0";"443.0"
"283690.0";"443.0";"443.0"
"283700.0";"443.0";"443.0"
"283710.0";"443.0";"443.0"
"283720.0";"443.0";"443.0"
"283730.0";"443.0";"443.0"
"283740.0";"443.0";"443.0"
"283750.0";"443.0";"443.0"
"283760.0";"443.0";"443.0"
"283770.0";"443.0";"443.0"
"283780.0";"443.0";"443.0"
"283790.0";"443.0";"443.0"
"283800.0";"443.0";"443.0"
"283810.0";"443.0";"443.0"
"283820.0";"443.0";"443.0"
"283830.0";"443.0";"443.0"
"283840.0";"443.0";"443.0"
"283850.0";"443.0";"443.0"
"283860.0";"443.0";"443.0"
"283870.0";"443.0";"443.0"
"283880.0";"443.0";"443.0"
"283890.0";"443.0";"443.0"
"283900.0";"443.0";"443.0"
"283910.0";"443.0";"443.0"
"283920.0";"443.0";"443.0"
"283930.0";"443.0";"443.0"
"283940.0";"443.0";"443.0"
"283950.0";"443.0";"443.0"
"283960.0";"443.0";"443.0"
"283970.0";"443.0";"443.0"
"283980.0";"443.0";"443.0"
"283990.0";"443.0";"443.0"
"284000.0";"443.0";"443.0"
"284010.0";"443.0";"443.0"
"284020.0";"443.0";"443.0"
"284030.0";"443.0";"443.0"
"284040.0";"443.0";"443.0"
"284050.0";"443.0";"443.0"
"284060.0";"443.0";"443.0"
"284070.0";"443.0";"443.0"
"284080.0";"443.0";"443.0"
"284090.0";"443.0";"443.0"
"284100.0";"443.0";"443.0"
"284110.0";"443.0";"443.0"
"284120.0";"443.0";"443.0"
"284130.0";"443.0";"443.0"
"284140.0";"443.0";"443.0"
"284150.0";"443.0";"443.0"
"284160.0";"443.0";"443.0"
"284170.0";"443.0";"443.0"
"284180.0";"443.0";"443.0"
"284190.0";"443.0";"443.0"
"284200.0";"443.0";"443.0"
"284210.0";"443.0";"443.0"
"284220.0";"443.0";"443.0"
"284230.0";"443.0";"443.0"
"284240.0";"443.0";"443.0"
"284250.0";"443.0";"443.0"
"284260.0";"443.0";"443.0"
"284270.0";"443.0";"443.0"
"284280.0";"443.0";"443.0"
"284290.0";"443.0";"443.0"
"284300.0";"443.0";"443.0"
"284310.0";"443.0";"443.0"
"284320.0";"443.0";"443.0"
"284330.0";"443.0";"443.0"
"284340.0";"443.0";"443.0"
"284350.0";"443.0";"443.0"
"284360.0";"443.0";"443.0"
"284370.0";"443.0";"443.0"
"284380.0";"443.0";"443.0"
"284390.0";"443.0";"443.0"
"284400.0";"443.0";"443.0"
"284410.0";"443.0";"443.0"
"284420.0";"443.0";"443.0"
"284430.0";"443.0";"443.0"
"284440.0";"443.0";"443.0"
"284450.0";"443.0";"443.0"
"284460.0";"443.0";"443.0"
"284470.0";"443.0";"443.0"
"284480.0";"443.0";"443.0"
"284490.0";"443.0";"443.0"
"284500.0";"443.0";"443.0"
"284510.0";"443.0";"443.0"
"284520.0";"443.0";"443.0"
"284530.0";"443.0";"443.0"
"284540.0";"443.0";"443.0"
"284550.0";"443.0";"443.0"
"284560.0";"443.0";"443.0"
"284570.0";"443.0";"443.0"
"284580.0";"443.0";"443.0"
"284590.0";"443.0";"443.0"
"284600.0";"443.0";"443.0"
"284610.0";"443.0";"443.0"
"284620.0";"443.0";"443.0"
"284630.0";"443.0";"443.0"
"284640.0";"443.0";"443.0"
"284650.0";"443.0";"443.0"
"284660.0";"443.0";"443.0"
"284670.0";"443.0";"443.0"
"284680.0";"443.0";"443.0"
"284690.0";"443.0";"443.0"
"284700.0";"443.0";"443.0"
"284710.0";"443.0";"443.0"
"284720.0";"443.0";"443.0"
"284730.0";"443.0";"443.0"
"284740.0";"443.0";"443.0"
"284750.0";"443.0";"443.0"
"284760.0";"443.0";"443.0"
"284770.0";"443.0";"443.0"
"284780.0";"443.0";"443.0"
"284790.0";"443.0";"443.0"
"284800.0";"443.0";"443.0"
"284810.0";"443.0";"443.0"
"284820.0";"443.0";"443.0"
"284830.0";"443.0";"443.0"
"284840.0";"443.0";"443.0"
"284850.0";"443.0";"443.0"
"284860.0";"443.0";"443.0"
"284870.0";"443.0";"443.0"
"284880.0";"443.0";"443.0"
"284890.0";"443.0";"443.0"
"284900.0";"443.0";"443.0"
"284910.0";"443.0";"443.0"
"284920.0";"443.0";"443.0"
"284930.0";"443.0";"443.0"
"284940.0";"443.0";"443.0"
"284950.0";"443.0";"443.0"
"284960.0";"443.0";"443.0"
"284970.0";"443.0";"443.0"
"284980.0";"443.0";"443.0"
"284990.0";"443.0";"443.0"
"285000.0";"443.0";"443.0"
"285010.0";"443.0";"443.0"
"285020.0";"443.0";"443.0"
"285030.0";"443.0";"443.0"
"285040.0";"443.0";"443.0"
"285050.0";"443.0";"443.0"
"285060.0";"443.0";"443.0"
"285070.0";"443.0";"443.0"
"285080.0";"443.0";"443.0"
"285090.0";"443.0";"443.0"
"285100.0";"443.0";"443.0"
"285110.0";"443.0";"443.0"
"285120.0";"443.0";"443.0"
"285130.0";"443.0";"443.0"
"285140.0";"443.0";"443.0"
"285150.0";"443.0";"443.0"
"285160.0";"443.0";"443.0"
"285170.0";"443.0";"443.0"
"285180.0";"443.0";"443.0"
"285190.0";"443.0";"443.0"
"285200.0";"443.0";"443.0"
"285210.0";"443.0";"443.0"
"285220.0";"443.0";"443.0"
"285230.0";"443.0";"443.0"
"285240.0";"443.0";"443.0"
"285250.0";"443.0";"443.0"
"285260.0";"443.0";"443.0"
"285270.0";"443.0";"443.0"
"285280.0";"443.0";"443.0"
"285290.0";"443.0";"443.0"
"285300.0";"443.0";"443.0"
"285310.0";"443.0";"443.0"
"285320.0";"443.0";"443.0"
"285330.0";"443.0";"443.0"
"285340.0";"443.0";"443.0"
"285350.0";"443.0";"443.0"
"285360.0";"443.0";"443.0"
"285370.0";"443.0";"443.0"
"285380.0";"443.0";"443.0"
"285390.0";"443.0";"443.0"
"285400.0";"443.0";"443.0"
"285410.0";"443.0";"443.0"
"285420.0";"443.0";"443.0"
"285430.0";"443.0";"443.0"
"285440.0";"443.0";"443.0"
"285450.0";"443.0";"443.0"
"285460.0";"443.0";"443.0"
"285470.0";"443.0";"443.0"
"285480.0";"443.0";"443.0"
"285490.0";"443.0";"443.0"
"285500.0";"443.0";"443.0"
"285510.0";"443.0";"443.0"
"285520.0";"443.0";"443.0"
"285530.0";"443.0";"443.0"
"285540.0";"443.0";"443.0"
"285550.0";"443.0";"443.0"
"285560.0";"443.0";"443.0"
"285570.0";"443.0";"443.0"
"285580.0";"443.0";"443.0"
"285590.0";"443.0";"443.0"
"285600.0";"443.0";"443.0"
"285610.0";"443.0";"443.0"
"285620.0";"443.0";"443.0"
"285630.0";"443.0";"443.0"
"285640.0";"443.0";"443.0"
"285650.0";"443.0";"443.0"
"285660.0";"443.0";"443.0"
"285670.0";"443.0";"443.0"
"285680.0";"443.0";"443.0"
"285690.0";"443.0";"443.0"
"285700.0";"443.0";"443.0"
"285710.0";"443.0";"443.0"
"285720.0";"443.0";"443.0"
"285730.0";"443.0";"443.0"
"285740.0";"443.0";"443.0"
"285750.0";"443.0";"443.0"
"285760.0";"443.0";"443.0"
"285770.0";"443.0";"443.0"
"285780.0";"443.0";"443.0"
"285790.0";"443.0";"443.0"
"285800.0";"443.0";"443.0"
"285810.0";"443.0";"443.0"
"285820.0";"443.0";"443.0"
"285830.0";"443.0";"443.0"
"285840.0";"443.0";"443.0"
"285850.0";"443.0";"443.0"
"285860.0";"443.0";"443.0"
"285870.0";"443.0";"443.0"
"285880.0";"443.0";"443.0"
"285890.0";"443.0";"443.0"
"285900.0";"443.0";"443.0"
"285910.0";"443.0";"443.0"
"285920.0";"443.0";"443.0"
"285930.0";"443.0";"443.0"
"285940.0";"443.0";"443.0"
"285950.0";"443.0";"443.0"
"285960.0";"443.0";"443.0"
"285970.0";"443.0";"443.0"
"285980.0";"443.0";"443.0"
"285990.0";"443.0";"443.0"
"286000.0";"443.0";"443.0"
"286010.0";"443.0";"443.0"
"286020.0";"443.0";"443.0"
"286030.0";"443.0";"443.0"
"286040.0";"443.0";"443.0"
"286050.0";"443.0";"443.0"
"286060.0";"443.0";"443.0"
"286070.0";"443.0";"443.0"
"286080.0";"443.0";"443.0"
"286090.0";"443.0";"443.0"
"286100.0";"443.0";"443.0"
"286110.0";"443.0";"443.0"
"286120.0";"443.0";"443.0"
"286130.0";"443.0";"443.0"
"286140.0";"443.0";"443.0"
"286150.0";"443.0";"443.0"
"286160.0";"443.0";"443.0"
"286170.0";"443.0";"443.0"
"286180.0";"443.0";"443.0"
"286190.0";"443.0";"443.0"
"286200.0";"443.0";"443.0"
"286210.0";"443.0";"443.0"
"286220.0";"443.0";"443.0"
"286230.0";"443.0";"443.0"
"286240.0";"443.0";"443.0"
"286250.0";"443.0";"443.0"
"286260.0";"443.0";"443.0"
"286270.0";"443.0";"443.0"
"286280.0";"443.0";"443.0"
"286290.0";"443.0";"443.0"
"286300.0";"443.0";"443.0"
"286310.0";"443.0";"443.0"
"286320.0";"443.0";"443.0"
"286330.0";"443.0";"443.0"
"286340.0";"443.0";"443.0"
"286350.0";"443.0";"443.0"
"286360.0";"443.0";"443.0"
"286370.0";"443.0";"443.0"
"286380.0";"443.0";"443.0"
"286390.0";"443.0";"443.0"
"286400.0";"443.0";"443.0"
"286410.0";"443.0";"443.0"
"286420.0";"443.0";"443.0"
"286430.0";"443.0";"443.0"
"286440.0";"443.0";"443.0"
"286450.0";"443.0";"443.0"
"286460.0";"443.0";"443.0"
"286470.0";"443.0";"443.0"
"286480.0";"443.0";"443.0"
"286490.0";"443.0";"443.0"
"286500.0";"443.0";"443.0"
"286510.0";"443.0";"443.0"
"286520.0";"443.0";"443.0"
"286530.0";"443.0";"443.0"
"286540.0";"443.0";"443.0"
"286550.0";"443.0";"443.0"
"286560.0";"443.0";"443.0"
"286570.0";"443.0";"443.0"
"286580.0";"443.0";"443.0"
"286590.0";"443.0";"443.0"
"286600.0";"443.0";"443.0"
"286610.0";"443.0";"443.0"
"286620.0";"443.0";"443.0"
"286630.0";"443.0";"443.0"
"286640.0";"443.0";"443.0"
"286650.0";"443.0";"443.0"
"286660.0";"443.0";"443.0"
"286670.0";"443.0";"443.0"
"286680.0";"443.0";"443.0"
"286690.0";"443.0";"443.0"
"286700.0";"443.0";"443.0"
"286710.0";"443.0";"443.0"
"286720.0";"443.0";"443.0"
"286730.0";"443.0";"443.0"
"286740.0";"443.0";"443.0"
"286750.0";"443.0";"443.0"
"286760.0";"443.0";"443.0"
"286770.0";"443.0";"443.0"
"286780.0";"443.0";"443.0"
"286790.0";"443.0";"443.0"
"286800.0";"443.0";"443.0"
"286810.0";"443.0";"443.0"
"286820.0";"443.0";"443.0"
"286830.0";"443.0";"443.0"
"286840.0";"443.0";"443.0"
"286850.0";"443.0";"443.0"
"286860.0";"443.0";"443.0"
"286870.0";"443.0";"443.0"
"286880.0";"443.0";"443.0"
"286890.0";"443.0";"443.0"
"286900.0";"443.0";"443.0"
"286910.0";"443.0";"443.0"
"286920.0";"443.0";"443.0"
"286930.0";"443.0";"443.0"
"286940.0";"443.0";"443.0"
"286950.0";"443.0";"443.0"
"286960.0";"443.0";"443.0"
"286970.0";"443.0";"443.0"
"286980.0";"443.0";"443.0"
"286990.0";"443.0";"443.0"
"287000.0";"443.0";"443.0"
"287010.0";"443.0";"443.0"
"287020.0";"443.0";"443.0"
"287030.0";"443.0";"443.0"
"287040.0";"443.0";"443.0"
"287050.0";"443.0";"443.0"
"287060.0";"443.0";"443.0"
"287070.0";"443.0";"443.0"
"287080.0";"443.0";"443.0"
"287090.0";"443.0";"443.0"
"287100.0";"443.0";"443.0"
"287110.0";"443.0";"443.0"
"287120.0";"443.0";"443.0"
"287130.0";"443.0";"443.0"
"287140.0";"443.0";"443.0"
"287150.0";"443.0";"443.0"
"287160.0";"443.0";"443.0"
"287170.0";"443.0";"443.0"
"287180.0";"443.0";"443.0"
"287190.0";"443.0";"443.0"
"287200.0";"443.0";"443.0"
"287210.0";"443.0";"443.0"
"287220.0";"443.0";"443.0"
"287230.0";"443.0";"443.0"
"287240.0";"443.0";"443.0"
"287250.0";"443.0";"443.0"
"287260.0";"443.0";"443.0"
"287270.0";"443.0";"443.0"
"287280.0";"443.0";"443.0"
"287290.0";"443.0";"443.0"
"287300.0";"443.0";"443.0"
"287310.0";"443.0";"443.0"
"287320.0";"443.0";"443.0"
"287330.0";"443.0";"443.0"
"287340.0";"443.0";"443.0"
"287350.0";"443.0";"443.0"
"287360.0";"443.0";"443.0"
"287370.0";"443.0";"443.0"
"287380.0";"443.0";"443.0"
"287390.0";"443.0";"443.0"
"287400.0";"443.0";"443.0"
"287410.0";"443.0";"443.0"
"287420.0";"443.0";"443.0"
"287430.0";"443.0";"443.0"
"287440.0";"443.0";"443.0"
"287450.0";"443.0";"443.0"
"287460.0";"443.0";"443.0"
"287470.0";"443.0";"443.0"
"287480.0";"443.0";"443.0"
"287490.0";"443.0";"443.0"
"287500.0";"443.0";"443.0"
"287510.0";"443.0";"443.0"
"287520.0";"443.0";"443.0"
"287530.0";"443.0";"443.0"
"287540.0";"443.0";"443.0"
"287550.0";"443.0";"443.0"
"287560.0";"443.0";"443.0"
"287570.0";"443.0";"443.0"
"287580.0";"443.0";"443.0"
"287590.0";"443.0";"443.0"
"287600.0";"443.0";"443.0"
"287610.0";"443.0";"443.0"
"287620.0";"443.0";"443.0"
"287630.0";"443.0";"443.0"
"287640.0";"443.0";"443.0"
"287650.0";"443.0";"443.0"
"287660.0";"443.0";"443.0"
"287670.0";"443.0";"443.0"
"287680.0";"443.0";"443.0"
"287690.0";"443.0";"443.0"
"287700.0";"443.0";"443.0"
"287710.0";"443.0";"443.0"
"287720.0";"443.0";"443.0"
"287730.0";"443.0";"443.0"
"287740.0";"443.0";"443.0"
"287750.0";"443.0";"443.0"
"287760.0";"443.0";"443.0"
"287770.0";"443.0";"443.0"
"287780.0";"443.0";"443.0"
"287790.0";"443.0";"443.0"
"287800.0";"443.0";"443.0"
"287810.0";"443.0";"443.0"
"287820.0";"443.0";"443.0"
"287830.0";"443.0";"443.0"
"287840.0";"443.0";"443.0"
"287850.0";"443.0";"443.0"
"287860.0";"443.0";"443.0"
"287870.0";"443.0";"443.0"
"287880.0";"443.0";"443.0"
"287890.0";"443.0";"443.0"
"287900.0";"443.0";"443.0"
"287910.0";"443.0";"443.0"
"287920.0";"443.0";"443.0"
"287930.0";"443.0";"443.0"
"287940.0";"443.0";"443.0"
"287950.0";"443.0";"443.0"
"287960.0";"443.0";"443.0"
"287970.0";"443.0";"443.0"
"287980.0";"443.0";"443.0"
"287990.0";"443.0";"443.0"
"288000.0";"443.0";"443.0"
"288010.0";"443.0";"443.0"
"288020.0";"443.0";"443.0"
"288030.0";"443.0";"443.0"
"288040.0";"443.0";"443.0"
"288050.0";"443.0";"443.0"
"288060.0";"443.0";"443.0"
"288070.0";"443.0";"443.0"
"288080.0";"443.0";"443.0"
"288090.0";"443.0";"443.0"
"288100.0";"443.0";"443.0"
"288110.0";"443.0";"443.0"
"288120.0";"443.0";"443.0"
"288130.0";"443.0";"443.0"
"288140.0";"443.0";"443.0"
"288150.0";"443.0";"443.0"
"288160.0";"443.0";"443.0"
"288170.0";"443.0";"443.0"
"288180.0";"443.0";"443.0"
"288190.0";"443.0";"443.0"
"288200.0";"443.0";"443.0"
"288210.0";"443.0";"443.0"
"288220.0";"443.0";"443.0"
"288230.0";"443.0";"443.0"
"288240.0";"443.0";"443.0"
"288250.0";"443.0";"443.0"
"288260.0";"443.0";"443.0"
"288270.0";"443.0";"443.0"
"288280.0";"443.0";"443.0"
"288290.0";"443.0";"443.0"
"288300.0";"443.0";"443.0"
"288310.0";"443.0";"443.0"
"288320.0";"443.0";"443.0"
"288330.0";"443.0";"443.0"
"288340.0";"443.0";"443.0"
"288350.0";"443.0";"443.0"
"288360.0";"443.0";"443.0"
"288370.0";"443.0";"443.0"
"288380.0";"443.0";"443.0"
"288390.0";"443.0";"443.0"
"288400.0";"443.0";"443.0"
"288410.0";"443.0";"443.0"
"288420.0";"443.0";"443.0"
"288430.0";"443.0";"443.0"
"288440.0";"443.0";"443.0"
"288450.0";"443.0";"443.0"
"288460.0";"443.0";"443.0"
"288470.0";"443.0";"443.0"
"288480.0";"443.0";"443.0"
"288490.0";"443.0";"443.0"
"288500.0";"443.0";"443.0"
"288510.0";"443.0";"443.0"
"288520.0";"443.0";"443.0"
"288530.0";"443.0";"443.0"
"288540.0";"443.0";"443.0"
"288550.0";"443.0";"443.0"
"288560.0";"443.0";"443.0"
"288570.0";"443.0";"443.0"
"288580.0";"443.0";"443.0"
"288590.0";"443.0";"443.0"
"288600.0";"443.0";"443.0"
"288610.0";"443.0";"443.0"
"288620.0";"443.0";"443.0"
"288630.0";"443.0";"443.0"
"288640.0";"443.0";"443.0"
"288650.0";"443.0";"443.0"
"288660.0";"443.0";"443.0"
"288670.0";"443.0";"443.0"
"288680.0";"443.0";"443.0"
"288690.0";"443.0";"443.0"
"288700.0";"443.0";"443.0"
"288710.0";"443.0";"443.0"
"288720.0";"443.0";"443.0"
"288730.0";"443.0";"443.0"
"288740.0";"443.0";"443.0"
"288750.0";"443.0";"443.0"
"288760.0";"443.0";"443.0"
"288770.0";"443.0";"443.0"
"288780.0";"443.0";"443.0"
"288790.0";"443.0";"443.0"
"288800.0";"443.0";"443.0"
"288810.0";"443.0";"443.0"
"288820.0";"443.0";"443.0"
"288830.0";"443.0";"443.0"
"288840.0";"443.0";"443.0"
"288850.0";"443.0";"443.0"
"288860.0";"443.0";"443.0"
"288870.0";"443.0";"443.0"
"288880.0";"443.0";"443.0"
"288890.0";"443.0";"443.0"
"288900.0";"443.0";"443.0"
"288910.0";"443.0";"443.0"
"288920.0";"443.0";"443.0"
"288930.0";"443.0";"443.0"
"288940.0";"443.0";"443.0"
"288950.0";"443.0";"443.0"
"288960.0";"443.0";"443.0"
"288970.0";"443.0";"443.0"
"288980.0";"443.0";"443.0"
"288990.0";"443.0";"443.0"
"289000.0";"443.0";"443.0"
"289010.0";"443.0";"443.0"
"289020.0";"443.0";"443.0"
"289030.0";"443.0";"443.0"
"289040.0";"443.0";"443.0"
"289050.0";"443.0";"443.0"
"289060.0";"443.0";"443.0"
"289070.0";"443.0";"443.0"
"289080.0";"443.0";"443.0"
"289090.0";"443.0";"443.0"
"289100.0";"443.0";"443.0"
"289110.0";"443.0";"443.0"
"289120.0";"443.0";"443.0"
"289130.0";"443.0";"443.0"
"289140.0";"443.0";"443.0"
"289150.0";"443.0";"443.0"
"289160.0";"443.0";"443.0"
"289170.0";"443.0";"443.0"
"289180.0";"443.0";"443.0"
"289190.0";"443.0";"443.0"
"289200.0";"443.0";"443.0"
"289210.0";"443.0";"443.0"
"289220.0";"443.0";"443.0"
"289230.0";"443.0";"443.0"
"289240.0";"443.0";"443.0"
"289250.0";"443.0";"443.0"
"289260.0";"443.0";"443.0"
"289270.0";"443.0";"443.0"
"289280.0";"443.0";"443.0"
"289290.0";"443.0";"443.0"
"289300.0";"443.0";"443.0"
"289310.0";"443.0";"443.0"
"289320.0";"443.0";"443.0"
"289330.0";"443.0";"443.0"
"289340.0";"443.0";"443.0"
"289350.0";"443.0";"443.0"
"289360.0";"443.0";"443.0"
"289370.0";"443.0";"443.0"
"289380.0";"443.0";"443.0"
"289390.0";"443.0";"443.0"
"289400.0";"443.0";"443.0"
"289410.0";"443.0";"443.0"
"289420.0";"443.0";"443.0"
"289430.0";"443.0";"443.0"
"289440.0";"443.0";"443.0"
"289450.0";"443.0";"443.0"
"289460.0";"443.0";"443.0"
"289470.0";"443.0";"443.0"
"289480.0";"443.0";"443.0"
"289490.0";"443.0";"443.0"
"289500.0";"443.0";"443.0"
"289510.0";"443.0";"443.0"
"289520.0";"443.0";"443.0"
"289530.0";"443.0";"443.0"
"289540.0";"443.0";"443.0"
"289550.0";"443.0";"443.0"
"289560.0";"443.0";"443.0"
"289570.0";"443.0";"443.0"
"289580.0";"443.0";"443.0"
"289590.0";"443.0";"443.0"
"289600.0";"443.0";"443.0"
"289610.0";"443.0";"443.0"
"289620.0";"443.0";"443.0"
"289630.0";"443.0";"443.0"
"289640.0";"443.0";"443.0"
"289650.0";"443.0";"443.0"
"289660.0";"443.0";"443.0"
"289670.0";"443.0";"443.0"
"289680.0";"443.0";"443.0"
"289690.0";"443.0";"443.0"
"289700.0";"443.0";"443.0"
"289710.0";"443.0";"443.0"
"289720.0";"443.0";"443.0"
"289730.0";"443.0";"443.0"
"289740.0";"443.0";"443.0"
"289750.0";"443.0";"443.0"
"289760.0";"443.0";"443.0"
"289770.0";"443.0";"443.0"
"289780.0";"443.0";"443.0"
"289790.0";"443.0";"443.0"
"289800.0";"443.0";"443.0"
"289810.0";"443.0";"443.0"
"289820.0";"443.0";"443.0"
"289830.0";"443.0";"443.0"
"289840.0";"443.0";"443.0"
"289850.0";"443.0";"443.0"
"289860.0";"443.0";"443.0"
"289870.0";"443.0";"443.0"
"289880.0";"443.0";"443.0"
"289890.0";"443.0";"443.0"
"289900.0";"443.0";"443.0"
"289910.0";"443.0";"443.0"
"289920.0";"443.0";"443.0"
"289930.0";"443.0";"443.0"
"289940.0";"443.0";"443.0"
"289950.0";"443.0";"443.0"
"289960.0";"443.0";"443.0"
"289970.0";"443.0";"443.0"
"289980.0";"443.0";"443.0"
"289990.0";"443.0";"443.0"
"290000.0";"443.0";"443.0"
"290010.0";"443.0";"443.0"
"290020.0";"443.0";"443.0"
"290030.0";"443.0";"443.0"
"290040.0";"443.0";"443.0"
"290050.0";"443.0";"443.0"
"290060.0";"443.0";"443.0"
"290070.0";"443.0";"443.0"
"290080.0";"443.0";"443.0"
"290090.0";"443.0";"443.0"
"290100.0";"443.0";"443.0"
"290110.0";"443.0";"443.0"
"290120.0";"443.0";"443.0"
"290130.0";"443.0";"443.0"
"290140.0";"443.0";"443.0"
"290150.0";"443.0";"443.0"
"290160.0";"443.0";"443.0"
"290170.0";"443.0";"443.0"
"290180.0";"443.0";"443.0"
"290190.0";"443.0";"443.0"
"290200.0";"443.0";"443.0"
"290210.0";"443.0";"443.0"
"290220.0";"443.0";"443.0"
"290230.0";"443.0";"443.0"
"290240.0";"443.0";"443.0"
"290250.0";"443.0";"443.0"
"290260.0";"443.0";"443.0"
"290270.0";"443.0";"443.0"
"290280.0";"443.0";"443.0"
"290290.0";"443.0";"443.0"
"290300.0";"443.0";"443.0"
"290310.0";"443.0";"443.0"
"290320.0";"443.0";"443.0"
"290330.0";"443.0";"443.0"
"290340.0";"443.0";"443.0"
"290350.0";"443.0";"443.0"
"290360.0";"443.0";"443.0"
"290370.0";"443.0";"443.0"
"290380.0";"443.0";"443.0"
"290390.0";"443.0";"443.0"
"290400.0";"443.0";"443.0"
"290410.0";"443.0";"443.0"
"290420.0";"443.0";"443.0"
"290430.0";"443.0";"443.0"
"290440.0";"443.0";"443.0"
"290450.0";"443.0";"443.0"
"290460.0";"443.0";"443.0"
"290470.0";"443.0";"443.0"
"290480.0";"443.0";"443.0"
"290490.0";"443.0";"443.0"
"290500.0";"443.0";"443.0"
"290510.0";"443.0";"443.0"
"290520.0";"443.0";"443.0"
"290530.0";"443.0";"443.0"
"290540.0";"443.0";"443.0"
"290550.0";"443.0";"443.0"
"290560.0";"443.0";"443.0"
"290570.0";"443.0";"443.0"
"290580.0";"443.0";"443.0"
"290590.0";"443.0";"443.0"
"290600.0";"443.0";"443.0"
"290610.0";"443.0";"443.0"
"290620.0";"443.0";"443.0"
"290630.0";"443.0";"443.0"
"290640.0";"443.0";"443.0"
"290650.0";"443.0";"443.0"
"290660.0";"443.0";"443.0"
"290670.0";"443.0";"443.0"
"290680.0";"443.0";"443.0"
"290690.0";"443.0";"443.0"
"290700.0";"443.0";"443.0"
"290710.0";"443.0";"443.0"
"290720.0";"443.0";"443.0"
"290730.0";"443.0";"443.0"
"290740.0";"443.0";"443.0"
"290750.0";"443.0";"443.0"
"290760.0";"443.0";"443.0"
"290770.0";"443.0";"443.0"
"290780.0";"443.0";"443.0"
"290790.0";"443.0";"443.0"
"290800.0";"443.0";"443.0"
"290810.0";"443.0";"443.0"
"290820.0";"443.0";"443.0"
"290830.0";"443.0";"443.0"
"290840.0";"443.0";"443.0"
"290850.0";"443.0";"443.0"
"290860.0";"443.0";"443.0"
"290870.0";"443.0";"443.0"
"290880.0";"443.0";"443.0"
"290890.0";"443.0";"443.0"
"290900.0";"443.0";"443.0"
"290910.0";"443.0";"443.0"
"290920.0";"443.0";"443.0"
"290930.0";"443.0";"443.0"
"290940.0";"443.0";"443.0"
"290950.0";"443.0";"443.0"
"290960.0";"443.0";"443.0"
"290970.0";"443.0";"443.0"
"290980.0";"443.0";"443.0"
"290990.0";"443.0";"443.0"
"291000.0";"443.0";"443.0"
"291010.0";"443.0";"443.0"
"291020.0";"443.0";"443.0"
"291030.0";"443.0";"443.0"
"291040.0";"443.0";"443.0"
"291050.0";"443.0";"443.0"
"291060.0";"443.0";"443.0"
"291070.0";"443.0";"443.0"
"291080.0";"443.0";"443.0"
"291090.0";"443.0";"443.0"
"291100.0";"443.0";"443.0"
"291110.0";"443.0";"443.0"
"291120.0";"443.0";"443.0"
"291130.0";"443.0";"443.0"
"291140.0";"443.0";"443.0"
"291150.0";"443.0";"443.0"
"291160.0";"443.0";"443.0"
"291170.0";"443.0";"443.0"
"291180.0";"443.0";"443.0"
"291190.0";"443.0";"443.0"
"291200.0";"443.0";"443.0"
"291210.0";"443.0";"443.0"
"291220.0";"443.0";"443.0"
"291230.0";"443.0";"443.0"
"291240.0";"443.0";"443.0"
"291250.0";"443.0";"443.0"
"291260.0";"443.0";"443.0"
"291270.0";"443.0";"443.0"
"291280.0";"443.0";"443.0"
"291290.0";"443.0";"443.0"
"291300.0";"443.0";"443.0"
"291310.0";"443.0";"443.0"
"291320.0";"443.0";"443.0"
"291330.0";"443.0";"443.0"
"291340.0";"443.0";"443.0"
"291350.0";"443.0";"443.0"
"291360.0";"443.0";"443.0"
"291370.0";"443.0";"443.0"
"291380.0";"443.0";"443.0"
"291390.0";"443.0";"443.0"
"291400.0";"443.0";"443.0"
"291410.0";"443.0";"443.0"
"291420.0";"443.0";"443.0"
"291430.0";"443.0";"443.0"
"291440.0";"443.0";"443.0"
"291450.0";"443.0";"443.0"
"291460.0";"443.0";"443.0"
"291470.0";"443.0";"443.0"
"291480.0";"443.0";"443.0"
"291490.0";"443.0";"443.0"
"291500.0";"443.0";"443.0"
"291510.0";"443.0";"443.0"
"291520.0";"443.0";"443.0"
"291530.0";"443.0";"443.0"
"291540.0";"443.0";"443.0"
"291550.0";"443.0";"443.0"
"291560.0";"443.0";"443.0"
"291570.0";"443.0";"443.0"
"291580.0";"443.0";"443.0"
"291590.0";"443.0";"443.0"
"291600.0";"443.0";"443.0"
"291610.0";"443.0";"443.0"
"291620.0";"443.0";"443.0"
"291630.0";"443.0";"443.0"
"291640.0";"443.0";"443.0"
"291650.0";"443.0";"443.0"
"291660.0";"443.0";"443.0"
"291670.0";"443.0";"443.0"
"291680.0";"443.0";"443.0"
"291690.0";"443.0";"443.0"
"291700.0";"443.0";"443.0"
"291710.0";"443.0";"443.0"
"291720.0";"443.0";"443.0"
"291730.0";"443.0";"443.0"
"291740.0";"443.0";"443.0"
"291750.0";"443.0";"443.0"
"291760.0";"443.0";"443.0"
"291770.0";"443.0";"443.0"
"291780.0";"443.0";"443.0"
"291790.0";"443.0";"443.0"
"291800.0";"443.0";"443.0"
"291810.0";"443.0";"443.0"
"291820.0";"443.0";"443.0"
"291830.0";"443.0";"443.0"
"291840.0";"443.0";"443.0"
"291850.0";"443.0";"443.0"
"291860.0";"443.0";"443.0"
"291870.0";"443.0";"443.0"
"291880.0";"443.0";"443.0"
"291890.0";"443.0";"443.0"
"291900.0";"443.0";"443.0"
"291910.0";"443.0";"443.0"
"291920.0";"443.0";"443.0"
"291930.0";"443.0";"443.0"
"291940.0";"443.0";"443.0"
"291950.0";"443.0";"443.0"
"291960.0";"443.0";"443.0"
"291970.0";"443.0";"443.0"
"291980.0";"443.0";"443.0"
"291990.0";"443.0";"443.0"
"292000.0";"443.0";"443.0"
"292010.0";"443.0";"443.0"
"292020.0";"443.0";"443.0"
"292030.0";"443.0";"443.0"
"292040.0";"443.0";"443.0"
"292050.0";"443.0";"443.0"
"292060.0";"443.0";"443.0"
"292070.0";"443.0";"443.0"
"292080.0";"443.0";"443.0"
"292090.0";"443.0";"443.0"
"292100.0";"443.0";"443.0"
"292110.0";"443.0";"443.0"
"292120.0";"443.0";"443.0"
"292130.0";"443.0";"443.0"
"292140.0";"443.0";"443.0"
"292150.0";"443.0";"443.0"
"292160.0";"443.0";"443.0"
"292170.0";"443.0";"443.0"
"292180.0";"443.0";"443.0"
"292190.0";"443.0";"443.0"
"292200.0";"443.0";"443.0"
"292210.0";"443.0";"443.0"
"292220.0";"443.0";"443.0"
"292230.0";"443.0";"443.0"
"292240.0";"443.0";"443.0"
"292250.0";"443.0";"443.0"
"292260.0";"443.0";"443.0"
"292270.0";"443.0";"443.0"
"292280.0";"443.0";"443.0"
"292290.0";"443.0";"443.0"
"292300.0";"443.0";"443.0"
"292310.0";"443.0";"443.0"
"292320.0";"443.0";"443.0"
"292330.0";"443.0";"443.0"
"292340.0";"443.0";"443.0"
"292350.0";"443.0";"443.0"
"292360.0";"443.0";"443.0"
"292370.0";"443.0";"443.0"
"292380.0";"443.0";"443.0"
"292390.0";"443.0";"443.0"
"292400.0";"443.0";"443.0"
"292410.0";"443.0";"443.0"
"292420.0";"443.0";"443.0"
"292430.0";"443.0";"443.0"
"292440.0";"443.0";"443.0"
"292450.0";"443.0";"443.0"
"292460.0";"443.0";"443.0"
"292470.0";"443.0";"443.0"
"292480.0";"443.0";"443.0"
"292490.0";"443.0";"443.0"
"292500.0";"443.0";"443.0"
"292510.0";"443.0";"443.0"
"292520.0";"443.0";"443.0"
"292530.0";"443.0";"443.0"
"292540.0";"443.0";"443.0"
"292550.0";"443.0";"443.0"
"292560.0";"443.0";"443.0"
"292570.0";"443.0";"443.0"
"292580.0";"443.0";"443.0"
"292590.0";"443.0";"443.0"
"292600.0";"443.0";"443.0"
"292610.0";"443.0";"443.0"
"292620.0";"443.0";"443.0"
"292630.0";"443.0";"443.0"
"292640.0";"443.0";"443.0"
"292650.0";"443.0";"443.0"
"292660.0";"443.0";"443.0"
"292670.0";"443.0";"443.0"
"292680.0";"443.0";"443.0"
"292690.0";"443.0";"443.0"
"292700.0";"443.0";"443.0"
"292710.0";"443.0";"443.0"
"292720.0";"443.0";"443.0"
"292730.0";"443.0";"443.0"
"292740.0";"443.0";"443.0"
"292750.0";"443.0";"443.0"
"292760.0";"443.0";"443.0"
"292770.0";"443.0";"443.0"
"292780.0";"443.0";"443.0"
"292790.0";"443.0";"443.0"
"292800.0";"443.0";"443.0"
"292810.0";"443.0";"443.0"
"292820.0";"443.0";"443.0"
"292830.0";"443.0";"443.0"
"292840.0";"443.0";"443.0"
"292850.0";"443.0";"443.0"
"292860.0";"443.0";"443.0"
"292870.0";"443.0";"443.0"
"292880.0";"443.0";"443.0"
"292890.0";"443.0";"443.0"
"292900.0";"443.0";"443.0"
"292910.0";"443.0";"443.0"
"292920.0";"443.0";"443.0"
"292930.0";"443.0";"443.0"
"292940.0";"443.0";"443.0"
"292950.0";"443.0";"443.0"
"292960.0";"443.0";"443.0"
"292970.0";"443.0";"443.0"
"292980.0";"443.0";"443.0"
"292990.0";"443.0";"443.0"
"293000.0";"443.0";"443.0"
"293010.0";"443.0";"443.0"
"293020.0";"443.0";"443.0"
"293030.0";"443.0";"443.0"
"293040.0";"443.0";"443.0"
"293050.0";"443.0";"443.0"
"293060.0";"443.0";"443.0"
"293070.0";"443.0";"443.0"
"293080.0";"443.0";"443.0"
"293090.0";"443.0";"443.0"
"293100.0";"443.0";"443.0"
"293110.0";"443.0";"443.0"
"293120.0";"443.0";"443.0"
"293130.0";"443.0";"443.0"
"293140.0";"443.0";"443.0"
"293150.0";"443.0";"443.0"
"293160.0";"443.0";"443.0"
"293170.0";"443.0";"443.0"
"293180.0";"443.0";"443.0"
"293190.0";"443.0";"443.0"
"293200.0";"443.0";"443.0"
"293210.0";"443.0";"443.0"
"293220.0";"443.0";"443.0"
"293230.0";"443.0";"443.0"
"293240.0";"443.0";"443.0"
"293250.0";"443.0";"443.0"
"293260.0";"443.0";"443.0"
"293270.0";"443.0";"443.0"
"293280.0";"443.0";"443.0"
"293290.0";"443.0";"443.0"
"293300.0";"443.0";"443.0"
"293310.0";"443.0";"443.0"
"293320.0";"443.0";"443.0"
"293330.0";"443.0";"443.0"
"293340.0";"443.0";"443.0"
"293350.0";"443.0";"443.0"
"293360.0";"443.0";"443.0"
"293370.0";"443.0";"443.0"
"293380.0";"443.0";"443.0"
"293390.0";"443.0";"443.0"
"293400.0";"443.0";"443.0"
"293410.0";"443.0";"443.0"
"293420.0";"443.0";"443.0"
"293430.0";"443.0";"443.0"
"293440.0";"443.0";"443.0"
"293450.0";"443.0";"443.0"
"293460.0";"443.0";"443.0"
"293470.0";"443.0";"443.0"
"293480.0";"443.0";"443.0"
"293490.0";"443.0";"443.0"
"293500.0";"443.0";"443.0"
"293510.0";"443.0";"443.0"
"293520.0";"443.0";"443.0"
"293530.0";"443.0";"443.0"
"293540.0";"443.0";"443.0"
"293550.0";"443.0";"443.0"
"293560.0";"443.0";"443.0"
"293570.0";"443.0";"443.0"
"293580.0";"443.0";"443.0"
"293590.0";"443.0";"443.0"
"293600.0";"443.0";"443.0"
"293610.0";"443.0";"443.0"
"293620.0";"443.0";"443.0"
"293630.0";"443.0";"443.0"
"293640.0";"443.0";"443.0"
"293650.0";"443.0";"443.0"
"293660.0";"443.0";"443.0"
"293670.0";"443.0";"443.0"
"293680.0";"443.0";"443.0"
"293690.0";"443.0";"443.0"
"293700.0";"443.0";"443.0"
"293710.0";"443.0";"443.0"
"293720.0";"443.0";"443.0"
"293730.0";"443.0";"443.0"
"293740.0";"443.0";"443.0"
"293750.0";"443.0";"443.0"
"293760.0";"443.0";"443.0"
"293770.0";"443.0";"443.0"
"293780.0";"443.0";"443.0"
"293790.0";"443.0";"443.0"
"293800.0";"443.0";"443.0"
"293810.0";"443.0";"443.0"
"293820.0";"443.0";"443.0"
"293830.0";"443.0";"443.0"
"293840.0";"443.0";"443.0"
"293850.0";"443.0";"443.0"
"293860.0";"443.0";"443.0"
"293870.0";"443.0";"443.0"
"293880.0";"443.0";"443.0"
"293890.0";"443.0";"443.0"
"293900.0";"443.0";"443.0"
"293910.0";"443.0";"443.0"
"293920.0";"443.0";"443.0"
"293930.0";"443.0";"443.0"
"293940.0";"443.0";"443.0"
"293950.0";"443.0";"443.0"
"293960.0";"443.0";"443.0"
"293970.0";"443.0";"443.0"
"293980.0";"443.0";"443.0"
"293990.0";"443.0";"443.0"
"294000.0";"443.0";"443.0"
"294010.0";"443.0";"443.0"
"294020.0";"443.0";"443.0"
"294030.0";"443.0";"443.0"
"294040.0";"443.0";"443.0"
"294050.0";"443.0";"443.0"
"294060.0";"443.0";"443.0"
"294070.0";"443.0";"443.0"
"294080.0";"443.0";"443.0"
"294090.0";"443.0";"443.0"
"294100.0";"443.0";"443.0"
"294110.0";"443.0";"443.0"
"294120.0";"443.0";"443.0"
"294130.0";"443.0";"443.0"
"294140.0";"443.0";"443.0"
"294150.0";"443.0";"443.0"
"294160.0";"443.0";"443.0"
"294170.0";"443.0";"443.0"
"294180.0";"443.0";"443.0"
"294190.0";"443.0";"443.0"
"294200.0";"443.0";"443.0"
"294210.0";"443.0";"443.0"
"294220.0";"443.0";"443.0"
"294230.0";"443.0";"443.0"
"294240.0";"443.0";"443.0"
"294250.0";"443.0";"443.0"
"294260.0";"443.0";"443.0"
"294270.0";"443.0";"443.0"
"294280.0";"443.0";"443.0"
"294290.0";"443.0";"443.0"
"294300.0";"443.0";"443.0"
"294310.0";"443.0";"443.0"
"294320.0";"443.0";"443.0"
"294330.0";"443.0";"443.0"
"294340.0";"443.0";"443.0"
"294350.0";"443.0";"443.0"
"294360.0";"443.0";"443.0"
"294370.0";"443.0";"443.0"
"294380.0";"443.0";"443.0"
"294390.0";"443.0";"443.0"
"294400.0";"443.0";"443.0"
"294410.0";"443.0";"443.0"
"294420.0";"443.0";"443.0"
"294430.0";"443.0";"443.0"
"294440.0";"443.0";"443.0"
"294450.0";"443.0";"443.0"
"294460.0";"443.0";"443.0"
"294470.0";"443.0";"443.0"
"294480.0";"443.0";"443.0"
"294490.0";"443.0";"443.0"
"294500.0";"443.0";"443.0"
"294510.0";"443.0";"443.0"
"294520.0";"443.0";"443.0"
"294530.0";"443.0";"443.0"
"294540.0";"443.0";"443.0"
"294550.0";"443.0";"443.0"
"294560.0";"443.0";"443.0"
"294570.0";"443.0";"443.0"
"294580.0";"443.0";"443.0"
"294590.0";"443.0";"443.0"
"294600.0";"443.0";"443.0"
"294610.0";"443.0";"443.0"
"294620.0";"443.0";"443.0"
"294630.0";"443.0";"443.0"
"294640.0";"443.0";"443.0"
"294650.0";"443.0";"443.0"
"294660.0";"443.0";"443.0"
"294670.0";"443.0";"443.0"
"294680.0";"443.0";"443.0"
"294690.0";"443.0";"443.0"
"294700.0";"443.0";"443.0"
"294710.0";"443.0";"443.0"
"294720.0";"443.0";"443.0"
"294730.0";"443.0";"443.0"
"294740.0";"443.0";"443.0"
"294750.0";"443.0";"443.0"
"294760.0";"443.0";"443.0"
"294770.0";"443.0";"443.0"
"294780.0";"443.0";"443.0"
"294790.0";"443.0";"443.0"
"294800.0";"443.0";"443.0"
"294810.0";"443.0";"443.0"
"294820.0";"443.0";"443.0"
"294830.0";"443.0";"443.0"
"294840.0";"443.0";"443.0"
"294850.0";"443.0";"443.0"
"294860.0";"443.0";"443.0"
"294870.0";"443.0";"443.0"
"294880.0";"443.0";"443.0"
"294890.0";"443.0";"443.0"
"294900.0";"443.0";"443.0"
"294910.0";"443.0";"443.0"
"294920.0";"443.0";"443.0"
"294930.0";"443.0";"443.0"
"294940.0";"443.0";"443.0"
"294950.0";"443.0";"443.0"
"294960.0";"443.0";"443.0"
"294970.0";"443.0";"443.0"
"294980.0";"443.0";"443.0"
"294990.0";"443.0";"443.0"
"295000.0";"443.0";"443.0"
"295010.0";"443.0";"443.0"
"295020.0";"443.0";"443.0"
"295030.0";"443.0";"443.0"
"295040.0";"443.0";"443.0"
"295050.0";"443.0";"443.0"
"295060.0";"443.0";"443.0"
"295070.0";"443.0";"443.0"
"295080.0";"443.0";"443.0"
"295090.0";"443.0";"443.0"
"295100.0";"443.0";"443.0"
"295110.0";"443.0";"443.0"
"295120.0";"443.0";"443.0"
"295130.0";"443.0";"443.0"
"295140.0";"443.0";"443.0"
"295150.0";"443.0";"443.0"
"295160.0";"443.0";"443.0"
"295170.0";"443.0";"443.0"
"295180.0";"443.0";"443.0"
"295190.0";"443.0";"443.0"
"295200.0";"443.0";"443.0"
"295210.0";"443.0";"443.0"
"295220.0";"443.0";"443.0"
"295230.0";"443.0";"443.0"
"295240.0";"443.0";"443.0"
"295250.0";"443.0";"443.0"
"295260.0";"443.0";"443.0"
"295270.0";"443.0";"443.0"
"295280.0";"443.0";"443.0"
"295290.0";"443.0";"443.0"
"295300.0";"443.0";"443.0"
"295310.0";"443.0";"443.0"
"295320.0";"443.0";"443.0"
"295330.0";"443.0";"443.0"
"295340.0";"443.0";"443.0"
"295350.0";"443.0";"443.0"
"295360.0";"443.0";"443.0"
"295370.0";"443.0";"443.0"
"295380.0";"443.0";"443.0"
"295390.0";"443.0";"443.0"
"295400.0";"443.0";"443.0"
"295410.0";"443.0";"443.0"
"295420.0";"443.0";"443.0"
"295430.0";"443.0";"443.0"
"295440.0";"443.0";"443.0"
"295450.0";"443.0";"443.0"
"295460.0";"443.0";"443.0"
"295470.0";"443.0";"443.0"
"295480.0";"443.0";"443.0"
"295490.0";"443.0";"443.0"
"295500.0";"443.0";"443.0"
"295510.0";"443.0";"443.0"
"295520.0";"443.0";"443.0"
"295530.0";"443.0";"443.0"
"295540.0";"443.0";"443.0"
"295550.0";"443.0";"443.0"
"295560.0";"443.0";"443.0"
"295570.0";"443.0";"443.0"
"295580.0";"443.0";"443.0"
"295590.0";"443.0";"443.0"
"295600.0";"443.0";"443.0"
"295610.0";"443.0";"443.0"
"295620.0";"443.0";"443.0"
"295630.0";"443.0";"443.0"
"295640.0";"443.0";"443.0"
"295650.0";"443.0";"443.0"
"295660.0";"443.0";"443.0"
"295670.0";"443.0";"443.0"
"295680.0";"443.0";"443.0"
"295690.0";"443.0";"443.0"
"295700.0";"443.0";"443.0"
"295710.0";"443.0";"443.0"
"295720.0";"443.0";"443.0"
"295730.0";"443.0";"443.0"
"295740.0";"443.0";"443.0"
"295750.0";"443.0";"443.0"
"295760.0";"443.0";"443.0"
"295770.0";"443.0";"443.0"
"295780.0";"443.0";"443.0"
"295790.0";"443.0";"443.0"
"295800.0";"443.0";"443.0"
"295810.0";"443.0";"443.0"
"295820.0";"443.0";"443.0"
"295830.0";"443.0";"443.0"
"295840.0";"443.0";"443.0"
"295850.0";"443.0";"443.0"
"295860.0";"443.0";"443.0"
"295870.0";"443.0";"443.0"
"295880.0";"443.0";"443.0"
"295890.0";"443.0";"443.0"
"295900.0";"443.0";"443.0"
"295910.0";"443.0";"443.0"
"295920.0";"443.0";"443.0"
"295930.0";"443.0";"443.0"
"295940.0";"443.0";"443.0"
"295950.0";"443.0";"443.0"
"295960.0";"443.0";"443.0"
"295970.0";"443.0";"443.0"
"295980.0";"443.0";"443.0"
"295990.0";"443.0";"443.0"
"296000.0";"443.0";"443.0"
"296010.0";"443.0";"443.0"
"296020.0";"443.0";"443.0"
"296030.0";"443.0";"443.0"
"296040.0";"443.0";"443.0"
"296050.0";"443.0";"443.0"
"296060.0";"443.0";"443.0"
"296070.0";"443.0";"443.0"
"296080.0";"443.0";"443.0"
"296090.0";"443.0";"443.0"
"296100.0";"443.0";"443.0"
"296110.0";"443.0";"443.0"
"296120.0";"443.0";"443.0"
"296130.0";"443.0";"443.0"
"296140.0";"443.0";"443.0"
"296150.0";"443.0";"443.0"
"296160.0";"443.0";"443.0"
"296170.0";"443.0";"443.0"
"296180.0";"443.0";"443.0"
"296190.0";"443.0";"443.0"
"296200.0";"443.0";"443.0"
"296210.0";"443.0";"443.0"
"296220.0";"443.0";"443.0"
"296230.0";"443.0";"443.0"
"296240.0";"443.0";"443.0"
"296250.0";"443.0";"443.0"
"296260.0";"443.0";"443.0"
"296270.0";"443.0";"443.0"
"296280.0";"443.0";"443.0"
"296290.0";"443.0";"443.0"
"296300.0";"443.0";"443.0"
"296310.0";"443.0";"443.0"
"296320.0";"443.0";"443.0"
"296330.0";"443.0";"443.0"
"296340.0";"443.0";"443.0"
"296350.0";"443.0";"443.0"
"296360.0";"443.0";"443.0"
"296370.0";"443.0";"443.0"
"296380.0";"443.0";"443.0"
"296390.0";"443.0";"443.0"
"296400.0";"443.0";"443.0"
"296410.0";"443.0";"443.0"
"296420.0";"443.0";"443.0"
"296430.0";"443.0";"443.0"
"296440.0";"443.0";"443.0"
"296450.0";"443.0";"443.0"
"296460.0";"443.0";"443.0"
"296470.0";"443.0";"443.0"
"296480.0";"443.0";"443.0"
"296490.0";"443.0";"443.0"
"296500.0";"443.0";"443.0"
"296510.0";"443.0";"443.0"
"296520.0";"443.0";"443.0"
"296530.0";"443.0";"443.0"
"296540.0";"443.0";"443.0"
"296550.0";"443.0";"443.0"
"296560.0";"443.0";"443.0"
"296570.0";"443.0";"443.0"
"296580.0";"443.0";"443.0"
"296590.0";"443.0";"443.0"
"296600.0";"443.0";"443.0"
"296610.0";"443.0";"443.0"
"296620.0";"443.0";"443.0"
"296630.0";"443.0";"443.0"
"296640.0";"443.0";"443.0"
"296650.0";"443.0";"443.0"
"296660.0";"443.0";"443.0"
"296670.0";"443.0";"443.0"
"296680.0";"443.0";"443.0"
"296690.0";"443.0";"443.0"
"296700.0";"443.0";"443.0"
"296710.0";"443.0";"443.0"
"296720.0";"443.0";"443.0"
"296730.0";"443.0";"443.0"
"296740.0";"443.0";"443.0"
"296750.0";"443.0";"443.0"
"296760.0";"443.0";"443.0"
"296770.0";"443.0";"443.0"
"296780.0";"443.0";"443.0"
"296790.0";"443.0";"443.0"
"296800.0";"443.0";"443.0"
"296810.0";"443.0";"443.0"
"296820.0";"443.0";"443.0"
"296830.0";"443.0";"443.0"
"296840.0";"443.0";"443.0"
"296850.0";"443.0";"443.0"
"296860.0";"443.0";"443.0"
"296870.0";"443.0";"443.0"
"296880.0";"443.0";"443.0"
"296890.0";"443.0";"443.0"
"296900.0";"443.0";"443.0"
"296910.0";"443.0";"443.0"
"296920.0";"443.0";"443.0"
"296930.0";"443.0";"443.0"
"296940.0";"443.0";"443.0"
"296950.0";"443.0";"443.0"
"296960.0";"443.0";"443.0"
"296970.0";"443.0";"443.0"
"296980.0";"443.0";"443.0"
"296990.0";"443.0";"443.0"
"297000.0";"443.0";"443.0"
"297010.0";"443.0";"443.0"
"297020.0";"443.0";"443.0"
"297030.0";"443.0";"443.0"
"297040.0";"443.0";"443.0"
"297050.0";"443.0";"443.0"
"297060.0";"443.0";"443.0"
"297070.0";"443.0";"443.0"
"297080.0";"443.0";"443.0"
"297090.0";"443.0";"443.0"
"297100.0";"443.0";"443.0"
"297110.0";"443.0";"443.0"
"297120.0";"443.0";"443.0"
"297130.0";"443.0";"443.0"
"297140.0";"443.0";"443.0"
"297150.0";"443.0";"443.0"
"297160.0";"443.0";"443.0"
"297170.0";"443.0";"443.0"
"297180.0";"443.0";"443.0"
"297190.0";"443.0";"443.0"
"297200.0";"443.0";"443.0"
"297210.0";"443.0";"443.0"
"297220.0";"443.0";"443.0"
"297230.0";"443.0";"443.0"
"297240.0";"443.0";"443.0"
"297250.0";"443.0";"443.0"
"297260.0";"443.0";"443.0"
"297270.0";"443.0";"443.0"
"297280.0";"443.0";"443.0"
"297290.0";"443.0";"443.0"
"297300.0";"443.0";"443.0"
"297310.0";"443.0";"443.0"
"297320.0";"443.0";"443.0"
"297330.0";"443.0";"443.0"
"297340.0";"443.0";"443.0"
"297350.0";"443.0";"443.0"
"297360.0";"443.0";"443.0"
"297370.0";"443.0";"443.0"
"297380.0";"443.0";"443.0"
"297390.0";"443.0";"443.0"
"297400.0";"443.0";"443.0"
"297410.0";"443.0";"443.0"
"297420.0";"443.0";"443.0"
"297430.0";"443.0";"443.0"
"297440.0";"443.0";"443.0"
"297450.0";"443.0";"443.0"
"297460.0";"443.0";"443.0"
"297470.0";"443.0";"443.0"
"297480.0";"443.0";"443.0"
"297490.0";"443.0";"443.0"
"297500.0";"443.0";"443.0"
"297510.0";"443.0";"443.0"
"297520.0";"443.0";"443.0"
"297530.0";"443.0";"443.0"
"297540.0";"443.0";"443.0"
"297550.0";"443.0";"443.0"
"297560.0";"443.0";"443.0"
"297570.0";"443.0";"443.0"
"297580.0";"443.0";"443.0"
"297590.0";"443.0";"443.0"
"297600.0";"443.0";"443.0"
"297610.0";"443.0";"443.0"
"297620.0";"443.0";"443.0"
"297630.0";"443.0";"443.0"
"297640.0";"443.0";"443.0"
"297650.0";"443.0";"443.0"
"297660.0";"443.0";"443.0"
"297670.0";"443.0";"443.0"
"297680.0";"443.0";"443.0"
"297690.0";"443.0";"443.0"
"297700.0";"443.0";"443.0"
"297710.0";"443.0";"443.0"
"297720.0";"443.0";"443.0"
"297730.0";"443.0";"443.0"
"297740.0";"443.0";"443.0"
"297750.0";"443.0";"443.0"
"297760.0";"443.0";"443.0"
"297770.0";"443.0";"443.0"
"297780.0";"443.0";"443.0"
"297790.0";"443.0";"443.0"
"297800.0";"443.0";"443.0"
"297810.0";"443.0";"443.0"
"297820.0";"443.0";"443.0"
"297830.0";"443.0";"443.0"
"297840.0";"443.0";"443.0"
"297850.0";"443.0";"443.0"
"297860.0";"443.0";"443.0"
"297870.0";"443.0";"443.0"
"297880.0";"443.0";"443.0"
"297890.0";"443.0";"443.0"
"297900.0";"443.0";"443.0"
"297910.0";"443.0";"443.0"
"297920.0";"443.0";"443.0"
"297930.0";"443.0";"443.0"
"297940.0";"443.0";"443.0"
"297950.0";"443.0";"443.0"
"297960.0";"443.0";"443.0"
"297970.0";"443.0";"443.0"
"297980.0";"443.0";"443.0"
"297990.0";"443.0";"443.0"
"298000.0";"443.0";"443.0"
"298010.0";"443.0";"443.0"
"298020.0";"443.0";"443.0"
"298030.0";"443.0";"443.0"
"298040.0";"443.0";"443.0"
"298050.0";"443.0";"443.0"
"298060.0";"443.0";"443.0"
"298070.0";"443.0";"443.0"
"298080.0";"443.0";"443.0"
"298090.0";"443.0";"443.0"
"298100.0";"443.0";"443.0"
"298110.0";"443.0";"443.0"
"298120.0";"443.0";"443.0"
"298130.0";"443.0";"443.0"
"298140.0";"443.0";"443.0"
"298150.0";"443.0";"443.0"
"298160.0";"443.0";"443.0"
"298170.0";"443.0";"443.0"
"298180.0";"443.0";"443.0"
"298190.0";"443.0";"443.0"
"298200.0";"443.0";"443.0"
"298210.0";"443.0";"443.0"
"298220.0";"443.0";"443.0"
"298230.0";"443.0";"443.0"
"298240.0";"443.0";"443.0"
"298250.0";"443.0";"443.0"
"298260.0";"443.0";"443.0"
"298270.0";"443.0";"443.0"
"298280.0";"443.0";"443.0"
"298290.0";"443.0";"443.0"
"298300.0";"443.0";"443.0"
"298310.0";"443.0";"443.0"
"298320.0";"443.0";"443.0"
"298330.0";"443.0";"443.0"
"298340.0";"443.0";"443.0"
"298350.0";"443.0";"443.0"
"298360.0";"443.0";"443.0"
"298370.0";"443.0";"443.0"
"298380.0";"443.0";"443.0"
"298390.0";"443.0";"443.0"
"298400.0";"443.0";"443.0"
"298410.0";"443.0";"443.0"
"298420.0";"443.0";"443.0"
"298430.0";"443.0";"443.0"
"298440.0";"443.0";"443.0"
"298450.0";"443.0";"443.0"
"298460.0";"443.0";"443.0"
"298470.0";"443.0";"443.0"
"298480.0";"443.0";"443.0"
"298490.0";"443.0";"443.0"
"298500.0";"443.0";"443.0"
"298510.0";"443.0";"443.0"
"298520.0";"443.0";"443.0"
"298530.0";"443.0";"443.0"
"298540.0";"443.0";"443.0"
"298550.0";"443.0";"443.0"
"298560.0";"443.0";"443.0"
"298570.0";"443.0";"443.0"
"298580.0";"443.0";"443.0"
"298590.0";"443.0";"443.0"
"298600.0";"443.0";"443.0"
"298610.0";"443.0";"443.0"
"298620.0";"443.0";"443.0"
"298630.0";"443.0";"443.0"
"298640.0";"443.0";"443.0"
"298650.0";"443.0";"443.0"
"298660.0";"443.0";"443.0"
"298670.0";"443.0";"443.0"
"298680.0";"443.0";"443.0"
"298690.0";"443.0";"443.0"
"298700.0";"443.0";"443.0"
"298710.0";"443.0";"443.0"
"298720.0";"443.0";"443.0"
"298730.0";"443.0";"443.0"
"298740.0";"443.0";"443.0"
"298750.0";"443.0";"443.0"
"298760.0";"443.0";"443.0"
"298770.0";"443.0";"443.0"
"298780.0";"443.0";"443.0"
"298790.0";"443.0";"443.0"
"298800.0";"443.0";"443.0"
"298810.0";"443.0";"443.0"
"298820.0";"443.0";"443.0"
"298830.0";"443.0";"443.0"
"298840.0";"443.0";"443.0"
"298850.0";"443.0";"443.0"
"298860.0";"443.0";"443.0"
"298870.0";"443.0";"443.0"
"298880.0";"443.0";"443.0"
"298890.0";"443.0";"443.0"
"298900.0";"443.0";"443.0"
"298910.0";"443.0";"443.0"
"298920.0";"443.0";"443.0"
"298930.0";"443.0";"443.0"
"298940.0";"443.0";"443.0"
"298950.0";"443.0";"443.0"
"298960.0";"443.0";"443.0"
"298970.0";"443.0";"443.0"
"298980.0";"443.0";"443.0"
"298990.0";"443.0";"443.0"
"299000.0";"443.0";"443.0"
"299010.0";"443.0";"443.0"
"299020.0";"443.0";"443.0"
"299030.0";"443.0";"443.0"
"299040.0";"443.0";"443.0"
"299050.0";"443.0";"443.0"
"299060.0";"443.0";"443.0"
"299070.0";"443.0";"443.0"
"299080.0";"443.0";"443.0"
"299090.0";"443.0";"443.0"
"299100.0";"443.0";"443.0"
"299110.0";"443.0";"443.0"
"299120.0";"443.0";"443.0"
"299130.0";"443.0";"443.0"
"299140.0";"443.0";"443.0"
"299150.0";"443.0";"443.0"
"299160.0";"443.0";"443.0"
"299170.0";"443.0";"443.0"
"299180.0";"443.0";"443.0"
"299190.0";"443.0";"443.0"
"299200.0";"443.0";"443.0"
"299210.0";"443.0";"443.0"
"299220.0";"443.0";"443.0"
"299230.0";"443.0";"443.0"
"299240.0";"443.0";"443.0"
"299250.0";"443.0";"443.0"
"299260.0";"443.0";"443.0"
"299270.0";"443.0";"443.0"
"299280.0";"443.0";"443.0"
"299290.0";"443.0";"443.0"
"299300.0";"443.0";"443.0"
"299310.0";"443.0";"443.0"
"299320.0";"443.0";"443.0"
"299330.0";"443.0";"443.0"
"299340.0";"443.0";"443.0"
"299350.0";"443.0";"443.0"
"299360.0";"443.0";"443.0"
"299370.0";"443.0";"443.0"
"299380.0";"443.0";"443.0"
"299390.0";"443.0";"443.0"
"299400.0";"443.0";"443.0"
"299410.0";"443.0";"443.0"
"299420.0";"443.0";"443.0"
"299430.0";"443.0";"443.0"
"299440.0";"443.0";"443.0"
"299450.0";"443.0";"443.0"
"299460.0";"443.0";"443.0"
"299470.0";"443.0";"443.0"
"299480.0";"443.0";"443.0"
"299490.0";"443.0";"443.0"
"299500.0";"443.0";"443.0"
"299510.0";"443.0";"443.0"
"299520.0";"443.0";"443.0"
"299530.0";"443.0";"443.0"
"299540.0";"443.0";"443.0"
"299550.0";"443.0";"443.0"
"299560.0";"443.0";"443.0"
"299570.0";"443.0";"443.0"
"299580.0";"443.0";"443.0"
"299590.0";"443.0";"443.0"
"299600.0";"443.0";"443.0"
"299610.0";"443.0";"443.0"
"299620.0";"443.0";"443.0"
"299630.0";"443.0";"443.0"
"299640.0";"443.0";"443.0"
"299650.0";"443.0";"443.0"
"299660.0";"443.0";"443.0"
"299670.0";"443.0";"443.0"
"299680.0";"443.0";"443.0"
"299690.0";"443.0";"443.0"
"299700.0";"443.0";"443.0"
"299710.0";"443.0";"443.0"
"299720.0";"443.0";"443.0"
"299730.0";"443.0";"443.0"
"299740.0";"443.0";"443.0"
"299750.0";"443.0";"443.0"
"299760.0";"443.0";"443.0"
"299770.0";"443.0";"443.0"
"299780.0";"443.0";"443.0"
"299790.0";"443.0";"443.0"
"299800.0";"443.0";"443.0"
"299810.0";"443.0";"443.0"
"299820.0";"443.0";"443.0"
"299830.0";"443.0";"443.0"
"299840.0";"443.0";"443.0"
"299850.0";"443.0";"443.0"
"299860.0";"443.0";"443.0"
"299870.0";"443.0";"443.0"
"299880.0";"443.0";"443.0"
"299890.0";"443.0";"443.0"
"299900.0";"443.0";"443.0"
"299910.0";"443.0";"443.0"
"299920.0";"443.0";"443.0"
"299930.0";"443.0";"443.0"
"299940.0";"443.0";"443.0"
"299950.0";"443.0";"443.0"
"299960.0";"443.0";"443.0"
"299970.0";"443.0";"443.0"
"299980.0";"443.0";"443.0"
"299990.0";"443.0";"443.0"
"300000.0";"443.0";"443.0"
