# This .csv file was created 12.10.2024 14:30
# extracted out of file mindist_major_allergenic_epitope_r_102-124_MOL2.xvg in working dir /media/ron/DiplArbeit1/neue simulationen/6FXb/LIGAND/CLAB/6fxb_clab_2
# Original file was created by command :
"Minimum Distance"
"Time (ps)";"r_102-124-MOL2"
"0.0";"6.121931"
"10.0";"6.164268"
"20.0";"6.064413"
"30.0";"6.271679"
"40.0";"6.469032"
"50.0";"6.244308"
"60.0";"6.330435"
"70.0";"6.378407"
"80.0";"6.075116"
"90.0";"5.95829"
"100.0";"5.992904"
"110.0";"6.235363"
"120.0";"6.063665"
"130.0";"5.952962"
"140.0";"6.050832"
"150.0";"6.00689"
"160.0";"5.834179"
"170.0";"5.692931"
"180.0";"5.89199"
"190.0";"5.591986"
"200.0";"5.441812"
"210.0";"5.709612"
"220.0";"5.80341"
"230.0";"5.780318"
"240.0";"6.123243"
"250.0";"6.104201"
"260.0";"6.102126"
"270.0";"5.976669"
"280.0";"5.663905"
"290.0";"5.593122"
"300.0";"5.409875"
"310.0";"5.621789"
"320.0";"5.64808"
"330.0";"5.768754"
"340.0";"5.690212"
"350.0";"5.713651"
"360.0";"5.739655"
"370.0";"5.857802"
"380.0";"5.652899"
"390.0";"5.480228"
"400.0";"5.729451"
"410.0";"5.472889"
"420.0";"5.520818"
"430.0";"5.389614"
"440.0";"5.470063"
"450.0";"5.408931"
"460.0";"5.471409"
"470.0";"5.453897"
"480.0";"5.401647"
"490.0";"5.560541"
"500.0";"5.509741"
"510.0";"5.34099"
"520.0";"5.170805"
"530.0";"5.076163"
"540.0";"5.168368"
"550.0";"5.219113"
"560.0";"5.258206"
"570.0";"5.26518"
"580.0";"5.346629"
"590.0";"5.444585"
"600.0";"5.463421"
"610.0";"5.442374"
"620.0";"5.39562"
"630.0";"5.263513"
"640.0";"5.053431"
"650.0";"4.99737"
"660.0";"5.125449"
"670.0";"5.224753"
"680.0";"4.948009"
"690.0";"5.019555"
"700.0";"4.895102"
"710.0";"4.868977"
"720.0";"4.787636"
"730.0";"4.470018"
"740.0";"4.844875"
"750.0";"4.602654"
"760.0";"4.64677"
"770.0";"4.573623"
"780.0";"4.687497"
"790.0";"4.923601"
"800.0";"4.82929"
"810.0";"5.017959"
"820.0";"4.737136"
"830.0";"4.667262"
"840.0";"4.731224"
"850.0";"4.589971"
"860.0";"4.543084"
"870.0";"4.482539"
"880.0";"4.751166"
"890.0";"5.038848"
"900.0";"5.188538"
"910.0";"5.462508"
"920.0";"5.553737"
"930.0";"5.607113"
"940.0";"5.689229"
"950.0";"5.608624"
"960.0";"5.44974"
"970.0";"5.241515"
"980.0";"5.199949"
"990.0";"5.147543"
"1000.0";"5.1801"
"1010.0";"5.157003"
"1020.0";"5.304903"
"1030.0";"5.140187"
"1040.0";"5.196344"
"1050.0";"5.372784"
"1060.0";"5.251968"
"1070.0";"5.37698"
"1080.0";"5.50826"
"1090.0";"5.441887"
"1100.0";"5.303176"
"1110.0";"5.187078"
"1120.0";"5.076214"
"1130.0";"4.892336"
"1140.0";"5.036155"
"1150.0";"5.045958"
"1160.0";"5.15653"
"1170.0";"5.191978"
"1180.0";"5.148895"
"1190.0";"5.032518"
"1200.0";"5.234387"
"1210.0";"5.139329"
"1220.0";"5.120239"
"1230.0";"5.130651"
"1240.0";"4.921825"
"1250.0";"4.849964"
"1260.0";"4.501959"
"1270.0";"4.570148"
"1280.0";"4.572914"
"1290.0";"4.618873"
"1300.0";"4.549262"
"1310.0";"4.527669"
"1320.0";"4.716297"
"1330.0";"4.635439"
"1340.0";"4.729935"
"1350.0";"4.569859"
"1360.0";"4.636948"
"1370.0";"4.853151"
"1380.0";"4.882572"
"1390.0";"4.86202"
"1400.0";"5.129824"
"1410.0";"5.171739"
"1420.0";"5.351956"
"1430.0";"5.225333"
"1440.0";"5.397326"
"1450.0";"5.181795"
"1460.0";"4.952663"
"1470.0";"5.182664"
"1480.0";"5.236062"
"1490.0";"5.188313"
"1500.0";"5.358692"
"1510.0";"5.351173"
"1520.0";"5.341193"
"1530.0";"5.002881"
"1540.0";"4.944668"
"1550.0";"5.193003"
"1560.0";"4.949849"
"1570.0";"5.045595"
"1580.0";"4.92969"
"1590.0";"4.848998"
"1600.0";"4.713252"
"1610.0";"4.730649"
"1620.0";"4.736825"
"1630.0";"4.721276"
"1640.0";"4.559573"
"1650.0";"4.519732"
"1660.0";"4.385595"
"1670.0";"4.249702"
"1680.0";"4.184537"
"1690.0";"4.287198"
"1700.0";"4.190443"
"1710.0";"4.170622"
"1720.0";"4.245822"
"1730.0";"4.284672"
"1740.0";"4.438315"
"1750.0";"4.380209"
"1760.0";"4.290665"
"1770.0";"4.342989"
"1780.0";"4.111396"
"1790.0";"4.251991"
"1800.0";"4.135983"
"1810.0";"3.952817"
"1820.0";"4.091718"
"1830.0";"4.110779"
"1840.0";"4.229915"
"1850.0";"4.142011"
"1860.0";"4.188285"
"1870.0";"4.040286"
"1880.0";"4.093412"
"1890.0";"4.066095"
"1900.0";"4.049666"
"1910.0";"4.014755"
"1920.0";"3.996032"
"1930.0";"3.934699"
"1940.0";"3.721904"
"1950.0";"3.640987"
"1960.0";"3.615434"
"1970.0";"3.592539"
"1980.0";"3.454773"
"1990.0";"3.540311"
"2000.0";"3.583389"
"2010.0";"3.464931"
"2020.0";"3.466197"
"2030.0";"3.440934"
"2040.0";"3.501224"
"2050.0";"3.554942"
"2060.0";"3.423373"
"2070.0";"3.533404"
"2080.0";"3.555324"
"2090.0";"3.669452"
"2100.0";"3.705456"
"2110.0";"3.593385"
"2120.0";"3.504892"
"2130.0";"3.440536"
"2140.0";"3.503546"
"2150.0";"3.439516"
"2160.0";"3.392208"
"2170.0";"3.620702"
"2180.0";"3.614013"
"2190.0";"3.597449"
"2200.0";"3.480638"
"2210.0";"3.417009"
"2220.0";"3.467641"
"2230.0";"3.360502"
"2240.0";"3.526261"
"2250.0";"3.464405"
"2260.0";"3.564176"
"2270.0";"3.63375"
"2280.0";"3.374674"
"2290.0";"3.481347"
"2300.0";"3.43942"
"2310.0";"3.346324"
"2320.0";"3.359107"
"2330.0";"3.511327"
"2340.0";"3.533417"
"2350.0";"3.409543"
"2360.0";"3.493141"
"2370.0";"3.373609"
"2380.0";"3.437586"
"2390.0";"3.527186"
"2400.0";"3.528722"
"2410.0";"3.439807"
"2420.0";"3.383028"
"2430.0";"3.509699"
"2440.0";"3.636513"
"2450.0";"3.882392"
"2460.0";"3.85802"
"2470.0";"3.678079"
"2480.0";"3.689873"
"2490.0";"3.855115"
"2500.0";"3.705446"
"2510.0";"3.606388"
"2520.0";"3.514456"
"2530.0";"3.450297"
"2540.0";"3.289486"
"2550.0";"3.373063"
"2560.0";"3.372179"
"2570.0";"3.160998"
"2580.0";"2.945739"
"2590.0";"3.003845"
"2600.0";"3.019764"
"2610.0";"2.990803"
"2620.0";"3.124316"
"2630.0";"3.308084"
"2640.0";"3.318668"
"2650.0";"3.187329"
"2660.0";"3.189562"
"2670.0";"3.296579"
"2680.0";"3.158484"
"2690.0";"3.24693"
"2700.0";"3.140943"
"2710.0";"3.246069"
"2720.0";"3.154629"
"2730.0";"3.031265"
"2740.0";"3.224722"
"2750.0";"3.026063"
"2760.0";"3.014909"
"2770.0";"3.142094"
"2780.0";"3.05156"
"2790.0";"3.074076"
"2800.0";"2.814783"
"2810.0";"2.773526"
"2820.0";"2.890163"
"2830.0";"2.760427"
"2840.0";"2.861944"
"2850.0";"2.873116"
"2860.0";"2.88201"
"2870.0";"3.140879"
"2880.0";"3.245377"
"2890.0";"3.52846"
"2900.0";"3.660248"
"2910.0";"3.311608"
"2920.0";"3.364751"
"2930.0";"3.505158"
"2940.0";"3.315683"
"2950.0";"3.189333"
"2960.0";"3.19456"
"2970.0";"3.062556"
"2980.0";"3.299125"
"2990.0";"3.451746"
"3000.0";"3.426348"
"3010.0";"3.532651"
"3020.0";"3.572837"
"3030.0";"3.516173"
"3040.0";"3.652737"
"3050.0";"3.477486"
"3060.0";"3.355823"
"3070.0";"3.488414"
"3080.0";"3.323927"
"3090.0";"3.261294"
"3100.0";"3.456604"
"3110.0";"3.556327"
"3120.0";"3.620671"
"3130.0";"3.597004"
"3140.0";"3.754952"
"3150.0";"3.626304"
"3160.0";"3.506682"
"3170.0";"3.461772"
"3180.0";"3.659056"
"3190.0";"3.714692"
"3200.0";"3.675368"
"3210.0";"3.562339"
"3220.0";"3.608726"
"3230.0";"3.659039"
"3240.0";"3.598342"
"3250.0";"3.581083"
"3260.0";"3.849248"
"3270.0";"3.683533"
"3280.0";"3.485701"
"3290.0";"3.572904"
"3300.0";"3.710016"
"3310.0";"4.021049"
"3320.0";"4.120091"
"3330.0";"3.991553"
"3340.0";"3.984681"
"3350.0";"3.947458"
"3360.0";"4.024498"
"3370.0";"3.981237"
"3380.0";"4.106472"
"3390.0";"4.337633"
"3400.0";"4.354079"
"3410.0";"4.358402"
"3420.0";"4.288929"
"3430.0";"4.258622"
"3440.0";"4.242311"
"3450.0";"4.152656"
"3460.0";"4.079234"
"3470.0";"4.085923"
"3480.0";"4.058745"
"3490.0";"4.009742"
"3500.0";"4.095423"
"3510.0";"4.095143"
"3520.0";"3.939494"
"3530.0";"4.006405"
"3540.0";"3.855482"
"3550.0";"4.024035"
"3560.0";"4.04112"
"3570.0";"4.074006"
"3580.0";"4.265344"
"3590.0";"4.104918"
"3600.0";"4.10641"
"3610.0";"4.201672"
"3620.0";"4.212609"
"3630.0";"4.205119"
"3640.0";"4.138638"
"3650.0";"4.183131"
"3660.0";"4.22015"
"3670.0";"4.219605"
"3680.0";"4.092593"
"3690.0";"4.198455"
"3700.0";"4.162602"
"3710.0";"4.118761"
"3720.0";"3.983912"
"3730.0";"3.942203"
"3740.0";"3.993406"
"3750.0";"3.854376"
"3760.0";"3.898147"
"3770.0";"3.838891"
"3780.0";"3.856615"
"3790.0";"3.919183"
"3800.0";"4.103119"
"3810.0";"3.990526"
"3820.0";"4.197086"
"3830.0";"4.232635"
"3840.0";"4.261136"
"3850.0";"4.127596"
"3860.0";"4.194331"
"3870.0";"4.33266"
"3880.0";"4.204263"
"3890.0";"4.192038"
"3900.0";"4.241685"
"3910.0";"4.237667"
"3920.0";"4.255491"
"3930.0";"4.319639"
"3940.0";"4.229317"
"3950.0";"4.203355"
"3960.0";"4.187903"
"3970.0";"4.176057"
"3980.0";"4.182946"
"3990.0";"4.232723"
"4000.0";"4.331797"
"4010.0";"4.198382"
"4020.0";"4.120157"
"4030.0";"4.119069"
"4040.0";"4.208926"
"4050.0";"4.182809"
"4060.0";"4.232719"
"4070.0";"4.197653"
"4080.0";"4.295455"
"4090.0";"4.394505"
"4100.0";"4.629166"
"4110.0";"4.425725"
"4120.0";"4.613353"
"4130.0";"4.328447"
"4140.0";"4.391724"
"4150.0";"4.306381"
"4160.0";"4.122454"
"4170.0";"4.090905"
"4180.0";"4.363036"
"4190.0";"4.385072"
"4200.0";"4.315649"
"4210.0";"4.350681"
"4220.0";"4.23329"
"4230.0";"4.208701"
"4240.0";"4.182345"
"4250.0";"4.365995"
"4260.0";"4.242143"
"4270.0";"4.390557"
"4280.0";"4.434732"
"4290.0";"4.307167"
"4300.0";"4.377293"
"4310.0";"4.335465"
"4320.0";"4.31743"
"4330.0";"4.235637"
"4340.0";"4.235183"
"4350.0";"4.198575"
"4360.0";"4.213894"
"4370.0";"4.223843"
"4380.0";"4.227877"
"4390.0";"4.13747"
"4400.0";"4.050479"
"4410.0";"3.99761"
"4420.0";"4.051311"
"4430.0";"4.053961"
"4440.0";"4.089823"
"4450.0";"4.051886"
"4460.0";"4.069873"
"4470.0";"4.069236"
"4480.0";"4.150365"
"4490.0";"4.219265"
"4500.0";"4.146577"
"4510.0";"4.122787"
"4520.0";"4.286257"
"4530.0";"4.165589"
"4540.0";"4.012981"
"4550.0";"4.08855"
"4560.0";"4.066689"
"4570.0";"3.98708"
"4580.0";"4.122158"
"4590.0";"4.134832"
"4600.0";"3.979585"
"4610.0";"4.122059"
"4620.0";"4.076353"
"4630.0";"4.100249"
"4640.0";"4.147286"
"4650.0";"4.27281"
"4660.0";"4.143241"
"4670.0";"3.881676"
"4680.0";"4.019378"
"4690.0";"4.218141"
"4700.0";"3.840072"
"4710.0";"3.922845"
"4720.0";"4.139972"
"4730.0";"4.005146"
"4740.0";"3.970729"
"4750.0";"3.876629"
"4760.0";"3.857828"
"4770.0";"3.92803"
"4780.0";"3.979282"
"4790.0";"3.916427"
"4800.0";"3.792347"
"4810.0";"3.884488"
"4820.0";"3.894666"
"4830.0";"3.880527"
"4840.0";"4.012702"
"4850.0";"3.94278"
"4860.0";"3.956125"
"4870.0";"3.871344"
"4880.0";"3.830526"
"4890.0";"3.818421"
"4900.0";"3.861441"
"4910.0";"3.86634"
"4920.0";"3.938745"
"4930.0";"3.931287"
"4940.0";"3.916146"
"4950.0";"3.913135"
"4960.0";"3.841546"
"4970.0";"3.887307"
"4980.0";"3.921148"
"4990.0";"3.859315"
"5000.0";"3.847077"
"5010.0";"3.896802"
"5020.0";"3.989282"
"5030.0";"4.019608"
"5040.0";"3.988073"
"5050.0";"4.027678"
"5060.0";"4.055148"
"5070.0";"3.971592"
"5080.0";"3.961756"
"5090.0";"3.835843"
"5100.0";"3.765112"
"5110.0";"3.851698"
"5120.0";"3.810027"
"5130.0";"3.891667"
"5140.0";"3.850222"
"5150.0";"3.92834"
"5160.0";"3.882765"
"5170.0";"3.905787"
"5180.0";"3.831542"
"5190.0";"3.951893"
"5200.0";"3.854004"
"5210.0";"3.901134"
"5220.0";"3.844358"
"5230.0";"3.817762"
"5240.0";"3.906463"
"5250.0";"3.912939"
"5260.0";"3.772234"
"5270.0";"3.95972"
"5280.0";"3.856107"
"5290.0";"3.856467"
"5300.0";"3.894931"
"5310.0";"3.877216"
"5320.0";"3.865707"
"5330.0";"3.886826"
"5340.0";"3.875592"
"5350.0";"3.849472"
"5360.0";"3.937599"
"5370.0";"3.871056"
"5380.0";"3.887803"
"5390.0";"3.897379"
"5400.0";"3.857264"
"5410.0";"3.938755"
"5420.0";"3.826576"
"5430.0";"3.8927"
"5440.0";"3.868888"
"5450.0";"3.889075"
"5460.0";"3.866457"
"5470.0";"3.865742"
"5480.0";"3.945446"
"5490.0";"3.932316"
"5500.0";"3.892018"
"5510.0";"3.868546"
"5520.0";"3.835788"
"5530.0";"3.820958"
"5540.0";"3.944505"
"5550.0";"3.929453"
"5560.0";"3.906323"
"5570.0";"3.963434"
"5580.0";"3.895071"
"5590.0";"3.860397"
"5600.0";"3.943686"
"5610.0";"3.891865"
"5620.0";"3.898156"
"5630.0";"3.919097"
"5640.0";"3.891948"
"5650.0";"3.80064"
"5660.0";"3.885679"
"5670.0";"3.894986"
"5680.0";"3.908614"
"5690.0";"3.945601"
"5700.0";"3.914328"
"5710.0";"3.922696"
"5720.0";"3.947295"
"5730.0";"3.980637"
"5740.0";"3.955637"
"5750.0";"4.012395"
"5760.0";"4.004902"
"5770.0";"3.865008"
"5780.0";"3.801661"
"5790.0";"3.903101"
"5800.0";"3.94171"
"5810.0";"3.869076"
"5820.0";"3.945313"
"5830.0";"3.939322"
"5840.0";"3.928123"
"5850.0";"3.897868"
"5860.0";"3.922348"
"5870.0";"3.885433"
"5880.0";"3.91526"
"5890.0";"3.997278"
"5900.0";"3.98906"
"5910.0";"3.973415"
"5920.0";"4.000031"
"5930.0";"3.904072"
"5940.0";"3.923475"
"5950.0";"3.830033"
"5960.0";"3.835864"
"5970.0";"3.887399"
"5980.0";"3.907586"
"5990.0";"3.822539"
"6000.0";"3.906453"
"6010.0";"3.926427"
"6020.0";"3.900629"
"6030.0";"3.980483"
"6040.0";"3.86738"
"6050.0";"3.951706"
"6060.0";"3.961226"
"6070.0";"3.88126"
"6080.0";"3.913375"
"6090.0";"3.937246"
"6100.0";"3.933006"
"6110.0";"3.838957"
"6120.0";"3.875181"
"6130.0";"4.025865"
"6140.0";"3.83759"
"6150.0";"3.85178"
"6160.0";"3.817791"
"6170.0";"3.962817"
"6180.0";"3.929042"
"6190.0";"3.910859"
"6200.0";"3.887544"
"6210.0";"3.901833"
"6220.0";"3.917101"
"6230.0";"3.909734"
"6240.0";"3.941621"
"6250.0";"3.764915"
"6260.0";"3.882987"
"6270.0";"3.989661"
"6280.0";"3.981233"
"6290.0";"3.968926"
"6300.0";"3.920523"
"6310.0";"3.947592"
"6320.0";"3.886905"
"6330.0";"3.926997"
"6340.0";"3.908694"
"6350.0";"3.971128"
"6360.0";"3.91252"
"6370.0";"4.004533"
"6380.0";"3.934124"
"6390.0";"3.987493"
"6400.0";"4.041946"
"6410.0";"3.925107"
"6420.0";"3.959554"
"6430.0";"3.994209"
"6440.0";"3.98603"
"6450.0";"4.005292"
"6460.0";"4.008639"
"6470.0";"3.968583"
"6480.0";"4.057521"
"6490.0";"3.97638"
"6500.0";"3.9404"
"6510.0";"3.935712"
"6520.0";"3.988607"
"6530.0";"4.005148"
"6540.0";"3.956644"
"6550.0";"3.904123"
"6560.0";"3.964985"
"6570.0";"4.006035"
"6580.0";"3.965173"
"6590.0";"3.91582"
"6600.0";"3.919432"
"6610.0";"4.003407"
"6620.0";"3.975758"
"6630.0";"4.026378"
"6640.0";"4.007883"
"6650.0";"3.939745"
"6660.0";"3.951561"
"6670.0";"3.927576"
"6680.0";"3.957119"
"6690.0";"3.962627"
"6700.0";"3.95677"
"6710.0";"3.989017"
"6720.0";"4.027359"
"6730.0";"3.911177"
"6740.0";"3.921826"
"6750.0";"3.946525"
"6760.0";"3.982547"
"6770.0";"3.990031"
"6780.0";"4.020346"
"6790.0";"3.923743"
"6800.0";"4.020986"
"6810.0";"3.976792"
"6820.0";"3.965193"
"6830.0";"3.942023"
"6840.0";"3.942562"
"6850.0";"3.889801"
"6860.0";"3.905085"
"6870.0";"3.936202"
"6880.0";"3.929656"
"6890.0";"3.942897"
"6900.0";"4.006077"
"6910.0";"3.885746"
"6920.0";"3.951438"
"6930.0";"3.92616"
"6940.0";"3.873203"
"6950.0";"3.884518"
"6960.0";"3.790379"
"6970.0";"3.794255"
"6980.0";"3.844468"
"6990.0";"3.842333"
"7000.0";"3.832951"
"7010.0";"3.831844"
"7020.0";"3.985221"
"7030.0";"3.792454"
"7040.0";"3.962386"
"7050.0";"3.869695"
"7060.0";"3.711516"
"7070.0";"3.810526"
"7080.0";"3.804919"
"7090.0";"3.888548"
"7100.0";"3.865428"
"7110.0";"3.851954"
"7120.0";"3.74866"
"7130.0";"3.789968"
"7140.0";"3.845809"
"7150.0";"3.789072"
"7160.0";"3.933967"
"7170.0";"3.945466"
"7180.0";"3.891972"
"7190.0";"3.84663"
"7200.0";"3.811292"
"7210.0";"3.801816"
"7220.0";"3.88579"
"7230.0";"3.936275"
"7240.0";"3.906589"
"7250.0";"3.871305"
"7260.0";"3.803726"
"7270.0";"3.865734"
"7280.0";"3.83308"
"7290.0";"3.809837"
"7300.0";"3.801793"
"7310.0";"3.808342"
"7320.0";"3.884372"
"7330.0";"3.891154"
"7340.0";"3.833406"
"7350.0";"3.860595"
"7360.0";"3.886257"
"7370.0";"3.855114"
"7380.0";"3.848768"
"7390.0";"3.864331"
"7400.0";"3.829906"
"7410.0";"3.795063"
"7420.0";"3.832319"
"7430.0";"3.919424"
"7440.0";"3.886578"
"7450.0";"3.856735"
"7460.0";"4.008612"
"7470.0";"4.002679"
"7480.0";"3.991158"
"7490.0";"3.902757"
"7500.0";"3.918559"
"7510.0";"3.997703"
"7520.0";"3.982111"
"7530.0";"3.992605"
"7540.0";"3.893889"
"7550.0";"3.975385"
"7560.0";"3.946524"
"7570.0";"3.93049"
"7580.0";"3.810367"
"7590.0";"3.861661"
"7600.0";"3.952593"
"7610.0";"3.884981"
"7620.0";"3.943277"
"7630.0";"4.008001"
"7640.0";"3.815074"
"7650.0";"3.935491"
"7660.0";"3.953119"
"7670.0";"3.999882"
"7680.0";"3.954186"
"7690.0";"3.960706"
"7700.0";"3.984329"
"7710.0";"3.940771"
"7720.0";"3.932418"
"7730.0";"3.933783"
"7740.0";"3.968514"
"7750.0";"3.992143"
"7760.0";"3.962092"
"7770.0";"3.876267"
"7780.0";"3.872133"
"7790.0";"3.913188"
"7800.0";"3.918637"
"7810.0";"3.985373"
"7820.0";"4.000579"
"7830.0";"3.989153"
"7840.0";"3.94434"
"7850.0";"3.949074"
"7860.0";"3.969617"
"7870.0";"4.028895"
"7880.0";"3.973714"
"7890.0";"3.891947"
"7900.0";"3.950742"
"7910.0";"4.003742"
"7920.0";"3.942931"
"7930.0";"4.048282"
"7940.0";"4.022319"
"7950.0";"3.960125"
"7960.0";"3.937702"
"7970.0";"4.003143"
"7980.0";"4.046739"
"7990.0";"4.05473"
"8000.0";"4.022024"
"8010.0";"4.038679"
"8020.0";"4.017423"
"8030.0";"3.959816"
"8040.0";"4.045724"
"8050.0";"3.987485"
"8060.0";"3.9532"
"8070.0";"3.991025"
"8080.0";"4.023173"
"8090.0";"3.973164"
"8100.0";"4.009935"
"8110.0";"3.912168"
"8120.0";"3.979899"
"8130.0";"3.952035"
"8140.0";"3.977389"
"8150.0";"4.003844"
"8160.0";"3.963978"
"8170.0";"3.976681"
"8180.0";"4.056324"
"8190.0";"4.076679"
"8200.0";"4.028915"
"8210.0";"4.008371"
"8220.0";"3.989907"
"8230.0";"4.012349"
"8240.0";"3.929687"
"8250.0";"3.975815"
"8260.0";"3.993793"
"8270.0";"3.993431"
"8280.0";"4.014651"
"8290.0";"3.97276"
"8300.0";"3.988385"
"8310.0";"3.975222"
"8320.0";"3.982528"
"8330.0";"4.034904"
"8340.0";"4.055261"
"8350.0";"3.991502"
"8360.0";"4.016042"
"8370.0";"4.021822"
"8380.0";"4.016237"
"8390.0";"3.981899"
"8400.0";"3.964911"
"8410.0";"4.038024"
"8420.0";"3.937756"
"8430.0";"3.965426"
"8440.0";"3.991338"
"8450.0";"3.96912"
"8460.0";"4.075937"
"8470.0";"3.992638"
"8480.0";"4.033966"
"8490.0";"4.036952"
"8500.0";"3.950137"
"8510.0";"4.020241"
"8520.0";"3.997473"
"8530.0";"3.898308"
"8540.0";"3.944214"
"8550.0";"4.009988"
"8560.0";"3.975227"
"8570.0";"3.98355"
"8580.0";"4.048421"
"8590.0";"3.960655"
"8600.0";"4.037772"
"8610.0";"4.007639"
"8620.0";"4.014682"
"8630.0";"3.820902"
"8640.0";"3.800783"
"8650.0";"4.019188"
"8660.0";"3.952966"
"8670.0";"3.94998"
"8680.0";"3.944244"
"8690.0";"3.884245"
"8700.0";"3.977646"
"8710.0";"4.044281"
"8720.0";"3.960985"
"8730.0";"4.036509"
"8740.0";"3.990097"
"8750.0";"4.00177"
"8760.0";"3.944901"
"8770.0";"3.995317"
"8780.0";"3.875569"
"8790.0";"3.973083"
"8800.0";"3.925128"
"8810.0";"4.034802"
"8820.0";"4.024392"
"8830.0";"4.010488"
"8840.0";"4.021609"
"8850.0";"4.046074"
"8860.0";"4.030407"
"8870.0";"3.994773"
"8880.0";"3.982519"
"8890.0";"3.93235"
"8900.0";"3.932449"
"8910.0";"3.936681"
"8920.0";"3.903072"
"8930.0";"3.961757"
"8940.0";"3.889052"
"8950.0";"3.958353"
"8960.0";"4.00721"
"8970.0";"3.97127"
"8980.0";"4.007382"
"8990.0";"3.957708"
"9000.0";"4.06073"
"9010.0";"3.97579"
"9020.0";"3.964272"
"9030.0";"3.990862"
"9040.0";"3.987751"
"9050.0";"4.019238"
"9060.0";"4.027803"
"9070.0";"4.063853"
"9080.0";"3.985782"
"9090.0";"3.990987"
"9100.0";"3.962139"
"9110.0";"4.070386"
"9120.0";"4.013071"
"9130.0";"3.979189"
"9140.0";"4.029481"
"9150.0";"3.89995"
"9160.0";"3.987508"
"9170.0";"4.001107"
"9180.0";"3.982896"
"9190.0";"4.062809"
"9200.0";"4.00196"
"9210.0";"3.837078"
"9220.0";"3.988434"
"9230.0";"3.981875"
"9240.0";"4.01451"
"9250.0";"3.942206"
"9260.0";"4.005415"
"9270.0";"4.009503"
"9280.0";"3.916877"
"9290.0";"3.983406"
"9300.0";"4.026668"
"9310.0";"3.952136"
"9320.0";"3.9331"
"9330.0";"3.957217"
"9340.0";"3.972865"
"9350.0";"3.976353"
"9360.0";"3.972226"
"9370.0";"3.991948"
"9380.0";"3.966142"
"9390.0";"4.015481"
"9400.0";"3.99993"
"9410.0";"3.969378"
"9420.0";"3.908331"
"9430.0";"4.028002"
"9440.0";"3.973464"
"9450.0";"3.999543"
"9460.0";"3.957553"
"9470.0";"3.968402"
"9480.0";"3.886365"
"9490.0";"3.934032"
"9500.0";"3.84909"
"9510.0";"3.855661"
"9520.0";"3.792619"
"9530.0";"3.90374"
"9540.0";"4.038408"
"9550.0";"3.998754"
"9560.0";"4.003405"
"9570.0";"4.034758"
"9580.0";"3.940346"
"9590.0";"3.976721"
"9600.0";"3.976644"
"9610.0";"3.954826"
"9620.0";"3.975657"
"9630.0";"3.925074"
"9640.0";"4.033224"
"9650.0";"4.017344"
"9660.0";"4.06284"
"9670.0";"4.036051"
"9680.0";"4.046675"
"9690.0";"3.985779"
"9700.0";"4.02502"
"9710.0";"4.01101"
"9720.0";"3.949242"
"9730.0";"4.031924"
"9740.0";"4.006211"
"9750.0";"4.015864"
"9760.0";"3.905069"
"9770.0";"3.958892"
"9780.0";"4.017421"
"9790.0";"3.966442"
"9800.0";"3.958951"
"9810.0";"3.939943"
"9820.0";"3.941696"
"9830.0";"3.973428"
"9840.0";"3.944175"
"9850.0";"3.956432"
"9860.0";"3.990942"
"9870.0";"3.950371"
"9880.0";"3.953699"
"9890.0";"3.957477"
"9900.0";"3.968364"
"9910.0";"4.029517"
"9920.0";"3.982713"
"9930.0";"3.972912"
"9940.0";"4.072788"
"9950.0";"3.913599"
"9960.0";"3.980823"
"9970.0";"3.871938"
"9980.0";"4.053257"
"9990.0";"3.979649"
"10000.0";"3.960917"
"10010.0";"3.99534"
"10020.0";"4.061078"
"10030.0";"3.916043"
"10040.0";"3.901074"
"10050.0";"3.905818"
"10060.0";"3.954691"
"10070.0";"3.841246"
"10080.0";"3.899627"
"10090.0";"3.925681"
"10100.0";"3.903146"
"10110.0";"3.878611"
"10120.0";"3.885709"
"10130.0";"3.840673"
"10140.0";"3.854067"
"10150.0";"3.909123"
"10160.0";"3.878263"
"10170.0";"3.883532"
"10180.0";"3.931599"
"10190.0";"3.903605"
"10200.0";"3.847636"
"10210.0";"3.912106"
"10220.0";"3.89067"
"10230.0";"3.881886"
"10240.0";"3.859843"
"10250.0";"3.915582"
"10260.0";"3.913131"
"10270.0";"3.89422"
"10280.0";"3.872569"
"10290.0";"3.886422"
"10300.0";"3.869447"
"10310.0";"3.903784"
"10320.0";"4.019637"
"10330.0";"3.9624"
"10340.0";"3.969826"
"10350.0";"3.95984"
"10360.0";"3.986543"
"10370.0";"3.930971"
"10380.0";"3.920327"
"10390.0";"3.929553"
"10400.0";"3.928778"
"10410.0";"3.919242"
"10420.0";"3.966088"
"10430.0";"3.927406"
"10440.0";"3.899298"
"10450.0";"3.985734"
"10460.0";"4.007243"
"10470.0";"3.918149"
"10480.0";"3.934728"
"10490.0";"3.925198"
"10500.0";"3.988908"
"10510.0";"3.937326"
"10520.0";"3.939327"
"10530.0";"3.957097"
"10540.0";"3.887708"
"10550.0";"3.863415"
"10560.0";"3.919447"
"10570.0";"3.995444"
"10580.0";"3.935536"
"10590.0";"3.935736"
"10600.0";"3.908199"
"10610.0";"3.962457"
"10620.0";"3.980152"
"10630.0";"3.878813"
"10640.0";"3.900956"
"10650.0";"3.955347"
"10660.0";"3.963605"
"10670.0";"3.940739"
"10680.0";"3.976056"
"10690.0";"3.933649"
"10700.0";"3.853603"
"10710.0";"3.901567"
"10720.0";"3.74542"
"10730.0";"3.871969"
"10740.0";"3.885916"
"10750.0";"3.896014"
"10760.0";"3.81679"
"10770.0";"3.870241"
"10780.0";"3.952307"
"10790.0";"3.924516"
"10800.0";"3.773258"
"10810.0";"3.890235"
"10820.0";"4.017992"
"10830.0";"3.955863"
"10840.0";"3.973965"
"10850.0";"3.863448"
"10860.0";"3.896168"
"10870.0";"3.877191"
"10880.0";"3.904286"
"10890.0";"3.930344"
"10900.0";"3.934416"
"10910.0";"3.976203"
"10920.0";"4.042377"
"10930.0";"3.966176"
"10940.0";"3.95113"
"10950.0";"3.957664"
"10960.0";"3.96352"
"10970.0";"4.008998"
"10980.0";"3.937582"
"10990.0";"3.880653"
"11000.0";"3.849087"
"11010.0";"3.997657"
"11020.0";"3.964211"
"11030.0";"3.972024"
"11040.0";"4.022369"
"11050.0";"4.004704"
"11060.0";"3.985729"
"11070.0";"3.985604"
"11080.0";"4.031984"
"11090.0";"4.011637"
"11100.0";"3.930098"
"11110.0";"4.027926"
"11120.0";"4.017032"
"11130.0";"4.016612"
"11140.0";"3.957447"
"11150.0";"3.961932"
"11160.0";"3.946084"
"11170.0";"3.994989"
"11180.0";"3.983376"
"11190.0";"3.992899"
"11200.0";"4.014178"
"11210.0";"3.92756"
"11220.0";"3.948795"
"11230.0";"3.854327"
"11240.0";"3.901248"
"11250.0";"3.888765"
"11260.0";"4.004908"
"11270.0";"3.974948"
"11280.0";"3.919173"
"11290.0";"3.941243"
"11300.0";"3.957998"
"11310.0";"3.992559"
"11320.0";"3.837318"
"11330.0";"3.957677"
"11340.0";"3.936873"
"11350.0";"3.949385"
"11360.0";"3.954154"
"11370.0";"3.906165"
"11380.0";"3.931528"
"11390.0";"3.99071"
"11400.0";"3.950675"
"11410.0";"3.973765"
"11420.0";"3.886755"
"11430.0";"4.005773"
"11440.0";"3.903455"
"11450.0";"3.947216"
"11460.0";"3.995487"
"11470.0";"3.950495"
"11480.0";"3.951013"
"11490.0";"3.846507"
"11500.0";"4.001565"
"11510.0";"3.838588"
"11520.0";"3.890802"
"11530.0";"3.980326"
"11540.0";"3.965433"
"11550.0";"3.901941"
"11560.0";"3.82976"
"11570.0";"3.922052"
"11580.0";"3.899752"
"11590.0";"3.979609"
"11600.0";"3.993567"
"11610.0";"4.049126"
"11620.0";"3.981309"
"11630.0";"3.992337"
"11640.0";"3.956638"
"11650.0";"4.000736"
"11660.0";"4.021774"
"11670.0";"4.061749"
"11680.0";"4.057176"
"11690.0";"3.96541"
"11700.0";"3.979269"
"11710.0";"3.955651"
"11720.0";"3.968168"
"11730.0";"3.960577"
"11740.0";"3.999535"
"11750.0";"3.912"
"11760.0";"3.986252"
"11770.0";"3.960614"
"11780.0";"3.929821"
"11790.0";"3.870019"
"11800.0";"3.921018"
"11810.0";"3.792688"
"11820.0";"3.948603"
"11830.0";"3.832823"
"11840.0";"3.948768"
"11850.0";"3.933712"
"11860.0";"3.958357"
"11870.0";"3.931257"
"11880.0";"3.976311"
"11890.0";"3.940159"
"11900.0";"4.017922"
"11910.0";"3.976598"
"11920.0";"3.890394"
"11930.0";"3.977967"
"11940.0";"3.944436"
"11950.0";"4.100809"
"11960.0";"4.045802"
"11970.0";"4.157552"
"11980.0";"4.112117"
"11990.0";"4.075523"
"12000.0";"4.09865"
"12010.0";"4.038606"
"12020.0";"3.894927"
"12030.0";"3.980023"
"12040.0";"4.034871"
"12050.0";"3.974903"
"12060.0";"3.913075"
"12070.0";"3.917805"
"12080.0";"3.932194"
"12090.0";"3.960356"
"12100.0";"3.927495"
"12110.0";"3.999177"
"12120.0";"4.01627"
"12130.0";"3.980813"
"12140.0";"4.013859"
"12150.0";"4.01802"
"12160.0";"4.040534"
"12170.0";"3.958591"
"12180.0";"3.969904"
"12190.0";"3.965509"
"12200.0";"3.991454"
"12210.0";"4.01058"
"12220.0";"3.95767"
"12230.0";"4.048311"
"12240.0";"3.999135"
"12250.0";"4.085599"
"12260.0";"4.012123"
"12270.0";"3.994227"
"12280.0";"4.058825"
"12290.0";"4.061776"
"12300.0";"4.027645"
"12310.0";"4.016453"
"12320.0";"4.01636"
"12330.0";"3.966332"
"12340.0";"4.029362"
"12350.0";"4.147962"
"12360.0";"4.085526"
"12370.0";"4.025256"
"12380.0";"4.045444"
"12390.0";"4.077265"
"12400.0";"4.100068"
"12410.0";"4.09308"
"12420.0";"4.111889"
"12430.0";"4.077121"
"12440.0";"4.103317"
"12450.0";"4.103024"
"12460.0";"4.033009"
"12470.0";"4.028869"
"12480.0";"4.053254"
"12490.0";"4.017468"
"12500.0";"4.085564"
"12510.0";"4.010896"
"12520.0";"3.966642"
"12530.0";"4.026031"
"12540.0";"3.882239"
"12550.0";"3.981857"
"12560.0";"3.921229"
"12570.0";"4.026312"
"12580.0";"3.880949"
"12590.0";"3.905306"
"12600.0";"3.943312"
"12610.0";"3.960044"
"12620.0";"3.892634"
"12630.0";"3.890491"
"12640.0";"3.782425"
"12650.0";"3.943445"
"12660.0";"4.021894"
"12670.0";"3.899347"
"12680.0";"3.977263"
"12690.0";"4.001393"
"12700.0";"3.904748"
"12710.0";"3.909303"
"12720.0";"3.983298"
"12730.0";"4.0011"
"12740.0";"3.98362"
"12750.0";"3.995192"
"12760.0";"4.001161"
"12770.0";"3.972918"
"12780.0";"3.966835"
"12790.0";"3.938213"
"12800.0";"3.992041"
"12810.0";"3.971734"
"12820.0";"3.944577"
"12830.0";"4.012625"
"12840.0";"3.970846"
"12850.0";"3.967166"
"12860.0";"3.883773"
"12870.0";"4.040926"
"12880.0";"4.000403"
"12890.0";"3.983931"
"12900.0";"3.977121"
"12910.0";"4.020917"
"12920.0";"3.979033"
"12930.0";"3.957262"
"12940.0";"3.931633"
"12950.0";"3.969136"
"12960.0";"3.990983"
"12970.0";"3.926701"
"12980.0";"3.939395"
"12990.0";"3.973107"
"13000.0";"3.933148"
"13010.0";"3.936628"
"13020.0";"4.006482"
"13030.0";"3.939356"
"13040.0";"3.839602"
"13050.0";"3.888688"
"13060.0";"4.014753"
"13070.0";"3.99426"
"13080.0";"3.913839"
"13090.0";"3.966278"
"13100.0";"3.970827"
"13110.0";"3.967575"
"13120.0";"3.96341"
"13130.0";"3.961524"
"13140.0";"3.885549"
"13150.0";"4.003771"
"13160.0";"3.984976"
"13170.0";"3.842073"
"13180.0";"3.951393"
"13190.0";"3.99233"
"13200.0";"3.890416"
"13210.0";"4.00905"
"13220.0";"4.001942"
"13230.0";"3.934386"
"13240.0";"3.906548"
"13250.0";"3.934558"
"13260.0";"3.87991"
"13270.0";"4.034051"
"13280.0";"3.938482"
"13290.0";"3.96977"
"13300.0";"3.965813"
"13310.0";"3.94565"
"13320.0";"3.971423"
"13330.0";"3.886238"
"13340.0";"3.934438"
"13350.0";"3.899739"
"13360.0";"3.925583"
"13370.0";"3.940115"
"13380.0";"3.944582"
"13390.0";"3.926937"
"13400.0";"3.971318"
"13410.0";"3.932326"
"13420.0";"3.918039"
"13430.0";"3.905123"
"13440.0";"3.878656"
"13450.0";"4.00299"
"13460.0";"3.954705"
"13470.0";"3.885782"
"13480.0";"3.937421"
"13490.0";"3.871624"
"13500.0";"3.925491"
"13510.0";"3.93667"
"13520.0";"3.92581"
"13530.0";"3.98757"
"13540.0";"3.963563"
"13550.0";"3.978951"
"13560.0";"3.980204"
"13570.0";"3.917657"
"13580.0";"3.957604"
"13590.0";"3.955446"
"13600.0";"3.948062"
"13610.0";"3.994297"
"13620.0";"4.013147"
"13630.0";"3.915608"
"13640.0";"3.980321"
"13650.0";"3.909094"
"13660.0";"3.966794"
"13670.0";"3.923008"
"13680.0";"3.966233"
"13690.0";"3.979145"
"13700.0";"3.908495"
"13710.0";"3.944741"
"13720.0";"3.9165"
"13730.0";"3.90887"
"13740.0";"3.971893"
"13750.0";"3.9651"
"13760.0";"3.977896"
"13770.0";"3.91206"
"13780.0";"3.858199"
"13790.0";"3.936894"
"13800.0";"3.957103"
"13810.0";"3.985545"
"13820.0";"4.033804"
"13830.0";"4.009052"
"13840.0";"4.020979"
"13850.0";"4.008734"
"13860.0";"3.992428"
"13870.0";"4.017194"
"13880.0";"3.963601"
"13890.0";"3.976451"
"13900.0";"3.932546"
"13910.0";"3.877762"
"13920.0";"3.981593"
"13930.0";"3.968816"
"13940.0";"3.902548"
"13950.0";"3.95872"
"13960.0";"3.97963"
"13970.0";"3.979878"
"13980.0";"3.960535"
"13990.0";"3.972844"
"14000.0";"3.979199"
"14010.0";"4.019882"
"14020.0";"3.975867"
"14030.0";"3.974722"
"14040.0";"4.02866"
"14050.0";"4.016685"
"14060.0";"4.01385"
"14070.0";"4.002665"
"14080.0";"4.014592"
"14090.0";"3.980862"
"14100.0";"4.055326"
"14110.0";"4.042675"
"14120.0";"4.034267"
"14130.0";"4.000856"
"14140.0";"3.987521"
"14150.0";"4.063921"
"14160.0";"4.013957"
"14170.0";"4.087059"
"14180.0";"4.059082"
"14190.0";"4.061657"
"14200.0";"4.053613"
"14210.0";"4.051985"
"14220.0";"4.071072"
"14230.0";"4.108262"
"14240.0";"4.047822"
"14250.0";"4.050258"
"14260.0";"3.95194"
"14270.0";"4.043314"
"14280.0";"4.000983"
"14290.0";"3.999213"
"14300.0";"4.058084"
"14310.0";"4.021185"
"14320.0";"4.007259"
"14330.0";"4.013803"
"14340.0";"4.051539"
"14350.0";"4.001839"
"14360.0";"4.043662"
"14370.0";"4.07115"
"14380.0";"4.061308"
"14390.0";"4.004752"
"14400.0";"3.97868"
"14410.0";"4.065044"
"14420.0";"3.97939"
"14430.0";"3.995086"
"14440.0";"4.022539"
"14450.0";"3.956216"
"14460.0";"3.989249"
"14470.0";"4.036851"
"14480.0";"4.108196"
"14490.0";"4.008095"
"14500.0";"3.880844"
"14510.0";"3.923593"
"14520.0";"3.981104"
"14530.0";"3.979618"
"14540.0";"3.984725"
"14550.0";"3.985615"
"14560.0";"3.920439"
"14570.0";"4.047542"
"14580.0";"4.026002"
"14590.0";"4.00389"
"14600.0";"3.979234"
"14610.0";"3.958342"
"14620.0";"4.070398"
"14630.0";"4.054313"
"14640.0";"3.97946"
"14650.0";"3.961437"
"14660.0";"4.013002"
"14670.0";"3.968992"
"14680.0";"3.96649"
"14690.0";"3.977108"
"14700.0";"3.847659"
"14710.0";"4.065806"
"14720.0";"3.956818"
"14730.0";"3.986585"
"14740.0";"3.975757"
"14750.0";"4.006318"
"14760.0";"4.001405"
"14770.0";"3.89417"
"14780.0";"4.095737"
"14790.0";"3.986428"
"14800.0";"4.00884"
"14810.0";"3.987006"
"14820.0";"4.062101"
"14830.0";"4.020271"
"14840.0";"4.074079"
"14850.0";"4.02883"
"14860.0";"4.064157"
"14870.0";"4.007791"
"14880.0";"4.01403"
"14890.0";"3.999178"
"14900.0";"4.007303"
"14910.0";"4.00587"
"14920.0";"3.997731"
"14930.0";"4.013822"
"14940.0";"4.010254"
"14950.0";"3.954864"
"14960.0";"3.876788"
"14970.0";"3.881985"
"14980.0";"3.952148"
"14990.0";"3.988903"
"15000.0";"3.97224"
"15010.0";"3.952984"
"15020.0";"4.059266"
"15030.0";"4.015808"
"15040.0";"3.933844"
"15050.0";"3.934225"
"15060.0";"3.997035"
"15070.0";"3.991534"
"15080.0";"3.947479"
"15090.0";"4.004441"
"15100.0";"3.954229"
"15110.0";"4.016228"
"15120.0";"3.963182"
"15130.0";"3.973432"
"15140.0";"3.88111"
"15150.0";"4.014299"
"15160.0";"3.954764"
"15170.0";"4.010912"
"15180.0";"3.971566"
"15190.0";"4.010664"
"15200.0";"3.987541"
"15210.0";"3.952186"
"15220.0";"4.019592"
"15230.0";"3.963964"
"15240.0";"3.990539"
"15250.0";"3.998158"
"15260.0";"4.005239"
"15270.0";"3.961025"
"15280.0";"3.98597"
"15290.0";"4.009028"
"15300.0";"3.952096"
"15310.0";"3.93254"
"15320.0";"3.941678"
"15330.0";"3.96419"
"15340.0";"3.989168"
"15350.0";"4.021818"
"15360.0";"3.991489"
"15370.0";"3.969024"
"15380.0";"3.90993"
"15390.0";"3.953521"
"15400.0";"3.946522"
"15410.0";"3.97985"
"15420.0";"3.976323"
"15430.0";"3.997668"
"15440.0";"3.984302"
"15450.0";"3.925639"
"15460.0";"3.863483"
"15470.0";"3.927948"
"15480.0";"3.864938"
"15490.0";"3.970715"
"15500.0";"3.889602"
"15510.0";"3.909126"
"15520.0";"3.858682"
"15530.0";"3.880009"
"15540.0";"3.879579"
"15550.0";"3.929066"
"15560.0";"4.000441"
"15570.0";"3.972221"
"15580.0";"3.924342"
"15590.0";"3.85272"
"15600.0";"3.874173"
"15610.0";"3.923788"
"15620.0";"3.971941"
"15630.0";"3.958565"
"15640.0";"3.983101"
"15650.0";"3.968209"
"15660.0";"3.940728"
"15670.0";"3.97223"
"15680.0";"3.951311"
"15690.0";"3.983631"
"15700.0";"3.995607"
"15710.0";"3.981123"
"15720.0";"3.954907"
"15730.0";"4.022209"
"15740.0";"4.0225"
"15750.0";"4.007802"
"15760.0";"3.939856"
"15770.0";"3.959058"
"15780.0";"4.010264"
"15790.0";"3.925858"
"15800.0";"4.011593"
"15810.0";"4.081536"
"15820.0";"3.969969"
"15830.0";"4.083629"
"15840.0";"3.976092"
"15850.0";"4.047362"
"15860.0";"4.060944"
"15870.0";"4.036605"
"15880.0";"4.027929"
"15890.0";"4.063654"
"15900.0";"4.113053"
"15910.0";"3.984428"
"15920.0";"3.991628"
"15930.0";"4.011365"
"15940.0";"4.01048"
"15950.0";"3.989189"
"15960.0";"3.901472"
"15970.0";"3.879704"
"15980.0";"3.811545"
"15990.0";"3.733432"
"16000.0";"3.904751"
"16010.0";"3.829505"
"16020.0";"3.890867"
"16030.0";"3.870102"
"16040.0";"3.950933"
"16050.0";"3.964482"
"16060.0";"3.948691"
"16070.0";"3.817454"
"16080.0";"4.050663"
"16090.0";"3.928083"
"16100.0";"3.964859"
"16110.0";"3.932626"
"16120.0";"3.868966"
"16130.0";"3.993198"
"16140.0";"3.972136"
"16150.0";"4.041905"
"16160.0";"3.990474"
"16170.0";"3.970086"
"16180.0";"4.028196"
"16190.0";"3.997385"
"16200.0";"4.00422"
"16210.0";"3.998211"
"16220.0";"3.972946"
"16230.0";"3.983072"
"16240.0";"3.95892"
"16250.0";"4.032252"
"16260.0";"4.005941"
"16270.0";"3.95936"
"16280.0";"3.965698"
"16290.0";"4.024474"
"16300.0";"4.07571"
"16310.0";"4.066866"
"16320.0";"3.905052"
"16330.0";"3.989139"
"16340.0";"3.988728"
"16350.0";"3.964651"
"16360.0";"3.967512"
"16370.0";"3.942501"
"16380.0";"4.003459"
"16390.0";"3.995395"
"16400.0";"3.989029"
"16410.0";"4.029611"
"16420.0";"4.057135"
"16430.0";"3.938783"
"16440.0";"3.92178"
"16450.0";"4.039793"
"16460.0";"3.948917"
"16470.0";"4.026997"
"16480.0";"3.974716"
"16490.0";"3.867898"
"16500.0";"3.933674"
"16510.0";"3.935348"
"16520.0";"4.034484"
"16530.0";"3.989122"
"16540.0";"3.901688"
"16550.0";"3.98423"
"16560.0";"4.03021"
"16570.0";"3.940061"
"16580.0";"3.962012"
"16590.0";"4.039548"
"16600.0";"3.882964"
"16610.0";"4.016716"
"16620.0";"3.899835"
"16630.0";"3.914301"
"16640.0";"3.900492"
"16650.0";"4.001953"
"16660.0";"4.004125"
"16670.0";"3.891766"
"16680.0";"3.845382"
"16690.0";"3.939223"
"16700.0";"3.967966"
"16710.0";"3.863233"
"16720.0";"3.917609"
"16730.0";"3.92351"
"16740.0";"3.973258"
"16750.0";"3.951578"
"16760.0";"3.950758"
"16770.0";"3.949154"
"16780.0";"3.909671"
"16790.0";"3.894116"
"16800.0";"3.9715"
"16810.0";"4.008651"
"16820.0";"3.979891"
"16830.0";"3.971854"
"16840.0";"3.83789"
"16850.0";"3.901538"
"16860.0";"3.927348"
"16870.0";"3.865654"
"16880.0";"3.931605"
"16890.0";"4.045102"
"16900.0";"3.898981"
"16910.0";"3.888751"
"16920.0";"3.866431"
"16930.0";"3.818483"
"16940.0";"3.838019"
"16950.0";"3.879291"
"16960.0";"3.843725"
"16970.0";"3.907799"
"16980.0";"3.992387"
"16990.0";"3.887702"
"17000.0";"3.818712"
"17010.0";"3.895798"
"17020.0";"3.961304"
"17030.0";"3.959008"
"17040.0";"3.98429"
"17050.0";"4.044874"
"17060.0";"3.989424"
"17070.0";"3.98778"
"17080.0";"3.978553"
"17090.0";"3.983905"
"17100.0";"3.951763"
"17110.0";"4.033535"
"17120.0";"3.946316"
"17130.0";"3.957293"
"17140.0";"3.995146"
"17150.0";"4.016962"
"17160.0";"3.963357"
"17170.0";"3.93433"
"17180.0";"3.949098"
"17190.0";"3.987891"
"17200.0";"4.018447"
"17210.0";"4.011893"
"17220.0";"3.951051"
"17230.0";"3.985755"
"17240.0";"4.059361"
"17250.0";"4.044161"
"17260.0";"4.061102"
"17270.0";"4.033731"
"17280.0";"4.015794"
"17290.0";"4.035956"
"17300.0";"3.994692"
"17310.0";"4.038626"
"17320.0";"3.974079"
"17330.0";"4.031133"
"17340.0";"3.940235"
"17350.0";"3.986038"
"17360.0";"3.960968"
"17370.0";"4.009446"
"17380.0";"3.893518"
"17390.0";"3.901439"
"17400.0";"3.90564"
"17410.0";"3.768887"
"17420.0";"3.94822"
"17430.0";"3.966205"
"17440.0";"3.883268"
"17450.0";"3.948314"
"17460.0";"3.963033"
"17470.0";"3.950079"
"17480.0";"3.993822"
"17490.0";"3.960981"
"17500.0";"3.954519"
"17510.0";"3.929404"
"17520.0";"3.823587"
"17530.0";"3.942141"
"17540.0";"3.932889"
"17550.0";"3.875719"
"17560.0";"3.771834"
"17570.0";"3.900981"
"17580.0";"3.923088"
"17590.0";"4.048417"
"17600.0";"3.906785"
"17610.0";"3.988867"
"17620.0";"4.031651"
"17630.0";"4.017591"
"17640.0";"4.001643"
"17650.0";"3.885259"
"17660.0";"3.950376"
"17670.0";"3.956006"
"17680.0";"3.889939"
"17690.0";"3.777801"
"17700.0";"3.781865"
"17710.0";"3.988828"
"17720.0";"3.89422"
"17730.0";"3.922389"
"17740.0";"3.968908"
"17750.0";"3.915457"
"17760.0";"3.9717"
"17770.0";"3.969973"
"17780.0";"3.966254"
"17790.0";"3.854342"
"17800.0";"3.973784"
"17810.0";"3.920744"
"17820.0";"4.04223"
"17830.0";"3.971817"
"17840.0";"4.029428"
"17850.0";"3.918939"
"17860.0";"3.975622"
"17870.0";"3.917291"
"17880.0";"3.984775"
"17890.0";"4.011951"
"17900.0";"3.828852"
"17910.0";"3.918417"
"17920.0";"3.857016"
"17930.0";"3.993987"
"17940.0";"4.013163"
"17950.0";"3.908456"
"17960.0";"3.91783"
"17970.0";"3.930357"
"17980.0";"3.971892"
"17990.0";"3.929168"
"18000.0";"4.002189"
"18010.0";"3.783421"
"18020.0";"3.960673"
"18030.0";"3.884082"
"18040.0";"3.851212"
"18050.0";"3.880513"
"18060.0";"3.901867"
"18070.0";"3.938808"
"18080.0";"3.926325"
"18090.0";"3.822184"
"18100.0";"3.795088"
"18110.0";"3.875175"
"18120.0";"3.896897"
"18130.0";"3.835788"
"18140.0";"3.759203"
"18150.0";"3.853391"
"18160.0";"3.830128"
"18170.0";"3.838263"
"18180.0";"3.879074"
"18190.0";"3.830152"
"18200.0";"3.880056"
"18210.0";"3.909981"
"18220.0";"3.863859"
"18230.0";"3.924447"
"18240.0";"3.954626"
"18250.0";"3.924489"
"18260.0";"3.874883"
"18270.0";"3.982274"
"18280.0";"3.98605"
"18290.0";"3.788286"
"18300.0";"3.891249"
"18310.0";"3.981542"
"18320.0";"3.881004"
"18330.0";"3.881244"
"18340.0";"3.729122"
"18350.0";"3.860981"
"18360.0";"3.796173"
"18370.0";"3.81416"
"18380.0";"3.806199"
"18390.0";"3.952468"
"18400.0";"3.819019"
"18410.0";"3.991276"
"18420.0";"4.029583"
"18430.0";"3.96419"
"18440.0";"3.947862"
"18450.0";"3.916206"
"18460.0";"3.889691"
"18470.0";"3.908724"
"18480.0";"3.85708"
"18490.0";"3.898871"
"18500.0";"3.912272"
"18510.0";"3.914969"
"18520.0";"3.980075"
"18530.0";"3.92441"
"18540.0";"3.890527"
"18550.0";"3.949677"
"18560.0";"3.943976"
"18570.0";"3.932665"
"18580.0";"3.916959"
"18590.0";"3.803128"
"18600.0";"3.839857"
"18610.0";"3.945468"
"18620.0";"3.821677"
"18630.0";"3.933046"
"18640.0";"3.927472"
"18650.0";"3.996303"
"18660.0";"3.97204"
"18670.0";"3.930587"
"18680.0";"3.907357"
"18690.0";"3.964657"
"18700.0";"3.934057"
"18710.0";"3.92123"
"18720.0";"3.979032"
"18730.0";"3.99111"
"18740.0";"4.037547"
"18750.0";"4.032938"
"18760.0";"4.014968"
"18770.0";"3.958619"
"18780.0";"3.98916"
"18790.0";"4.011203"
"18800.0";"3.93831"
"18810.0";"3.988313"
"18820.0";"4.012462"
"18830.0";"4.011433"
"18840.0";"4.016791"
"18850.0";"3.946017"
"18860.0";"3.99249"
"18870.0";"3.956232"
"18880.0";"3.952503"
"18890.0";"3.983398"
"18900.0";"3.995292"
"18910.0";"3.995502"
"18920.0";"3.990607"
"18930.0";"3.974013"
"18940.0";"4.03363"
"18950.0";"3.993516"
"18960.0";"3.935102"
"18970.0";"3.982096"
"18980.0";"3.935115"
"18990.0";"4.00428"
"19000.0";"4.006688"
"19010.0";"3.963507"
"19020.0";"4.027701"
"19030.0";"3.969551"
"19040.0";"4.066486"
"19050.0";"3.937578"
"19060.0";"3.821758"
"19070.0";"3.833883"
"19080.0";"3.873334"
"19090.0";"3.987433"
"19100.0";"4.005667"
"19110.0";"4.002225"
"19120.0";"3.928296"
"19130.0";"3.992783"
"19140.0";"4.017556"
"19150.0";"3.972362"
"19160.0";"3.957354"
"19170.0";"3.965243"
"19180.0";"3.959646"
"19190.0";"3.968762"
"19200.0";"4.012226"
"19210.0";"4.006581"
"19220.0";"4.077183"
"19230.0";"3.872886"
"19240.0";"3.970368"
"19250.0";"3.973658"
"19260.0";"3.980466"
"19270.0";"3.88394"
"19280.0";"3.919719"
"19290.0";"3.978806"
"19300.0";"3.970196"
"19310.0";"3.97918"
"19320.0";"4.040041"
"19330.0";"4.052335"
"19340.0";"3.949683"
"19350.0";"3.985329"
"19360.0";"4.016291"
"19370.0";"3.956087"
"19380.0";"4.05929"
"19390.0";"3.990299"
"19400.0";"3.985236"
"19410.0";"4.034981"
"19420.0";"4.031668"
"19430.0";"3.925207"
"19440.0";"3.892066"
"19450.0";"3.969297"
"19460.0";"4.008485"
"19470.0";"3.964942"
"19480.0";"3.956769"
"19490.0";"3.939743"
"19500.0";"4.002889"
"19510.0";"3.912452"
"19520.0";"3.994122"
"19530.0";"3.920909"
"19540.0";"3.971096"
"19550.0";"3.924872"
"19560.0";"4.011753"
"19570.0";"3.966009"
"19580.0";"3.903472"
"19590.0";"3.95524"
"19600.0";"3.952918"
"19610.0";"3.981149"
"19620.0";"3.946767"
"19630.0";"3.922006"
"19640.0";"3.975907"
"19650.0";"3.936392"
"19660.0";"3.96792"
"19670.0";"3.908223"
"19680.0";"4.012225"
"19690.0";"3.961122"
"19700.0";"4.03176"
"19710.0";"3.974217"
"19720.0";"3.954026"
"19730.0";"3.996112"
"19740.0";"3.944775"
"19750.0";"4.0066"
"19760.0";"3.947728"
"19770.0";"4.021594"
"19780.0";"3.923877"
"19790.0";"3.955311"
"19800.0";"3.938066"
"19810.0";"3.911654"
"19820.0";"4.022051"
"19830.0";"3.941959"
"19840.0";"3.960791"
"19850.0";"3.859668"
"19860.0";"3.855483"
"19870.0";"3.895087"
"19880.0";"3.943247"
"19890.0";"3.964048"
"19900.0";"4.000047"
"19910.0";"3.988411"
"19920.0";"3.946783"
"19930.0";"3.893808"
"19940.0";"3.858387"
"19950.0";"3.946181"
"19960.0";"3.950968"
"19970.0";"3.987457"
"19980.0";"4.03301"
"19990.0";"4.03211"
"20000.0";"4.029156"
"20010.0";"4.04521"
"20020.0";"4.025761"
"20030.0";"3.964155"
"20040.0";"3.989596"
"20050.0";"3.992959"
"20060.0";"4.045676"
"20070.0";"4.009878"
"20080.0";"4.029186"
"20090.0";"4.050876"
"20100.0";"3.957674"
"20110.0";"3.889768"
"20120.0";"3.819645"
"20130.0";"4.061472"
"20140.0";"4.05604"
"20150.0";"4.014205"
"20160.0";"4.023066"
"20170.0";"3.967597"
"20180.0";"3.983955"
"20190.0";"3.907746"
"20200.0";"3.934577"
"20210.0";"3.985216"
"20220.0";"3.998536"
"20230.0";"3.960958"
"20240.0";"3.919037"
"20250.0";"3.946862"
"20260.0";"3.932267"
"20270.0";"3.90137"
"20280.0";"3.911407"
"20290.0";"3.876859"
"20300.0";"3.957775"
"20310.0";"3.95679"
"20320.0";"4.016587"
"20330.0";"3.933559"
"20340.0";"4.007318"
"20350.0";"3.946789"
"20360.0";"3.922148"
"20370.0";"3.871129"
"20380.0";"3.90505"
"20390.0";"3.977893"
"20400.0";"3.889042"
"20410.0";"3.935295"
"20420.0";"4.024299"
"20430.0";"3.893775"
"20440.0";"3.945659"
"20450.0";"3.991535"
"20460.0";"3.987007"
"20470.0";"4.030785"
"20480.0";"3.996375"
"20490.0";"3.889672"
"20500.0";"4.006258"
"20510.0";"3.885347"
"20520.0";"3.943855"
"20530.0";"3.958678"
"20540.0";"3.980996"
"20550.0";"3.950358"
"20560.0";"3.927877"
"20570.0";"3.805565"
"20580.0";"3.812856"
"20590.0";"3.901614"
"20600.0";"3.895871"
"20610.0";"3.815237"
"20620.0";"3.913183"
"20630.0";"3.985157"
"20640.0";"3.914075"
"20650.0";"3.99988"
"20660.0";"3.927656"
"20670.0";"4.030389"
"20680.0";"4.018655"
"20690.0";"4.005935"
"20700.0";"4.127206"
"20710.0";"4.100437"
"20720.0";"4.044467"
"20730.0";"4.039824"
"20740.0";"4.021293"
"20750.0";"3.962873"
"20760.0";"4.006215"
"20770.0";"3.90286"
"20780.0";"3.954206"
"20790.0";"3.962639"
"20800.0";"3.979357"
"20810.0";"3.966216"
"20820.0";"3.903986"
"20830.0";"3.92159"
"20840.0";"3.91061"
"20850.0";"3.932507"
"20860.0";"3.942218"
"20870.0";"3.910322"
"20880.0";"3.9546"
"20890.0";"3.96894"
"20900.0";"3.928586"
"20910.0";"4.037263"
"20920.0";"3.92846"
"20930.0";"3.934895"
"20940.0";"3.906197"
"20950.0";"3.98468"
"20960.0";"3.971416"
"20970.0";"4.020299"
"20980.0";"3.961223"
"20990.0";"3.839086"
"21000.0";"3.93668"
"21010.0";"3.907228"
"21020.0";"4.006516"
"21030.0";"4.006819"
"21040.0";"3.925707"
"21050.0";"3.939496"
"21060.0";"3.964714"
"21070.0";"3.849829"
"21080.0";"3.935661"
"21090.0";"3.960262"
"21100.0";"3.951802"
"21110.0";"3.926916"
"21120.0";"3.911835"
"21130.0";"4.02206"
"21140.0";"3.940533"
"21150.0";"3.982709"
"21160.0";"3.96717"
"21170.0";"3.977671"
"21180.0";"3.985546"
"21190.0";"3.964377"
"21200.0";"3.956825"
"21210.0";"3.913955"
"21220.0";"3.931418"
"21230.0";"3.959543"
"21240.0";"3.838766"
"21250.0";"3.762268"
"21260.0";"3.767601"
"21270.0";"3.814709"
"21280.0";"3.844948"
"21290.0";"3.856294"
"21300.0";"3.82969"
"21310.0";"3.862992"
"21320.0";"3.784231"
"21330.0";"3.782942"
"21340.0";"3.792817"
"21350.0";"3.801603"
"21360.0";"3.863892"
"21370.0";"3.953706"
"21380.0";"3.881312"
"21390.0";"3.972087"
"21400.0";"3.914895"
"21410.0";"3.931618"
"21420.0";"3.963624"
"21430.0";"3.936031"
"21440.0";"3.992663"
"21450.0";"3.983694"
"21460.0";"4.04308"
"21470.0";"4.104355"
"21480.0";"4.074213"
"21490.0";"4.011819"
"21500.0";"3.977491"
"21510.0";"3.924778"
"21520.0";"3.992747"
"21530.0";"3.982471"
"21540.0";"4.017016"
"21550.0";"3.989043"
"21560.0";"4.008487"
"21570.0";"4.002746"
"21580.0";"4.044069"
"21590.0";"3.930813"
"21600.0";"3.963956"
"21610.0";"4.000304"
"21620.0";"4.028795"
"21630.0";"3.947078"
"21640.0";"4.026635"
"21650.0";"3.916364"
"21660.0";"3.931695"
"21670.0";"3.939551"
"21680.0";"3.955673"
"21690.0";"3.989428"
"21700.0";"3.960154"
"21710.0";"3.927928"
"21720.0";"3.910551"
"21730.0";"4.021115"
"21740.0";"3.996299"
"21750.0";"4.003706"
"21760.0";"4.031392"
"21770.0";"3.880366"
"21780.0";"3.924521"
"21790.0";"4.028911"
"21800.0";"3.83428"
"21810.0";"3.804818"
"21820.0";"3.862818"
"21830.0";"3.939455"
"21840.0";"3.789989"
"21850.0";"3.85523"
"21860.0";"3.971871"
"21870.0";"3.926563"
"21880.0";"3.912867"
"21890.0";"3.867369"
"21900.0";"3.894942"
"21910.0";"4.031649"
"21920.0";"4.007816"
"21930.0";"4.005889"
"21940.0";"3.901801"
"21950.0";"3.869956"
"21960.0";"3.881859"
"21970.0";"3.877283"
"21980.0";"4.034289"
"21990.0";"4.038808"
"22000.0";"3.935539"
"22010.0";"3.990897"
"22020.0";"3.899894"
"22030.0";"3.829502"
"22040.0";"3.952691"
"22050.0";"3.933259"
"22060.0";"3.959162"
"22070.0";"3.961543"
"22080.0";"3.925926"
"22090.0";"4.003289"
"22100.0";"4.084748"
"22110.0";"3.959715"
"22120.0";"4.062645"
"22130.0";"3.960486"
"22140.0";"3.974221"
"22150.0";"3.966464"
"22160.0";"3.933496"
"22170.0";"4.051694"
"22180.0";"4.012445"
"22190.0";"4.002327"
"22200.0";"3.96076"
"22210.0";"3.97189"
"22220.0";"3.972922"
"22230.0";"3.897021"
"22240.0";"4.01877"
"22250.0";"3.756845"
"22260.0";"3.8364"
"22270.0";"3.983824"
"22280.0";"3.878143"
"22290.0";"3.933583"
"22300.0";"3.920002"
"22310.0";"3.787173"
"22320.0";"3.764799"
"22330.0";"3.831658"
"22340.0";"4.024424"
"22350.0";"3.909596"
"22360.0";"3.99778"
"22370.0";"4.036262"
"22380.0";"3.99549"
"22390.0";"4.037567"
"22400.0";"3.922583"
"22410.0";"3.797933"
"22420.0";"4.055609"
"22430.0";"3.997584"
"22440.0";"4.060374"
"22450.0";"3.928764"
"22460.0";"3.929365"
"22470.0";"3.967509"
"22480.0";"3.954578"
"22490.0";"4.002471"
"22500.0";"3.995688"
"22510.0";"3.958058"
"22520.0";"3.888978"
"22530.0";"3.897249"
"22540.0";"3.924358"
"22550.0";"3.963837"
"22560.0";"3.909549"
"22570.0";"3.910169"
"22580.0";"3.867151"
"22590.0";"3.910504"
"22600.0";"3.932889"
"22610.0";"4.006741"
"22620.0";"4.050902"
"22630.0";"4.029027"
"22640.0";"3.963971"
"22650.0";"3.843769"
"22660.0";"4.0569"
"22670.0";"4.005136"
"22680.0";"4.018968"
"22690.0";"3.946471"
"22700.0";"4.016852"
"22710.0";"4.037454"
"22720.0";"3.954696"
"22730.0";"3.973273"
"22740.0";"4.051784"
"22750.0";"4.020733"
"22760.0";"3.979922"
"22770.0";"3.993286"
"22780.0";"3.957075"
"22790.0";"3.958385"
"22800.0";"3.820256"
"22810.0";"4.003294"
"22820.0";"4.015081"
"22830.0";"3.978731"
"22840.0";"3.981973"
"22850.0";"4.014251"
"22860.0";"4.023553"
"22870.0";"4.045708"
"22880.0";"4.056956"
"22890.0";"4.014578"
"22900.0";"3.962112"
"22910.0";"4.027647"
"22920.0";"4.022392"
"22930.0";"4.000652"
"22940.0";"3.981553"
"22950.0";"4.024512"
"22960.0";"4.060366"
"22970.0";"3.964734"
"22980.0";"4.065275"
"22990.0";"4.034254"
"23000.0";"4.030841"
"23010.0";"4.028479"
"23020.0";"3.965422"
"23030.0";"4.008701"
"23040.0";"4.02593"
"23050.0";"4.038361"
"23060.0";"4.018425"
"23070.0";"4.036635"
"23080.0";"4.058163"
"23090.0";"4.001097"
"23100.0";"3.979842"
"23110.0";"3.94381"
"23120.0";"4.018374"
"23130.0";"3.967017"
"23140.0";"4.012313"
"23150.0";"4.008733"
"23160.0";"4.048848"
"23170.0";"3.881639"
"23180.0";"3.939086"
"23190.0";"3.913476"
"23200.0";"3.921789"
"23210.0";"3.950516"
"23220.0";"3.905911"
"23230.0";"4.019673"
"23240.0";"3.9884"
"23250.0";"3.974859"
"23260.0";"4.034176"
"23270.0";"4.050624"
"23280.0";"3.915214"
"23290.0";"3.983848"
"23300.0";"4.003041"
"23310.0";"4.018189"
"23320.0";"3.940395"
"23330.0";"3.978637"
"23340.0";"3.927104"
"23350.0";"4.019059"
"23360.0";"3.946748"
"23370.0";"4.035291"
"23380.0";"3.854714"
"23390.0";"3.942516"
"23400.0";"3.837194"
"23410.0";"4.067924"
"23420.0";"3.991584"
"23430.0";"4.069913"
"23440.0";"4.03765"
"23450.0";"4.02293"
"23460.0";"3.990037"
"23470.0";"4.03932"
"23480.0";"3.953683"
"23490.0";"3.954623"
"23500.0";"3.934279"
"23510.0";"3.904702"
"23520.0";"4.010424"
"23530.0";"4.017806"
"23540.0";"4.041052"
"23550.0";"3.980968"
"23560.0";"4.010304"
"23570.0";"3.976079"
"23580.0";"3.94236"
"23590.0";"4.004316"
"23600.0";"3.919897"
"23610.0";"3.976547"
"23620.0";"4.007956"
"23630.0";"4.059993"
"23640.0";"3.913327"
"23650.0";"3.94076"
"23660.0";"3.945855"
"23670.0";"3.955217"
"23680.0";"4.007016"
"23690.0";"4.023147"
"23700.0";"3.96451"
"23710.0";"3.89198"
"23720.0";"4.037515"
"23730.0";"4.076313"
"23740.0";"4.014989"
"23750.0";"3.933408"
"23760.0";"3.967988"
"23770.0";"4.003495"
"23780.0";"4.046649"
"23790.0";"4.002626"
"23800.0";"3.971468"
"23810.0";"3.995029"
"23820.0";"3.991842"
"23830.0";"3.973283"
"23840.0";"3.977788"
"23850.0";"3.992927"
"23860.0";"4.012645"
"23870.0";"3.996449"
"23880.0";"4.051782"
"23890.0";"3.945533"
"23900.0";"4.000946"
"23910.0";"4.032377"
"23920.0";"3.938861"
"23930.0";"3.960211"
"23940.0";"3.93161"
"23950.0";"3.963674"
"23960.0";"3.944988"
"23970.0";"3.958021"
"23980.0";"3.985125"
"23990.0";"3.971534"
"24000.0";"3.996891"
"24010.0";"4.002747"
"24020.0";"4.016912"
"24030.0";"3.958181"
"24040.0";"3.902348"
"24050.0";"3.950036"
"24060.0";"3.942624"
"24070.0";"3.986399"
"24080.0";"3.968838"
"24090.0";"3.997365"
"24100.0";"3.976284"
"24110.0";"4.012475"
"24120.0";"4.011114"
"24130.0";"4.036545"
"24140.0";"4.09446"
"24150.0";"4.093595"
"24160.0";"4.066514"
"24170.0";"4.013225"
"24180.0";"4.018371"
"24190.0";"4.00923"
"24200.0";"3.932586"
"24210.0";"3.99153"
"24220.0";"4.06274"
"24230.0";"3.982018"
"24240.0";"4.005694"
"24250.0";"3.894421"
"24260.0";"3.958836"
"24270.0";"3.944319"
"24280.0";"3.989928"
"24290.0";"4.032943"
"24300.0";"3.98931"
"24310.0";"4.028732"
"24320.0";"3.993957"
"24330.0";"3.968702"
"24340.0";"4.006055"
"24350.0";"4.066061"
"24360.0";"3.979318"
"24370.0";"3.954741"
"24380.0";"3.999445"
"24390.0";"3.951475"
"24400.0";"4.056947"
"24410.0";"4.070423"
"24420.0";"4.051132"
"24430.0";"3.972795"
"24440.0";"3.948193"
"24450.0";"3.950648"
"24460.0";"4.002439"
"24470.0";"3.962904"
"24480.0";"3.947425"
"24490.0";"3.966466"
"24500.0";"3.978145"
"24510.0";"4.011456"
"24520.0";"4.005499"
"24530.0";"4.028133"
"24540.0";"4.015092"
"24550.0";"3.987885"
"24560.0";"3.995328"
"24570.0";"4.017441"
"24580.0";"4.009253"
"24590.0";"4.057997"
"24600.0";"4.073363"
"24610.0";"3.977655"
"24620.0";"3.958685"
"24630.0";"4.005279"
"24640.0";"3.948544"
"24650.0";"3.97802"
"24660.0";"4.001166"
"24670.0";"3.928948"
"24680.0";"4.066218"
"24690.0";"3.989408"
"24700.0";"3.982777"
"24710.0";"3.925484"
"24720.0";"3.913645"
"24730.0";"3.997888"
"24740.0";"4.018881"
"24750.0";"3.946402"
"24760.0";"3.988301"
"24770.0";"3.971638"
"24780.0";"4.016884"
"24790.0";"4.035158"
"24800.0";"3.911365"
"24810.0";"3.935877"
"24820.0";"3.928826"
"24830.0";"4.006397"
"24840.0";"4.025604"
"24850.0";"3.979717"
"24860.0";"4.025998"
"24870.0";"4.017255"
"24880.0";"4.04737"
"24890.0";"4.005456"
"24900.0";"3.999448"
"24910.0";"4.043042"
"24920.0";"3.981542"
"24930.0";"4.079965"
"24940.0";"3.97972"
"24950.0";"4.003891"
"24960.0";"3.923707"
"24970.0";"3.957693"
"24980.0";"4.023921"
"24990.0";"4.006231"
"25000.0";"3.930394"
"25010.0";"3.843473"
"25020.0";"3.866829"
"25030.0";"3.954425"
"25040.0";"4.008474"
"25050.0";"4.015274"
"25060.0";"4.00918"
"25070.0";"3.940247"
"25080.0";"3.938377"
"25090.0";"3.939667"
"25100.0";"3.954279"
"25110.0";"3.901688"
"25120.0";"3.968289"
"25130.0";"4.007676"
"25140.0";"3.980043"
"25150.0";"4.023947"
"25160.0";"4.052243"
"25170.0";"4.061558"
"25180.0";"4.005777"
"25190.0";"4.03953"
"25200.0";"3.976562"
"25210.0";"4.018715"
"25220.0";"4.002805"
"25230.0";"4.030001"
"25240.0";"3.977196"
"25250.0";"4.011183"
"25260.0";"3.986569"
"25270.0";"4.036367"
"25280.0";"4.050799"
"25290.0";"4.003757"
"25300.0";"4.016012"
"25310.0";"4.005499"
"25320.0";"4.010792"
"25330.0";"4.040521"
"25340.0";"4.055946"
"25350.0";"4.090003"
"25360.0";"3.967893"
"25370.0";"3.947804"
"25380.0";"3.988794"
"25390.0";"3.98046"
"25400.0";"3.914106"
"25410.0";"3.919846"
"25420.0";"3.922199"
"25430.0";"3.894008"
"25440.0";"3.994961"
"25450.0";"3.998497"
"25460.0";"3.929816"
"25470.0";"3.923605"
"25480.0";"3.918077"
"25490.0";"4.014589"
"25500.0";"3.957195"
"25510.0";"3.991768"
"25520.0";"3.979956"
"25530.0";"3.934784"
"25540.0";"4.047371"
"25550.0";"3.95244"
"25560.0";"4.017082"
"25570.0";"3.970657"
"25580.0";"4.035244"
"25590.0";"4.050429"
"25600.0";"4.017867"
"25610.0";"3.952502"
"25620.0";"3.990319"
"25630.0";"4.021406"
"25640.0";"3.972099"
"25650.0";"3.945215"
"25660.0";"3.889897"
"25670.0";"3.940162"
"25680.0";"3.965518"
"25690.0";"3.989393"
"25700.0";"3.930592"
"25710.0";"3.937523"
"25720.0";"3.996263"
"25730.0";"3.965958"
"25740.0";"3.969707"
"25750.0";"3.956973"
"25760.0";"3.979815"
"25770.0";"3.961025"
"25780.0";"3.994413"
"25790.0";"4.008525"
"25800.0";"3.999151"
"25810.0";"4.009892"
"25820.0";"3.97415"
"25830.0";"3.905834"
"25840.0";"3.968235"
"25850.0";"3.964029"
"25860.0";"3.991086"
"25870.0";"3.927912"
"25880.0";"3.991183"
"25890.0";"3.92437"
"25900.0";"3.915715"
"25910.0";"3.907603"
"25920.0";"3.822541"
"25930.0";"3.972928"
"25940.0";"4.034734"
"25950.0";"4.018436"
"25960.0";"4.000253"
"25970.0";"3.934435"
"25980.0";"3.880427"
"25990.0";"3.87816"
"26000.0";"3.832084"
"26010.0";"3.89055"
"26020.0";"3.924029"
"26030.0";"3.953057"
"26040.0";"4.031917"
"26050.0";"4.010992"
"26060.0";"4.005502"
"26070.0";"3.949056"
"26080.0";"3.973622"
"26090.0";"3.98195"
"26100.0";"3.91459"
"26110.0";"3.995175"
"26120.0";"3.983193"
"26130.0";"3.97541"
"26140.0";"4.058032"
"26150.0";"4.037414"
"26160.0";"3.981208"
"26170.0";"3.991664"
"26180.0";"3.931862"
"26190.0";"3.958962"
"26200.0";"3.984998"
"26210.0";"3.949304"
"26220.0";"3.963349"
"26230.0";"4.000634"
"26240.0";"3.933523"
"26250.0";"3.979792"
"26260.0";"4.003844"
"26270.0";"3.877888"
"26280.0";"4.000282"
"26290.0";"4.010676"
"26300.0";"4.089706"
"26310.0";"4.010796"
"26320.0";"4.04114"
"26330.0";"4.024703"
"26340.0";"3.968494"
"26350.0";"3.98497"
"26360.0";"3.973479"
"26370.0";"4.000566"
"26380.0";"4.023087"
"26390.0";"4.032072"
"26400.0";"4.007885"
"26410.0";"4.035813"
"26420.0";"3.966266"
"26430.0";"4.006567"
"26440.0";"4.053682"
"26450.0";"4.068294"
"26460.0";"3.945445"
"26470.0";"4.01548"
"26480.0";"3.975016"
"26490.0";"4.028279"
"26500.0";"3.995331"
"26510.0";"3.999387"
"26520.0";"3.984916"
"26530.0";"3.930931"
"26540.0";"3.957436"
"26550.0";"3.970633"
"26560.0";"4.035668"
"26570.0";"4.003059"
"26580.0";"3.979802"
"26590.0";"4.060153"
"26600.0";"4.032136"
"26610.0";"4.023944"
"26620.0";"4.025819"
"26630.0";"4.024747"
"26640.0";"3.981364"
"26650.0";"3.985984"
"26660.0";"4.095384"
"26670.0";"4.051492"
"26680.0";"4.08419"
"26690.0";"4.076834"
"26700.0";"3.971095"
"26710.0";"4.008768"
"26720.0";"4.078299"
"26730.0";"4.011303"
"26740.0";"4.035667"
"26750.0";"4.049638"
"26760.0";"4.094333"
"26770.0";"4.025928"
"26780.0";"3.979485"
"26790.0";"4.048002"
"26800.0";"3.988411"
"26810.0";"3.960801"
"26820.0";"3.962958"
"26830.0";"3.869994"
"26840.0";"3.923661"
"26850.0";"3.903633"
"26860.0";"3.975403"
"26870.0";"3.919401"
"26880.0";"3.927998"
"26890.0";"3.934805"
"26900.0";"3.932125"
"26910.0";"3.977637"
"26920.0";"3.978267"
"26930.0";"4.001209"
"26940.0";"3.985499"
"26950.0";"4.017998"
"26960.0";"4.038782"
"26970.0";"3.951718"
"26980.0";"3.908771"
"26990.0";"4.049213"
"27000.0";"4.052336"
"27010.0";"4.025321"
"27020.0";"4.083727"
"27030.0";"4.032972"
"27040.0";"4.074782"
"27050.0";"4.011788"
"27060.0";"4.056849"
"27070.0";"3.983016"
"27080.0";"3.990511"
"27090.0";"3.979948"
"27100.0";"3.98057"
"27110.0";"3.953615"
"27120.0";"3.980159"
"27130.0";"4.078107"
"27140.0";"3.985279"
"27150.0";"3.956619"
"27160.0";"4.028427"
"27170.0";"3.892181"
"27180.0";"4.010208"
"27190.0";"4.004608"
"27200.0";"3.921398"
"27210.0";"3.982508"
"27220.0";"3.912141"
"27230.0";"3.880035"
"27240.0";"3.898602"
"27250.0";"3.928615"
"27260.0";"3.944559"
"27270.0";"4.006116"
"27280.0";"3.973901"
"27290.0";"4.009294"
"27300.0";"4.054843"
"27310.0";"4.03616"
"27320.0";"3.970841"
"27330.0";"3.922127"
"27340.0";"3.95943"
"27350.0";"4.022613"
"27360.0";"4.003569"
"27370.0";"4.009646"
"27380.0";"4.031969"
"27390.0";"4.060258"
"27400.0";"3.998267"
"27410.0";"3.984743"
"27420.0";"4.035361"
"27430.0";"3.977326"
"27440.0";"3.966036"
"27450.0";"4.025584"
"27460.0";"4.008329"
"27470.0";"4.030383"
"27480.0";"4.049091"
"27490.0";"4.000304"
"27500.0";"3.850895"
"27510.0";"3.987619"
"27520.0";"3.91544"
"27530.0";"3.915632"
"27540.0";"4.022859"
"27550.0";"3.931982"
"27560.0";"3.897573"
"27570.0";"3.890446"
"27580.0";"3.970624"
"27590.0";"3.955314"
"27600.0";"4.014316"
"27610.0";"3.913178"
"27620.0";"3.95859"
"27630.0";"3.933106"
"27640.0";"3.896129"
"27650.0";"3.970992"
"27660.0";"3.916662"
"27670.0";"4.0067"
"27680.0";"4.025087"
"27690.0";"4.057802"
"27700.0";"3.989661"
"27710.0";"3.843978"
"27720.0";"3.920405"
"27730.0";"4.024683"
"27740.0";"4.010758"
"27750.0";"3.977172"
"27760.0";"4.017755"
"27770.0";"3.980702"
"27780.0";"4.036718"
"27790.0";"4.031123"
"27800.0";"4.022063"
"27810.0";"3.996179"
"27820.0";"3.946335"
"27830.0";"3.960593"
"27840.0";"4.05152"
"27850.0";"4.044016"
"27860.0";"4.02153"
"27870.0";"3.96647"
"27880.0";"4.028862"
"27890.0";"4.005198"
"27900.0";"3.984825"
"27910.0";"4.015561"
"27920.0";"4.051856"
"27930.0";"4.011929"
"27940.0";"3.941371"
"27950.0";"3.994826"
"27960.0";"4.041458"
"27970.0";"4.02775"
"27980.0";"4.032022"
"27990.0";"3.868813"
"28000.0";"3.993941"
"28010.0";"4.010429"
"28020.0";"3.963286"
"28030.0";"4.014313"
"28040.0";"3.925409"
"28050.0";"3.870174"
"28060.0";"3.999966"
"28070.0";"3.933984"
"28080.0";"4.035261"
"28090.0";"4.055694"
"28100.0";"3.879604"
"28110.0";"3.989125"
"28120.0";"3.965945"
"28130.0";"3.989747"
"28140.0";"3.922791"
"28150.0";"3.943208"
"28160.0";"3.859321"
"28170.0";"3.804787"
"28180.0";"4.000196"
"28190.0";"3.839439"
"28200.0";"3.902649"
"28210.0";"4.087279"
"28220.0";"3.983956"
"28230.0";"3.973477"
"28240.0";"4.021182"
"28250.0";"3.950284"
"28260.0";"3.97131"
"28270.0";"3.967417"
"28280.0";"4.004805"
"28290.0";"3.941271"
"28300.0";"4.03965"
"28310.0";"4.011066"
"28320.0";"3.955432"
"28330.0";"3.975433"
"28340.0";"3.907345"
"28350.0";"3.999233"
"28360.0";"3.866499"
"28370.0";"3.845721"
"28380.0";"3.952819"
"28390.0";"3.909569"
"28400.0";"4.020777"
"28410.0";"3.926338"
"28420.0";"3.917871"
"28430.0";"3.847885"
"28440.0";"4.016382"
"28450.0";"3.962457"
"28460.0";"3.969112"
"28470.0";"3.953046"
"28480.0";"3.941506"
"28490.0";"3.99276"
"28500.0";"3.999449"
"28510.0";"4.028388"
"28520.0";"3.985828"
"28530.0";"3.949888"
"28540.0";"3.914865"
"28550.0";"3.988095"
"28560.0";"3.94971"
"28570.0";"3.980754"
"28580.0";"3.981622"
"28590.0";"3.970381"
"28600.0";"3.961962"
"28610.0";"4.038861"
"28620.0";"3.966768"
"28630.0";"3.922685"
"28640.0";"3.936725"
"28650.0";"3.961694"
"28660.0";"3.937956"
"28670.0";"4.005598"
"28680.0";"3.914873"
"28690.0";"4.046611"
"28700.0";"3.986628"
"28710.0";"4.020005"
"28720.0";"4.05846"
"28730.0";"4.01983"
"28740.0";"4.05357"
"28750.0";"4.049051"
"28760.0";"4.033795"
"28770.0";"3.94896"
"28780.0";"3.977197"
"28790.0";"3.999413"
"28800.0";"3.979666"
"28810.0";"3.960097"
"28820.0";"4.011956"
"28830.0";"4.012134"
"28840.0";"4.007099"
"28850.0";"4.022048"
"28860.0";"3.915613"
"28870.0";"3.968373"
"28880.0";"3.898591"
"28890.0";"3.974004"
"28900.0";"3.93398"
"28910.0";"3.969302"
"28920.0";"3.894271"
"28930.0";"3.911462"
"28940.0";"3.904725"
"28950.0";"4.004165"
"28960.0";"3.948239"
"28970.0";"3.919781"
"28980.0";"3.928466"
"28990.0";"3.961849"
"29000.0";"3.961693"
"29010.0";"4.029587"
"29020.0";"3.885559"
"29030.0";"3.945962"
"29040.0";"3.859484"
"29050.0";"3.898505"
"29060.0";"3.801023"
"29070.0";"3.913391"
"29080.0";"3.821107"
"29090.0";"3.915089"
"29100.0";"3.906961"
"29110.0";"3.870392"
"29120.0";"3.819299"
"29130.0";"3.803026"
"29140.0";"3.904413"
"29150.0";"4.05852"
"29160.0";"3.869017"
"29170.0";"3.754555"
"29180.0";"3.834446"
"29190.0";"4.013628"
"29200.0";"3.991614"
"29210.0";"3.846257"
"29220.0";"3.926465"
"29230.0";"3.884362"
"29240.0";"3.900229"
"29250.0";"3.848249"
"29260.0";"3.874408"
"29270.0";"3.965038"
"29280.0";"3.922871"
"29290.0";"3.902345"
"29300.0";"3.906938"
"29310.0";"3.854114"
"29320.0";"3.871219"
"29330.0";"3.946254"
"29340.0";"3.951661"
"29350.0";"3.843356"
"29360.0";"4.011176"
"29370.0";"4.095792"
"29380.0";"4.028067"
"29390.0";"4.045653"
"29400.0";"4.04206"
"29410.0";"4.016396"
"29420.0";"3.933219"
"29430.0";"4.040136"
"29440.0";"4.025737"
"29450.0";"3.86586"
"29460.0";"4.016606"
"29470.0";"4.036683"
"29480.0";"4.051093"
"29490.0";"4.077216"
"29500.0";"3.948147"
"29510.0";"3.945951"
"29520.0";"4.023428"
"29530.0";"4.02815"
"29540.0";"3.933174"
"29550.0";"4.020648"
"29560.0";"4.069493"
"29570.0";"3.971643"
"29580.0";"3.989136"
"29590.0";"3.903816"
"29600.0";"3.959987"
"29610.0";"3.988934"
"29620.0";"3.993854"
"29630.0";"3.994173"
"29640.0";"4.018276"
"29650.0";"4.032856"
"29660.0";"3.969422"
"29670.0";"4.003529"
"29680.0";"4.00343"
"29690.0";"4.03181"
"29700.0";"4.045376"
"29710.0";"4.02579"
"29720.0";"4.043584"
"29730.0";"3.943744"
"29740.0";"4.006876"
"29750.0";"4.00571"
"29760.0";"4.134261"
"29770.0";"4.042477"
"29780.0";"4.062054"
"29790.0";"4.083096"
"29800.0";"4.030682"
"29810.0";"4.067629"
"29820.0";"4.020097"
"29830.0";"3.997978"
"29840.0";"4.056962"
"29850.0";"3.980978"
"29860.0";"4.032261"
"29870.0";"3.985646"
"29880.0";"3.899665"
"29890.0";"3.995633"
"29900.0";"3.968781"
"29910.0";"3.988263"
"29920.0";"3.981373"
"29930.0";"3.989217"
"29940.0";"4.009653"
"29950.0";"3.964577"
"29960.0";"3.932572"
"29970.0";"3.932945"
"29980.0";"3.890389"
"29990.0";"3.982733"
"30000.0";"4.02169"
"30010.0";"3.991506"
"30020.0";"3.989643"
"30030.0";"3.974545"
"30040.0";"3.971262"
"30050.0";"3.958179"
"30060.0";"3.986041"
"30070.0";"3.997427"
"30080.0";"3.875845"
"30090.0";"4.082121"
"30100.0";"4.046442"
"30110.0";"4.009326"
"30120.0";"3.978289"
"30130.0";"3.935244"
"30140.0";"3.94728"
"30150.0";"3.890164"
"30160.0";"3.90531"
"30170.0";"3.965602"
"30180.0";"3.906759"
"30190.0";"3.985815"
"30200.0";"3.971301"
"30210.0";"4.02614"
"30220.0";"4.073463"
"30230.0";"4.023477"
"30240.0";"4.054463"
"30250.0";"3.942192"
"30260.0";"4.041352"
"30270.0";"4.012383"
"30280.0";"3.918674"
"30290.0";"3.972154"
"30300.0";"3.991228"
"30310.0";"3.937952"
"30320.0";"3.980597"
"30330.0";"4.015918"
"30340.0";"3.946616"
"30350.0";"3.920697"
"30360.0";"3.933478"
"30370.0";"3.942793"
"30380.0";"3.950245"
"30390.0";"3.979416"
"30400.0";"3.986847"
"30410.0";"4.023741"
"30420.0";"3.948744"
"30430.0";"4.040286"
"30440.0";"3.985615"
"30450.0";"3.951158"
"30460.0";"4.008473"
"30470.0";"3.922628"
"30480.0";"3.933898"
"30490.0";"3.978108"
"30500.0";"4.031888"
"30510.0";"4.024161"
"30520.0";"4.031339"
"30530.0";"3.964456"
"30540.0";"3.937341"
"30550.0";"4.032784"
"30560.0";"4.030951"
"30570.0";"3.991322"
"30580.0";"4.001196"
"30590.0";"4.012499"
"30600.0";"4.014607"
"30610.0";"3.956436"
"30620.0";"3.991065"
"30630.0";"3.992391"
"30640.0";"3.988229"
"30650.0";"4.015759"
"30660.0";"4.078034"
"30670.0";"4.015171"
"30680.0";"3.931433"
"30690.0";"3.99288"
"30700.0";"3.93677"
"30710.0";"4.007987"
"30720.0";"3.975685"
"30730.0";"4.065169"
"30740.0";"3.953976"
"30750.0";"3.982702"
"30760.0";"3.970032"
"30770.0";"3.947464"
"30780.0";"3.9486"
"30790.0";"3.930013"
"30800.0";"3.918493"
"30810.0";"3.93992"
"30820.0";"3.961704"
"30830.0";"3.946642"
"30840.0";"3.938015"
"30850.0";"3.951145"
"30860.0";"3.980398"
"30870.0";"3.941781"
"30880.0";"3.989668"
"30890.0";"3.937904"
"30900.0";"3.986691"
"30910.0";"3.922694"
"30920.0";"3.957866"
"30930.0";"3.957314"
"30940.0";"3.934402"
"30950.0";"3.968252"
"30960.0";"3.887977"
"30970.0";"3.913921"
"30980.0";"3.928214"
"30990.0";"3.944192"
"31000.0";"3.986846"
"31010.0";"3.930815"
"31020.0";"3.916689"
"31030.0";"3.910695"
"31040.0";"3.943635"
"31050.0";"3.951719"
"31060.0";"3.871648"
"31070.0";"3.901617"
"31080.0";"3.92918"
"31090.0";"3.95283"
"31100.0";"4.030674"
"31110.0";"3.960658"
"31120.0";"3.9333"
"31130.0";"3.988403"
"31140.0";"3.955041"
"31150.0";"3.874023"
"31160.0";"3.930206"
"31170.0";"3.876781"
"31180.0";"3.962047"
"31190.0";"3.981671"
"31200.0";"3.913512"
"31210.0";"3.996207"
"31220.0";"3.999453"
"31230.0";"3.962806"
"31240.0";"3.919189"
"31250.0";"3.980875"
"31260.0";"3.998109"
"31270.0";"4.025022"
"31280.0";"4.014027"
"31290.0";"4.000794"
"31300.0";"4.053445"
"31310.0";"3.999824"
"31320.0";"3.94479"
"31330.0";"4.050868"
"31340.0";"3.96494"
"31350.0";"3.983476"
"31360.0";"4.004755"
"31370.0";"4.010169"
"31380.0";"3.977176"
"31390.0";"3.977931"
"31400.0";"4.013674"
"31410.0";"4.011435"
"31420.0";"3.99022"
"31430.0";"4.015024"
"31440.0";"3.96244"
"31450.0";"4.079733"
"31460.0";"3.94032"
"31470.0";"3.97787"
"31480.0";"3.915312"
"31490.0";"3.945649"
"31500.0";"3.880648"
"31510.0";"3.894907"
"31520.0";"3.935526"
"31530.0";"3.901468"
"31540.0";"3.932662"
"31550.0";"3.973475"
"31560.0";"3.954351"
"31570.0";"3.911781"
"31580.0";"3.972443"
"31590.0";"4.000459"
"31600.0";"3.896964"
"31610.0";"3.97885"
"31620.0";"3.929062"
"31630.0";"3.918725"
"31640.0";"3.945083"
"31650.0";"4.032705"
"31660.0";"3.942663"
"31670.0";"4.035308"
"31680.0";"4.0116"
"31690.0";"3.923117"
"31700.0";"3.990477"
"31710.0";"3.940222"
"31720.0";"3.944236"
"31730.0";"3.937224"
"31740.0";"3.953007"
"31750.0";"4.010459"
"31760.0";"4.009026"
"31770.0";"3.979186"
"31780.0";"3.952535"
"31790.0";"4.010182"
"31800.0";"3.945729"
"31810.0";"4.014618"
"31820.0";"4.018707"
"31830.0";"4.05468"
"31840.0";"4.015466"
"31850.0";"4.062429"
"31860.0";"3.927049"
"31870.0";"4.038422"
"31880.0";"3.963143"
"31890.0";"3.887199"
"31900.0";"3.97533"
"31910.0";"3.870983"
"31920.0";"3.883312"
"31930.0";"3.92978"
"31940.0";"3.802483"
"31950.0";"3.909885"
"31960.0";"4.006142"
"31970.0";"3.978511"
"31980.0";"3.997611"
"31990.0";"3.963335"
"32000.0";"3.930248"
"32010.0";"3.897961"
"32020.0";"3.920701"
"32030.0";"3.881511"
"32040.0";"3.894184"
"32050.0";"3.794103"
"32060.0";"3.765648"
"32070.0";"3.82821"
"32080.0";"3.820892"
"32090.0";"4.035075"
"32100.0";"3.967755"
"32110.0";"4.010017"
"32120.0";"4.034905"
"32130.0";"3.986578"
"32140.0";"3.994063"
"32150.0";"3.933891"
"32160.0";"4.004138"
"32170.0";"3.957492"
"32180.0";"3.967258"
"32190.0";"3.948642"
"32200.0";"3.948705"
"32210.0";"3.863495"
"32220.0";"3.967797"
"32230.0";"3.977895"
"32240.0";"3.947052"
"32250.0";"3.94549"
"32260.0";"3.9277"
"32270.0";"3.892477"
"32280.0";"3.99494"
"32290.0";"3.941249"
"32300.0";"3.885803"
"32310.0";"3.945529"
"32320.0";"3.892439"
"32330.0";"3.926373"
"32340.0";"3.833858"
"32350.0";"3.959434"
"32360.0";"3.870983"
"32370.0";"3.924177"
"32380.0";"3.890293"
"32390.0";"3.953466"
"32400.0";"3.905306"
"32410.0";"3.808182"
"32420.0";"3.966158"
"32430.0";"3.969468"
"32440.0";"3.929092"
"32450.0";"3.952115"
"32460.0";"3.968908"
"32470.0";"4.030275"
"32480.0";"3.971149"
"32490.0";"4.081959"
"32500.0";"3.943647"
"32510.0";"3.996407"
"32520.0";"3.999064"
"32530.0";"3.986314"
"32540.0";"3.981513"
"32550.0";"3.94031"
"32560.0";"3.915186"
"32570.0";"3.83414"
"32580.0";"3.841209"
"32590.0";"3.997112"
"32600.0";"4.002432"
"32610.0";"3.984286"
"32620.0";"3.975714"
"32630.0";"3.963787"
"32640.0";"3.958911"
"32650.0";"3.897291"
"32660.0";"3.965971"
"32670.0";"3.968904"
"32680.0";"3.979651"
"32690.0";"3.881826"
"32700.0";"3.922763"
"32710.0";"3.891486"
"32720.0";"3.919406"
"32730.0";"3.998533"
"32740.0";"3.831443"
"32750.0";"3.869461"
"32760.0";"3.927115"
"32770.0";"3.923825"
"32780.0";"3.939623"
"32790.0";"3.937031"
"32800.0";"3.947326"
"32810.0";"3.879659"
"32820.0";"3.964122"
"32830.0";"3.879563"
"32840.0";"3.88238"
"32850.0";"3.90017"
"32860.0";"3.953093"
"32870.0";"3.968603"
"32880.0";"3.845559"
"32890.0";"3.858274"
"32900.0";"3.875706"
"32910.0";"3.932529"
"32920.0";"3.95559"
"32930.0";"3.854271"
"32940.0";"3.8878"
"32950.0";"3.961161"
"32960.0";"3.964894"
"32970.0";"3.972574"
"32980.0";"3.937989"
"32990.0";"3.932867"
"33000.0";"3.978176"
"33010.0";"3.861127"
"33020.0";"3.85862"
"33030.0";"3.923529"
"33040.0";"3.854783"
"33050.0";"3.802886"
"33060.0";"3.856019"
"33070.0";"3.901226"
"33080.0";"3.950161"
"33090.0";"4.029564"
"33100.0";"4.018482"
"33110.0";"3.923731"
"33120.0";"3.857788"
"33130.0";"3.939753"
"33140.0";"3.977871"
"33150.0";"4.005219"
"33160.0";"3.986412"
"33170.0";"3.930452"
"33180.0";"3.95457"
"33190.0";"3.974443"
"33200.0";"3.892416"
"33210.0";"3.903865"
"33220.0";"3.859158"
"33230.0";"4.020431"
"33240.0";"3.929287"
"33250.0";"3.845439"
"33260.0";"3.795754"
"33270.0";"3.841127"
"33280.0";"3.727141"
"33290.0";"3.777475"
"33300.0";"3.671165"
"33310.0";"3.813515"
"33320.0";"3.879565"
"33330.0";"3.805113"
"33340.0";"3.814134"
"33350.0";"3.796782"
"33360.0";"3.933242"
"33370.0";"3.883502"
"33380.0";"3.925986"
"33390.0";"3.892073"
"33400.0";"3.952688"
"33410.0";"3.864568"
"33420.0";"3.879197"
"33430.0";"3.977055"
"33440.0";"3.955823"
"33450.0";"3.975032"
"33460.0";"4.040404"
"33470.0";"3.963891"
"33480.0";"3.958433"
"33490.0";"3.925998"
"33500.0";"3.967934"
"33510.0";"3.908403"
"33520.0";"3.947068"
"33530.0";"3.948965"
"33540.0";"3.845387"
"33550.0";"3.918333"
"33560.0";"3.920656"
"33570.0";"3.951627"
"33580.0";"3.91957"
"33590.0";"3.928922"
"33600.0";"3.960199"
"33610.0";"3.87564"
"33620.0";"3.938282"
"33630.0";"4.020327"
"33640.0";"3.890198"
"33650.0";"3.849555"
"33660.0";"3.968615"
"33670.0";"3.946598"
"33680.0";"3.955902"
"33690.0";"3.991264"
"33700.0";"3.973554"
"33710.0";"3.987921"
"33720.0";"3.908591"
"33730.0";"3.920888"
"33740.0";"3.949009"
"33750.0";"3.93936"
"33760.0";"3.847897"
"33770.0";"3.946973"
"33780.0";"4.024606"
"33790.0";"3.993635"
"33800.0";"3.937856"
"33810.0";"3.953656"
"33820.0";"3.972719"
"33830.0";"3.927815"
"33840.0";"3.936575"
"33850.0";"3.902631"
"33860.0";"3.993229"
"33870.0";"3.972226"
"33880.0";"3.872379"
"33890.0";"3.849758"
"33900.0";"3.977932"
"33910.0";"3.942951"
"33920.0";"3.912019"
"33930.0";"3.896503"
"33940.0";"3.912208"
"33950.0";"3.989734"
"33960.0";"3.992817"
"33970.0";"3.9327"
"33980.0";"3.914626"
"33990.0";"4.023557"
"34000.0";"3.917686"
"34010.0";"3.994727"
"34020.0";"3.948256"
"34030.0";"4.009362"
"34040.0";"4.036028"
"34050.0";"3.802098"
"34060.0";"3.939211"
"34070.0";"4.028536"
"34080.0";"3.99405"
"34090.0";"3.93823"
"34100.0";"3.961319"
"34110.0";"4.05355"
"34120.0";"3.978031"
"34130.0";"3.935313"
"34140.0";"3.956771"
"34150.0";"4.018963"
"34160.0";"3.969276"
"34170.0";"3.950941"
"34180.0";"3.990185"
"34190.0";"3.93387"
"34200.0";"3.935393"
"34210.0";"3.941842"
"34220.0";"4.015876"
"34230.0";"3.9254"
"34240.0";"3.976212"
"34250.0";"3.939135"
"34260.0";"3.903072"
"34270.0";"3.953758"
"34280.0";"4.0029"
"34290.0";"3.992284"
"34300.0";"3.963758"
"34310.0";"3.951977"
"34320.0";"3.882046"
"34330.0";"3.920291"
"34340.0";"3.940218"
"34350.0";"3.997978"
"34360.0";"3.903686"
"34370.0";"3.994841"
"34380.0";"3.879877"
"34390.0";"3.94111"
"34400.0";"3.954853"
"34410.0";"3.909402"
"34420.0";"3.911487"
"34430.0";"3.987778"
"34440.0";"4.019022"
"34450.0";"3.900396"
"34460.0";"4.035231"
"34470.0";"3.949604"
"34480.0";"3.972048"
"34490.0";"3.942594"
"34500.0";"3.874254"
"34510.0";"3.927387"
"34520.0";"3.987586"
"34530.0";"3.962567"
"34540.0";"3.958156"
"34550.0";"3.942488"
"34560.0";"3.91672"
"34570.0";"4.000433"
"34580.0";"4.059317"
"34590.0";"4.091071"
"34600.0";"3.968438"
"34610.0";"3.982637"
"34620.0";"4.044956"
"34630.0";"4.024714"
"34640.0";"3.968877"
"34650.0";"3.983361"
"34660.0";"4.002938"
"34670.0";"3.9676"
"34680.0";"3.947632"
"34690.0";"3.965939"
"34700.0";"3.95226"
"34710.0";"3.939296"
"34720.0";"3.913274"
"34730.0";"3.914843"
"34740.0";"3.983507"
"34750.0";"3.744651"
"34760.0";"3.929302"
"34770.0";"3.863473"
"34780.0";"3.973238"
"34790.0";"3.939076"
"34800.0";"3.98895"
"34810.0";"3.976541"
"34820.0";"3.896151"
"34830.0";"3.902173"
"34840.0";"3.938675"
"34850.0";"3.965806"
"34860.0";"4.016006"
"34870.0";"3.94016"
"34880.0";"3.951548"
"34890.0";"3.925052"
"34900.0";"3.966746"
"34910.0";"3.83785"
"34920.0";"3.954577"
"34930.0";"3.878662"
"34940.0";"3.909759"
"34950.0";"3.982555"
"34960.0";"3.881181"
"34970.0";"3.940742"
"34980.0";"3.895775"
"34990.0";"3.839087"
"35000.0";"3.848726"
"35010.0";"3.860553"
"35020.0";"3.882275"
"35030.0";"3.917013"
"35040.0";"4.019708"
"35050.0";"3.903948"
"35060.0";"3.978785"
"35070.0";"3.999114"
"35080.0";"3.961576"
"35090.0";"3.914572"
"35100.0";"3.92308"
"35110.0";"3.953635"
"35120.0";"3.974006"
"35130.0";"3.95516"
"35140.0";"3.989624"
"35150.0";"4.029348"
"35160.0";"3.953769"
"35170.0";"3.906047"
"35180.0";"4.020217"
"35190.0";"3.970307"
"35200.0";"3.985888"
"35210.0";"3.971759"
"35220.0";"3.934493"
"35230.0";"3.936752"
"35240.0";"3.931836"
"35250.0";"3.918154"
"35260.0";"3.997524"
"35270.0";"3.893605"
"35280.0";"3.885057"
"35290.0";"3.992281"
"35300.0";"3.867575"
"35310.0";"3.883582"
"35320.0";"3.98659"
"35330.0";"3.962667"
"35340.0";"3.892016"
"35350.0";"3.962693"
"35360.0";"3.937997"
"35370.0";"3.953769"
"35380.0";"3.910155"
"35390.0";"3.929086"
"35400.0";"3.939098"
"35410.0";"3.952821"
"35420.0";"4.007039"
"35430.0";"3.997607"
"35440.0";"3.976512"
"35450.0";"3.965476"
"35460.0";"3.961469"
"35470.0";"4.037539"
"35480.0";"4.067866"
"35490.0";"4.083955"
"35500.0";"4.066818"
"35510.0";"4.054259"
"35520.0";"4.107634"
"35530.0";"3.938281"
"35540.0";"4.06124"
"35550.0";"4.007961"
"35560.0";"4.022"
"35570.0";"3.98205"
"35580.0";"4.009368"
"35590.0";"3.996673"
"35600.0";"3.986007"
"35610.0";"4.054942"
"35620.0";"3.917605"
"35630.0";"3.946766"
"35640.0";"3.962909"
"35650.0";"3.929993"
"35660.0";"3.978652"
"35670.0";"3.956747"
"35680.0";"3.997651"
"35690.0";"3.949295"
"35700.0";"3.946795"
"35710.0";"3.927909"
"35720.0";"3.833884"
"35730.0";"3.97822"
"35740.0";"3.915613"
"35750.0";"3.991882"
"35760.0";"3.983284"
"35770.0";"4.01754"
"35780.0";"3.983873"
"35790.0";"3.968243"
"35800.0";"4.001924"
"35810.0";"3.985157"
"35820.0";"3.945293"
"35830.0";"3.964948"
"35840.0";"3.989365"
"35850.0";"3.988291"
"35860.0";"3.957761"
"35870.0";"3.961151"
"35880.0";"3.936354"
"35890.0";"4.003032"
"35900.0";"4.033452"
"35910.0";"3.993029"
"35920.0";"3.962043"
"35930.0";"3.867985"
"35940.0";"4.011497"
"35950.0";"3.920211"
"35960.0";"3.926505"
"35970.0";"3.988315"
"35980.0";"3.968476"
"35990.0";"3.959807"
"36000.0";"3.945789"
"36010.0";"3.976392"
"36020.0";"3.95152"
"36030.0";"3.9178"
"36040.0";"3.937378"
"36050.0";"3.917094"
"36060.0";"3.913554"
"36070.0";"3.919103"
"36080.0";"3.922768"
"36090.0";"3.97455"
"36100.0";"3.887107"
"36110.0";"3.927153"
"36120.0";"3.846488"
"36130.0";"3.89272"
"36140.0";"3.885052"
"36150.0";"3.941741"
"36160.0";"3.976986"
"36170.0";"3.88165"
"36180.0";"3.832197"
"36190.0";"3.999814"
"36200.0";"3.9721"
"36210.0";"3.972966"
"36220.0";"4.075318"
"36230.0";"3.985647"
"36240.0";"3.970104"
"36250.0";"3.920178"
"36260.0";"3.957108"
"36270.0";"4.057402"
"36280.0";"4.027502"
"36290.0";"4.031563"
"36300.0";"3.95551"
"36310.0";"3.892664"
"36320.0";"3.971527"
"36330.0";"3.823582"
"36340.0";"3.939082"
"36350.0";"3.879382"
"36360.0";"3.929395"
"36370.0";"3.973671"
"36380.0";"3.887593"
"36390.0";"3.955917"
"36400.0";"3.870262"
"36410.0";"3.818059"
"36420.0";"3.843596"
"36430.0";"3.886399"
"36440.0";"3.891279"
"36450.0";"3.852018"
"36460.0";"3.839311"
"36470.0";"3.983418"
"36480.0";"3.898806"
"36490.0";"3.83485"
"36500.0";"3.760381"
"36510.0";"3.830166"
"36520.0";"3.829566"
"36530.0";"3.782653"
"36540.0";"3.832664"
"36550.0";"3.709859"
"36560.0";"3.830291"
"36570.0";"3.917002"
"36580.0";"3.814247"
"36590.0";"3.767691"
"36600.0";"3.852071"
"36610.0";"3.827397"
"36620.0";"3.840105"
"36630.0";"3.681424"
"36640.0";"3.69619"
"36650.0";"3.752668"
"36660.0";"3.776003"
"36670.0";"3.870632"
"36680.0";"3.877067"
"36690.0";"3.96437"
"36700.0";"3.912556"
"36710.0";"3.921874"
"36720.0";"3.877456"
"36730.0";"3.911282"
"36740.0";"3.859816"
"36750.0";"3.845531"
"36760.0";"3.784771"
"36770.0";"3.72731"
"36780.0";"3.71687"
"36790.0";"3.786088"
"36800.0";"3.744234"
"36810.0";"3.690351"
"36820.0";"3.778718"
"36830.0";"3.748804"
"36840.0";"3.672533"
"36850.0";"3.758075"
"36860.0";"3.797719"
"36870.0";"3.766077"
"36880.0";"3.777565"
"36890.0";"3.844451"
"36900.0";"3.805709"
"36910.0";"3.849484"
"36920.0";"3.76139"
"36930.0";"3.763451"
"36940.0";"3.830092"
"36950.0";"3.837224"
"36960.0";"3.847385"
"36970.0";"3.744047"
"36980.0";"3.82098"
"36990.0";"3.761311"
"37000.0";"3.811281"
"37010.0";"3.824167"
"37020.0";"3.799799"
"37030.0";"3.869779"
"37040.0";"3.763782"
"37050.0";"3.738232"
"37060.0";"3.740356"
"37070.0";"3.784539"
"37080.0";"3.834053"
"37090.0";"3.832794"
"37100.0";"3.852855"
"37110.0";"3.826102"
"37120.0";"3.83725"
"37130.0";"3.803001"
"37140.0";"3.852946"
"37150.0";"3.731388"
"37160.0";"3.67469"
"37170.0";"3.692569"
"37180.0";"3.784828"
"37190.0";"3.587397"
"37200.0";"3.628008"
"37210.0";"3.757062"
"37220.0";"3.951789"
"37230.0";"3.724836"
"37240.0";"3.85183"
"37250.0";"3.854324"
"37260.0";"3.973726"
"37270.0";"3.943736"
"37280.0";"3.850591"
"37290.0";"3.925118"
"37300.0";"3.800996"
"37310.0";"3.781257"
"37320.0";"3.802879"
"37330.0";"3.90546"
"37340.0";"3.934394"
"37350.0";"3.929639"
"37360.0";"3.877814"
"37370.0";"4.025559"
"37380.0";"3.978707"
"37390.0";"3.913473"
"37400.0";"3.868856"
"37410.0";"3.916481"
"37420.0";"3.846387"
"37430.0";"3.778717"
"37440.0";"3.830861"
"37450.0";"3.844005"
"37460.0";"3.951344"
"37470.0";"3.912494"
"37480.0";"4.016611"
"37490.0";"3.953722"
"37500.0";"4.00984"
"37510.0";"3.980778"
"37520.0";"4.033578"
"37530.0";"3.910902"
"37540.0";"3.93182"
"37550.0";"3.957438"
"37560.0";"3.974863"
"37570.0";"3.943079"
"37580.0";"3.958581"
"37590.0";"3.982278"
"37600.0";"4.052158"
"37610.0";"3.981338"
"37620.0";"3.948287"
"37630.0";"3.967759"
"37640.0";"3.930153"
"37650.0";"3.933695"
"37660.0";"3.917094"
"37670.0";"3.943162"
"37680.0";"3.964274"
"37690.0";"3.986767"
"37700.0";"3.949929"
"37710.0";"3.970126"
"37720.0";"3.978805"
"37730.0";"3.990655"
"37740.0";"3.964426"
"37750.0";"3.992564"
"37760.0";"3.882575"
"37770.0";"3.877031"
"37780.0";"3.852502"
"37790.0";"3.890486"
"37800.0";"3.910488"
"37810.0";"3.806853"
"37820.0";"3.89627"
"37830.0";"3.873998"
"37840.0";"3.917527"
"37850.0";"3.914869"
"37860.0";"4.023926"
"37870.0";"4.008099"
"37880.0";"3.890609"
"37890.0";"3.897355"
"37900.0";"3.928043"
"37910.0";"3.952412"
"37920.0";"3.961073"
"37930.0";"3.922733"
"37940.0";"4.049531"
"37950.0";"3.973125"
"37960.0";"3.922775"
"37970.0";"3.957978"
"37980.0";"3.962455"
"37990.0";"3.82736"
"38000.0";"3.930569"
"38010.0";"3.906902"
"38020.0";"3.895286"
"38030.0";"3.877303"
"38040.0";"3.89153"
"38050.0";"3.830439"
"38060.0";"3.900207"
"38070.0";"3.841364"
"38080.0";"3.922846"
"38090.0";"3.923777"
"38100.0";"3.933384"
"38110.0";"3.988161"
"38120.0";"3.991662"
"38130.0";"3.836257"
"38140.0";"3.889782"
"38150.0";"3.970883"
"38160.0";"3.869692"
"38170.0";"3.966025"
"38180.0";"3.919823"
"38190.0";"3.889757"
"38200.0";"3.965927"
"38210.0";"3.930235"
"38220.0";"3.934527"
"38230.0";"3.883648"
"38240.0";"3.948594"
"38250.0";"3.975246"
"38260.0";"3.986183"
"38270.0";"3.912292"
"38280.0";"3.974305"
"38290.0";"3.977233"
"38300.0";"3.940225"
"38310.0";"3.906898"
"38320.0";"3.92206"
"38330.0";"3.944624"
"38340.0";"3.953371"
"38350.0";"3.964196"
"38360.0";"3.936176"
"38370.0";"3.90304"
"38380.0";"3.996681"
"38390.0";"4.007923"
"38400.0";"4.016305"
"38410.0";"3.878852"
"38420.0";"3.972497"
"38430.0";"3.970588"
"38440.0";"3.879309"
"38450.0";"3.899123"
"38460.0";"3.955802"
"38470.0";"3.850487"
"38480.0";"3.929294"
"38490.0";"3.901063"
"38500.0";"3.917458"
"38510.0";"3.914222"
"38520.0";"3.953167"
"38530.0";"3.886384"
"38540.0";"3.852768"
"38550.0";"3.884031"
"38560.0";"3.845207"
"38570.0";"3.803078"
"38580.0";"3.903588"
"38590.0";"3.856927"
"38600.0";"3.876105"
"38610.0";"3.977814"
"38620.0";"3.878967"
"38630.0";"3.971786"
"38640.0";"3.989824"
"38650.0";"4.015261"
"38660.0";"3.981955"
"38670.0";"4.012592"
"38680.0";"3.968079"
"38690.0";"3.924623"
"38700.0";"3.900444"
"38710.0";"3.97523"
"38720.0";"4.012918"
"38730.0";"3.938633"
"38740.0";"3.99207"
"38750.0";"4.048425"
"38760.0";"4.032004"
"38770.0";"4.065409"
"38780.0";"4.094525"
"38790.0";"4.036151"
"38800.0";"3.992039"
"38810.0";"3.989916"
"38820.0";"4.112673"
"38830.0";"3.974656"
"38840.0";"4.060924"
"38850.0";"3.988972"
"38860.0";"3.950903"
"38870.0";"4.002718"
"38880.0";"3.982209"
"38890.0";"3.995221"
"38900.0";"3.999261"
"38910.0";"3.928187"
"38920.0";"3.930935"
"38930.0";"3.996371"
"38940.0";"3.900377"
"38950.0";"3.944243"
"38960.0";"3.932453"
"38970.0";"3.932342"
"38980.0";"3.929828"
"38990.0";"3.987046"
"39000.0";"3.931371"
"39010.0";"3.87288"
"39020.0";"3.930587"
"39030.0";"3.971842"
"39040.0";"4.005927"
"39050.0";"3.881118"
"39060.0";"4.006694"
"39070.0";"3.995324"
"39080.0";"3.927569"
"39090.0";"3.931272"
"39100.0";"4.039098"
"39110.0";"3.958113"
"39120.0";"3.931824"
"39130.0";"3.982854"
"39140.0";"3.978184"
"39150.0";"3.959532"
"39160.0";"4.008967"
"39170.0";"3.982447"
"39180.0";"4.082441"
"39190.0";"3.973821"
"39200.0";"3.999038"
"39210.0";"4.023654"
"39220.0";"3.976217"
"39230.0";"4.007468"
"39240.0";"3.93512"
"39250.0";"3.937374"
"39260.0";"4.002023"
"39270.0";"3.929764"
"39280.0";"3.921157"
"39290.0";"3.946159"
"39300.0";"3.978537"
"39310.0";"4.036214"
"39320.0";"3.904361"
"39330.0";"3.900673"
"39340.0";"3.943914"
"39350.0";"3.964242"
"39360.0";"3.967995"
"39370.0";"3.950745"
"39380.0";"3.942128"
"39390.0";"3.956673"
"39400.0";"3.958452"
"39410.0";"3.939683"
"39420.0";"3.917681"
"39430.0";"3.89115"
"39440.0";"3.982763"
"39450.0";"3.932911"
"39460.0";"3.962861"
"39470.0";"3.991851"
"39480.0";"4.025582"
"39490.0";"3.967026"
"39500.0";"3.964604"
"39510.0";"3.918754"
"39520.0";"3.927644"
"39530.0";"3.909324"
"39540.0";"3.946099"
"39550.0";"3.995442"
"39560.0";"3.991428"
"39570.0";"3.888699"
"39580.0";"3.940547"
"39590.0";"4.017187"
"39600.0";"4.026429"
"39610.0";"3.959158"
"39620.0";"4.035206"
"39630.0";"3.930841"
"39640.0";"3.954765"
"39650.0";"4.003799"
"39660.0";"3.900161"
"39670.0";"3.960497"
"39680.0";"3.942428"
"39690.0";"3.85341"
"39700.0";"3.920742"
"39710.0";"3.934419"
"39720.0";"3.907355"
"39730.0";"4.007376"
"39740.0";"3.942664"
"39750.0";"3.970702"
"39760.0";"3.994637"
"39770.0";"3.966019"
"39780.0";"3.968169"
"39790.0";"3.930391"
"39800.0";"3.967085"
"39810.0";"4.006119"
"39820.0";"3.955781"
"39830.0";"3.992172"
"39840.0";"4.060189"
"39850.0";"3.959504"
"39860.0";"3.959846"
"39870.0";"3.924787"
"39880.0";"3.963797"
"39890.0";"3.942793"
"39900.0";"4.058715"
"39910.0";"3.953678"
"39920.0";"3.961298"
"39930.0";"3.956791"
"39940.0";"3.871116"
"39950.0";"3.917857"
"39960.0";"3.917483"
"39970.0";"3.90528"
"39980.0";"3.967128"
"39990.0";"3.935474"
"40000.0";"3.919024"
"40010.0";"3.943979"
"40020.0";"3.939317"
"40030.0";"3.890157"
"40040.0";"3.993013"
"40050.0";"3.971001"
"40060.0";"3.96094"
"40070.0";"3.982779"
"40080.0";"3.910956"
"40090.0";"3.98792"
"40100.0";"3.983496"
"40110.0";"3.892856"
"40120.0";"3.97191"
"40130.0";"3.963913"
"40140.0";"3.925589"
"40150.0";"3.982135"
"40160.0";"3.987526"
"40170.0";"3.985207"
"40180.0";"3.974191"
"40190.0";"3.998399"
"40200.0";"3.983386"
"40210.0";"3.999022"
"40220.0";"3.919687"
"40230.0";"3.951822"
"40240.0";"3.958561"
"40250.0";"3.879409"
"40260.0";"3.931175"
"40270.0";"3.935281"
"40280.0";"3.967085"
"40290.0";"3.923874"
"40300.0";"3.895795"
"40310.0";"3.991741"
"40320.0";"3.880595"
"40330.0";"3.903448"
"40340.0";"3.962443"
"40350.0";"3.901879"
"40360.0";"3.93021"
"40370.0";"3.98582"
"40380.0";"3.912985"
"40390.0";"3.942023"
"40400.0";"3.898951"
"40410.0";"3.954978"
"40420.0";"3.939496"
"40430.0";"3.863138"
"40440.0";"3.990743"
"40450.0";"3.93221"
"40460.0";"3.955793"
"40470.0";"3.9104"
"40480.0";"3.967589"
"40490.0";"3.885884"
"40500.0";"3.960186"
"40510.0";"3.902067"
"40520.0";"3.964194"
"40530.0";"3.960657"
"40540.0";"3.893102"
"40550.0";"3.910391"
"40560.0";"3.941945"
"40570.0";"4.04625"
"40580.0";"3.94044"
"40590.0";"3.926402"
"40600.0";"3.899704"
"40610.0";"3.964739"
"40620.0";"3.952221"
"40630.0";"3.907532"
"40640.0";"3.916486"
"40650.0";"3.957566"
"40660.0";"3.912807"
"40670.0";"3.932926"
"40680.0";"3.947678"
"40690.0";"3.883543"
"40700.0";"3.867"
"40710.0";"3.928416"
"40720.0";"3.96096"
"40730.0";"3.911594"
"40740.0";"3.95839"
"40750.0";"3.970413"
"40760.0";"3.985249"
"40770.0";"3.928386"
"40780.0";"3.950108"
"40790.0";"3.977037"
"40800.0";"3.963236"
"40810.0";"3.924177"
"40820.0";"3.944185"
"40830.0";"3.946746"
"40840.0";"3.912996"
"40850.0";"3.914638"
"40860.0";"3.944785"
"40870.0";"3.950483"
"40880.0";"3.917308"
"40890.0";"3.910742"
"40900.0";"3.871337"
"40910.0";"3.85373"
"40920.0";"3.920274"
"40930.0";"3.886485"
"40940.0";"3.911899"
"40950.0";"3.989291"
"40960.0";"3.948206"
"40970.0";"3.976354"
"40980.0";"3.954515"
"40990.0";"3.895233"
"41000.0";"3.961163"
"41010.0";"3.995718"
"41020.0";"3.920615"
"41030.0";"3.964438"
"41040.0";"3.888879"
"41050.0";"3.945328"
"41060.0";"3.885998"
"41070.0";"3.96359"
"41080.0";"3.965602"
"41090.0";"3.885906"
"41100.0";"3.890094"
"41110.0";"3.885535"
"41120.0";"3.932394"
"41130.0";"3.950829"
"41140.0";"3.922805"
"41150.0";"3.820492"
"41160.0";"3.897872"
"41170.0";"3.862612"
"41180.0";"3.995803"
"41190.0";"3.979036"
"41200.0";"3.933378"
"41210.0";"3.981704"
"41220.0";"3.955496"
"41230.0";"3.983418"
"41240.0";"3.996145"
"41250.0";"3.920178"
"41260.0";"3.948218"
"41270.0";"3.903618"
"41280.0";"3.912711"
"41290.0";"4.00533"
"41300.0";"3.940335"
"41310.0";"3.994412"
"41320.0";"3.970917"
"41330.0";"3.848022"
"41340.0";"3.942848"
"41350.0";"3.96926"
"41360.0";"3.961091"
"41370.0";"3.976877"
"41380.0";"3.983868"
"41390.0";"3.952196"
"41400.0";"3.877772"
"41410.0";"3.988249"
"41420.0";"3.982741"
"41430.0";"3.993411"
"41440.0";"3.903901"
"41450.0";"3.920737"
"41460.0";"3.955604"
"41470.0";"3.968601"
"41480.0";"3.899579"
"41490.0";"3.976804"
"41500.0";"4.062382"
"41510.0";"4.007128"
"41520.0";"3.975968"
"41530.0";"3.891522"
"41540.0";"4.022827"
"41550.0";"3.964939"
"41560.0";"3.929902"
"41570.0";"3.92276"
"41580.0";"3.927665"
"41590.0";"3.948514"
"41600.0";"3.969572"
"41610.0";"3.966606"
"41620.0";"3.927397"
"41630.0";"3.982161"
"41640.0";"3.965427"
"41650.0";"3.899093"
"41660.0";"3.938447"
"41670.0";"3.936627"
"41680.0";"3.867692"
"41690.0";"3.917726"
"41700.0";"3.96559"
"41710.0";"3.9703"
"41720.0";"4.032384"
"41730.0";"3.994626"
"41740.0";"3.864815"
"41750.0";"4.055332"
"41760.0";"3.867624"
"41770.0";"3.93904"
"41780.0";"3.882143"
"41790.0";"3.790566"
"41800.0";"3.912425"
"41810.0";"3.910251"
"41820.0";"3.955332"
"41830.0";"3.949905"
"41840.0";"3.927558"
"41850.0";"3.920373"
"41860.0";"3.91174"
"41870.0";"3.818543"
"41880.0";"3.903002"
"41890.0";"3.974838"
"41900.0";"4.016416"
"41910.0";"3.8575"
"41920.0";"3.888904"
"41930.0";"3.888854"
"41940.0";"3.930543"
"41950.0";"3.950343"
"41960.0";"3.880142"
"41970.0";"3.961534"
"41980.0";"3.927155"
"41990.0";"3.89987"
"42000.0";"3.885728"
"42010.0";"3.93691"
"42020.0";"3.782142"
"42030.0";"3.882233"
"42040.0";"3.895131"
"42050.0";"3.907449"
"42060.0";"3.797134"
"42070.0";"3.850028"
"42080.0";"3.824669"
"42090.0";"3.886894"
"42100.0";"3.834871"
"42110.0";"3.866901"
"42120.0";"3.953617"
"42130.0";"3.912067"
"42140.0";"3.831671"
"42150.0";"3.83417"
"42160.0";"3.842628"
"42170.0";"3.861267"
"42180.0";"3.762566"
"42190.0";"3.805998"
"42200.0";"3.6896"
"42210.0";"3.711178"
"42220.0";"3.753625"
"42230.0";"3.694513"
"42240.0";"3.849196"
"42250.0";"3.759811"
"42260.0";"3.897861"
"42270.0";"3.824281"
"42280.0";"3.810453"
"42290.0";"3.824673"
"42300.0";"3.926673"
"42310.0";"3.940445"
"42320.0";"3.76669"
"42330.0";"3.825979"
"42340.0";"3.774477"
"42350.0";"3.701254"
"42360.0";"3.783819"
"42370.0";"3.890897"
"42380.0";"3.914371"
"42390.0";"3.776129"
"42400.0";"3.86426"
"42410.0";"3.906969"
"42420.0";"3.864282"
"42430.0";"3.84765"
"42440.0";"3.856015"
"42450.0";"3.968168"
"42460.0";"3.864759"
"42470.0";"3.94417"
"42480.0";"3.859699"
"42490.0";"3.944618"
"42500.0";"3.864003"
"42510.0";"3.872057"
"42520.0";"4.027853"
"42530.0";"3.944117"
"42540.0";"3.935435"
"42550.0";"3.909731"
"42560.0";"4.012805"
"42570.0";"3.89413"
"42580.0";"3.946803"
"42590.0";"3.918333"
"42600.0";"3.980893"
"42610.0";"3.91024"
"42620.0";"3.918102"
"42630.0";"3.976164"
"42640.0";"3.935932"
"42650.0";"3.959563"
"42660.0";"3.995342"
"42670.0";"3.925733"
"42680.0";"3.963935"
"42690.0";"3.923185"
"42700.0";"3.906545"
"42710.0";"3.967761"
"42720.0";"3.970973"
"42730.0";"3.916155"
"42740.0";"3.944441"
"42750.0";"3.926091"
"42760.0";"3.907205"
"42770.0";"3.965128"
"42780.0";"3.936931"
"42790.0";"3.933862"
"42800.0";"3.928501"
"42810.0";"3.983599"
"42820.0";"3.920535"
"42830.0";"3.972987"
"42840.0";"3.964189"
"42850.0";"3.964333"
"42860.0";"3.891361"
"42870.0";"3.945842"
"42880.0";"3.995837"
"42890.0";"3.952481"
"42900.0";"3.954602"
"42910.0";"3.943287"
"42920.0";"3.882767"
"42930.0";"3.871194"
"42940.0";"3.976466"
"42950.0";"3.91217"
"42960.0";"3.971974"
"42970.0";"3.936459"
"42980.0";"3.997245"
"42990.0";"3.940429"
"43000.0";"3.989226"
"43010.0";"3.930747"
"43020.0";"3.954532"
"43030.0";"3.954106"
"43040.0";"3.95787"
"43050.0";"3.897575"
"43060.0";"3.957903"
"43070.0";"3.91422"
"43080.0";"4.003411"
"43090.0";"3.950907"
"43100.0";"3.897808"
"43110.0";"3.944809"
"43120.0";"3.900695"
"43130.0";"3.956104"
"43140.0";"3.915992"
"43150.0";"3.94572"
"43160.0";"3.975587"
"43170.0";"3.880671"
"43180.0";"3.974903"
"43190.0";"3.965594"
"43200.0";"3.925941"
"43210.0";"3.921049"
"43220.0";"3.906382"
"43230.0";"4.006905"
"43240.0";"4.000627"
"43250.0";"3.875547"
"43260.0";"3.975023"
"43270.0";"3.991297"
"43280.0";"3.969613"
"43290.0";"3.979614"
"43300.0";"3.985777"
"43310.0";"3.91275"
"43320.0";"3.981529"
"43330.0";"3.936742"
"43340.0";"3.924127"
"43350.0";"4.0326"
"43360.0";"3.96566"
"43370.0";"3.917526"
"43380.0";"3.971011"
"43390.0";"3.999712"
"43400.0";"4.034756"
"43410.0";"3.983172"
"43420.0";"3.903919"
"43430.0";"3.980773"
"43440.0";"3.994368"
"43450.0";"3.857234"
"43460.0";"3.931614"
"43470.0";"3.915727"
"43480.0";"3.953868"
"43490.0";"3.89743"
"43500.0";"3.915029"
"43510.0";"3.947115"
"43520.0";"3.943478"
"43530.0";"3.946871"
"43540.0";"3.89399"
"43550.0";"3.864443"
"43560.0";"3.971964"
"43570.0";"3.96736"
"43580.0";"3.937905"
"43590.0";"4.080502"
"43600.0";"3.949143"
"43610.0";"4.013169"
"43620.0";"3.955758"
"43630.0";"3.987582"
"43640.0";"4.024822"
"43650.0";"3.9308"
"43660.0";"4.026707"
"43670.0";"3.882676"
"43680.0";"3.986667"
"43690.0";"3.923461"
"43700.0";"3.922054"
"43710.0";"3.972668"
"43720.0";"3.970533"
"43730.0";"3.944727"
"43740.0";"3.975279"
"43750.0";"4.069266"
"43760.0";"4.001396"
"43770.0";"3.98575"
"43780.0";"4.00503"
"43790.0";"3.957248"
"43800.0";"3.980888"
"43810.0";"3.93126"
"43820.0";"3.988052"
"43830.0";"3.999633"
"43840.0";"4.027357"
"43850.0";"3.985026"
"43860.0";"3.948132"
"43870.0";"3.974111"
"43880.0";"3.956176"
"43890.0";"3.915738"
"43900.0";"3.830112"
"43910.0";"3.872703"
"43920.0";"3.836818"
"43930.0";"3.878333"
"43940.0";"3.898037"
"43950.0";"3.885629"
"43960.0";"3.850842"
"43970.0";"3.85498"
"43980.0";"3.875849"
"43990.0";"3.87264"
"44000.0";"3.924664"
"44010.0";"3.83892"
"44020.0";"3.988694"
"44030.0";"3.937799"
"44040.0";"3.943908"
"44050.0";"3.951609"
"44060.0";"3.972666"
"44070.0";"3.917811"
"44080.0";"3.851224"
"44090.0";"3.916447"
"44100.0";"3.919486"
"44110.0";"3.861219"
"44120.0";"3.921798"
"44130.0";"3.932221"
"44140.0";"3.907758"
"44150.0";"3.983988"
"44160.0";"3.94067"
"44170.0";"4.021092"
"44180.0";"3.889398"
"44190.0";"3.908622"
"44200.0";"3.956001"
"44210.0";"3.973618"
"44220.0";"4.076968"
"44230.0";"3.943093"
"44240.0";"4.051622"
"44250.0";"3.93294"
"44260.0";"3.952909"
"44270.0";"3.870968"
"44280.0";"3.868392"
"44290.0";"3.735417"
"44300.0";"3.792629"
"44310.0";"3.726294"
"44320.0";"3.761255"
"44330.0";"3.854136"
"44340.0";"3.873486"
"44350.0";"3.729218"
"44360.0";"3.895821"
"44370.0";"3.869446"
"44380.0";"3.787442"
"44390.0";"3.808793"
"44400.0";"3.914194"
"44410.0";"3.912284"
"44420.0";"3.87126"
"44430.0";"3.863385"
"44440.0";"3.892421"
"44450.0";"3.940784"
"44460.0";"3.963826"
"44470.0";"3.813715"
"44480.0";"3.86978"
"44490.0";"3.860004"
"44500.0";"3.94477"
"44510.0";"3.931898"
"44520.0";"3.948422"
"44530.0";"4.011017"
"44540.0";"3.926657"
"44550.0";"3.926934"
"44560.0";"3.930449"
"44570.0";"3.959007"
"44580.0";"3.905746"
"44590.0";"3.896188"
"44600.0";"3.972072"
"44610.0";"3.946553"
"44620.0";"3.975134"
"44630.0";"3.876385"
"44640.0";"3.978299"
"44650.0";"3.948666"
"44660.0";"4.01362"
"44670.0";"3.927441"
"44680.0";"3.939702"
"44690.0";"3.845896"
"44700.0";"3.932671"
"44710.0";"3.914224"
"44720.0";"3.823989"
"44730.0";"3.83484"
"44740.0";"3.921788"
"44750.0";"3.977487"
"44760.0";"3.918396"
"44770.0";"3.907113"
"44780.0";"3.902765"
"44790.0";"3.915302"
"44800.0";"3.939836"
"44810.0";"3.88847"
"44820.0";"3.906335"
"44830.0";"3.92265"
"44840.0";"3.865668"
"44850.0";"3.925477"
"44860.0";"3.941863"
"44870.0";"3.916512"
"44880.0";"3.917696"
"44890.0";"3.913071"
"44900.0";"3.888823"
"44910.0";"3.840952"
"44920.0";"3.894454"
"44930.0";"3.951793"
"44940.0";"3.93249"
"44950.0";"3.940306"
"44960.0";"3.905231"
"44970.0";"3.946741"
"44980.0";"3.927098"
"44990.0";"3.912725"
"45000.0";"3.899464"
"45010.0";"3.901996"
"45020.0";"3.955748"
"45030.0";"3.921101"
"45040.0";"3.933305"
"45050.0";"3.865771"
"45060.0";"3.908423"
"45070.0";"3.896803"
"45080.0";"3.912124"
"45090.0";"3.916286"
"45100.0";"3.926975"
"45110.0";"3.936852"
"45120.0";"3.985051"
"45130.0";"3.922245"
"45140.0";"3.910115"
"45150.0";"3.872007"
"45160.0";"3.968235"
"45170.0";"3.84352"
"45180.0";"3.928485"
"45190.0";"3.892682"
"45200.0";"3.903813"
"45210.0";"3.868859"
"45220.0";"3.92086"
"45230.0";"3.916653"
"45240.0";"3.827451"
"45250.0";"3.892161"
"45260.0";"3.812596"
"45270.0";"3.872031"
"45280.0";"4.008361"
"45290.0";"3.973218"
"45300.0";"3.953125"
"45310.0";"3.979535"
"45320.0";"3.925319"
"45330.0";"3.951125"
"45340.0";"3.836741"
"45350.0";"3.849213"
"45360.0";"3.913512"
"45370.0";"3.87785"
"45380.0";"3.859978"
"45390.0";"3.877304"
"45400.0";"3.919843"
"45410.0";"3.869909"
"45420.0";"3.919584"
"45430.0";"3.93872"
"45440.0";"3.891932"
"45450.0";"3.827082"
"45460.0";"3.923603"
"45470.0";"3.911636"
"45480.0";"3.968035"
"45490.0";"3.867198"
"45500.0";"3.965545"
"45510.0";"3.914073"
"45520.0";"3.961882"
"45530.0";"3.918332"
"45540.0";"3.918453"
"45550.0";"3.801424"
"45560.0";"3.960375"
"45570.0";"3.93988"
"45580.0";"3.82498"
"45590.0";"3.980426"
"45600.0";"3.895065"
"45610.0";"3.945106"
"45620.0";"3.970742"
"45630.0";"3.927585"
"45640.0";"4.007716"
"45650.0";"3.983101"
"45660.0";"3.927642"
"45670.0";"3.989326"
"45680.0";"3.958892"
"45690.0";"4.019217"
"45700.0";"4.014464"
"45710.0";"4.029435"
"45720.0";"3.926729"
"45730.0";"3.945397"
"45740.0";"3.817365"
"45750.0";"3.819337"
"45760.0";"3.953777"
"45770.0";"3.974405"
"45780.0";"3.912285"
"45790.0";"3.996568"
"45800.0";"3.921139"
"45810.0";"3.962142"
"45820.0";"3.878033"
"45830.0";"3.958124"
"45840.0";"3.840386"
"45850.0";"3.871845"
"45860.0";"3.831155"
"45870.0";"3.998106"
"45880.0";"3.948017"
"45890.0";"3.994508"
"45900.0";"3.950117"
"45910.0";"3.855243"
"45920.0";"4.045037"
"45930.0";"3.925924"
"45940.0";"3.901584"
"45950.0";"3.904042"
"45960.0";"4.010855"
"45970.0";"3.97426"
"45980.0";"3.88503"
"45990.0";"3.866108"
"46000.0";"3.886189"
"46010.0";"3.916743"
"46020.0";"3.823712"
"46030.0";"3.887863"
"46040.0";"3.893302"
"46050.0";"3.994778"
"46060.0";"3.968857"
"46070.0";"3.931417"
"46080.0";"3.972842"
"46090.0";"3.931086"
"46100.0";"3.915033"
"46110.0";"3.900232"
"46120.0";"3.910975"
"46130.0";"4.033006"
"46140.0";"3.897908"
"46150.0";"3.902323"
"46160.0";"3.873546"
"46170.0";"3.8648"
"46180.0";"4.026186"
"46190.0";"3.980754"
"46200.0";"4.029453"
"46210.0";"3.999961"
"46220.0";"3.970498"
"46230.0";"3.989148"
"46240.0";"4.007417"
"46250.0";"3.93473"
"46260.0";"3.969426"
"46270.0";"3.85991"
"46280.0";"3.916424"
"46290.0";"3.905668"
"46300.0";"3.980239"
"46310.0";"3.919838"
"46320.0";"3.928699"
"46330.0";"4.000278"
"46340.0";"3.926113"
"46350.0";"3.929001"
"46360.0";"3.910531"
"46370.0";"3.903673"
"46380.0";"3.904074"
"46390.0";"3.845781"
"46400.0";"3.882123"
"46410.0";"3.921771"
"46420.0";"3.894988"
"46430.0";"3.89377"
"46440.0";"3.925476"
"46450.0";"3.90295"
"46460.0";"4.022752"
"46470.0";"3.965634"
"46480.0";"3.872041"
"46490.0";"3.947808"
"46500.0";"3.842395"
"46510.0";"3.951094"
"46520.0";"3.946617"
"46530.0";"3.92606"
"46540.0";"3.9274"
"46550.0";"3.904257"
"46560.0";"3.910141"
"46570.0";"3.961952"
"46580.0";"3.905753"
"46590.0";"3.860311"
"46600.0";"3.869854"
"46610.0";"3.949862"
"46620.0";"3.897546"
"46630.0";"3.902379"
"46640.0";"3.892501"
"46650.0";"3.91316"
"46660.0";"3.917444"
"46670.0";"3.943196"
"46680.0";"3.848699"
"46690.0";"3.975413"
"46700.0";"3.889697"
"46710.0";"3.966042"
"46720.0";"3.936208"
"46730.0";"3.90766"
"46740.0";"3.95668"
"46750.0";"3.865291"
"46760.0";"3.963608"
"46770.0";"3.895509"
"46780.0";"3.913657"
"46790.0";"3.885831"
"46800.0";"3.86223"
"46810.0";"3.841094"
"46820.0";"3.900502"
"46830.0";"3.850564"
"46840.0";"3.853644"
"46850.0";"3.834325"
"46860.0";"3.866298"
"46870.0";"3.86496"
"46880.0";"3.865097"
"46890.0";"3.823029"
"46900.0";"3.810123"
"46910.0";"3.831372"
"46920.0";"3.899898"
"46930.0";"3.878303"
"46940.0";"3.864825"
"46950.0";"3.936756"
"46960.0";"3.871181"
"46970.0";"3.954977"
"46980.0";"3.993143"
"46990.0";"3.966057"
"47000.0";"3.911865"
"47010.0";"3.8426"
"47020.0";"3.975321"
"47030.0";"3.858811"
"47040.0";"3.902553"
"47050.0";"3.965836"
"47060.0";"3.860839"
"47070.0";"3.912452"
"47080.0";"3.880925"
"47090.0";"3.965101"
"47100.0";"3.910397"
"47110.0";"3.96151"
"47120.0";"3.886226"
"47130.0";"3.984351"
"47140.0";"3.911416"
"47150.0";"3.950227"
"47160.0";"3.891133"
"47170.0";"3.959506"
"47180.0";"3.965408"
"47190.0";"3.885756"
"47200.0";"3.958794"
"47210.0";"3.963037"
"47220.0";"3.963338"
"47230.0";"3.91984"
"47240.0";"3.920845"
"47250.0";"3.822455"
"47260.0";"3.875437"
"47270.0";"3.779582"
"47280.0";"3.724313"
"47290.0";"3.645226"
"47300.0";"3.673787"
"47310.0";"3.772707"
"47320.0";"3.772651"
"47330.0";"3.81335"
"47340.0";"3.811519"
"47350.0";"3.922291"
"47360.0";"3.826119"
"47370.0";"3.852039"
"47380.0";"3.955874"
"47390.0";"3.981108"
"47400.0";"4.064114"
"47410.0";"3.966934"
"47420.0";"3.994579"
"47430.0";"3.894253"
"47440.0";"3.933989"
"47450.0";"4.0221"
"47460.0";"3.988588"
"47470.0";"3.932426"
"47480.0";"4.040438"
"47490.0";"3.967742"
"47500.0";"3.955855"
"47510.0";"3.951189"
"47520.0";"3.778527"
"47530.0";"3.788884"
"47540.0";"3.78151"
"47550.0";"3.70403"
"47560.0";"3.708001"
"47570.0";"3.723275"
"47580.0";"3.752"
"47590.0";"3.808588"
"47600.0";"3.747078"
"47610.0";"3.787893"
"47620.0";"3.911295"
"47630.0";"3.760749"
"47640.0";"3.790408"
"47650.0";"3.727116"
"47660.0";"3.826168"
"47670.0";"3.843098"
"47680.0";"3.840082"
"47690.0";"3.888855"
"47700.0";"3.89568"
"47710.0";"3.88008"
"47720.0";"3.903922"
"47730.0";"3.779363"
"47740.0";"3.889718"
"47750.0";"3.848583"
"47760.0";"3.883361"
"47770.0";"3.839931"
"47780.0";"3.826945"
"47790.0";"3.772845"
"47800.0";"3.928884"
"47810.0";"3.911646"
"47820.0";"3.759305"
"47830.0";"3.771166"
"47840.0";"4.001145"
"47850.0";"4.011027"
"47860.0";"3.966207"
"47870.0";"3.919911"
"47880.0";"3.951834"
"47890.0";"3.977118"
"47900.0";"3.937498"
"47910.0";"4.000814"
"47920.0";"3.909734"
"47930.0";"3.996584"
"47940.0";"4.009462"
"47950.0";"3.972285"
"47960.0";"3.991512"
"47970.0";"3.96016"
"47980.0";"3.897774"
"47990.0";"3.973596"
"48000.0";"3.961404"
"48010.0";"3.913906"
"48020.0";"3.960059"
"48030.0";"3.913256"
"48040.0";"3.919042"
"48050.0";"3.90822"
"48060.0";"3.891457"
"48070.0";"3.902594"
"48080.0";"3.937702"
"48090.0";"3.896365"
"48100.0";"3.962372"
"48110.0";"3.850286"
"48120.0";"3.919506"
"48130.0";"3.90155"
"48140.0";"3.960662"
"48150.0";"3.954442"
"48160.0";"3.914186"
"48170.0";"3.910397"
"48180.0";"3.964103"
"48190.0";"3.878159"
"48200.0";"3.85492"
"48210.0";"3.907702"
"48220.0";"3.889576"
"48230.0";"3.998385"
"48240.0";"3.870967"
"48250.0";"3.886006"
"48260.0";"3.916615"
"48270.0";"3.942791"
"48280.0";"3.907991"
"48290.0";"3.90415"
"48300.0";"3.919692"
"48310.0";"3.99199"
"48320.0";"3.94167"
"48330.0";"3.892223"
"48340.0";"3.97886"
"48350.0";"4.008739"
"48360.0";"3.972331"
"48370.0";"3.903565"
"48380.0";"3.95915"
"48390.0";"3.954187"
"48400.0";"3.907664"
"48410.0";"3.9728"
"48420.0";"3.8493"
"48430.0";"3.878375"
"48440.0";"3.896165"
"48450.0";"3.837856"
"48460.0";"3.875513"
"48470.0";"3.920815"
"48480.0";"3.888378"
"48490.0";"3.749667"
"48500.0";"3.87818"
"48510.0";"3.828159"
"48520.0";"3.844894"
"48530.0";"3.797121"
"48540.0";"3.810744"
"48550.0";"3.884714"
"48560.0";"3.880059"
"48570.0";"3.770923"
"48580.0";"3.86816"
"48590.0";"3.886197"
"48600.0";"3.887965"
"48610.0";"3.789528"
"48620.0";"3.835172"
"48630.0";"3.800572"
"48640.0";"3.752567"
"48650.0";"3.733931"
"48660.0";"3.826955"
"48670.0";"3.845321"
"48680.0";"3.776673"
"48690.0";"3.71316"
"48700.0";"3.777874"
"48710.0";"3.83761"
"48720.0";"3.808604"
"48730.0";"3.828698"
"48740.0";"3.808894"
"48750.0";"3.73727"
"48760.0";"3.861422"
"48770.0";"3.815128"
"48780.0";"3.844592"
"48790.0";"3.759715"
"48800.0";"3.703648"
"48810.0";"3.787093"
"48820.0";"3.747004"
"48830.0";"3.807063"
"48840.0";"3.785691"
"48850.0";"3.806687"
"48860.0";"3.878493"
"48870.0";"3.892626"
"48880.0";"3.79683"
"48890.0";"3.924877"
"48900.0";"3.83259"
"48910.0";"3.910213"
"48920.0";"3.96345"
"48930.0";"3.940266"
"48940.0";"3.952735"
"48950.0";"3.900829"
"48960.0";"3.882024"
"48970.0";"3.891576"
"48980.0";"3.877764"
"48990.0";"3.835362"
"49000.0";"3.852823"
"49010.0";"3.927154"
"49020.0";"3.894905"
"49030.0";"3.989277"
"49040.0";"3.896045"
"49050.0";"3.879251"
"49060.0";"3.861991"
"49070.0";"3.947365"
"49080.0";"3.929591"
"49090.0";"3.91725"
"49100.0";"3.951851"
"49110.0";"3.924963"
"49120.0";"3.87114"
"49130.0";"3.895486"
"49140.0";"3.832049"
"49150.0";"3.895184"
"49160.0";"3.955845"
"49170.0";"3.898542"
"49180.0";"3.838421"
"49190.0";"3.849442"
"49200.0";"3.961151"
"49210.0";"3.858407"
"49220.0";"3.852982"
"49230.0";"4.032535"
"49240.0";"3.822789"
"49250.0";"3.825916"
"49260.0";"3.910195"
"49270.0";"3.908406"
"49280.0";"3.896791"
"49290.0";"3.941639"
"49300.0";"3.888306"
"49310.0";"3.926791"
"49320.0";"3.823621"
"49330.0";"3.868803"
"49340.0";"3.864211"
"49350.0";"3.98294"
"49360.0";"3.871619"
"49370.0";"3.87086"
"49380.0";"3.891267"
"49390.0";"3.960614"
"49400.0";"3.972927"
"49410.0";"3.95062"
"49420.0";"3.851749"
"49430.0";"3.882416"
"49440.0";"3.866371"
"49450.0";"3.962435"
"49460.0";"3.873388"
"49470.0";"3.933727"
"49480.0";"3.922417"
"49490.0";"3.928662"
"49500.0";"3.87464"
"49510.0";"3.796956"
"49520.0";"3.736348"
"49530.0";"3.858645"
"49540.0";"3.833791"
"49550.0";"3.924433"
"49560.0";"3.88058"
"49570.0";"3.915757"
"49580.0";"3.830251"
"49590.0";"3.814106"
"49600.0";"3.931419"
"49610.0";"4.025022"
"49620.0";"3.847643"
"49630.0";"3.868805"
"49640.0";"3.954731"
"49650.0";"3.917858"
"49660.0";"3.969821"
"49670.0";"3.95831"
"49680.0";"3.975016"
"49690.0";"3.952237"
"49700.0";"3.960073"
"49710.0";"3.948357"
"49720.0";"3.880426"
"49730.0";"3.98947"
"49740.0";"4.037519"
"49750.0";"3.926676"
"49760.0";"3.979183"
"49770.0";"3.917049"
"49780.0";"3.912263"
"49790.0";"3.988048"
"49800.0";"3.973397"
"49810.0";"3.936864"
"49820.0";"3.80745"
"49830.0";"3.928113"
"49840.0";"3.93451"
"49850.0";"3.914145"
"49860.0";"3.872675"
"49870.0";"3.9704"
"49880.0";"3.902133"
"49890.0";"3.911061"
"49900.0";"3.9351"
"49910.0";"3.892987"
"49920.0";"3.922712"
"49930.0";"3.955127"
"49940.0";"3.914912"
"49950.0";"3.883532"
"49960.0";"3.962817"
"49970.0";"3.82189"
"49980.0";"3.881905"
"49990.0";"3.893035"
"50000.0";"3.884478"
"50010.0";"3.838725"
"50020.0";"4.001129"
"50030.0";"3.861334"
"50040.0";"3.883429"
"50050.0";"3.893691"
"50060.0";"3.915544"
"50070.0";"3.950211"
"50080.0";"3.934663"
"50090.0";"3.950986"
"50100.0";"3.959259"
"50110.0";"3.970972"
"50120.0";"3.926423"
"50130.0";"3.934463"
"50140.0";"3.928283"
"50150.0";"3.91362"
"50160.0";"3.943463"
"50170.0";"3.919859"
"50180.0";"3.911875"
"50190.0";"3.86812"
"50200.0";"3.862389"
"50210.0";"3.988876"
"50220.0";"4.005106"
"50230.0";"4.007734"
"50240.0";"3.974062"
"50250.0";"3.906531"
"50260.0";"3.966554"
"50270.0";"3.801541"
"50280.0";"3.740893"
"50290.0";"3.885639"
"50300.0";"3.85657"
"50310.0";"3.962697"
"50320.0";"3.954804"
"50330.0";"3.796282"
"50340.0";"3.956027"
"50350.0";"3.953071"
"50360.0";"3.934007"
"50370.0";"4.015924"
"50380.0";"3.954908"
"50390.0";"3.934519"
"50400.0";"3.942638"
"50410.0";"4.008876"
"50420.0";"4.05441"
"50430.0";"4.071923"
"50440.0";"3.959363"
"50450.0";"3.882598"
"50460.0";"3.872383"
"50470.0";"3.8492"
"50480.0";"3.838668"
"50490.0";"3.909838"
"50500.0";"3.794994"
"50510.0";"3.883842"
"50520.0";"3.933906"
"50530.0";"3.799139"
"50540.0";"3.84143"
"50550.0";"3.877731"
"50560.0";"3.928356"
"50570.0";"3.925136"
"50580.0";"3.907567"
"50590.0";"3.830173"
"50600.0";"3.93322"
"50610.0";"3.937538"
"50620.0";"3.903174"
"50630.0";"3.878986"
"50640.0";"3.955527"
"50650.0";"3.950011"
"50660.0";"3.998733"
"50670.0";"3.928051"
"50680.0";"4.004375"
"50690.0";"4.010584"
"50700.0";"3.945163"
"50710.0";"3.855927"
"50720.0";"3.919524"
"50730.0";"4.02808"
"50740.0";"3.899168"
"50750.0";"3.975311"
"50760.0";"3.958265"
"50770.0";"3.995078"
"50780.0";"4.027268"
"50790.0";"3.890264"
"50800.0";"4.026453"
"50810.0";"3.974162"
"50820.0";"3.998507"
"50830.0";"3.975493"
"50840.0";"3.984675"
"50850.0";"3.948809"
"50860.0";"3.861868"
"50870.0";"3.966259"
"50880.0";"3.983032"
"50890.0";"3.926754"
"50900.0";"3.949187"
"50910.0";"3.962015"
"50920.0";"3.91965"
"50930.0";"3.928916"
"50940.0";"3.994263"
"50950.0";"3.89102"
"50960.0";"3.843271"
"50970.0";"3.882466"
"50980.0";"3.866236"
"50990.0";"3.876688"
"51000.0";"4.002468"
"51010.0";"3.904296"
"51020.0";"3.988577"
"51030.0";"3.921206"
"51040.0";"3.956289"
"51050.0";"3.991096"
"51060.0";"3.877834"
"51070.0";"3.954878"
"51080.0";"3.975885"
"51090.0";"3.995044"
"51100.0";"3.98007"
"51110.0";"4.023285"
"51120.0";"3.952046"
"51130.0";"3.930125"
"51140.0";"3.956499"
"51150.0";"3.958583"
"51160.0";"3.941451"
"51170.0";"3.907896"
"51180.0";"3.878598"
"51190.0";"3.875719"
"51200.0";"3.864273"
"51210.0";"3.892231"
"51220.0";"3.97338"
"51230.0";"3.921533"
"51240.0";"3.87236"
"51250.0";"3.954981"
"51260.0";"3.895596"
"51270.0";"3.984803"
"51280.0";"3.905429"
"51290.0";"3.98658"
"51300.0";"3.967895"
"51310.0";"3.948457"
"51320.0";"3.970021"
"51330.0";"3.985116"
"51340.0";"3.992476"
"51350.0";"4.004664"
"51360.0";"3.956701"
"51370.0";"3.896888"
"51380.0";"3.91556"
"51390.0";"4.016423"
"51400.0";"3.980897"
"51410.0";"3.936453"
"51420.0";"3.861203"
"51430.0";"3.940059"
"51440.0";"3.962961"
"51450.0";"3.931894"
"51460.0";"3.980389"
"51470.0";"3.936266"
"51480.0";"3.905824"
"51490.0";"3.965988"
"51500.0";"4.010924"
"51510.0";"3.951159"
"51520.0";"3.973897"
"51530.0";"4.031647"
"51540.0";"3.900669"
"51550.0";"3.835689"
"51560.0";"3.892037"
"51570.0";"3.900526"
"51580.0";"3.877676"
"51590.0";"3.944449"
"51600.0";"3.914822"
"51610.0";"4.017571"
"51620.0";"3.967043"
"51630.0";"3.951622"
"51640.0";"3.932561"
"51650.0";"3.854093"
"51660.0";"3.971079"
"51670.0";"3.942693"
"51680.0";"4.003719"
"51690.0";"3.86452"
"51700.0";"3.849739"
"51710.0";"3.928739"
"51720.0";"3.837116"
"51730.0";"3.770451"
"51740.0";"3.846055"
"51750.0";"3.895283"
"51760.0";"3.9554"
"51770.0";"3.841753"
"51780.0";"3.962778"
"51790.0";"3.821658"
"51800.0";"3.941898"
"51810.0";"3.940569"
"51820.0";"3.938646"
"51830.0";"3.968604"
"51840.0";"3.982837"
"51850.0";"3.950237"
"51860.0";"3.933011"
"51870.0";"3.917492"
"51880.0";"3.934992"
"51890.0";"3.892686"
"51900.0";"3.914491"
"51910.0";"3.887192"
"51920.0";"3.919919"
"51930.0";"3.868735"
"51940.0";"3.776899"
"51950.0";"3.806614"
"51960.0";"3.824312"
"51970.0";"3.95361"
"51980.0";"3.88833"
"51990.0";"3.970493"
"52000.0";"3.935407"
"52010.0";"3.949488"
"52020.0";"3.850562"
"52030.0";"3.826072"
"52040.0";"3.79478"
"52050.0";"3.819577"
"52060.0";"3.901333"
"52070.0";"3.969306"
"52080.0";"3.826992"
"52090.0";"3.752832"
"52100.0";"3.787939"
"52110.0";"3.691001"
"52120.0";"3.793103"
"52130.0";"3.950495"
"52140.0";"3.812787"
"52150.0";"3.85179"
"52160.0";"3.95172"
"52170.0";"3.904523"
"52180.0";"3.827111"
"52190.0";"4.024225"
"52200.0";"4.056745"
"52210.0";"3.971416"
"52220.0";"3.886973"
"52230.0";"3.990516"
"52240.0";"3.999429"
"52250.0";"4.104658"
"52260.0";"4.130281"
"52270.0";"4.12752"
"52280.0";"4.003698"
"52290.0";"4.037307"
"52300.0";"3.872031"
"52310.0";"3.849734"
"52320.0";"3.910263"
"52330.0";"3.99335"
"52340.0";"3.983576"
"52350.0";"3.966579"
"52360.0";"3.960969"
"52370.0";"3.977307"
"52380.0";"3.83038"
"52390.0";"3.870662"
"52400.0";"3.845195"
"52410.0";"3.831959"
"52420.0";"3.922759"
"52430.0";"3.933939"
"52440.0";"3.897928"
"52450.0";"3.837841"
"52460.0";"3.789178"
"52470.0";"3.621053"
"52480.0";"3.849358"
"52490.0";"3.869654"
"52500.0";"3.901588"
"52510.0";"3.929734"
"52520.0";"3.890556"
"52530.0";"3.811501"
"52540.0";"3.899182"
"52550.0";"3.933899"
"52560.0";"3.937309"
"52570.0";"3.879228"
"52580.0";"3.933032"
"52590.0";"3.871267"
"52600.0";"4.00847"
"52610.0";"4.014851"
"52620.0";"3.93305"
"52630.0";"3.971384"
"52640.0";"4.027633"
"52650.0";"3.997726"
"52660.0";"3.98488"
"52670.0";"4.014013"
"52680.0";"3.970486"
"52690.0";"3.936853"
"52700.0";"3.865484"
"52710.0";"3.905553"
"52720.0";"3.844378"
"52730.0";"3.901275"
"52740.0";"3.928172"
"52750.0";"3.774521"
"52760.0";"3.989805"
"52770.0";"3.811421"
"52780.0";"3.855489"
"52790.0";"3.921111"
"52800.0";"3.845943"
"52810.0";"3.965532"
"52820.0";"3.962702"
"52830.0";"3.969904"
"52840.0";"4.039971"
"52850.0";"3.873282"
"52860.0";"4.007483"
"52870.0";"3.927342"
"52880.0";"3.820089"
"52890.0";"3.924437"
"52900.0";"3.876853"
"52910.0";"3.943399"
"52920.0";"3.953086"
"52930.0";"4.026197"
"52940.0";"3.901322"
"52950.0";"3.921632"
"52960.0";"3.835802"
"52970.0";"3.926145"
"52980.0";"3.920395"
"52990.0";"3.903041"
"53000.0";"3.766616"
"53010.0";"3.735588"
"53020.0";"3.725698"
"53030.0";"3.7599"
"53040.0";"3.956028"
"53050.0";"4.014838"
"53060.0";"3.96195"
"53070.0";"3.935062"
"53080.0";"3.990057"
"53090.0";"3.915311"
"53100.0";"3.94465"
"53110.0";"3.989422"
"53120.0";"3.947685"
"53130.0";"3.878797"
"53140.0";"3.99311"
"53150.0";"3.874088"
"53160.0";"3.964206"
"53170.0";"3.854402"
"53180.0";"3.962562"
"53190.0";"3.911884"
"53200.0";"3.888236"
"53210.0";"3.85284"
"53220.0";"3.85796"
"53230.0";"3.873076"
"53240.0";"3.856782"
"53250.0";"3.798717"
"53260.0";"3.899656"
"53270.0";"3.851112"
"53280.0";"3.918515"
"53290.0";"4.086076"
"53300.0";"3.923964"
"53310.0";"3.993711"
"53320.0";"4.009158"
"53330.0";"4.044565"
"53340.0";"3.955413"
"53350.0";"3.930753"
"53360.0";"3.914812"
"53370.0";"3.964679"
"53380.0";"3.893417"
"53390.0";"3.933895"
"53400.0";"3.942557"
"53410.0";"3.985995"
"53420.0";"3.786695"
"53430.0";"3.871159"
"53440.0";"3.888247"
"53450.0";"3.963544"
"53460.0";"3.991977"
"53470.0";"3.985653"
"53480.0";"3.967228"
"53490.0";"3.895455"
"53500.0";"3.968942"
"53510.0";"3.964748"
"53520.0";"3.922439"
"53530.0";"3.919044"
"53540.0";"3.946349"
"53550.0";"3.888722"
"53560.0";"3.930731"
"53570.0";"4.01823"
"53580.0";"3.96324"
"53590.0";"3.987331"
"53600.0";"3.999046"
"53610.0";"3.946119"
"53620.0";"3.970241"
"53630.0";"3.877223"
"53640.0";"3.860801"
"53650.0";"3.872371"
"53660.0";"3.836154"
"53670.0";"3.811997"
"53680.0";"3.95908"
"53690.0";"3.830187"
"53700.0";"3.953272"
"53710.0";"4.030154"
"53720.0";"3.912473"
"53730.0";"3.846773"
"53740.0";"3.892976"
"53750.0";"3.91301"
"53760.0";"3.962569"
"53770.0";"4.046861"
"53780.0";"4.024382"
"53790.0";"3.899752"
"53800.0";"3.852922"
"53810.0";"3.858706"
"53820.0";"3.889532"
"53830.0";"3.900544"
"53840.0";"3.878869"
"53850.0";"3.850721"
"53860.0";"3.866405"
"53870.0";"3.821596"
"53880.0";"3.814398"
"53890.0";"3.889556"
"53900.0";"3.869852"
"53910.0";"3.836346"
"53920.0";"3.854846"
"53930.0";"3.858607"
"53940.0";"3.827868"
"53950.0";"3.898825"
"53960.0";"3.837352"
"53970.0";"3.929666"
"53980.0";"3.89192"
"53990.0";"3.910638"
"54000.0";"3.892638"
"54010.0";"3.822586"
"54020.0";"3.81302"
"54030.0";"3.844556"
"54040.0";"3.919492"
"54050.0";"3.988481"
"54060.0";"3.938289"
"54070.0";"3.981462"
"54080.0";"3.936017"
"54090.0";"3.943548"
"54100.0";"3.951525"
"54110.0";"3.825802"
"54120.0";"3.890663"
"54130.0";"3.893747"
"54140.0";"3.909321"
"54150.0";"4.011963"
"54160.0";"3.959575"
"54170.0";"3.998896"
"54180.0";"3.935908"
"54190.0";"3.912282"
"54200.0";"3.91961"
"54210.0";"3.891621"
"54220.0";"3.838698"
"54230.0";"3.84146"
"54240.0";"3.887552"
"54250.0";"3.826396"
"54260.0";"3.830958"
"54270.0";"3.863794"
"54280.0";"3.890395"
"54290.0";"3.780314"
"54300.0";"3.856154"
"54310.0";"3.79317"
"54320.0";"3.86193"
"54330.0";"3.861923"
"54340.0";"3.825075"
"54350.0";"3.744911"
"54360.0";"3.973288"
"54370.0";"4.020195"
"54380.0";"4.023932"
"54390.0";"3.966658"
"54400.0";"3.934062"
"54410.0";"3.912773"
"54420.0";"3.930446"
"54430.0";"3.897824"
"54440.0";"4.091927"
"54450.0";"4.054497"
"54460.0";"3.96788"
"54470.0";"4.005417"
"54480.0";"3.998441"
"54490.0";"4.013592"
"54500.0";"3.899143"
"54510.0";"3.855045"
"54520.0";"3.937567"
"54530.0";"3.912668"
"54540.0";"3.938034"
"54550.0";"3.952951"
"54560.0";"3.934293"
"54570.0";"3.913678"
"54580.0";"3.919689"
"54590.0";"3.84122"
"54600.0";"3.884045"
"54610.0";"3.813558"
"54620.0";"3.81431"
"54630.0";"3.842203"
"54640.0";"3.823802"
"54650.0";"3.918566"
"54660.0";"3.874726"
"54670.0";"3.928257"
"54680.0";"3.811489"
"54690.0";"3.860484"
"54700.0";"3.904119"
"54710.0";"3.935968"
"54720.0";"3.933161"
"54730.0";"3.884728"
"54740.0";"3.754006"
"54750.0";"3.741498"
"54760.0";"3.883531"
"54770.0";"3.949895"
"54780.0";"3.845762"
"54790.0";"4.034965"
"54800.0";"3.919438"
"54810.0";"3.903943"
"54820.0";"3.853005"
"54830.0";"3.813989"
"54840.0";"3.887871"
"54850.0";"3.949167"
"54860.0";"3.917681"
"54870.0";"4.003106"
"54880.0";"3.977025"
"54890.0";"3.993345"
"54900.0";"4.057752"
"54910.0";"4.003001"
"54920.0";"4.07156"
"54930.0";"4.1074"
"54940.0";"4.053225"
"54950.0";"4.144109"
"54960.0";"4.087509"
"54970.0";"4.023734"
"54980.0";"4.089773"
"54990.0";"4.134432"
"55000.0";"4.062512"
"55010.0";"4.01708"
"55020.0";"4.080924"
"55030.0";"3.995484"
"55040.0";"4.136862"
"55050.0";"4.161447"
"55060.0";"4.179338"
"55070.0";"4.067855"
"55080.0";"4.113308"
"55090.0";"4.070289"
"55100.0";"4.066788"
"55110.0";"4.127595"
"55120.0";"4.066393"
"55130.0";"4.123432"
"55140.0";"4.041854"
"55150.0";"3.968771"
"55160.0";"3.959551"
"55170.0";"3.850945"
"55180.0";"3.955691"
"55190.0";"3.754739"
"55200.0";"3.84497"
"55210.0";"3.892713"
"55220.0";"3.943321"
"55230.0";"3.834619"
"55240.0";"3.76927"
"55250.0";"3.845485"
"55260.0";"3.865544"
"55270.0";"3.851111"
"55280.0";"3.869828"
"55290.0";"3.773724"
"55300.0";"3.925922"
"55310.0";"4.03989"
"55320.0";"3.921977"
"55330.0";"3.946374"
"55340.0";"3.88492"
"55350.0";"3.985834"
"55360.0";"3.871125"
"55370.0";"3.878589"
"55380.0";"3.8523"
"55390.0";"3.976178"
"55400.0";"4.057512"
"55410.0";"3.931677"
"55420.0";"3.859817"
"55430.0";"3.8442"
"55440.0";"3.802435"
"55450.0";"3.84634"
"55460.0";"3.946601"
"55470.0";"3.899829"
"55480.0";"3.85249"
"55490.0";"3.745946"
"55500.0";"3.807035"
"55510.0";"3.819508"
"55520.0";"3.79802"
"55530.0";"3.89519"
"55540.0";"3.973311"
"55550.0";"3.984846"
"55560.0";"3.689675"
"55570.0";"3.802114"
"55580.0";"3.900763"
"55590.0";"3.956619"
"55600.0";"4.002016"
"55610.0";"3.919282"
"55620.0";"3.882753"
"55630.0";"3.958838"
"55640.0";"3.973531"
"55650.0";"3.858059"
"55660.0";"3.895361"
"55670.0";"3.92506"
"55680.0";"3.89069"
"55690.0";"3.95918"
"55700.0";"3.905666"
"55710.0";"3.89458"
"55720.0";"3.892494"
"55730.0";"3.884872"
"55740.0";"3.943847"
"55750.0";"3.862702"
"55760.0";"3.842209"
"55770.0";"3.818172"
"55780.0";"3.895816"
"55790.0";"3.783292"
"55800.0";"3.836458"
"55810.0";"3.734035"
"55820.0";"3.947208"
"55830.0";"3.909843"
"55840.0";"3.965559"
"55850.0";"3.909351"
"55860.0";"3.831754"
"55870.0";"3.815061"
"55880.0";"3.855658"
"55890.0";"3.809055"
"55900.0";"3.947539"
"55910.0";"3.949783"
"55920.0";"3.973424"
"55930.0";"3.959707"
"55940.0";"3.991753"
"55950.0";"3.983138"
"55960.0";"3.92867"
"55970.0";"3.967309"
"55980.0";"3.952828"
"55990.0";"3.947474"
"56000.0";"3.932133"
"56010.0";"3.924024"
"56020.0";"3.920255"
"56030.0";"4.002707"
"56040.0";"4.01228"
"56050.0";"4.081985"
"56060.0";"4.005261"
"56070.0";"3.981312"
"56080.0";"3.911988"
"56090.0";"4.04149"
"56100.0";"4.013952"
"56110.0";"3.930125"
"56120.0";"3.848849"
"56130.0";"3.924572"
"56140.0";"3.939607"
"56150.0";"4.01792"
"56160.0";"4.026243"
"56170.0";"4.064744"
"56180.0";"3.904751"
"56190.0";"4.050007"
"56200.0";"3.978836"
"56210.0";"3.905708"
"56220.0";"3.974858"
"56230.0";"4.004436"
"56240.0";"4.024875"
"56250.0";"3.985826"
"56260.0";"3.973823"
"56270.0";"3.911522"
"56280.0";"3.895907"
"56290.0";"3.924423"
"56300.0";"3.941664"
"56310.0";"3.905896"
"56320.0";"3.928593"
"56330.0";"3.933211"
"56340.0";"3.936775"
"56350.0";"3.964602"
"56360.0";"3.884303"
"56370.0";"3.890926"
"56380.0";"3.993157"
"56390.0";"4.063826"
"56400.0";"3.944577"
"56410.0";"3.945705"
"56420.0";"3.920908"
"56430.0";"3.854919"
"56440.0";"3.916929"
"56450.0";"3.871764"
"56460.0";"3.887489"
"56470.0";"3.907433"
"56480.0";"3.918985"
"56490.0";"4.026882"
"56500.0";"3.933419"
"56510.0";"3.973901"
"56520.0";"4.015315"
"56530.0";"3.94038"
"56540.0";"3.828864"
"56550.0";"3.86791"
"56560.0";"3.927422"
"56570.0";"3.891994"
"56580.0";"3.992688"
"56590.0";"4.004613"
"56600.0";"3.897884"
"56610.0";"3.973515"
"56620.0";"3.929513"
"56630.0";"3.920497"
"56640.0";"3.975703"
"56650.0";"3.953673"
"56660.0";"4.045865"
"56670.0";"3.885058"
"56680.0";"3.808791"
"56690.0";"4.012891"
"56700.0";"3.942414"
"56710.0";"3.899104"
"56720.0";"3.897352"
"56730.0";"3.92144"
"56740.0";"3.93511"
"56750.0";"3.986661"
"56760.0";"3.924314"
"56770.0";"3.933254"
"56780.0";"3.853512"
"56790.0";"3.867396"
"56800.0";"3.973172"
"56810.0";"3.813495"
"56820.0";"3.998118"
"56830.0";"3.790971"
"56840.0";"3.864861"
"56850.0";"3.866623"
"56860.0";"3.840794"
"56870.0";"3.854231"
"56880.0";"3.845062"
"56890.0";"3.789369"
"56900.0";"3.795083"
"56910.0";"3.882633"
"56920.0";"3.903075"
"56930.0";"3.882072"
"56940.0";"3.987993"
"56950.0";"3.937921"
"56960.0";"3.859039"
"56970.0";"3.857622"
"56980.0";"3.814704"
"56990.0";"3.908571"
"57000.0";"3.777366"
"57010.0";"3.748077"
"57020.0";"3.85135"
"57030.0";"3.944655"
"57040.0";"3.990822"
"57050.0";"3.939426"
"57060.0";"3.974013"
"57070.0";"3.888627"
"57080.0";"3.927062"
"57090.0";"3.986404"
"57100.0";"4.010011"
"57110.0";"3.96988"
"57120.0";"3.946029"
"57130.0";"3.92746"
"57140.0";"3.914706"
"57150.0";"3.917479"
"57160.0";"3.92212"
"57170.0";"3.995399"
"57180.0";"3.960626"
"57190.0";"4.008349"
"57200.0";"4.055466"
"57210.0";"3.906856"
"57220.0";"3.880173"
"57230.0";"3.890014"
"57240.0";"4.016484"
"57250.0";"3.93016"
"57260.0";"3.840033"
"57270.0";"3.974991"
"57280.0";"3.885672"
"57290.0";"3.909133"
"57300.0";"3.866067"
"57310.0";"3.840475"
"57320.0";"3.834198"
"57330.0";"3.793933"
"57340.0";"3.80396"
"57350.0";"3.811044"
"57360.0";"3.778431"
"57370.0";"3.728809"
"57380.0";"3.881195"
"57390.0";"3.972414"
"57400.0";"3.797692"
"57410.0";"3.913281"
"57420.0";"3.917184"
"57430.0";"3.897379"
"57440.0";"3.940933"
"57450.0";"3.830028"
"57460.0";"3.787236"
"57470.0";"3.793129"
"57480.0";"3.859646"
"57490.0";"3.794531"
"57500.0";"3.803335"
"57510.0";"3.792343"
"57520.0";"3.781211"
"57530.0";"3.752098"
"57540.0";"3.693386"
"57550.0";"3.676971"
"57560.0";"3.855518"
"57570.0";"3.717986"
"57580.0";"3.655738"
"57590.0";"3.796839"
"57600.0";"3.717967"
"57610.0";"3.727051"
"57620.0";"3.704107"
"57630.0";"3.685206"
"57640.0";"3.770044"
"57650.0";"3.744603"
"57660.0";"3.822322"
"57670.0";"3.913789"
"57680.0";"3.781912"
"57690.0";"3.809927"
"57700.0";"3.774906"
"57710.0";"3.749452"
"57720.0";"3.761094"
"57730.0";"3.712275"
"57740.0";"3.821849"
"57750.0";"3.816011"
"57760.0";"3.75227"
"57770.0";"3.599549"
"57780.0";"3.711995"
"57790.0";"3.866385"
"57800.0";"3.712919"
"57810.0";"3.80918"
"57820.0";"3.821661"
"57830.0";"3.85338"
"57840.0";"3.720171"
"57850.0";"3.714061"
"57860.0";"3.877246"
"57870.0";"3.922777"
"57880.0";"3.838824"
"57890.0";"3.786743"
"57900.0";"3.890311"
"57910.0";"3.81068"
"57920.0";"3.874353"
"57930.0";"3.880021"
"57940.0";"3.910913"
"57950.0";"3.846303"
"57960.0";"3.941483"
"57970.0";"3.959336"
"57980.0";"3.981746"
"57990.0";"4.032245"
"58000.0";"4.032301"
"58010.0";"3.921849"
"58020.0";"3.945373"
"58030.0";"3.897923"
"58040.0";"3.976742"
"58050.0";"3.993851"
"58060.0";"4.02258"
"58070.0";"4.041245"
"58080.0";"4.040995"
"58090.0";"4.039237"
"58100.0";"4.061586"
"58110.0";"4.00985"
"58120.0";"3.96826"
"58130.0";"3.923975"
"58140.0";"3.981306"
"58150.0";"4.049452"
"58160.0";"4.037784"
"58170.0";"4.070146"
"58180.0";"4.027685"
"58190.0";"3.96954"
"58200.0";"4.070539"
"58210.0";"4.009459"
"58220.0";"4.053022"
"58230.0";"4.116755"
"58240.0";"4.068717"
"58250.0";"4.038799"
"58260.0";"3.936625"
"58270.0";"4.107306"
"58280.0";"3.966731"
"58290.0";"4.015886"
"58300.0";"4.067794"
"58310.0";"4.086966"
"58320.0";"4.071313"
"58330.0";"4.077177"
"58340.0";"4.097035"
"58350.0";"4.029659"
"58360.0";"4.051883"
"58370.0";"3.99999"
"58380.0";"3.930748"
"58390.0";"3.792951"
"58400.0";"3.963295"
"58410.0";"3.883158"
"58420.0";"3.877183"
"58430.0";"3.8234"
"58440.0";"4.011774"
"58450.0";"3.922832"
"58460.0";"3.958172"
"58470.0";"4.030362"
"58480.0";"4.013784"
"58490.0";"4.051429"
"58500.0";"4.005324"
"58510.0";"4.025147"
"58520.0";"4.063943"
"58530.0";"4.051462"
"58540.0";"4.005283"
"58550.0";"4.060306"
"58560.0";"4.063669"
"58570.0";"4.016453"
"58580.0";"4.053012"
"58590.0";"4.062216"
"58600.0";"4.075296"
"58610.0";"4.053739"
"58620.0";"4.137841"
"58630.0";"4.013355"
"58640.0";"4.008317"
"58650.0";"3.909607"
"58660.0";"3.988633"
"58670.0";"4.056463"
"58680.0";"4.05005"
"58690.0";"3.997465"
"58700.0";"3.984661"
"58710.0";"3.933575"
"58720.0";"3.9966"
"58730.0";"3.996341"
"58740.0";"4.118753"
"58750.0";"4.023849"
"58760.0";"4.00735"
"58770.0";"3.936028"
"58780.0";"3.886822"
"58790.0";"3.959882"
"58800.0";"3.876036"
"58810.0";"3.966387"
"58820.0";"3.802963"
"58830.0";"3.817977"
"58840.0";"3.742069"
"58850.0";"3.797107"
"58860.0";"3.974063"
"58870.0";"3.990891"
"58880.0";"4.010933"
"58890.0";"4.05655"
"58900.0";"3.945818"
"58910.0";"4.049359"
"58920.0";"4.019431"
"58930.0";"3.878217"
"58940.0";"3.965884"
"58950.0";"4.02041"
"58960.0";"4.004766"
"58970.0";"3.955954"
"58980.0";"4.009253"
"58990.0";"3.997732"
"59000.0";"3.968246"
"59010.0";"3.90273"
"59020.0";"3.989868"
"59030.0";"4.037651"
"59040.0";"4.031874"
"59050.0";"4.024905"
"59060.0";"3.997656"
"59070.0";"4.00703"
"59080.0";"3.906583"
"59090.0";"3.949186"
"59100.0";"3.921708"
"59110.0";"4.028014"
"59120.0";"3.873564"
"59130.0";"3.942419"
"59140.0";"4.002321"
"59150.0";"4.002599"
"59160.0";"3.870523"
"59170.0";"3.957851"
"59180.0";"3.996765"
"59190.0";"4.023043"
"59200.0";"4.010102"
"59210.0";"3.867852"
"59220.0";"4.014093"
"59230.0";"4.022651"
"59240.0";"3.942918"
"59250.0";"3.872668"
"59260.0";"3.969054"
"59270.0";"4.038249"
"59280.0";"3.951286"
"59290.0";"3.911338"
"59300.0";"4.063141"
"59310.0";"3.943045"
"59320.0";"4.064582"
"59330.0";"4.038009"
"59340.0";"4.059949"
"59350.0";"3.987157"
"59360.0";"4.030158"
"59370.0";"3.912686"
"59380.0";"3.802866"
"59390.0";"3.902911"
"59400.0";"3.799382"
"59410.0";"3.619101"
"59420.0";"3.606506"
"59430.0";"3.794936"
"59440.0";"3.664715"
"59450.0";"3.731954"
"59460.0";"3.774546"
"59470.0";"3.875701"
"59480.0";"3.958188"
"59490.0";"4.007235"
"59500.0";"3.95833"
"59510.0";"3.911373"
"59520.0";"3.87063"
"59530.0";"3.919073"
"59540.0";"3.906821"
"59550.0";"3.905323"
"59560.0";"3.979664"
"59570.0";"3.974613"
"59580.0";"3.91981"
"59590.0";"3.960997"
"59600.0";"4.044538"
"59610.0";"4.08675"
"59620.0";"4.042902"
"59630.0";"3.988989"
"59640.0";"4.038972"
"59650.0";"4.010831"
"59660.0";"3.950733"
"59670.0";"3.964758"
"59680.0";"3.987643"
"59690.0";"3.979895"
"59700.0";"3.930162"
"59710.0";"3.951538"
"59720.0";"4.045063"
"59730.0";"3.943025"
"59740.0";"4.017392"
"59750.0";"3.901471"
"59760.0";"3.915061"
"59770.0";"3.921846"
"59780.0";"3.945758"
"59790.0";"3.902498"
"59800.0";"3.951046"
"59810.0";"4.015761"
"59820.0";"3.963173"
"59830.0";"3.908399"
"59840.0";"3.976126"
"59850.0";"3.915699"
"59860.0";"3.96337"
"59870.0";"3.975275"
"59880.0";"3.980178"
"59890.0";"3.932312"
"59900.0";"3.937378"
"59910.0";"4.020777"
"59920.0";"3.827419"
"59930.0";"3.869197"
"59940.0";"4.071951"
"59950.0";"4.041747"
"59960.0";"3.98667"
"59970.0";"3.967303"
"59980.0";"3.973494"
"59990.0";"3.969373"
"60000.0";"3.920055"
"60010.0";"3.948882"
"60020.0";"3.838836"
"60030.0";"4.00299"
"60040.0";"3.984714"
"60050.0";"3.894135"
"60060.0";"3.999303"
"60070.0";"3.981274"
"60080.0";"3.935101"
"60090.0";"3.951036"
"60100.0";"3.947459"
"60110.0";"3.854477"
"60120.0";"3.918805"
"60130.0";"3.838344"
"60140.0";"3.887031"
"60150.0";"3.841714"
"60160.0";"3.741911"
"60170.0";"3.919362"
"60180.0";"3.840469"
"60190.0";"3.817335"
"60200.0";"3.956714"
"60210.0";"3.839702"
"60220.0";"3.908324"
"60230.0";"3.880883"
"60240.0";"3.886668"
"60250.0";"4.051463"
"60260.0";"4.040406"
"60270.0";"4.023681"
"60280.0";"4.027489"
"60290.0";"3.971731"
"60300.0";"3.897994"
"60310.0";"3.946215"
"60320.0";"3.972078"
"60330.0";"3.928556"
"60340.0";"3.964088"
"60350.0";"3.889522"
"60360.0";"3.951925"
"60370.0";"3.900066"
"60380.0";"3.903271"
"60390.0";"3.947341"
"60400.0";"3.938138"
"60410.0";"3.753615"
"60420.0";"3.857614"
"60430.0";"3.87024"
"60440.0";"3.805458"
"60450.0";"3.826912"
"60460.0";"3.91985"
"60470.0";"3.895507"
"60480.0";"3.860809"
"60490.0";"3.840611"
"60500.0";"3.91643"
"60510.0";"3.868313"
"60520.0";"3.834985"
"60530.0";"3.822299"
"60540.0";"3.884932"
"60550.0";"3.911112"
"60560.0";"3.870585"
"60570.0";"3.841794"
"60580.0";"3.886372"
"60590.0";"3.986575"
"60600.0";"3.919969"
"60610.0";"3.954481"
"60620.0";"3.894969"
"60630.0";"3.95685"
"60640.0";"3.955302"
"60650.0";"3.95267"
"60660.0";"3.93247"
"60670.0";"3.854599"
"60680.0";"3.818195"
"60690.0";"3.861943"
"60700.0";"3.887879"
"60710.0";"3.917946"
"60720.0";"4.042241"
"60730.0";"3.925084"
"60740.0";"4.006153"
"60750.0";"3.990638"
"60760.0";"4.015517"
"60770.0";"3.982942"
"60780.0";"3.976582"
"60790.0";"3.883003"
"60800.0";"3.911056"
"60810.0";"3.88464"
"60820.0";"3.843473"
"60830.0";"3.864098"
"60840.0";"3.87631"
"60850.0";"3.801811"
"60860.0";"3.735155"
"60870.0";"3.723985"
"60880.0";"3.789413"
"60890.0";"3.984206"
"60900.0";"3.863635"
"60910.0";"3.88029"
"60920.0";"3.882263"
"60930.0";"3.83345"
"60940.0";"3.923299"
"60950.0";"3.95903"
"60960.0";"3.937015"
"60970.0";"3.903452"
"60980.0";"3.914264"
"60990.0";"3.91672"
"61000.0";"3.957141"
"61010.0";"3.927152"
"61020.0";"3.981673"
"61030.0";"3.988438"
"61040.0";"3.980114"
"61050.0";"3.955172"
"61060.0";"3.874752"
"61070.0";"3.9317"
"61080.0";"3.920677"
"61090.0";"3.984624"
"61100.0";"4.03955"
"61110.0";"3.940413"
"61120.0";"3.941891"
"61130.0";"4.093052"
"61140.0";"3.947983"
"61150.0";"4.028013"
"61160.0";"4.01701"
"61170.0";"4.059651"
"61180.0";"4.017001"
"61190.0";"3.962661"
"61200.0";"4.059413"
"61210.0";"4.043928"
"61220.0";"3.868501"
"61230.0";"3.842283"
"61240.0";"3.934631"
"61250.0";"3.997457"
"61260.0";"3.878715"
"61270.0";"3.911117"
"61280.0";"3.983774"
"61290.0";"4.000901"
"61300.0";"3.968383"
"61310.0";"4.022103"
"61320.0";"4.052596"
"61330.0";"3.959093"
"61340.0";"3.958734"
"61350.0";"3.974436"
"61360.0";"3.938881"
"61370.0";"3.999844"
"61380.0";"3.929376"
"61390.0";"4.01559"
"61400.0";"3.959293"
"61410.0";"3.874277"
"61420.0";"3.939033"
"61430.0";"3.778897"
"61440.0";"3.724097"
"61450.0";"3.903222"
"61460.0";"3.772671"
"61470.0";"3.851578"
"61480.0";"3.916075"
"61490.0";"3.838317"
"61500.0";"3.838059"
"61510.0";"3.823567"
"61520.0";"3.935149"
"61530.0";"3.893025"
"61540.0";"3.937501"
"61550.0";"3.958719"
"61560.0";"3.838366"
"61570.0";"3.9886"
"61580.0";"3.823805"
"61590.0";"3.90993"
"61600.0";"4.01908"
"61610.0";"3.892678"
"61620.0";"3.917265"
"61630.0";"3.935683"
"61640.0";"3.880459"
"61650.0";"3.998835"
"61660.0";"3.992474"
"61670.0";"3.855919"
"61680.0";"3.98327"
"61690.0";"3.82261"
"61700.0";"3.959007"
"61710.0";"3.835709"
"61720.0";"3.859801"
"61730.0";"3.957576"
"61740.0";"3.954841"
"61750.0";"3.854079"
"61760.0";"3.865233"
"61770.0";"3.88571"
"61780.0";"3.777319"
"61790.0";"3.91496"
"61800.0";"3.954927"
"61810.0";"3.982578"
"61820.0";"3.883459"
"61830.0";"3.93199"
"61840.0";"3.845838"
"61850.0";"3.867667"
"61860.0";"3.837808"
"61870.0";"3.877085"
"61880.0";"3.823909"
"61890.0";"3.816072"
"61900.0";"3.868845"
"61910.0";"3.842193"
"61920.0";"3.773427"
"61930.0";"3.892869"
"61940.0";"3.864324"
"61950.0";"3.864953"
"61960.0";"3.89988"
"61970.0";"3.945297"
"61980.0";"3.900076"
"61990.0";"3.950888"
"62000.0";"3.770319"
"62010.0";"3.865976"
"62020.0";"3.875338"
"62030.0";"3.915291"
"62040.0";"3.91207"
"62050.0";"3.875181"
"62060.0";"3.864794"
"62070.0";"3.909859"
"62080.0";"3.83075"
"62090.0";"3.803126"
"62100.0";"3.830195"
"62110.0";"3.89097"
"62120.0";"3.818697"
"62130.0";"3.80722"
"62140.0";"3.856715"
"62150.0";"3.782426"
"62160.0";"3.8613"
"62170.0";"3.789729"
"62180.0";"3.853068"
"62190.0";"3.785189"
"62200.0";"3.937744"
"62210.0";"3.865435"
"62220.0";"3.831262"
"62230.0";"3.877415"
"62240.0";"3.962286"
"62250.0";"3.95296"
"62260.0";"4.028806"
"62270.0";"3.912822"
"62280.0";"3.864793"
"62290.0";"3.921253"
"62300.0";"3.903374"
"62310.0";"3.987342"
"62320.0";"3.929249"
"62330.0";"3.935811"
"62340.0";"3.93436"
"62350.0";"3.942687"
"62360.0";"3.949061"
"62370.0";"3.960544"
"62380.0";"4.048728"
"62390.0";"3.864562"
"62400.0";"3.932441"
"62410.0";"3.928396"
"62420.0";"3.801733"
"62430.0";"3.813335"
"62440.0";"3.927579"
"62450.0";"3.843038"
"62460.0";"3.99777"
"62470.0";"3.957712"
"62480.0";"3.867858"
"62490.0";"3.939991"
"62500.0";"3.961481"
"62510.0";"3.90835"
"62520.0";"3.967525"
"62530.0";"3.739402"
"62540.0";"3.837527"
"62550.0";"3.917864"
"62560.0";"3.840727"
"62570.0";"3.906931"
"62580.0";"3.926438"
"62590.0";"3.875241"
"62600.0";"3.804636"
"62610.0";"3.888406"
"62620.0";"4.002027"
"62630.0";"3.983024"
"62640.0";"3.999228"
"62650.0";"4.048918"
"62660.0";"3.951477"
"62670.0";"3.911128"
"62680.0";"3.855798"
"62690.0";"3.848612"
"62700.0";"3.918734"
"62710.0";"3.857183"
"62720.0";"3.872083"
"62730.0";"3.839616"
"62740.0";"3.977441"
"62750.0";"3.951627"
"62760.0";"3.90248"
"62770.0";"3.909278"
"62780.0";"3.737796"
"62790.0";"3.807834"
"62800.0";"3.830286"
"62810.0";"3.841009"
"62820.0";"3.859577"
"62830.0";"3.87633"
"62840.0";"3.804307"
"62850.0";"3.783758"
"62860.0";"3.85246"
"62870.0";"3.961596"
"62880.0";"3.96247"
"62890.0";"3.90972"
"62900.0";"3.911865"
"62910.0";"3.910095"
"62920.0";"3.900489"
"62930.0";"3.785242"
"62940.0";"3.788007"
"62950.0";"3.985958"
"62960.0";"3.987235"
"62970.0";"3.803818"
"62980.0";"3.948782"
"62990.0";"3.824092"
"63000.0";"3.865078"
"63010.0";"3.842622"
"63020.0";"3.792493"
"63030.0";"3.845124"
"63040.0";"3.92533"
"63050.0";"3.901694"
"63060.0";"3.819752"
"63070.0";"3.829896"
"63080.0";"3.938887"
"63090.0";"3.919391"
"63100.0";"3.870007"
"63110.0";"3.785588"
"63120.0";"3.894686"
"63130.0";"3.916362"
"63140.0";"3.938824"
"63150.0";"3.930697"
"63160.0";"3.915556"
"63170.0";"3.995132"
"63180.0";"3.965324"
"63190.0";"3.902664"
"63200.0";"3.865685"
"63210.0";"3.869511"
"63220.0";"3.828845"
"63230.0";"3.884872"
"63240.0";"3.71842"
"63250.0";"3.822255"
"63260.0";"3.99999"
"63270.0";"3.936631"
"63280.0";"3.916791"
"63290.0";"3.858167"
"63300.0";"3.867557"
"63310.0";"4.004591"
"63320.0";"4.004785"
"63330.0";"4.038125"
"63340.0";"3.988082"
"63350.0";"4.006963"
"63360.0";"4.020904"
"63370.0";"3.912426"
"63380.0";"3.930841"
"63390.0";"3.790978"
"63400.0";"3.866641"
"63410.0";"3.824347"
"63420.0";"3.951213"
"63430.0";"4.018237"
"63440.0";"3.983401"
"63450.0";"3.940412"
"63460.0";"3.855117"
"63470.0";"3.974767"
"63480.0";"3.898121"
"63490.0";"3.869123"
"63500.0";"3.991617"
"63510.0";"4.012509"
"63520.0";"3.939351"
"63530.0";"3.970414"
"63540.0";"3.974893"
"63550.0";"3.883856"
"63560.0";"3.859843"
"63570.0";"3.872525"
"63580.0";"3.980571"
"63590.0";"3.809933"
"63600.0";"3.936174"
"63610.0";"4.02557"
"63620.0";"3.775031"
"63630.0";"3.822694"
"63640.0";"3.881233"
"63650.0";"3.897196"
"63660.0";"3.842429"
"63670.0";"3.880117"
"63680.0";"3.866223"
"63690.0";"3.879317"
"63700.0";"3.839374"
"63710.0";"3.850081"
"63720.0";"3.925828"
"63730.0";"3.874621"
"63740.0";"3.938264"
"63750.0";"3.870751"
"63760.0";"3.845678"
"63770.0";"3.899475"
"63780.0";"3.900134"
"63790.0";"3.908545"
"63800.0";"3.879113"
"63810.0";"3.87881"
"63820.0";"3.923466"
"63830.0";"3.977618"
"63840.0";"4.010385"
"63850.0";"3.989021"
"63860.0";"4.022897"
"63870.0";"3.969834"
"63880.0";"4.034655"
"63890.0";"3.869486"
"63900.0";"3.995586"
"63910.0";"3.98567"
"63920.0";"4.02085"
"63930.0";"4.051393"
"63940.0";"3.903938"
"63950.0";"3.987359"
"63960.0";"3.978789"
"63970.0";"3.925"
"63980.0";"4.01446"
"63990.0";"4.035878"
"64000.0";"4.041526"
"64010.0";"4.10499"
"64020.0";"4.022358"
"64030.0";"3.946051"
"64040.0";"4.064601"
"64050.0";"4.045844"
"64060.0";"4.071623"
"64070.0";"4.032676"
"64080.0";"4.044778"
"64090.0";"3.999022"
"64100.0";"3.99987"
"64110.0";"4.013948"
"64120.0";"4.005967"
"64130.0";"3.929946"
"64140.0";"3.912989"
"64150.0";"3.961499"
"64160.0";"3.981975"
"64170.0";"3.986239"
"64180.0";"4.002444"
"64190.0";"3.972459"
"64200.0";"3.974653"
"64210.0";"4.011086"
"64220.0";"4.029461"
"64230.0";"3.99902"
"64240.0";"3.878047"
"64250.0";"3.942701"
"64260.0";"3.970759"
"64270.0";"3.98838"
"64280.0";"4.006509"
"64290.0";"3.966328"
"64300.0";"3.983106"
"64310.0";"3.923897"
"64320.0";"3.984878"
"64330.0";"3.916747"
"64340.0";"3.900075"
"64350.0";"3.783563"
"64360.0";"3.959995"
"64370.0";"3.899424"
"64380.0";"3.886527"
"64390.0";"3.760521"
"64400.0";"3.825762"
"64410.0";"3.821017"
"64420.0";"3.921288"
"64430.0";"3.694335"
"64440.0";"3.770021"
"64450.0";"3.846133"
"64460.0";"3.884402"
"64470.0";"3.776152"
"64480.0";"3.894352"
"64490.0";"4.056148"
"64500.0";"3.967861"
"64510.0";"4.003963"
"64520.0";"3.956775"
"64530.0";"3.834463"
"64540.0";"3.869274"
"64550.0";"3.802237"
"64560.0";"3.811779"
"64570.0";"3.763175"
"64580.0";"3.832032"
"64590.0";"3.774514"
"64600.0";"3.84948"
"64610.0";"3.830405"
"64620.0";"3.859735"
"64630.0";"3.862826"
"64640.0";"3.978421"
"64650.0";"3.907792"
"64660.0";"3.933393"
"64670.0";"3.912893"
"64680.0";"3.907432"
"64690.0";"3.913138"
"64700.0";"3.99464"
"64710.0";"4.013995"
"64720.0";"3.960991"
"64730.0";"3.764238"
"64740.0";"3.762857"
"64750.0";"3.735462"
"64760.0";"3.878628"
"64770.0";"3.690933"
"64780.0";"3.82816"
"64790.0";"3.903917"
"64800.0";"3.84249"
"64810.0";"3.971619"
"64820.0";"4.0336"
"64830.0";"4.072764"
"64840.0";"3.987204"
"64850.0";"4.02548"
"64860.0";"4.037317"
"64870.0";"4.009615"
"64880.0";"4.006926"
"64890.0";"3.991226"
"64900.0";"4.018253"
"64910.0";"3.976844"
"64920.0";"4.075272"
"64930.0";"3.985493"
"64940.0";"4.018248"
"64950.0";"4.0188"
"64960.0";"3.989154"
"64970.0";"3.966942"
"64980.0";"3.909939"
"64990.0";"4.040781"
"65000.0";"3.966368"
"65010.0";"3.955993"
"65020.0";"3.991409"
"65030.0";"3.983999"
"65040.0";"3.968182"
"65050.0";"3.870216"
"65060.0";"3.977995"
"65070.0";"4.030068"
"65080.0";"4.031106"
"65090.0";"3.97894"
"65100.0";"4.000749"
"65110.0";"4.026289"
"65120.0";"4.021295"
"65130.0";"3.993319"
"65140.0";"3.965751"
"65150.0";"3.946843"
"65160.0";"3.945763"
"65170.0";"3.898405"
"65180.0";"3.955503"
"65190.0";"3.861038"
"65200.0";"3.984661"
"65210.0";"3.89786"
"65220.0";"3.889743"
"65230.0";"3.980114"
"65240.0";"3.971206"
"65250.0";"3.923371"
"65260.0";"3.85904"
"65270.0";"3.956619"
"65280.0";"3.883806"
"65290.0";"3.780463"
"65300.0";"3.895093"
"65310.0";"3.930103"
"65320.0";"3.867252"
"65330.0";"3.88395"
"65340.0";"3.91689"
"65350.0";"3.880062"
"65360.0";"3.823576"
"65370.0";"4.014104"
"65380.0";"3.958217"
"65390.0";"3.890962"
"65400.0";"3.849872"
"65410.0";"3.832375"
"65420.0";"3.829842"
"65430.0";"3.84946"
"65440.0";"3.76153"
"65450.0";"3.776849"
"65460.0";"3.795644"
"65470.0";"3.914226"
"65480.0";"3.915691"
"65490.0";"3.938561"
"65500.0";"3.918319"
"65510.0";"3.819"
"65520.0";"3.71923"
"65530.0";"3.833631"
"65540.0";"3.718624"
"65550.0";"3.793203"
"65560.0";"3.771577"
"65570.0";"3.776125"
"65580.0";"3.877668"
"65590.0";"3.760504"
"65600.0";"3.884058"
"65610.0";"3.963252"
"65620.0";"3.926477"
"65630.0";"3.999134"
"65640.0";"3.994585"
"65650.0";"3.936198"
"65660.0";"3.931599"
"65670.0";"3.937449"
"65680.0";"3.875893"
"65690.0";"3.817697"
"65700.0";"3.88027"
"65710.0";"3.767106"
"65720.0";"3.735092"
"65730.0";"3.980009"
"65740.0";"3.950731"
"65750.0";"3.985636"
"65760.0";"4.005335"
"65770.0";"3.984936"
"65780.0";"4.003652"
"65790.0";"3.927174"
"65800.0";"3.927266"
"65810.0";"3.924626"
"65820.0";"3.941453"
"65830.0";"3.86934"
"65840.0";"3.964015"
"65850.0";"3.925921"
"65860.0";"3.926862"
"65870.0";"4.010927"
"65880.0";"4.085855"
"65890.0";"4.040828"
"65900.0";"3.995849"
"65910.0";"3.996463"
"65920.0";"3.94858"
"65930.0";"4.031962"
"65940.0";"3.93409"
"65950.0";"3.906738"
"65960.0";"3.969333"
"65970.0";"4.076344"
"65980.0";"4.015882"
"65990.0";"3.922026"
"66000.0";"3.942275"
"66010.0";"3.938098"
"66020.0";"3.988827"
"66030.0";"3.99577"
"66040.0";"3.877712"
"66050.0";"3.892722"
"66060.0";"3.943163"
"66070.0";"3.908891"
"66080.0";"3.88846"
"66090.0";"3.800401"
"66100.0";"4.006087"
"66110.0";"3.840575"
"66120.0";"3.979302"
"66130.0";"3.761465"
"66140.0";"3.937762"
"66150.0";"4.001451"
"66160.0";"3.903832"
"66170.0";"3.884679"
"66180.0";"3.8366"
"66190.0";"3.892046"
"66200.0";"3.924443"
"66210.0";"3.969686"
"66220.0";"3.959274"
"66230.0";"3.926731"
"66240.0";"3.857348"
"66250.0";"3.923306"
"66260.0";"3.737206"
"66270.0";"3.851155"
"66280.0";"3.938793"
"66290.0";"3.887287"
"66300.0";"4.053232"
"66310.0";"4.01521"
"66320.0";"4.029177"
"66330.0";"4.044971"
"66340.0";"3.917807"
"66350.0";"3.860686"
"66360.0";"3.956571"
"66370.0";"3.991746"
"66380.0";"3.960971"
"66390.0";"3.993583"
"66400.0";"3.929615"
"66410.0";"3.855314"
"66420.0";"4.041589"
"66430.0";"3.9068"
"66440.0";"4.005504"
"66450.0";"3.961101"
"66460.0";"3.845289"
"66470.0";"3.946796"
"66480.0";"4.016501"
"66490.0";"3.960394"
"66500.0";"3.940643"
"66510.0";"3.991115"
"66520.0";"3.925571"
"66530.0";"4.014328"
"66540.0";"3.882673"
"66550.0";"4.065959"
"66560.0";"3.982465"
"66570.0";"3.940039"
"66580.0";"4.013343"
"66590.0";"4.009489"
"66600.0";"3.948878"
"66610.0";"3.958983"
"66620.0";"3.888884"
"66630.0";"3.972097"
"66640.0";"3.961597"
"66650.0";"3.936321"
"66660.0";"4.023844"
"66670.0";"3.995204"
"66680.0";"3.953019"
"66690.0";"4.030703"
"66700.0";"3.943495"
"66710.0";"3.907715"
"66720.0";"4.005902"
"66730.0";"3.901311"
"66740.0";"3.905685"
"66750.0";"3.976825"
"66760.0";"3.847117"
"66770.0";"3.954354"
"66780.0";"3.867046"
"66790.0";"3.924755"
"66800.0";"3.954203"
"66810.0";"3.943836"
"66820.0";"3.983083"
"66830.0";"3.941418"
"66840.0";"3.881352"
"66850.0";"3.867419"
"66860.0";"3.857276"
"66870.0";"3.880077"
"66880.0";"3.935431"
"66890.0";"3.907722"
"66900.0";"3.899521"
"66910.0";"3.939512"
"66920.0";"3.897973"
"66930.0";"3.975462"
"66940.0";"3.965954"
"66950.0";"3.883269"
"66960.0";"3.906494"
"66970.0";"3.825377"
"66980.0";"3.791817"
"66990.0";"3.936128"
"67000.0";"3.849749"
"67010.0";"3.957889"
"67020.0";"3.825193"
"67030.0";"3.831967"
"67040.0";"3.931037"
"67050.0";"3.862354"
"67060.0";"3.955366"
"67070.0";"3.926365"
"67080.0";"3.991382"
"67090.0";"3.986315"
"67100.0";"3.938493"
"67110.0";"3.877769"
"67120.0";"3.9037"
"67130.0";"3.910684"
"67140.0";"3.977152"
"67150.0";"3.971433"
"67160.0";"3.862347"
"67170.0";"3.915861"
"67180.0";"3.817497"
"67190.0";"3.918061"
"67200.0";"3.853859"
"67210.0";"3.846346"
"67220.0";"3.915223"
"67230.0";"3.850526"
"67240.0";"3.900409"
"67250.0";"3.99087"
"67260.0";"3.987727"
"67270.0";"3.953903"
"67280.0";"3.989132"
"67290.0";"3.992846"
"67300.0";"3.83162"
"67310.0";"3.977678"
"67320.0";"3.947492"
"67330.0";"3.970238"
"67340.0";"3.904963"
"67350.0";"3.841009"
"67360.0";"3.928604"
"67370.0";"3.867521"
"67380.0";"3.881228"
"67390.0";"3.904446"
"67400.0";"3.896395"
"67410.0";"3.907411"
"67420.0";"3.919773"
"67430.0";"3.989416"
"67440.0";"3.924546"
"67450.0";"3.901014"
"67460.0";"3.816679"
"67470.0";"3.842648"
"67480.0";"3.731317"
"67490.0";"3.86521"
"67500.0";"3.983107"
"67510.0";"3.982241"
"67520.0";"3.97385"
"67530.0";"3.861956"
"67540.0";"3.864778"
"67550.0";"3.968384"
"67560.0";"3.858731"
"67570.0";"3.910981"
"67580.0";"3.994211"
"67590.0";"3.906615"
"67600.0";"3.949557"
"67610.0";"3.951374"
"67620.0";"3.918632"
"67630.0";"3.814724"
"67640.0";"3.918204"
"67650.0";"3.942493"
"67660.0";"3.794605"
"67670.0";"3.910762"
"67680.0";"3.953304"
"67690.0";"3.926793"
"67700.0";"3.98665"
"67710.0";"4.070862"
"67720.0";"3.948309"
"67730.0";"3.872498"
"67740.0";"3.916964"
"67750.0";"3.831119"
"67760.0";"3.958848"
"67770.0";"4.006885"
"67780.0";"4.003561"
"67790.0";"3.974688"
"67800.0";"3.982606"
"67810.0";"3.895726"
"67820.0";"3.947779"
"67830.0";"3.826104"
"67840.0";"3.793989"
"67850.0";"4.000619"
"67860.0";"3.935117"
"67870.0";"3.935189"
"67880.0";"3.989602"
"67890.0";"3.878589"
"67900.0";"3.968802"
"67910.0";"3.916081"
"67920.0";"3.973954"
"67930.0";"3.872265"
"67940.0";"3.931625"
"67950.0";"3.951677"
"67960.0";"3.903576"
"67970.0";"3.996947"
"67980.0";"3.87183"
"67990.0";"3.98227"
"68000.0";"3.956623"
"68010.0";"3.944452"
"68020.0";"3.983977"
"68030.0";"3.88633"
"68040.0";"3.942513"
"68050.0";"4.021069"
"68060.0";"3.927688"
"68070.0";"3.928715"
"68080.0";"3.951048"
"68090.0";"3.86217"
"68100.0";"3.934449"
"68110.0";"3.865934"
"68120.0";"3.861464"
"68130.0";"3.944907"
"68140.0";"3.93908"
"68150.0";"3.949343"
"68160.0";"3.911346"
"68170.0";"3.945847"
"68180.0";"3.9766"
"68190.0";"3.946479"
"68200.0";"3.945528"
"68210.0";"3.98002"
"68220.0";"4.038754"
"68230.0";"4.028617"
"68240.0";"3.997041"
"68250.0";"4.004547"
"68260.0";"3.905202"
"68270.0";"3.966173"
"68280.0";"3.985738"
"68290.0";"3.958541"
"68300.0";"3.941317"
"68310.0";"3.926234"
"68320.0";"4.009607"
"68330.0";"4.022399"
"68340.0";"3.923306"
"68350.0";"3.984928"
"68360.0";"3.896849"
"68370.0";"3.929328"
"68380.0";"3.989067"
"68390.0";"3.914629"
"68400.0";"3.848166"
"68410.0";"3.852502"
"68420.0";"3.903187"
"68430.0";"3.92551"
"68440.0";"3.985023"
"68450.0";"4.008279"
"68460.0";"3.993469"
"68470.0";"3.95725"
"68480.0";"3.990123"
"68490.0";"3.954266"
"68500.0";"4.020833"
"68510.0";"3.976932"
"68520.0";"3.994491"
"68530.0";"3.978375"
"68540.0";"3.976451"
"68550.0";"3.924478"
"68560.0";"3.93041"
"68570.0";"3.868663"
"68580.0";"3.835744"
"68590.0";"3.948693"
"68600.0";"3.856522"
"68610.0";"3.907283"
"68620.0";"3.790613"
"68630.0";"4.035627"
"68640.0";"3.934033"
"68650.0";"3.939011"
"68660.0";"4.040116"
"68670.0";"3.95415"
"68680.0";"3.907723"
"68690.0";"3.952801"
"68700.0";"3.937652"
"68710.0";"3.870547"
"68720.0";"3.974646"
"68730.0";"3.990398"
"68740.0";"3.989009"
"68750.0";"3.855359"
"68760.0";"3.765276"
"68770.0";"3.903749"
"68780.0";"3.823595"
"68790.0";"3.795186"
"68800.0";"3.887318"
"68810.0";"3.957505"
"68820.0";"3.91842"
"68830.0";"3.946892"
"68840.0";"3.925852"
"68850.0";"3.902171"
"68860.0";"4.078664"
"68870.0";"3.993069"
"68880.0";"3.987162"
"68890.0";"4.051153"
"68900.0";"3.901778"
"68910.0";"3.92829"
"68920.0";"3.921916"
"68930.0";"3.940594"
"68940.0";"3.953416"
"68950.0";"3.931069"
"68960.0";"3.919277"
"68970.0";"3.884463"
"68980.0";"3.820597"
"68990.0";"3.953993"
"69000.0";"3.923733"
"69010.0";"3.967457"
"69020.0";"4.033454"
"69030.0";"3.947111"
"69040.0";"3.877387"
"69050.0";"3.944707"
"69060.0";"3.855786"
"69070.0";"3.823804"
"69080.0";"3.990947"
"69090.0";"3.96928"
"69100.0";"3.971316"
"69110.0";"3.926657"
"69120.0";"3.898281"
"69130.0";"3.95129"
"69140.0";"4.009756"
"69150.0";"3.893046"
"69160.0";"3.976611"
"69170.0";"3.862978"
"69180.0";"3.878508"
"69190.0";"3.957405"
"69200.0";"3.821196"
"69210.0";"3.866014"
"69220.0";"3.89419"
"69230.0";"3.914364"
"69240.0";"3.751499"
"69250.0";"3.743842"
"69260.0";"3.914191"
"69270.0";"3.741087"
"69280.0";"3.762853"
"69290.0";"3.863718"
"69300.0";"3.933294"
"69310.0";"3.971004"
"69320.0";"3.978156"
"69330.0";"4.064331"
"69340.0";"3.960599"
"69350.0";"3.954433"
"69360.0";"4.027741"
"69370.0";"3.98911"
"69380.0";"3.960372"
"69390.0";"3.96196"
"69400.0";"3.885731"
"69410.0";"3.973473"
"69420.0";"4.048122"
"69430.0";"3.984386"
"69440.0";"3.903702"
"69450.0";"3.933222"
"69460.0";"4.050946"
"69470.0";"4.032869"
"69480.0";"3.926351"
"69490.0";"3.980879"
"69500.0";"3.984201"
"69510.0";"4.019582"
"69520.0";"4.018998"
"69530.0";"4.013757"
"69540.0";"4.010357"
"69550.0";"3.98499"
"69560.0";"3.965478"
"69570.0";"4.035968"
"69580.0";"3.973928"
"69590.0";"3.939594"
"69600.0";"3.921496"
"69610.0";"3.971019"
"69620.0";"3.962851"
"69630.0";"4.0127"
"69640.0";"3.957343"
"69650.0";"4.068758"
"69660.0";"4.006892"
"69670.0";"3.968111"
"69680.0";"3.929268"
"69690.0";"3.983224"
"69700.0";"4.042628"
"69710.0";"3.960904"
"69720.0";"3.959228"
"69730.0";"3.910486"
"69740.0";"3.999739"
"69750.0";"4.039099"
"69760.0";"4.0172"
"69770.0";"4.031714"
"69780.0";"3.911645"
"69790.0";"3.954308"
"69800.0";"3.85165"
"69810.0";"3.665379"
"69820.0";"3.799839"
"69830.0";"3.884112"
"69840.0";"3.901751"
"69850.0";"3.955086"
"69860.0";"4.021879"
"69870.0";"3.986305"
"69880.0";"3.989592"
"69890.0";"3.91318"
"69900.0";"3.93224"
"69910.0";"4.047696"
"69920.0";"3.900465"
"69930.0";"3.943423"
"69940.0";"3.911186"
"69950.0";"4.009196"
"69960.0";"3.978786"
"69970.0";"3.988488"
"69980.0";"3.916314"
"69990.0";"3.794901"
"70000.0";"3.939857"
"70010.0";"4.053966"
"70020.0";"3.936538"
"70030.0";"3.917315"
"70040.0";"3.922038"
"70050.0";"3.838142"
"70060.0";"3.988428"
"70070.0";"3.858145"
"70080.0";"3.953789"
"70090.0";"4.009152"
"70100.0";"3.947285"
"70110.0";"4.013941"
"70120.0";"3.965828"
"70130.0";"3.972549"
"70140.0";"4.039171"
"70150.0";"4.017533"
"70160.0";"3.992795"
"70170.0";"3.972821"
"70180.0";"4.08316"
"70190.0";"4.013902"
"70200.0";"4.009274"
"70210.0";"4.021777"
"70220.0";"3.918371"
"70230.0";"3.911942"
"70240.0";"4.004321"
"70250.0";"4.049013"
"70260.0";"4.009663"
"70270.0";"4.04526"
"70280.0";"4.039754"
"70290.0";"4.086298"
"70300.0";"4.023115"
"70310.0";"3.989747"
"70320.0";"3.983433"
"70330.0";"3.988101"
"70340.0";"4.037018"
"70350.0";"4.048594"
"70360.0";"4.042676"
"70370.0";"3.989365"
"70380.0";"4.094991"
"70390.0";"4.044153"
"70400.0";"4.002637"
"70410.0";"3.880777"
"70420.0";"3.989432"
"70430.0";"3.929475"
"70440.0";"3.910439"
"70450.0";"3.923749"
"70460.0";"4.014574"
"70470.0";"3.984631"
"70480.0";"3.947721"
"70490.0";"3.960777"
"70500.0";"3.896755"
"70510.0";"4.007395"
"70520.0";"3.986822"
"70530.0";"3.997671"
"70540.0";"4.018389"
"70550.0";"3.958672"
"70560.0";"3.99081"
"70570.0";"3.90867"
"70580.0";"4.01938"
"70590.0";"3.971172"
"70600.0";"3.957585"
"70610.0";"4.028797"
"70620.0";"4.095791"
"70630.0";"4.028668"
"70640.0";"4.014284"
"70650.0";"3.910172"
"70660.0";"4.059864"
"70670.0";"3.952398"
"70680.0";"4.032747"
"70690.0";"4.013463"
"70700.0";"4.040522"
"70710.0";"4.051233"
"70720.0";"3.944408"
"70730.0";"3.885659"
"70740.0";"4.020223"
"70750.0";"4.023833"
"70760.0";"4.035654"
"70770.0";"3.983179"
"70780.0";"3.91258"
"70790.0";"4.000356"
"70800.0";"4.011912"
"70810.0";"3.95788"
"70820.0";"4.008232"
"70830.0";"4.017172"
"70840.0";"4.015397"
"70850.0";"3.916986"
"70860.0";"3.924683"
"70870.0";"4.066342"
"70880.0";"3.932437"
"70890.0";"3.981913"
"70900.0";"3.950114"
"70910.0";"3.902681"
"70920.0";"4.014836"
"70930.0";"4.053097"
"70940.0";"3.993107"
"70950.0";"4.0307"
"70960.0";"4.064626"
"70970.0";"3.902929"
"70980.0";"3.950504"
"70990.0";"4.029591"
"71000.0";"3.937809"
"71010.0";"3.987885"
"71020.0";"3.925195"
"71030.0";"3.916453"
"71040.0";"4.033672"
"71050.0";"3.974945"
"71060.0";"3.99787"
"71070.0";"4.051728"
"71080.0";"4.053112"
"71090.0";"3.993336"
"71100.0";"3.918764"
"71110.0";"4.092403"
"71120.0";"4.018702"
"71130.0";"4.033194"
"71140.0";"4.061942"
"71150.0";"4.017546"
"71160.0";"4.03269"
"71170.0";"3.991929"
"71180.0";"4.003114"
"71190.0";"4.049038"
"71200.0";"4.023704"
"71210.0";"3.981762"
"71220.0";"3.975503"
"71230.0";"3.966091"
"71240.0";"4.067031"
"71250.0";"4.048717"
"71260.0";"4.044108"
"71270.0";"4.030088"
"71280.0";"4.019504"
"71290.0";"3.966623"
"71300.0";"3.968238"
"71310.0";"3.948681"
"71320.0";"4.021803"
"71330.0";"4.000232"
"71340.0";"3.975318"
"71350.0";"4.030829"
"71360.0";"4.048329"
"71370.0";"4.09989"
"71380.0";"4.063863"
"71390.0";"3.962367"
"71400.0";"4.054877"
"71410.0";"4.062691"
"71420.0";"3.976804"
"71430.0";"3.956246"
"71440.0";"4.019541"
"71450.0";"4.014974"
"71460.0";"3.988852"
"71470.0";"4.041568"
"71480.0";"4.033868"
"71490.0";"3.911556"
"71500.0";"3.956056"
"71510.0";"3.973344"
"71520.0";"3.831867"
"71530.0";"3.911256"
"71540.0";"3.881793"
"71550.0";"4.021924"
"71560.0";"4.038024"
"71570.0";"4.016422"
"71580.0";"4.046319"
"71590.0";"3.883453"
"71600.0";"3.986607"
"71610.0";"3.913718"
"71620.0";"4.009523"
"71630.0";"3.887563"
"71640.0";"4.080568"
"71650.0";"4.037431"
"71660.0";"4.041277"
"71670.0";"4.029076"
"71680.0";"3.938726"
"71690.0";"4.111285"
"71700.0";"4.056471"
"71710.0";"3.953692"
"71720.0";"3.981861"
"71730.0";"3.887022"
"71740.0";"3.990834"
"71750.0";"3.997781"
"71760.0";"4.033892"
"71770.0";"3.992949"
"71780.0";"3.907564"
"71790.0";"3.984656"
"71800.0";"3.956912"
"71810.0";"3.97449"
"71820.0";"4.034376"
"71830.0";"3.917404"
"71840.0";"3.888776"
"71850.0";"3.927805"
"71860.0";"3.908771"
"71870.0";"3.899302"
"71880.0";"3.973615"
"71890.0";"3.958454"
"71900.0";"3.949609"
"71910.0";"4.041072"
"71920.0";"4.069909"
"71930.0";"4.023542"
"71940.0";"4.084824"
"71950.0";"4.003206"
"71960.0";"3.956155"
"71970.0";"3.983944"
"71980.0";"3.970353"
"71990.0";"3.917622"
"72000.0";"4.005"
"72010.0";"3.985029"
"72020.0";"4.03828"
"72030.0";"4.009988"
"72040.0";"3.977225"
"72050.0";"4.050361"
"72060.0";"3.960005"
"72070.0";"3.987374"
"72080.0";"3.993346"
"72090.0";"4.006986"
"72100.0";"3.957773"
"72110.0";"3.965906"
"72120.0";"3.946615"
"72130.0";"3.846217"
"72140.0";"3.917017"
"72150.0";"3.923908"
"72160.0";"3.961287"
"72170.0";"3.901536"
"72180.0";"3.849366"
"72190.0";"3.991771"
"72200.0";"3.960229"
"72210.0";"3.973176"
"72220.0";"3.985901"
"72230.0";"3.904498"
"72240.0";"3.97674"
"72250.0";"3.979646"
"72260.0";"3.942877"
"72270.0";"3.961658"
"72280.0";"3.962492"
"72290.0";"3.963585"
"72300.0";"3.911307"
"72310.0";"3.949378"
"72320.0";"3.94894"
"72330.0";"3.99332"
"72340.0";"3.972051"
"72350.0";"3.980024"
"72360.0";"3.935405"
"72370.0";"3.964556"
"72380.0";"3.95941"
"72390.0";"3.920077"
"72400.0";"3.939011"
"72410.0";"3.968683"
"72420.0";"3.982609"
"72430.0";"4.010336"
"72440.0";"3.975614"
"72450.0";"3.973743"
"72460.0";"3.938469"
"72470.0";"3.979742"
"72480.0";"3.949789"
"72490.0";"4.002678"
"72500.0";"3.977443"
"72510.0";"3.933625"
"72520.0";"3.931725"
"72530.0";"3.916064"
"72540.0";"3.965129"
"72550.0";"3.972234"
"72560.0";"3.949124"
"72570.0";"4.00289"
"72580.0";"4.069998"
"72590.0";"3.975251"
"72600.0";"3.985489"
"72610.0";"3.966575"
"72620.0";"3.933528"
"72630.0";"3.920893"
"72640.0";"3.964828"
"72650.0";"3.968025"
"72660.0";"3.982767"
"72670.0";"3.919822"
"72680.0";"4.03828"
"72690.0";"3.968582"
"72700.0";"3.953382"
"72710.0";"3.889057"
"72720.0";"3.797017"
"72730.0";"3.910172"
"72740.0";"3.945144"
"72750.0";"3.938104"
"72760.0";"3.923219"
"72770.0";"3.892942"
"72780.0";"3.985902"
"72790.0";"3.963928"
"72800.0";"3.929265"
"72810.0";"3.931435"
"72820.0";"3.937017"
"72830.0";"3.909475"
"72840.0";"3.913973"
"72850.0";"4.036044"
"72860.0";"4.015476"
"72870.0";"4.007517"
"72880.0";"3.932342"
"72890.0";"3.958248"
"72900.0";"3.905436"
"72910.0";"3.922682"
"72920.0";"3.942576"
"72930.0";"3.976528"
"72940.0";"3.975994"
"72950.0";"3.93487"
"72960.0";"3.9962"
"72970.0";"3.990148"
"72980.0";"4.10291"
"72990.0";"4.049297"
"73000.0";"4.149738"
"73010.0";"4.143002"
"73020.0";"4.030216"
"73030.0";"3.993665"
"73040.0";"3.964522"
"73050.0";"4.053316"
"73060.0";"4.03966"
"73070.0";"3.983645"
"73080.0";"4.051394"
"73090.0";"4.03426"
"73100.0";"4.081624"
"73110.0";"4.059346"
"73120.0";"4.029658"
"73130.0";"4.073988"
"73140.0";"4.038787"
"73150.0";"4.095186"
"73160.0";"4.099805"
"73170.0";"4.12668"
"73180.0";"4.089323"
"73190.0";"4.086251"
"73200.0";"4.098907"
"73210.0";"3.99352"
"73220.0";"4.091925"
"73230.0";"4.120914"
"73240.0";"4.136827"
"73250.0";"3.996808"
"73260.0";"4.095612"
"73270.0";"4.077621"
"73280.0";"4.082473"
"73290.0";"4.125618"
"73300.0";"3.992648"
"73310.0";"4.028543"
"73320.0";"3.98526"
"73330.0";"4.045474"
"73340.0";"4.096484"
"73350.0";"4.028761"
"73360.0";"4.148372"
"73370.0";"4.054815"
"73380.0";"4.088963"
"73390.0";"4.053026"
"73400.0";"4.143868"
"73410.0";"4.062074"
"73420.0";"4.133361"
"73430.0";"4.042383"
"73440.0";"4.119801"
"73450.0";"4.134602"
"73460.0";"4.079113"
"73470.0";"4.136608"
"73480.0";"4.054366"
"73490.0";"4.087335"
"73500.0";"4.083"
"73510.0";"4.031312"
"73520.0";"4.13988"
"73530.0";"4.121087"
"73540.0";"4.063866"
"73550.0";"4.120584"
"73560.0";"4.128546"
"73570.0";"4.092977"
"73580.0";"4.097228"
"73590.0";"4.113825"
"73600.0";"4.076896"
"73610.0";"4.047842"
"73620.0";"4.025564"
"73630.0";"3.97952"
"73640.0";"4.088004"
"73650.0";"4.093301"
"73660.0";"4.013879"
"73670.0";"4.157504"
"73680.0";"4.209432"
"73690.0";"4.048672"
"73700.0";"4.067095"
"73710.0";"4.229286"
"73720.0";"4.019788"
"73730.0";"4.088147"
"73740.0";"3.980394"
"73750.0";"4.061891"
"73760.0";"4.054364"
"73770.0";"4.131259"
"73780.0";"4.091428"
"73790.0";"4.133751"
"73800.0";"4.164029"
"73810.0";"4.094639"
"73820.0";"4.081359"
"73830.0";"4.093997"
"73840.0";"4.116766"
"73850.0";"4.12001"
"73860.0";"4.03629"
"73870.0";"4.11737"
"73880.0";"4.188844"
"73890.0";"4.050172"
"73900.0";"4.094684"
"73910.0";"4.031356"
"73920.0";"4.021759"
"73930.0";"4.13029"
"73940.0";"4.005995"
"73950.0";"4.041947"
"73960.0";"4.056026"
"73970.0";"4.095183"
"73980.0";"4.099943"
"73990.0";"4.077168"
"74000.0";"4.069241"
"74010.0";"3.968555"
"74020.0";"3.949855"
"74030.0";"3.955579"
"74040.0";"3.928723"
"74050.0";"3.95778"
"74060.0";"4.008792"
"74070.0";"3.958837"
"74080.0";"3.92932"
"74090.0";"3.988185"
"74100.0";"3.958911"
"74110.0";"3.934242"
"74120.0";"4.036898"
"74130.0";"4.059611"
"74140.0";"3.941383"
"74150.0";"3.988853"
"74160.0";"3.958164"
"74170.0";"4.027336"
"74180.0";"4.034751"
"74190.0";"3.9319"
"74200.0";"4.004261"
"74210.0";"4.021238"
"74220.0";"4.02274"
"74230.0";"4.036179"
"74240.0";"3.995"
"74250.0";"3.996297"
"74260.0";"4.010252"
"74270.0";"3.974396"
"74280.0";"3.996325"
"74290.0";"3.999153"
"74300.0";"4.026584"
"74310.0";"3.982117"
"74320.0";"3.961097"
"74330.0";"4.009079"
"74340.0";"3.96875"
"74350.0";"4.039935"
"74360.0";"3.959765"
"74370.0";"3.910333"
"74380.0";"4.041982"
"74390.0";"4.034038"
"74400.0";"3.936414"
"74410.0";"3.994484"
"74420.0";"4.003362"
"74430.0";"3.934314"
"74440.0";"4.01055"
"74450.0";"4.036417"
"74460.0";"3.963361"
"74470.0";"3.932101"
"74480.0";"3.989319"
"74490.0";"4.029881"
"74500.0";"3.96819"
"74510.0";"3.991828"
"74520.0";"3.858543"
"74530.0";"3.946123"
"74540.0";"4.117286"
"74550.0";"4.021626"
"74560.0";"4.027408"
"74570.0";"3.894005"
"74580.0";"3.915119"
"74590.0";"3.891735"
"74600.0";"4.026063"
"74610.0";"3.841196"
"74620.0";"3.988799"
"74630.0";"4.092008"
"74640.0";"4.020814"
"74650.0";"4.138972"
"74660.0";"3.900347"
"74670.0";"3.89254"
"74680.0";"3.910141"
"74690.0";"3.967237"
"74700.0";"3.995201"
"74710.0";"4.076609"
"74720.0";"3.996918"
"74730.0";"3.983216"
"74740.0";"4.032899"
"74750.0";"4.009502"
"74760.0";"4.001725"
"74770.0";"4.010954"
"74780.0";"3.964427"
"74790.0";"3.896755"
"74800.0";"3.97317"
"74810.0";"3.963905"
"74820.0";"4.003107"
"74830.0";"3.973856"
"74840.0";"3.966887"
"74850.0";"3.960415"
"74860.0";"4.02542"
"74870.0";"3.86272"
"74880.0";"3.95154"
"74890.0";"4.010176"
"74900.0";"4.051643"
"74910.0";"3.991616"
"74920.0";"4.088386"
"74930.0";"4.049943"
"74940.0";"4.027489"
"74950.0";"4.019859"
"74960.0";"3.988919"
"74970.0";"3.993515"
"74980.0";"3.981688"
"74990.0";"4.04541"
"75000.0";"4.096091"
"75010.0";"4.082349"
"75020.0";"3.961181"
"75030.0";"3.892617"
"75040.0";"3.926925"
"75050.0";"3.89012"
"75060.0";"3.999208"
"75070.0";"3.962955"
"75080.0";"4.001568"
"75090.0";"4.058089"
"75100.0";"4.02505"
"75110.0";"4.024188"
"75120.0";"4.002864"
"75130.0";"4.018414"
"75140.0";"4.019813"
"75150.0";"3.998315"
"75160.0";"4.045277"
"75170.0";"4.06762"
"75180.0";"4.103814"
"75190.0";"4.065212"
"75200.0";"4.024319"
"75210.0";"4.101272"
"75220.0";"4.07721"
"75230.0";"4.026474"
"75240.0";"3.986364"
"75250.0";"4.034183"
"75260.0";"4.000247"
"75270.0";"3.944882"
"75280.0";"4.037842"
"75290.0";"4.044569"
"75300.0";"3.981345"
"75310.0";"3.950535"
"75320.0";"4.040483"
"75330.0";"4.015558"
"75340.0";"4.023533"
"75350.0";"3.951749"
"75360.0";"3.949854"
"75370.0";"3.99584"
"75380.0";"4.011034"
"75390.0";"4.033076"
"75400.0";"3.958402"
"75410.0";"4.054227"
"75420.0";"4.053349"
"75430.0";"4.011499"
"75440.0";"4.042892"
"75450.0";"3.97439"
"75460.0";"4.048577"
"75470.0";"4.047541"
"75480.0";"4.029963"
"75490.0";"4.028415"
"75500.0";"4.004635"
"75510.0";"4.030533"
"75520.0";"4.04556"
"75530.0";"4.092046"
"75540.0";"3.986356"
"75550.0";"3.963371"
"75560.0";"4.064258"
"75570.0";"4.016841"
"75580.0";"4.05437"
"75590.0";"4.118935"
"75600.0";"4.104066"
"75610.0";"4.168655"
"75620.0";"4.064581"
"75630.0";"4.008713"
"75640.0";"4.115732"
"75650.0";"4.071358"
"75660.0";"4.113676"
"75670.0";"4.089495"
"75680.0";"4.035497"
"75690.0";"4.096311"
"75700.0";"4.101303"
"75710.0";"4.176831"
"75720.0";"3.993313"
"75730.0";"4.100235"
"75740.0";"4.077846"
"75750.0";"4.113314"
"75760.0";"4.073618"
"75770.0";"4.017437"
"75780.0";"4.117439"
"75790.0";"4.079007"
"75800.0";"4.143013"
"75810.0";"4.100234"
"75820.0";"4.032239"
"75830.0";"4.054036"
"75840.0";"4.077674"
"75850.0";"4.065095"
"75860.0";"4.029026"
"75870.0";"4.006008"
"75880.0";"3.923069"
"75890.0";"4.010147"
"75900.0";"4.159729"
"75910.0";"4.07976"
"75920.0";"4.04966"
"75930.0";"4.053484"
"75940.0";"4.139479"
"75950.0";"4.100527"
"75960.0";"4.165553"
"75970.0";"4.095165"
"75980.0";"4.043584"
"75990.0";"4.057117"
"76000.0";"4.03509"
"76010.0";"4.105874"
"76020.0";"4.076715"
"76030.0";"4.12008"
"76040.0";"4.012327"
"76050.0";"4.086997"
"76060.0";"4.059631"
"76070.0";"4.090031"
"76080.0";"4.071612"
"76090.0";"4.109691"
"76100.0";"3.99082"
"76110.0";"4.012516"
"76120.0";"4.035458"
"76130.0";"4.088742"
"76140.0";"4.043935"
"76150.0";"4.051791"
"76160.0";"4.028593"
"76170.0";"4.0156"
"76180.0";"4.051008"
"76190.0";"4.120712"
"76200.0";"4.200182"
"76210.0";"4.107285"
"76220.0";"4.08695"
"76230.0";"4.120739"
"76240.0";"3.972493"
"76250.0";"3.976789"
"76260.0";"3.943846"
"76270.0";"4.077488"
"76280.0";"4.072557"
"76290.0";"4.083634"
"76300.0";"4.058373"
"76310.0";"4.021565"
"76320.0";"4.126909"
"76330.0";"4.120981"
"76340.0";"4.110773"
"76350.0";"4.153183"
"76360.0";"4.092003"
"76370.0";"4.109395"
"76380.0";"4.116287"
"76390.0";"4.094019"
"76400.0";"4.002403"
"76410.0";"4.103014"
"76420.0";"4.094308"
"76430.0";"4.183527"
"76440.0";"4.139611"
"76450.0";"4.058959"
"76460.0";"4.055254"
"76470.0";"4.131159"
"76480.0";"4.182692"
"76490.0";"4.180776"
"76500.0";"4.195488"
"76510.0";"4.156129"
"76520.0";"4.137591"
"76530.0";"4.191278"
"76540.0";"4.167985"
"76550.0";"4.272544"
"76560.0";"4.204464"
"76570.0";"4.131475"
"76580.0";"4.227859"
"76590.0";"4.18455"
"76600.0";"4.283695"
"76610.0";"4.187638"
"76620.0";"4.164513"
"76630.0";"4.153926"
"76640.0";"4.200751"
"76650.0";"4.217589"
"76660.0";"4.241217"
"76670.0";"4.227206"
"76680.0";"4.175668"
"76690.0";"4.233977"
"76700.0";"4.196154"
"76710.0";"4.102948"
"76720.0";"4.133214"
"76730.0";"4.155518"
"76740.0";"4.169027"
"76750.0";"4.128211"
"76760.0";"4.166404"
"76770.0";"4.199323"
"76780.0";"4.165645"
"76790.0";"4.208162"
"76800.0";"4.138927"
"76810.0";"4.139885"
"76820.0";"4.246215"
"76830.0";"4.239041"
"76840.0";"4.162719"
"76850.0";"4.162065"
"76860.0";"4.142608"
"76870.0";"4.157585"
"76880.0";"4.113597"
"76890.0";"4.088535"
"76900.0";"4.245475"
"76910.0";"4.161056"
"76920.0";"4.072697"
"76930.0";"4.160756"
"76940.0";"4.2231"
"76950.0";"4.230947"
"76960.0";"4.216434"
"76970.0";"4.202032"
"76980.0";"4.142402"
"76990.0";"4.119588"
"77000.0";"4.202378"
"77010.0";"4.239716"
"77020.0";"4.191342"
"77030.0";"4.153875"
"77040.0";"4.22527"
"77050.0";"4.161995"
"77060.0";"4.13301"
"77070.0";"4.191169"
"77080.0";"4.221419"
"77090.0";"4.15935"
"77100.0";"4.158391"
"77110.0";"4.222887"
"77120.0";"4.158528"
"77130.0";"4.144488"
"77140.0";"4.260535"
"77150.0";"4.080945"
"77160.0";"4.211287"
"77170.0";"4.188231"
"77180.0";"4.200605"
"77190.0";"4.189773"
"77200.0";"4.101102"
"77210.0";"4.114893"
"77220.0";"4.096623"
"77230.0";"4.260592"
"77240.0";"4.120761"
"77250.0";"4.122635"
"77260.0";"4.186846"
"77270.0";"4.212196"
"77280.0";"4.162202"
"77290.0";"4.133006"
"77300.0";"4.196444"
"77310.0";"4.186549"
"77320.0";"4.190164"
"77330.0";"4.163143"
"77340.0";"4.104726"
"77350.0";"4.147057"
"77360.0";"4.111542"
"77370.0";"4.184778"
"77380.0";"4.154241"
"77390.0";"4.186794"
"77400.0";"4.167519"
"77410.0";"4.18707"
"77420.0";"4.158339"
"77430.0";"4.156768"
"77440.0";"4.227242"
"77450.0";"4.141989"
"77460.0";"4.192912"
"77470.0";"4.146534"
"77480.0";"4.125381"
"77490.0";"4.102056"
"77500.0";"4.223897"
"77510.0";"4.175705"
"77520.0";"4.197137"
"77530.0";"4.236988"
"77540.0";"4.214979"
"77550.0";"4.081555"
"77560.0";"4.225024"
"77570.0";"4.203397"
"77580.0";"4.163456"
"77590.0";"4.121642"
"77600.0";"4.209906"
"77610.0";"4.169129"
"77620.0";"4.13497"
"77630.0";"4.114117"
"77640.0";"4.093982"
"77650.0";"4.134168"
"77660.0";"4.136193"
"77670.0";"4.234911"
"77680.0";"4.192528"
"77690.0";"4.217678"
"77700.0";"4.183024"
"77710.0";"4.151356"
"77720.0";"4.170538"
"77730.0";"4.197207"
"77740.0";"4.182193"
"77750.0";"4.193154"
"77760.0";"4.16386"
"77770.0";"4.236671"
"77780.0";"4.173272"
"77790.0";"4.093788"
"77800.0";"4.08268"
"77810.0";"4.114636"
"77820.0";"4.198144"
"77830.0";"4.106309"
"77840.0";"4.168167"
"77850.0";"4.137037"
"77860.0";"4.16678"
"77870.0";"4.218723"
"77880.0";"4.198123"
"77890.0";"4.207109"
"77900.0";"4.263845"
"77910.0";"4.152739"
"77920.0";"4.201129"
"77930.0";"4.14412"
"77940.0";"4.186384"
"77950.0";"4.148385"
"77960.0";"4.264318"
"77970.0";"4.238264"
"77980.0";"4.230669"
"77990.0";"4.17513"
"78000.0";"4.170303"
"78010.0";"4.217737"
"78020.0";"4.170623"
"78030.0";"4.299167"
"78040.0";"4.166608"
"78050.0";"4.077826"
"78060.0";"4.189292"
"78070.0";"4.21939"
"78080.0";"4.179143"
"78090.0";"4.20352"
"78100.0";"4.176745"
"78110.0";"4.137926"
"78120.0";"4.261908"
"78130.0";"4.126434"
"78140.0";"4.184995"
"78150.0";"4.288791"
"78160.0";"4.305551"
"78170.0";"4.26508"
"78180.0";"4.208053"
"78190.0";"4.21143"
"78200.0";"4.203693"
"78210.0";"4.133156"
"78220.0";"4.201051"
"78230.0";"4.195214"
"78240.0";"4.220024"
"78250.0";"4.185952"
"78260.0";"4.129296"
"78270.0";"4.132949"
"78280.0";"4.098305"
"78290.0";"4.228626"
"78300.0";"4.06105"
"78310.0";"4.171314"
"78320.0";"4.141945"
"78330.0";"4.126078"
"78340.0";"4.109824"
"78350.0";"4.227913"
"78360.0";"4.140209"
"78370.0";"4.268445"
"78380.0";"4.25102"
"78390.0";"4.221116"
"78400.0";"4.164668"
"78410.0";"4.199131"
"78420.0";"4.283632"
"78430.0";"4.212715"
"78440.0";"4.172591"
"78450.0";"4.177113"
"78460.0";"4.076307"
"78470.0";"4.146688"
"78480.0";"4.157964"
"78490.0";"4.177953"
"78500.0";"4.1483"
"78510.0";"4.234229"
"78520.0";"4.20574"
"78530.0";"4.245554"
"78540.0";"4.23422"
"78550.0";"4.229446"
"78560.0";"4.171103"
"78570.0";"4.187744"
"78580.0";"4.153748"
"78590.0";"4.114888"
"78600.0";"4.11202"
"78610.0";"4.181809"
"78620.0";"4.134347"
"78630.0";"4.120067"
"78640.0";"4.107944"
"78650.0";"4.186826"
"78660.0";"4.128156"
"78670.0";"4.115555"
"78680.0";"4.136933"
"78690.0";"4.235466"
"78700.0";"4.12678"
"78710.0";"4.084818"
"78720.0";"4.234699"
"78730.0";"4.225192"
"78740.0";"4.141207"
"78750.0";"4.228344"
"78760.0";"4.225644"
"78770.0";"4.219941"
"78780.0";"4.138297"
"78790.0";"4.247558"
"78800.0";"4.243669"
"78810.0";"4.230882"
"78820.0";"4.176929"
"78830.0";"4.271587"
"78840.0";"4.144439"
"78850.0";"4.228646"
"78860.0";"4.248655"
"78870.0";"4.127617"
"78880.0";"4.030289"
"78890.0";"4.068893"
"78900.0";"4.049251"
"78910.0";"4.107421"
"78920.0";"4.077787"
"78930.0";"4.022794"
"78940.0";"4.173161"
"78950.0";"4.22322"
"78960.0";"4.037125"
"78970.0";"4.21765"
"78980.0";"4.024642"
"78990.0";"4.026558"
"79000.0";"4.091899"
"79010.0";"4.09032"
"79020.0";"4.113506"
"79030.0";"4.160257"
"79040.0";"4.070123"
"79050.0";"4.119824"
"79060.0";"4.127792"
"79070.0";"4.116457"
"79080.0";"4.115251"
"79090.0";"4.044562"
"79100.0";"4.149743"
"79110.0";"4.112351"
"79120.0";"4.23573"
"79130.0";"3.936284"
"79140.0";"3.877277"
"79150.0";"4.025095"
"79160.0";"4.028268"
"79170.0";"4.012675"
"79180.0";"4.163285"
"79190.0";"4.129154"
"79200.0";"4.081376"
"79210.0";"3.986384"
"79220.0";"4.026603"
"79230.0";"4.102949"
"79240.0";"4.030681"
"79250.0";"4.06054"
"79260.0";"4.005307"
"79270.0";"4.165483"
"79280.0";"4.140222"
"79290.0";"4.025958"
"79300.0";"4.060071"
"79310.0";"4.152291"
"79320.0";"4.196611"
"79330.0";"4.141685"
"79340.0";"4.109419"
"79350.0";"3.940638"
"79360.0";"4.065612"
"79370.0";"4.18111"
"79380.0";"4.230231"
"79390.0";"4.132387"
"79400.0";"4.033597"
"79410.0";"3.952144"
"79420.0";"4.131336"
"79430.0";"4.101313"
"79440.0";"4.038844"
"79450.0";"4.235964"
"79460.0";"4.183214"
"79470.0";"4.157701"
"79480.0";"4.22813"
"79490.0";"4.168766"
"79500.0";"4.185114"
"79510.0";"4.174749"
"79520.0";"4.180028"
"79530.0";"4.108804"
"79540.0";"3.98143"
"79550.0";"4.124431"
"79560.0";"4.134375"
"79570.0";"4.054381"
"79580.0";"4.188946"
"79590.0";"4.180487"
"79600.0";"4.203065"
"79610.0";"4.20887"
"79620.0";"4.22435"
"79630.0";"4.118754"
"79640.0";"4.064783"
"79650.0";"4.105325"
"79660.0";"4.129246"
"79670.0";"4.227326"
"79680.0";"4.118174"
"79690.0";"4.089802"
"79700.0";"4.07882"
"79710.0";"4.154683"
"79720.0";"4.194223"
"79730.0";"4.05333"
"79740.0";"4.16344"
"79750.0";"4.319983"
"79760.0";"4.300075"
"79770.0";"4.189022"
"79780.0";"4.161057"
"79790.0";"4.261043"
"79800.0";"4.219457"
"79810.0";"4.146594"
"79820.0";"4.17935"
"79830.0";"4.195902"
"79840.0";"4.167019"
"79850.0";"4.175251"
"79860.0";"4.165455"
"79870.0";"4.177751"
"79880.0";"4.042599"
"79890.0";"4.215075"
"79900.0";"4.173889"
"79910.0";"4.020729"
"79920.0";"4.082443"
"79930.0";"4.063821"
"79940.0";"3.97044"
"79950.0";"4.031751"
"79960.0";"4.027629"
"79970.0";"4.059732"
"79980.0";"4.105571"
"79990.0";"3.986425"
"80000.0";"3.926262"
"80010.0";"3.98923"
"80020.0";"3.977312"
"80030.0";"4.047191"
"80040.0";"4.149716"
"80050.0";"4.141935"
"80060.0";"4.100333"
"80070.0";"4.135032"
"80080.0";"4.103523"
"80090.0";"4.02377"
"80100.0";"4.024449"
"80110.0";"3.987461"
"80120.0";"4.048899"
"80130.0";"4.154183"
"80140.0";"4.212653"
"80150.0";"4.144378"
"80160.0";"4.152985"
"80170.0";"4.122455"
"80180.0";"4.179247"
"80190.0";"4.197949"
"80200.0";"4.153924"
"80210.0";"4.189308"
"80220.0";"4.06082"
"80230.0";"4.187654"
"80240.0";"4.118374"
"80250.0";"4.210098"
"80260.0";"4.219804"
"80270.0";"4.139483"
"80280.0";"4.209894"
"80290.0";"4.220585"
"80300.0";"4.104881"
"80310.0";"4.179305"
"80320.0";"4.198411"
"80330.0";"4.22517"
"80340.0";"4.18597"
"80350.0";"4.178598"
"80360.0";"4.224858"
"80370.0";"4.067375"
"80380.0";"4.078815"
"80390.0";"4.072577"
"80400.0";"4.19883"
"80410.0";"4.157402"
"80420.0";"4.146244"
"80430.0";"4.198293"
"80440.0";"4.13429"
"80450.0";"4.152093"
"80460.0";"4.087334"
"80470.0";"4.149762"
"80480.0";"4.161495"
"80490.0";"4.116146"
"80500.0";"4.118185"
"80510.0";"4.080129"
"80520.0";"4.001979"
"80530.0";"4.085446"
"80540.0";"4.137345"
"80550.0";"4.080644"
"80560.0";"4.126622"
"80570.0";"4.131124"
"80580.0";"4.120268"
"80590.0";"4.154938"
"80600.0";"4.161229"
"80610.0";"4.111976"
"80620.0";"4.138211"
"80630.0";"4.160923"
"80640.0";"4.123033"
"80650.0";"4.128702"
"80660.0";"4.03837"
"80670.0";"4.034765"
"80680.0";"4.096108"
"80690.0";"4.090306"
"80700.0";"4.08415"
"80710.0";"4.104233"
"80720.0";"4.08069"
"80730.0";"4.127913"
"80740.0";"4.076443"
"80750.0";"4.166276"
"80760.0";"4.143509"
"80770.0";"4.057335"
"80780.0";"4.186827"
"80790.0";"4.150306"
"80800.0";"4.107015"
"80810.0";"4.079715"
"80820.0";"4.071147"
"80830.0";"4.159317"
"80840.0";"4.112699"
"80850.0";"4.193397"
"80860.0";"4.08925"
"80870.0";"4.101441"
"80880.0";"4.073931"
"80890.0";"4.046257"
"80900.0";"4.177874"
"80910.0";"4.031126"
"80920.0";"4.019939"
"80930.0";"4.085691"
"80940.0";"4.104829"
"80950.0";"4.117886"
"80960.0";"4.140203"
"80970.0";"4.124064"
"80980.0";"4.049421"
"80990.0";"4.023242"
"81000.0";"4.045922"
"81010.0";"4.031333"
"81020.0";"4.120893"
"81030.0";"4.24758"
"81040.0";"4.16493"
"81050.0";"4.058658"
"81060.0";"4.137111"
"81070.0";"4.083285"
"81080.0";"4.128671"
"81090.0";"4.070106"
"81100.0";"4.134853"
"81110.0";"4.129233"
"81120.0";"4.130767"
"81130.0";"4.090939"
"81140.0";"4.094743"
"81150.0";"4.120862"
"81160.0";"4.110397"
"81170.0";"4.058163"
"81180.0";"3.990604"
"81190.0";"4.08108"
"81200.0";"4.067183"
"81210.0";"4.037012"
"81220.0";"4.059047"
"81230.0";"4.034619"
"81240.0";"3.964344"
"81250.0";"4.131069"
"81260.0";"4.0426"
"81270.0";"4.03334"
"81280.0";"4.073349"
"81290.0";"4.127449"
"81300.0";"4.135963"
"81310.0";"4.071093"
"81320.0";"4.05095"
"81330.0";"4.04725"
"81340.0";"3.997737"
"81350.0";"3.991379"
"81360.0";"3.997876"
"81370.0";"4.111904"
"81380.0";"4.08052"
"81390.0";"4.04561"
"81400.0";"4.087854"
"81410.0";"4.13051"
"81420.0";"4.146157"
"81430.0";"4.068736"
"81440.0";"4.095675"
"81450.0";"4.068026"
"81460.0";"4.150518"
"81470.0";"4.069756"
"81480.0";"4.116152"
"81490.0";"4.113584"
"81500.0";"4.164712"
"81510.0";"4.078825"
"81520.0";"4.13948"
"81530.0";"4.085379"
"81540.0";"4.01925"
"81550.0";"4.05846"
"81560.0";"4.019621"
"81570.0";"4.006428"
"81580.0";"4.098468"
"81590.0";"4.074827"
"81600.0";"4.136442"
"81610.0";"4.062517"
"81620.0";"4.177506"
"81630.0";"4.084751"
"81640.0";"4.079944"
"81650.0";"4.144645"
"81660.0";"4.102066"
"81670.0";"4.162129"
"81680.0";"4.112994"
"81690.0";"4.182614"
"81700.0";"4.187572"
"81710.0";"4.007411"
"81720.0";"4.049615"
"81730.0";"4.104184"
"81740.0";"4.164243"
"81750.0";"4.121777"
"81760.0";"4.058269"
"81770.0";"4.106568"
"81780.0";"4.108507"
"81790.0";"4.115486"
"81800.0";"4.202639"
"81810.0";"4.097053"
"81820.0";"4.059027"
"81830.0";"4.127637"
"81840.0";"4.121866"
"81850.0";"4.093384"
"81860.0";"4.049862"
"81870.0";"4.116802"
"81880.0";"4.227506"
"81890.0";"4.091834"
"81900.0";"4.042096"
"81910.0";"4.120489"
"81920.0";"4.103809"
"81930.0";"4.106032"
"81940.0";"4.088041"
"81950.0";"4.171529"
"81960.0";"4.093994"
"81970.0";"4.0348"
"81980.0";"4.086563"
"81990.0";"4.091399"
"82000.0";"4.190439"
"82010.0";"4.172059"
"82020.0";"4.1394"
"82030.0";"4.104468"
"82040.0";"4.118886"
"82050.0";"3.994469"
"82060.0";"4.126757"
"82070.0";"4.161119"
"82080.0";"4.081373"
"82090.0";"4.173249"
"82100.0";"4.077214"
"82110.0";"4.047083"
"82120.0";"4.042614"
"82130.0";"4.092617"
"82140.0";"4.171618"
"82150.0";"4.164231"
"82160.0";"4.122647"
"82170.0";"4.086402"
"82180.0";"4.060499"
"82190.0";"4.127905"
"82200.0";"4.098287"
"82210.0";"4.113503"
"82220.0";"4.096868"
"82230.0";"4.081943"
"82240.0";"4.064162"
"82250.0";"4.096946"
"82260.0";"4.146279"
"82270.0";"4.124511"
"82280.0";"4.200589"
"82290.0";"4.137435"
"82300.0";"4.145546"
"82310.0";"4.085722"
"82320.0";"4.038054"
"82330.0";"4.08492"
"82340.0";"4.068403"
"82350.0";"4.212398"
"82360.0";"4.168863"
"82370.0";"4.249828"
"82380.0";"4.075376"
"82390.0";"4.086203"
"82400.0";"4.116159"
"82410.0";"4.144349"
"82420.0";"4.179504"
"82430.0";"4.132651"
"82440.0";"4.165462"
"82450.0";"4.092338"
"82460.0";"4.063965"
"82470.0";"4.104695"
"82480.0";"4.05339"
"82490.0";"4.198209"
"82500.0";"4.071974"
"82510.0";"4.014463"
"82520.0";"4.112528"
"82530.0";"4.185298"
"82540.0";"4.108148"
"82550.0";"4.015786"
"82560.0";"4.097332"
"82570.0";"4.112787"
"82580.0";"4.082703"
"82590.0";"4.127437"
"82600.0";"4.065403"
"82610.0";"4.080392"
"82620.0";"3.99962"
"82630.0";"4.12299"
"82640.0";"4.114993"
"82650.0";"4.024994"
"82660.0";"3.975307"
"82670.0";"3.99303"
"82680.0";"3.974544"
"82690.0";"4.032278"
"82700.0";"3.998532"
"82710.0";"3.981475"
"82720.0";"3.927065"
"82730.0";"3.984853"
"82740.0";"4.007689"
"82750.0";"4.012258"
"82760.0";"3.996198"
"82770.0";"3.986047"
"82780.0";"4.089323"
"82790.0";"3.957358"
"82800.0";"3.99818"
"82810.0";"3.962092"
"82820.0";"3.863679"
"82830.0";"4.025693"
"82840.0";"4.031874"
"82850.0";"4.008251"
"82860.0";"4.007847"
"82870.0";"3.980338"
"82880.0";"3.999688"
"82890.0";"4.019783"
"82900.0";"3.954593"
"82910.0";"4.033595"
"82920.0";"3.952878"
"82930.0";"3.949434"
"82940.0";"3.904278"
"82950.0";"3.950131"
"82960.0";"3.875673"
"82970.0";"3.807526"
"82980.0";"3.814713"
"82990.0";"3.831508"
"83000.0";"3.875346"
"83010.0";"3.831078"
"83020.0";"3.966859"
"83030.0";"3.96499"
"83040.0";"3.959096"
"83050.0";"3.948634"
"83060.0";"3.973733"
"83070.0";"3.834791"
"83080.0";"3.90993"
"83090.0";"4.016414"
"83100.0";"3.993867"
"83110.0";"3.876492"
"83120.0";"3.943307"
"83130.0";"3.982895"
"83140.0";"3.974051"
"83150.0";"3.999236"
"83160.0";"3.993089"
"83170.0";"3.956639"
"83180.0";"3.95269"
"83190.0";"3.950535"
"83200.0";"3.927807"
"83210.0";"3.939652"
"83220.0";"3.935491"
"83230.0";"3.97144"
"83240.0";"3.976169"
"83250.0";"4.023481"
"83260.0";"3.944453"
"83270.0";"3.972624"
"83280.0";"3.950686"
"83290.0";"3.978699"
"83300.0";"3.914126"
"83310.0";"3.960069"
"83320.0";"4.01614"
"83330.0";"3.973128"
"83340.0";"3.894698"
"83350.0";"4.018566"
"83360.0";"3.928934"
"83370.0";"4.044255"
"83380.0";"3.997234"
"83390.0";"3.979078"
"83400.0";"3.856271"
"83410.0";"3.939373"
"83420.0";"4.008701"
"83430.0";"3.97498"
"83440.0";"3.950391"
"83450.0";"4.042627"
"83460.0";"3.872379"
"83470.0";"3.828112"
"83480.0";"3.79191"
"83490.0";"3.940314"
"83500.0";"3.873053"
"83510.0";"3.928632"
"83520.0";"3.888297"
"83530.0";"3.927582"
"83540.0";"3.862154"
"83550.0";"3.882025"
"83560.0";"3.869114"
"83570.0";"3.971189"
"83580.0";"4.006525"
"83590.0";"3.905812"
"83600.0";"3.904831"
"83610.0";"3.943151"
"83620.0";"3.895833"
"83630.0";"3.926445"
"83640.0";"3.950155"
"83650.0";"3.924982"
"83660.0";"3.839563"
"83670.0";"3.997383"
"83680.0";"3.941247"
"83690.0";"3.943803"
"83700.0";"3.861311"
"83710.0";"3.899538"
"83720.0";"3.944849"
"83730.0";"3.889476"
"83740.0";"3.933004"
"83750.0";"4.019454"
"83760.0";"3.910976"
"83770.0";"4.003817"
"83780.0";"3.970103"
"83790.0";"3.951864"
"83800.0";"4.029294"
"83810.0";"3.992456"
"83820.0";"3.913174"
"83830.0";"3.985286"
"83840.0";"3.932261"
"83850.0";"3.958744"
"83860.0";"4.004981"
"83870.0";"3.97565"
"83880.0";"3.94492"
"83890.0";"3.938909"
"83900.0";"3.914781"
"83910.0";"3.863617"
"83920.0";"3.728122"
"83930.0";"3.870523"
"83940.0";"3.73631"
"83950.0";"3.790272"
"83960.0";"3.828612"
"83970.0";"3.945525"
"83980.0";"3.9012"
"83990.0";"3.83772"
"84000.0";"3.983523"
"84010.0";"4.00315"
"84020.0";"3.839597"
"84030.0";"3.866686"
"84040.0";"3.839685"
"84050.0";"3.802554"
"84060.0";"3.859144"
"84070.0";"3.786609"
"84080.0";"3.84538"
"84090.0";"3.770956"
"84100.0";"3.809971"
"84110.0";"3.84853"
"84120.0";"3.730027"
"84130.0";"3.83401"
"84140.0";"3.815399"
"84150.0";"3.77044"
"84160.0";"3.837684"
"84170.0";"3.912858"
"84180.0";"3.824784"
"84190.0";"3.85845"
"84200.0";"3.757588"
"84210.0";"3.904864"
"84220.0";"3.83475"
"84230.0";"3.923645"
"84240.0";"4.014999"
"84250.0";"3.931036"
"84260.0";"3.942411"
"84270.0";"3.963882"
"84280.0";"3.99697"
"84290.0";"3.941952"
"84300.0";"4.036401"
"84310.0";"3.97535"
"84320.0";"3.942938"
"84330.0";"3.984655"
"84340.0";"3.932592"
"84350.0";"3.954779"
"84360.0";"3.901875"
"84370.0";"3.934654"
"84380.0";"4.010678"
"84390.0";"3.94026"
"84400.0";"3.908327"
"84410.0";"3.880537"
"84420.0";"3.978128"
"84430.0";"3.977737"
"84440.0";"3.963781"
"84450.0";"3.905024"
"84460.0";"3.86337"
"84470.0";"3.925821"
"84480.0";"3.952181"
"84490.0";"3.847393"
"84500.0";"3.869782"
"84510.0";"3.87604"
"84520.0";"3.820074"
"84530.0";"3.846622"
"84540.0";"3.88235"
"84550.0";"3.80574"
"84560.0";"3.917682"
"84570.0";"3.868924"
"84580.0";"3.828644"
"84590.0";"3.843771"
"84600.0";"3.855111"
"84610.0";"3.834998"
"84620.0";"3.899878"
"84630.0";"3.868806"
"84640.0";"3.92149"
"84650.0";"3.964036"
"84660.0";"3.881579"
"84670.0";"3.898012"
"84680.0";"3.930042"
"84690.0";"3.974153"
"84700.0";"3.926974"
"84710.0";"3.881644"
"84720.0";"3.830248"
"84730.0";"3.884286"
"84740.0";"3.980664"
"84750.0";"3.892276"
"84760.0";"3.796774"
"84770.0";"3.833048"
"84780.0";"3.802338"
"84790.0";"3.875735"
"84800.0";"3.917546"
"84810.0";"3.803744"
"84820.0";"3.816324"
"84830.0";"3.814725"
"84840.0";"3.822039"
"84850.0";"3.835693"
"84860.0";"3.89155"
"84870.0";"3.940995"
"84880.0";"3.952234"
"84890.0";"3.891157"
"84900.0";"4.02891"
"84910.0";"3.874918"
"84920.0";"3.919959"
"84930.0";"3.828286"
"84940.0";"3.851713"
"84950.0";"3.827448"
"84960.0";"3.858988"
"84970.0";"3.940523"
"84980.0";"3.877582"
"84990.0";"3.93233"
"85000.0";"3.923011"
"85010.0";"3.829357"
"85020.0";"3.899548"
"85030.0";"3.895244"
"85040.0";"3.924326"
"85050.0";"3.896185"
"85060.0";"3.90894"
"85070.0";"3.895933"
"85080.0";"3.854063"
"85090.0";"3.863143"
"85100.0";"3.915934"
"85110.0";"3.853724"
"85120.0";"3.867603"
"85130.0";"3.882508"
"85140.0";"3.910881"
"85150.0";"3.807855"
"85160.0";"3.892952"
"85170.0";"3.87847"
"85180.0";"3.91053"
"85190.0";"3.931904"
"85200.0";"3.903152"
"85210.0";"3.953681"
"85220.0";"3.861937"
"85230.0";"3.947484"
"85240.0";"3.945442"
"85250.0";"3.963136"
"85260.0";"3.956606"
"85270.0";"3.977141"
"85280.0";"3.841765"
"85290.0";"3.888501"
"85300.0";"3.973125"
"85310.0";"3.873981"
"85320.0";"3.888322"
"85330.0";"3.97666"
"85340.0";"3.8817"
"85350.0";"3.926429"
"85360.0";"3.971781"
"85370.0";"3.842102"
"85380.0";"3.789286"
"85390.0";"3.899398"
"85400.0";"3.942247"
"85410.0";"3.857591"
"85420.0";"3.962538"
"85430.0";"3.930937"
"85440.0";"3.919858"
"85450.0";"3.933981"
"85460.0";"3.912438"
"85470.0";"3.989191"
"85480.0";"3.920324"
"85490.0";"3.876479"
"85500.0";"3.87121"
"85510.0";"3.878821"
"85520.0";"3.911481"
"85530.0";"3.910566"
"85540.0";"3.954773"
"85550.0";"3.927531"
"85560.0";"3.912566"
"85570.0";"3.941044"
"85580.0";"3.988855"
"85590.0";"3.963667"
"85600.0";"3.957539"
"85610.0";"3.93822"
"85620.0";"3.887969"
"85630.0";"3.860964"
"85640.0";"3.952604"
"85650.0";"3.945492"
"85660.0";"3.763901"
"85670.0";"3.90109"
"85680.0";"3.906795"
"85690.0";"3.863031"
"85700.0";"3.898868"
"85710.0";"3.85631"
"85720.0";"3.915837"
"85730.0";"3.894381"
"85740.0";"3.913332"
"85750.0";"3.906454"
"85760.0";"3.881958"
"85770.0";"3.949887"
"85780.0";"3.949881"
"85790.0";"3.956854"
"85800.0";"3.868259"
"85810.0";"3.868595"
"85820.0";"3.912206"
"85830.0";"3.959109"
"85840.0";"3.907026"
"85850.0";"3.870428"
"85860.0";"3.866351"
"85870.0";"3.956667"
"85880.0";"3.847987"
"85890.0";"3.896353"
"85900.0";"3.816988"
"85910.0";"3.842706"
"85920.0";"3.919372"
"85930.0";"3.879925"
"85940.0";"3.866474"
"85950.0";"3.912755"
"85960.0";"3.932591"
"85970.0";"3.901648"
"85980.0";"3.853317"
"85990.0";"3.87675"
"86000.0";"3.82308"
"86010.0";"3.852171"
"86020.0";"3.834888"
"86030.0";"3.740927"
"86040.0";"3.785867"
"86050.0";"3.817078"
"86060.0";"3.840724"
"86070.0";"3.818212"
"86080.0";"3.849925"
"86090.0";"3.868426"
"86100.0";"3.882847"
"86110.0";"3.877712"
"86120.0";"3.917732"
"86130.0";"3.931087"
"86140.0";"3.835136"
"86150.0";"3.778451"
"86160.0";"3.827625"
"86170.0";"3.905375"
"86180.0";"3.860163"
"86190.0";"3.840891"
"86200.0";"3.769943"
"86210.0";"3.792876"
"86220.0";"3.757879"
"86230.0";"3.758157"
"86240.0";"3.784359"
"86250.0";"3.770297"
"86260.0";"3.725118"
"86270.0";"3.776732"
"86280.0";"3.775691"
"86290.0";"3.837009"
"86300.0";"3.738991"
"86310.0";"3.852411"
"86320.0";"3.822153"
"86330.0";"3.846559"
"86340.0";"3.892209"
"86350.0";"3.836551"
"86360.0";"3.878927"
"86370.0";"3.797065"
"86380.0";"3.816511"
"86390.0";"3.790628"
"86400.0";"3.85928"
"86410.0";"3.884524"
"86420.0";"3.854177"
"86430.0";"3.758144"
"86440.0";"3.845621"
"86450.0";"3.79021"
"86460.0";"3.839818"
"86470.0";"3.849932"
"86480.0";"3.850686"
"86490.0";"3.823861"
"86500.0";"3.932121"
"86510.0";"3.920748"
"86520.0";"3.887842"
"86530.0";"3.872767"
"86540.0";"3.841492"
"86550.0";"3.772313"
"86560.0";"3.867968"
"86570.0";"3.801991"
"86580.0";"3.85246"
"86590.0";"3.840597"
"86600.0";"3.862452"
"86610.0";"3.914705"
"86620.0";"3.845157"
"86630.0";"3.845517"
"86640.0";"3.857222"
"86650.0";"3.893771"
"86660.0";"3.910217"
"86670.0";"3.964181"
"86680.0";"3.946676"
"86690.0";"3.869535"
"86700.0";"3.909101"
"86710.0";"4.002931"
"86720.0";"3.909906"
"86730.0";"3.991254"
"86740.0";"3.943505"
"86750.0";"3.882407"
"86760.0";"3.899192"
"86770.0";"3.91564"
"86780.0";"3.881671"
"86790.0";"3.853333"
"86800.0";"3.972101"
"86810.0";"3.885304"
"86820.0";"3.94992"
"86830.0";"4.036204"
"86840.0";"3.924993"
"86850.0";"3.8713"
"86860.0";"3.880906"
"86870.0";"3.868979"
"86880.0";"3.934327"
"86890.0";"3.863128"
"86900.0";"3.893171"
"86910.0";"3.91843"
"86920.0";"3.853544"
"86930.0";"3.81819"
"86940.0";"3.85642"
"86950.0";"3.898456"
"86960.0";"3.861773"
"86970.0";"3.828269"
"86980.0";"3.90584"
"86990.0";"3.982513"
"87000.0";"3.944255"
"87010.0";"3.980309"
"87020.0";"3.800748"
"87030.0";"3.899476"
"87040.0";"3.844196"
"87050.0";"3.858862"
"87060.0";"3.831418"
"87070.0";"3.929395"
"87080.0";"3.85893"
"87090.0";"3.861401"
"87100.0";"3.866181"
"87110.0";"3.853876"
"87120.0";"3.901243"
"87130.0";"3.876801"
"87140.0";"3.912029"
"87150.0";"3.84493"
"87160.0";"3.816694"
"87170.0";"3.933053"
"87180.0";"3.919796"
"87190.0";"3.864555"
"87200.0";"3.913924"
"87210.0";"3.969752"
"87220.0";"3.91934"
"87230.0";"3.873003"
"87240.0";"3.926752"
"87250.0";"3.879806"
"87260.0";"3.87881"
"87270.0";"3.998628"
"87280.0";"3.963716"
"87290.0";"3.928387"
"87300.0";"3.917703"
"87310.0";"3.958119"
"87320.0";"3.994642"
"87330.0";"3.977399"
"87340.0";"3.924052"
"87350.0";"3.924322"
"87360.0";"3.996002"
"87370.0";"3.987789"
"87380.0";"3.969316"
"87390.0";"3.923139"
"87400.0";"3.943536"
"87410.0";"3.999373"
"87420.0";"3.974948"
"87430.0";"3.912624"
"87440.0";"3.912657"
"87450.0";"3.894001"
"87460.0";"3.873009"
"87470.0";"3.937083"
"87480.0";"3.937805"
"87490.0";"3.970314"
"87500.0";"3.956765"
"87510.0";"3.985367"
"87520.0";"3.897063"
"87530.0";"3.97659"
"87540.0";"3.963441"
"87550.0";"3.923502"
"87560.0";"3.959589"
"87570.0";"3.912314"
"87580.0";"3.959808"
"87590.0";"3.992988"
"87600.0";"3.960581"
"87610.0";"3.861863"
"87620.0";"3.991894"
"87630.0";"3.931664"
"87640.0";"3.969704"
"87650.0";"3.91587"
"87660.0";"3.94207"
"87670.0";"3.993353"
"87680.0";"3.964151"
"87690.0";"3.882635"
"87700.0";"3.900515"
"87710.0";"3.977439"
"87720.0";"3.8578"
"87730.0";"3.860295"
"87740.0";"3.982939"
"87750.0";"3.96302"
"87760.0";"3.904405"
"87770.0";"3.918126"
"87780.0";"3.966393"
"87790.0";"3.90752"
"87800.0";"4.018485"
"87810.0";"3.977236"
"87820.0";"3.949994"
"87830.0";"3.938105"
"87840.0";"3.993237"
"87850.0";"3.98035"
"87860.0";"3.965043"
"87870.0";"3.963537"
"87880.0";"3.90422"
"87890.0";"3.923725"
"87900.0";"3.994045"
"87910.0";"3.968884"
"87920.0";"3.941721"
"87930.0";"3.906968"
"87940.0";"3.960171"
"87950.0";"3.962741"
"87960.0";"3.960302"
"87970.0";"3.974083"
"87980.0";"4.05482"
"87990.0";"3.942726"
"88000.0";"3.957517"
"88010.0";"3.954002"
"88020.0";"3.886411"
"88030.0";"3.946739"
"88040.0";"3.974133"
"88050.0";"3.950599"
"88060.0";"3.940284"
"88070.0";"3.925004"
"88080.0";"3.914567"
"88090.0";"3.969631"
"88100.0";"3.925161"
"88110.0";"3.960036"
"88120.0";"3.926342"
"88130.0";"3.912206"
"88140.0";"3.906773"
"88150.0";"3.933445"
"88160.0";"3.868949"
"88170.0";"3.936704"
"88180.0";"3.913723"
"88190.0";"3.92713"
"88200.0";"3.932657"
"88210.0";"3.8801"
"88220.0";"3.932781"
"88230.0";"3.884204"
"88240.0";"3.943108"
"88250.0";"3.896864"
"88260.0";"3.826416"
"88270.0";"4.014063"
"88280.0";"3.956357"
"88290.0";"3.958538"
"88300.0";"4.018591"
"88310.0";"3.88857"
"88320.0";"3.956971"
"88330.0";"3.937247"
"88340.0";"3.967476"
"88350.0";"3.964131"
"88360.0";"3.923179"
"88370.0";"3.9674"
"88380.0";"3.866985"
"88390.0";"3.940532"
"88400.0";"3.964536"
"88410.0";"3.934454"
"88420.0";"3.86645"
"88430.0";"3.99305"
"88440.0";"3.879499"
"88450.0";"3.877072"
"88460.0";"3.918622"
"88470.0";"3.939584"
"88480.0";"3.89399"
"88490.0";"3.927013"
"88500.0";"3.885425"
"88510.0";"3.878236"
"88520.0";"3.833634"
"88530.0";"3.971512"
"88540.0";"3.975775"
"88550.0";"3.954175"
"88560.0";"3.972817"
"88570.0";"3.939286"
"88580.0";"3.944845"
"88590.0";"4.009669"
"88600.0";"3.914109"
"88610.0";"3.962825"
"88620.0";"3.981539"
"88630.0";"4.01865"
"88640.0";"3.870916"
"88650.0";"3.973588"
"88660.0";"3.976268"
"88670.0";"4.005463"
"88680.0";"3.985541"
"88690.0";"3.936148"
"88700.0";"4.043203"
"88710.0";"3.920924"
"88720.0";"3.984995"
"88730.0";"3.993367"
"88740.0";"3.990653"
"88750.0";"4.00284"
"88760.0";"3.975344"
"88770.0";"3.969185"
"88780.0";"3.949307"
"88790.0";"3.973072"
"88800.0";"3.957709"
"88810.0";"3.965547"
"88820.0";"3.967056"
"88830.0";"3.923259"
"88840.0";"3.912498"
"88850.0";"3.940054"
"88860.0";"3.978489"
"88870.0";"3.949058"
"88880.0";"3.83586"
"88890.0";"3.973293"
"88900.0";"3.817184"
"88910.0";"3.980102"
"88920.0";"3.949209"
"88930.0";"3.984768"
"88940.0";"3.863361"
"88950.0";"3.933033"
"88960.0";"3.945561"
"88970.0";"3.920192"
"88980.0";"3.918535"
"88990.0";"3.86077"
"89000.0";"3.932827"
"89010.0";"3.937874"
"89020.0";"3.86893"
"89030.0";"3.912708"
"89040.0";"3.878707"
"89050.0";"3.937849"
"89060.0";"3.960443"
"89070.0";"3.947467"
"89080.0";"3.932626"
"89090.0";"3.889285"
"89100.0";"3.911078"
"89110.0";"3.891625"
"89120.0";"3.949396"
"89130.0";"4.003357"
"89140.0";"3.81653"
"89150.0";"4.001757"
"89160.0";"3.923515"
"89170.0";"3.91589"
"89180.0";"3.91779"
"89190.0";"3.960348"
"89200.0";"3.894974"
"89210.0";"3.869445"
"89220.0";"3.945814"
"89230.0";"3.817528"
"89240.0";"3.938681"
"89250.0";"3.896214"
"89260.0";"3.895309"
"89270.0";"3.910608"
"89280.0";"3.903994"
"89290.0";"3.922385"
"89300.0";"3.907623"
"89310.0";"3.9581"
"89320.0";"3.947865"
"89330.0";"3.887851"
"89340.0";"3.991866"
"89350.0";"3.958297"
"89360.0";"3.930269"
"89370.0";"3.936756"
"89380.0";"3.873562"
"89390.0";"3.93454"
"89400.0";"3.917925"
"89410.0";"3.864018"
"89420.0";"3.876531"
"89430.0";"3.859759"
"89440.0";"3.861267"
"89450.0";"3.897865"
"89460.0";"3.932017"
"89470.0";"3.915897"
"89480.0";"3.947616"
"89490.0";"3.903314"
"89500.0";"3.955052"
"89510.0";"3.928164"
"89520.0";"3.940393"
"89530.0";"3.9045"
"89540.0";"3.92295"
"89550.0";"3.953243"
"89560.0";"3.916259"
"89570.0";"3.916344"
"89580.0";"3.961886"
"89590.0";"3.963932"
"89600.0";"3.939499"
"89610.0";"3.886933"
"89620.0";"3.95412"
"89630.0";"3.895299"
"89640.0";"3.935404"
"89650.0";"3.984972"
"89660.0";"3.933148"
"89670.0";"4.019079"
"89680.0";"3.933223"
"89690.0";"3.953574"
"89700.0";"3.913713"
"89710.0";"3.87487"
"89720.0";"3.908087"
"89730.0";"3.867802"
"89740.0";"3.951606"
"89750.0";"4.002107"
"89760.0";"3.904767"
"89770.0";"3.84783"
"89780.0";"3.978074"
"89790.0";"3.87947"
"89800.0";"3.980772"
"89810.0";"3.953425"
"89820.0";"3.936043"
"89830.0";"3.986302"
"89840.0";"3.868315"
"89850.0";"3.930286"
"89860.0";"3.966547"
"89870.0";"3.947299"
"89880.0";"3.89871"
"89890.0";"3.943991"
"89900.0";"3.924005"
"89910.0";"3.896271"
"89920.0";"3.947717"
"89930.0";"3.965041"
"89940.0";"3.884097"
"89950.0";"3.932503"
"89960.0";"3.902402"
"89970.0";"3.923131"
"89980.0";"3.935395"
"89990.0";"3.927692"
"90000.0";"3.88851"
"90010.0";"3.928221"
"90020.0";"3.892059"
"90030.0";"3.932815"
"90040.0";"3.907346"
"90050.0";"3.900948"
"90060.0";"3.887409"
"90070.0";"3.950114"
"90080.0";"3.928305"
"90090.0";"3.918068"
"90100.0";"3.960944"
"90110.0";"3.935828"
"90120.0";"3.877109"
"90130.0";"3.913441"
"90140.0";"3.818136"
"90150.0";"3.891842"
"90160.0";"3.969814"
"90170.0";"3.937648"
"90180.0";"3.974512"
"90190.0";"3.92285"
"90200.0";"3.846405"
"90210.0";"3.898537"
"90220.0";"3.90899"
"90230.0";"3.909692"
"90240.0";"3.937203"
"90250.0";"3.89503"
"90260.0";"3.922192"
"90270.0";"3.921987"
"90280.0";"3.915296"
"90290.0";"3.957507"
"90300.0";"3.921501"
"90310.0";"3.958727"
"90320.0";"3.900454"
"90330.0";"3.9765"
"90340.0";"4.010151"
"90350.0";"3.934136"
"90360.0";"3.952459"
"90370.0";"3.955253"
"90380.0";"3.968042"
"90390.0";"3.930346"
"90400.0";"3.960029"
"90410.0";"3.981845"
"90420.0";"3.883606"
"90430.0";"3.946591"
"90440.0";"3.931765"
"90450.0";"3.934692"
"90460.0";"3.954946"
"90470.0";"3.897473"
"90480.0";"3.973469"
"90490.0";"3.87651"
"90500.0";"3.973312"
"90510.0";"3.918892"
"90520.0";"3.969412"
"90530.0";"3.894498"
"90540.0";"3.916092"
"90550.0";"4.00991"
"90560.0";"3.967684"
"90570.0";"3.954679"
"90580.0";"3.929814"
"90590.0";"3.937988"
"90600.0";"3.804913"
"90610.0";"3.968016"
"90620.0";"3.887343"
"90630.0";"3.900784"
"90640.0";"3.924422"
"90650.0";"3.948732"
"90660.0";"3.95083"
"90670.0";"3.848475"
"90680.0";"3.932997"
"90690.0";"3.831805"
"90700.0";"3.906876"
"90710.0";"3.820627"
"90720.0";"3.977138"
"90730.0";"3.903671"
"90740.0";"3.983282"
"90750.0";"3.930564"
"90760.0";"3.944775"
"90770.0";"3.949573"
"90780.0";"4.024"
"90790.0";"3.945526"
"90800.0";"3.992872"
"90810.0";"3.951376"
"90820.0";"3.966248"
"90830.0";"3.991379"
"90840.0";"3.961219"
"90850.0";"3.941465"
"90860.0";"3.84737"
"90870.0";"3.946146"
"90880.0";"3.950635"
"90890.0";"3.905626"
"90900.0";"3.958622"
"90910.0";"4.014569"
"90920.0";"4.029068"
"90930.0";"3.921168"
"90940.0";"3.975317"
"90950.0";"3.978412"
"90960.0";"3.877875"
"90970.0";"4.040887"
"90980.0";"3.902076"
"90990.0";"3.93474"
"91000.0";"3.948696"
"91010.0";"3.968847"
"91020.0";"3.957458"
"91030.0";"4.037426"
"91040.0";"3.91356"
"91050.0";"3.935754"
"91060.0";"3.938626"
"91070.0";"3.975742"
"91080.0";"3.929732"
"91090.0";"3.922444"
"91100.0";"3.93528"
"91110.0";"3.926702"
"91120.0";"3.930681"
"91130.0";"3.970383"
"91140.0";"3.957117"
"91150.0";"3.938951"
"91160.0";"3.968558"
"91170.0";"3.924429"
"91180.0";"3.997546"
"91190.0";"3.939553"
"91200.0";"3.964622"
"91210.0";"3.9195"
"91220.0";"4.014031"
"91230.0";"3.938169"
"91240.0";"3.946002"
"91250.0";"3.888546"
"91260.0";"3.980869"
"91270.0";"4.074669"
"91280.0";"4.108237"
"91290.0";"4.062002"
"91300.0";"4.075314"
"91310.0";"4.045318"
"91320.0";"4.100062"
"91330.0";"4.027131"
"91340.0";"4.06637"
"91350.0";"4.12148"
"91360.0";"4.035766"
"91370.0";"4.04934"
"91380.0";"4.015491"
"91390.0";"4.026073"
"91400.0";"4.021666"
"91410.0";"4.021989"
"91420.0";"4.073744"
"91430.0";"4.052833"
"91440.0";"4.061578"
"91450.0";"4.108325"
"91460.0";"4.057981"
"91470.0";"4.075349"
"91480.0";"4.021234"
"91490.0";"4.02901"
"91500.0";"4.023005"
"91510.0";"4.029273"
"91520.0";"4.022639"
"91530.0";"4.14304"
"91540.0";"3.99658"
"91550.0";"3.987582"
"91560.0";"4.126083"
"91570.0";"4.008811"
"91580.0";"4.040106"
"91590.0";"4.099595"
"91600.0";"4.088118"
"91610.0";"4.119617"
"91620.0";"4.081998"
"91630.0";"4.091109"
"91640.0";"4.005875"
"91650.0";"4.014818"
"91660.0";"4.027824"
"91670.0";"4.002828"
"91680.0";"4.048892"
"91690.0";"4.104723"
"91700.0";"4.035972"
"91710.0";"4.101895"
"91720.0";"3.996784"
"91730.0";"3.955776"
"91740.0";"3.984803"
"91750.0";"3.946219"
"91760.0";"3.912227"
"91770.0";"3.927669"
"91780.0";"4.008309"
"91790.0";"3.927369"
"91800.0";"3.926385"
"91810.0";"3.876122"
"91820.0";"3.997743"
"91830.0";"3.999019"
"91840.0";"3.985324"
"91850.0";"3.904257"
"91860.0";"3.968519"
"91870.0";"3.895323"
"91880.0";"3.948909"
"91890.0";"3.91457"
"91900.0";"3.946618"
"91910.0";"3.941763"
"91920.0";"3.950862"
"91930.0";"3.951638"
"91940.0";"3.907717"
"91950.0";"3.945889"
"91960.0";"3.963814"
"91970.0";"3.954014"
"91980.0";"4.002489"
"91990.0";"4.049552"
"92000.0";"4.019013"
"92010.0";"3.880448"
"92020.0";"3.97269"
"92030.0";"3.909864"
"92040.0";"3.970932"
"92050.0";"3.929839"
"92060.0";"3.98032"
"92070.0";"3.891186"
"92080.0";"3.892704"
"92090.0";"4.023688"
"92100.0";"4.003949"
"92110.0";"3.996335"
"92120.0";"3.94746"
"92130.0";"3.963258"
"92140.0";"3.965161"
"92150.0";"3.981746"
"92160.0";"3.98193"
"92170.0";"3.861711"
"92180.0";"3.896591"
"92190.0";"3.946377"
"92200.0";"3.999112"
"92210.0";"3.963171"
"92220.0";"3.918805"
"92230.0";"3.918443"
"92240.0";"3.922885"
"92250.0";"3.940441"
"92260.0";"3.976331"
"92270.0";"3.918705"
"92280.0";"3.88254"
"92290.0";"3.886468"
"92300.0";"3.862336"
"92310.0";"3.903903"
"92320.0";"3.97591"
"92330.0";"4.02252"
"92340.0";"3.924145"
"92350.0";"3.953946"
"92360.0";"3.916096"
"92370.0";"3.905995"
"92380.0";"3.798485"
"92390.0";"3.834455"
"92400.0";"4.031524"
"92410.0";"3.960764"
"92420.0";"3.846692"
"92430.0";"3.836987"
"92440.0";"3.86762"
"92450.0";"3.829578"
"92460.0";"3.857651"
"92470.0";"3.942714"
"92480.0";"3.818705"
"92490.0";"3.952125"
"92500.0";"3.82639"
"92510.0";"3.815216"
"92520.0";"3.88344"
"92530.0";"3.738126"
"92540.0";"3.910914"
"92550.0";"3.78773"
"92560.0";"3.764148"
"92570.0";"3.873971"
"92580.0";"3.846739"
"92590.0";"3.809427"
"92600.0";"3.914406"
"92610.0";"3.932739"
"92620.0";"3.906355"
"92630.0";"3.930257"
"92640.0";"3.921219"
"92650.0";"3.814474"
"92660.0";"3.915985"
"92670.0";"3.920507"
"92680.0";"3.822025"
"92690.0";"3.887583"
"92700.0";"3.937068"
"92710.0";"3.971842"
"92720.0";"3.971682"
"92730.0";"3.904871"
"92740.0";"3.945153"
"92750.0";"3.959574"
"92760.0";"3.937044"
"92770.0";"3.823805"
"92780.0";"3.87348"
"92790.0";"3.89854"
"92800.0";"3.963375"
"92810.0";"3.851119"
"92820.0";"3.877344"
"92830.0";"3.858056"
"92840.0";"3.751146"
"92850.0";"3.868591"
"92860.0";"3.938546"
"92870.0";"3.901247"
"92880.0";"3.979428"
"92890.0";"3.816136"
"92900.0";"3.865337"
"92910.0";"3.881836"
"92920.0";"3.868353"
"92930.0";"3.887621"
"92940.0";"3.879194"
"92950.0";"3.988682"
"92960.0";"3.984774"
"92970.0";"3.891076"
"92980.0";"3.897573"
"92990.0";"3.964418"
"93000.0";"3.874088"
"93010.0";"3.945048"
"93020.0";"3.915724"
"93030.0";"3.887672"
"93040.0";"3.878245"
"93050.0";"3.96464"
"93060.0";"3.962332"
"93070.0";"3.90575"
"93080.0";"3.855466"
"93090.0";"3.925878"
"93100.0";"3.7686"
"93110.0";"3.802608"
"93120.0";"3.847404"
"93130.0";"3.782085"
"93140.0";"3.801807"
"93150.0";"3.899295"
"93160.0";"3.911784"
"93170.0";"3.844928"
"93180.0";"3.887878"
"93190.0";"3.996101"
"93200.0";"3.972126"
"93210.0";"3.953292"
"93220.0";"4.008736"
"93230.0";"3.901139"
"93240.0";"3.922085"
"93250.0";"3.98712"
"93260.0";"3.892055"
"93270.0";"3.817129"
"93280.0";"3.842869"
"93290.0";"3.937107"
"93300.0";"3.973861"
"93310.0";"3.896113"
"93320.0";"3.957688"
"93330.0";"3.94272"
"93340.0";"3.938055"
"93350.0";"3.987731"
"93360.0";"3.911011"
"93370.0";"3.915356"
"93380.0";"3.914553"
"93390.0";"3.872329"
"93400.0";"3.936347"
"93410.0";"3.855175"
"93420.0";"3.914553"
"93430.0";"3.981344"
"93440.0";"3.885868"
"93450.0";"3.91243"
"93460.0";"3.940815"
"93470.0";"3.926243"
"93480.0";"3.984196"
"93490.0";"3.92236"
"93500.0";"3.953122"
"93510.0";"3.922484"
"93520.0";"3.921395"
"93530.0";"3.87747"
"93540.0";"3.866042"
"93550.0";"3.97091"
"93560.0";"3.978955"
"93570.0";"3.933631"
"93580.0";"3.904773"
"93590.0";"4.019967"
"93600.0";"3.996397"
"93610.0";"3.990993"
"93620.0";"3.923427"
"93630.0";"3.939404"
"93640.0";"3.870613"
"93650.0";"3.921521"
"93660.0";"3.903247"
"93670.0";"3.869326"
"93680.0";"3.933815"
"93690.0";"3.95648"
"93700.0";"3.879912"
"93710.0";"3.908408"
"93720.0";"3.879606"
"93730.0";"3.973128"
"93740.0";"4.005166"
"93750.0";"4.005876"
"93760.0";"3.935152"
"93770.0";"3.966028"
"93780.0";"3.941282"
"93790.0";"3.935542"
"93800.0";"3.967114"
"93810.0";"3.943106"
"93820.0";"3.94861"
"93830.0";"4.008131"
"93840.0";"3.970469"
"93850.0";"3.940102"
"93860.0";"3.981765"
"93870.0";"3.959502"
"93880.0";"3.942429"
"93890.0";"3.975221"
"93900.0";"3.97959"
"93910.0";"3.956202"
"93920.0";"3.947308"
"93930.0";"4.026484"
"93940.0";"4.014217"
"93950.0";"3.920939"
"93960.0";"3.918511"
"93970.0";"4.025182"
"93980.0";"4.019888"
"93990.0";"3.956767"
"94000.0";"3.934643"
"94010.0";"3.973253"
"94020.0";"3.96055"
"94030.0";"3.921814"
"94040.0";"3.926089"
"94050.0";"3.930496"
"94060.0";"3.867754"
"94070.0";"3.954235"
"94080.0";"3.93615"
"94090.0";"3.953588"
"94100.0";"3.957664"
"94110.0";"3.97191"
"94120.0";"3.901585"
"94130.0";"3.975345"
"94140.0";"3.899754"
"94150.0";"3.894759"
"94160.0";"3.925732"
"94170.0";"3.850373"
"94180.0";"3.933458"
"94190.0";"3.939832"
"94200.0";"3.94"
"94210.0";"4.014358"
"94220.0";"3.991503"
"94230.0";"3.968779"
"94240.0";"3.917996"
"94250.0";"3.962991"
"94260.0";"3.929753"
"94270.0";"3.926156"
"94280.0";"4.007117"
"94290.0";"3.955286"
"94300.0";"3.962949"
"94310.0";"3.896124"
"94320.0";"3.960196"
"94330.0";"3.920049"
"94340.0";"3.905519"
"94350.0";"3.976921"
"94360.0";"3.975634"
"94370.0";"3.921073"
"94380.0";"3.87091"
"94390.0";"3.892397"
"94400.0";"3.887912"
"94410.0";"3.92835"
"94420.0";"3.882252"
"94430.0";"3.953331"
"94440.0";"3.917141"
"94450.0";"3.909195"
"94460.0";"3.951513"
"94470.0";"3.925517"
"94480.0";"3.914121"
"94490.0";"3.899126"
"94500.0";"3.880185"
"94510.0";"3.915668"
"94520.0";"3.893152"
"94530.0";"3.923545"
"94540.0";"3.984894"
"94550.0";"3.920897"
"94560.0";"3.910194"
"94570.0";"3.886119"
"94580.0";"3.898495"
"94590.0";"3.91881"
"94600.0";"3.946698"
"94610.0";"3.938115"
"94620.0";"3.942824"
"94630.0";"3.881536"
"94640.0";"3.943855"
"94650.0";"3.857989"
"94660.0";"3.937025"
"94670.0";"3.880876"
"94680.0";"3.927559"
"94690.0";"3.904305"
"94700.0";"3.992063"
"94710.0";"3.923132"
"94720.0";"3.887469"
"94730.0";"3.99393"
"94740.0";"4.005499"
"94750.0";"3.916082"
"94760.0";"3.899383"
"94770.0";"3.974131"
"94780.0";"3.902878"
"94790.0";"3.883399"
"94800.0";"3.94052"
"94810.0";"3.9261"
"94820.0";"4.005711"
"94830.0";"3.932038"
"94840.0";"3.972294"
"94850.0";"3.957784"
"94860.0";"3.942595"
"94870.0";"3.906504"
"94880.0";"3.909976"
"94890.0";"3.867782"
"94900.0";"3.931671"
"94910.0";"4.003369"
"94920.0";"3.945595"
"94930.0";"3.930558"
"94940.0";"3.958811"
"94950.0";"3.921418"
"94960.0";"3.982763"
"94970.0";"3.95701"
"94980.0";"3.934969"
"94990.0";"3.959139"
"95000.0";"3.973981"
"95010.0";"3.965623"
"95020.0";"3.914648"
"95030.0";"3.926904"
"95040.0";"3.861305"
"95050.0";"3.943748"
"95060.0";"3.916315"
"95070.0";"3.904363"
"95080.0";"3.971157"
"95090.0";"3.960176"
"95100.0";"3.928481"
"95110.0";"3.989836"
"95120.0";"3.890938"
"95130.0";"4.001843"
"95140.0";"3.990617"
"95150.0";"3.93632"
"95160.0";"3.947642"
"95170.0";"3.858529"
"95180.0";"3.942337"
"95190.0";"3.936081"
"95200.0";"3.966559"
"95210.0";"3.925144"
"95220.0";"3.97338"
"95230.0";"3.976574"
"95240.0";"3.920091"
"95250.0";"3.919064"
"95260.0";"3.940086"
"95270.0";"3.948939"
"95280.0";"3.912779"
"95290.0";"3.981123"
"95300.0";"3.979242"
"95310.0";"4.030041"
"95320.0";"3.971799"
"95330.0";"3.975692"
"95340.0";"3.975024"
"95350.0";"3.934002"
"95360.0";"4.003427"
"95370.0";"3.915588"
"95380.0";"3.949119"
"95390.0";"3.871786"
"95400.0";"3.934618"
"95410.0";"3.897375"
"95420.0";"3.86739"
"95430.0";"3.946071"
"95440.0";"3.91398"
"95450.0";"3.964203"
"95460.0";"3.998445"
"95470.0";"3.927893"
"95480.0";"3.906682"
"95490.0";"3.926419"
"95500.0";"3.93854"
"95510.0";"3.999636"
"95520.0";"4.030521"
"95530.0";"3.919413"
"95540.0";"3.953135"
"95550.0";"3.992586"
"95560.0";"3.976403"
"95570.0";"3.908697"
"95580.0";"3.910759"
"95590.0";"4.016265"
"95600.0";"3.985366"
"95610.0";"3.944636"
"95620.0";"3.984529"
"95630.0";"3.907493"
"95640.0";"3.848168"
"95650.0";"3.948354"
"95660.0";"3.938077"
"95670.0";"3.965773"
"95680.0";"3.970196"
"95690.0";"3.924745"
"95700.0";"3.998121"
"95710.0";"3.954876"
"95720.0";"3.910088"
"95730.0";"3.879751"
"95740.0";"3.944864"
"95750.0";"3.923345"
"95760.0";"3.893622"
"95770.0";"3.924549"
"95780.0";"3.899294"
"95790.0";"3.880731"
"95800.0";"3.908702"
"95810.0";"4.023228"
"95820.0";"3.949348"
"95830.0";"3.947202"
"95840.0";"3.992738"
"95850.0";"3.924555"
"95860.0";"3.977257"
"95870.0";"3.933696"
"95880.0";"3.910814"
"95890.0";"3.970563"
"95900.0";"3.952166"
"95910.0";"3.947435"
"95920.0";"3.95902"
"95930.0";"3.941457"
"95940.0";"3.999856"
"95950.0";"3.991895"
"95960.0";"3.928458"
"95970.0";"3.945241"
"95980.0";"3.928727"
"95990.0";"3.967255"
"96000.0";"3.901215"
"96010.0";"3.931132"
"96020.0";"3.907142"
"96030.0";"3.958125"
"96040.0";"3.94465"
"96050.0";"3.95234"
"96060.0";"3.915808"
"96070.0";"3.920504"
"96080.0";"3.993839"
"96090.0";"3.964354"
"96100.0";"3.975342"
"96110.0";"4.035933"
"96120.0";"3.898884"
"96130.0";"3.930919"
"96140.0";"4.034646"
"96150.0";"3.934099"
"96160.0";"3.905998"
"96170.0";"3.942322"
"96180.0";"4.028033"
"96190.0";"3.969399"
"96200.0";"3.976477"
"96210.0";"4.002895"
"96220.0";"4.053274"
"96230.0";"3.970846"
"96240.0";"3.99414"
"96250.0";"3.945292"
"96260.0";"3.987412"
"96270.0";"3.968956"
"96280.0";"3.944263"
"96290.0";"3.996502"
"96300.0";"3.982835"
"96310.0";"3.936541"
"96320.0";"3.992462"
"96330.0";"3.900827"
"96340.0";"3.955648"
"96350.0";"3.944388"
"96360.0";"3.936396"
"96370.0";"3.921868"
"96380.0";"3.889052"
"96390.0";"3.986642"
"96400.0";"3.986521"
"96410.0";"3.878913"
"96420.0";"4.014697"
"96430.0";"3.967264"
"96440.0";"4.013454"
"96450.0";"3.8849"
"96460.0";"3.904391"
"96470.0";"3.932124"
"96480.0";"3.956369"
"96490.0";"3.899132"
"96500.0";"3.927562"
"96510.0";"3.931591"
"96520.0";"3.942665"
"96530.0";"3.891248"
"96540.0";"3.961678"
"96550.0";"3.954803"
"96560.0";"3.909804"
"96570.0";"3.905668"
"96580.0";"3.912688"
"96590.0";"3.908516"
"96600.0";"3.958792"
"96610.0";"3.96943"
"96620.0";"3.966267"
"96630.0";"3.971652"
"96640.0";"3.924987"
"96650.0";"4.013618"
"96660.0";"3.933671"
"96670.0";"3.93532"
"96680.0";"3.860917"
"96690.0";"3.963246"
"96700.0";"3.959873"
"96710.0";"3.999332"
"96720.0";"3.926771"
"96730.0";"3.905552"
"96740.0";"3.937383"
"96750.0";"3.860709"
"96760.0";"3.940786"
"96770.0";"3.91796"
"96780.0";"3.909713"
"96790.0";"3.922658"
"96800.0";"4.004551"
"96810.0";"3.893323"
"96820.0";"3.945018"
"96830.0";"3.983881"
"96840.0";"4.003219"
"96850.0";"3.964306"
"96860.0";"3.869915"
"96870.0";"3.904555"
"96880.0";"3.967993"
"96890.0";"3.973396"
"96900.0";"3.907301"
"96910.0";"3.963048"
"96920.0";"3.96202"
"96930.0";"3.994393"
"96940.0";"3.917271"
"96950.0";"3.891076"
"96960.0";"3.8745"
"96970.0";"3.889692"
"96980.0";"3.936461"
"96990.0";"3.926147"
"97000.0";"3.931171"
"97010.0";"3.906498"
"97020.0";"3.963573"
"97030.0";"4.011518"
"97040.0";"3.92912"
"97050.0";"3.923346"
"97060.0";"3.908281"
"97070.0";"3.946069"
"97080.0";"3.960341"
"97090.0";"3.923466"
"97100.0";"3.880975"
"97110.0";"3.980094"
"97120.0";"3.862055"
"97130.0";"3.909008"
"97140.0";"3.942199"
"97150.0";"3.904673"
"97160.0";"3.931616"
"97170.0";"3.942216"
"97180.0";"3.906639"
"97190.0";"3.937873"
"97200.0";"3.985928"
"97210.0";"4.007091"
"97220.0";"3.890923"
"97230.0";"3.976459"
"97240.0";"3.897345"
"97250.0";"3.937144"
"97260.0";"3.941844"
"97270.0";"3.941893"
"97280.0";"3.89992"
"97290.0";"3.941171"
"97300.0";"3.901428"
"97310.0";"3.949673"
"97320.0";"3.967767"
"97330.0";"3.927522"
"97340.0";"3.898133"
"97350.0";"3.962298"
"97360.0";"3.974586"
"97370.0";"3.836555"
"97380.0";"3.964874"
"97390.0";"3.924006"
"97400.0";"3.978016"
"97410.0";"3.890115"
"97420.0";"3.984723"
"97430.0";"3.9056"
"97440.0";"3.927324"
"97450.0";"3.858995"
"97460.0";"3.950519"
"97470.0";"3.967313"
"97480.0";"3.944197"
"97490.0";"3.982969"
"97500.0";"3.987268"
"97510.0";"3.899229"
"97520.0";"3.807893"
"97530.0";"3.822579"
"97540.0";"3.924351"
"97550.0";"3.954969"
"97560.0";"3.762563"
"97570.0";"3.758564"
"97580.0";"3.862869"
"97590.0";"3.841813"
"97600.0";"3.892122"
"97610.0";"3.769844"
"97620.0";"3.903714"
"97630.0";"3.990204"
"97640.0";"3.87386"
"97650.0";"3.907326"
"97660.0";"3.907748"
"97670.0";"3.889564"
"97680.0";"3.865164"
"97690.0";"3.875407"
"97700.0";"3.911551"
"97710.0";"3.874211"
"97720.0";"3.846292"
"97730.0";"3.98182"
"97740.0";"3.870368"
"97750.0";"3.798188"
"97760.0";"3.859261"
"97770.0";"3.84952"
"97780.0";"3.868423"
"97790.0";"3.881871"
"97800.0";"3.918627"
"97810.0";"3.946353"
"97820.0";"3.819577"
"97830.0";"3.852059"
"97840.0";"3.796679"
"97850.0";"3.849626"
"97860.0";"3.897031"
"97870.0";"3.807718"
"97880.0";"3.773519"
"97890.0";"3.760868"
"97900.0";"3.856848"
"97910.0";"3.861952"
"97920.0";"3.851506"
"97930.0";"3.932645"
"97940.0";"3.794764"
"97950.0";"3.851039"
"97960.0";"3.900654"
"97970.0";"3.979516"
"97980.0";"3.883522"
"97990.0";"3.79088"
"98000.0";"3.796625"
"98010.0";"3.782699"
"98020.0";"3.803819"
"98030.0";"3.929204"
"98040.0";"3.966293"
"98050.0";"3.896986"
"98060.0";"3.915496"
"98070.0";"3.99005"
"98080.0";"3.99044"
"98090.0";"3.92455"
"98100.0";"3.938301"
"98110.0";"3.94439"
"98120.0";"3.887826"
"98130.0";"3.871991"
"98140.0";"3.988236"
"98150.0";"3.907371"
"98160.0";"3.887626"
"98170.0";"3.984735"
"98180.0";"3.970705"
"98190.0";"4.005757"
"98200.0";"3.979443"
"98210.0";"4.000558"
"98220.0";"3.927551"
"98230.0";"3.947642"
"98240.0";"3.97022"
"98250.0";"4.004539"
"98260.0";"3.934495"
"98270.0";"3.925106"
"98280.0";"3.97325"
"98290.0";"3.989295"
"98300.0";"3.782927"
"98310.0";"3.843531"
"98320.0";"3.896111"
"98330.0";"3.94228"
"98340.0";"3.900781"
"98350.0";"3.979042"
"98360.0";"3.990782"
"98370.0";"3.959711"
"98380.0";"4.013259"
"98390.0";"3.94445"
"98400.0";"3.930868"
"98410.0";"3.933872"
"98420.0";"3.973973"
"98430.0";"3.912849"
"98440.0";"3.909381"
"98450.0";"3.971715"
"98460.0";"3.940024"
"98470.0";"3.892283"
"98480.0";"3.856121"
"98490.0";"3.868532"
"98500.0";"3.89829"
"98510.0";"3.886589"
"98520.0";"3.817378"
"98530.0";"3.825694"
"98540.0";"3.912785"
"98550.0";"3.877471"
"98560.0";"3.898623"
"98570.0";"4.005515"
"98580.0";"3.909723"
"98590.0";"3.885107"
"98600.0";"3.836326"
"98610.0";"3.94358"
"98620.0";"3.905536"
"98630.0";"3.907727"
"98640.0";"3.957194"
"98650.0";"3.936957"
"98660.0";"3.895643"
"98670.0";"3.925562"
"98680.0";"3.987332"
"98690.0";"3.986403"
"98700.0";"3.927299"
"98710.0";"3.960861"
"98720.0";"3.91474"
"98730.0";"3.943896"
"98740.0";"3.933559"
"98750.0";"3.92659"
"98760.0";"3.942671"
"98770.0";"3.975184"
"98780.0";"3.850494"
"98790.0";"3.953754"
"98800.0";"3.972449"
"98810.0";"3.916148"
"98820.0";"3.977099"
"98830.0";"3.908132"
"98840.0";"3.97894"
"98850.0";"3.918614"
"98860.0";"3.889454"
"98870.0";"3.946957"
"98880.0";"3.964039"
"98890.0";"3.96151"
"98900.0";"4.004453"
"98910.0";"3.92529"
"98920.0";"3.933244"
"98930.0";"3.976283"
"98940.0";"3.965037"
"98950.0";"3.899534"
"98960.0";"3.944084"
"98970.0";"3.865252"
"98980.0";"3.926873"
"98990.0";"3.955128"
"99000.0";"3.856906"
"99010.0";"3.89677"
"99020.0";"3.879219"
"99030.0";"3.902493"
"99040.0";"3.917113"
"99050.0";"3.957978"
"99060.0";"4.009295"
"99070.0";"3.87417"
"99080.0";"3.861716"
"99090.0";"3.934668"
"99100.0";"3.87244"
"99110.0";"3.87194"
"99120.0";"3.882659"
"99130.0";"3.891718"
"99140.0";"3.906757"
"99150.0";"3.986414"
"99160.0";"3.923523"
"99170.0";"3.842366"
"99180.0";"3.962237"
"99190.0";"3.94785"
"99200.0";"3.911005"
"99210.0";"3.950787"
"99220.0";"3.893048"
"99230.0";"3.965744"
"99240.0";"3.886069"
"99250.0";"3.915245"
"99260.0";"3.970213"
"99270.0";"3.951004"
"99280.0";"3.976992"
"99290.0";"3.935849"
"99300.0";"3.891619"
"99310.0";"3.93321"
"99320.0";"3.831864"
"99330.0";"3.935108"
"99340.0";"3.910248"
"99350.0";"3.868213"
"99360.0";"3.922159"
"99370.0";"3.911591"
"99380.0";"3.937141"
"99390.0";"3.988745"
"99400.0";"3.964226"
"99410.0";"3.996625"
"99420.0";"3.926854"
"99430.0";"3.869916"
"99440.0";"3.943581"
"99450.0";"3.957679"
"99460.0";"3.904451"
"99470.0";"3.889438"
"99480.0";"4.013157"
"99490.0";"3.907066"
"99500.0";"3.955531"
"99510.0";"3.894887"
"99520.0";"3.953126"
"99530.0";"3.969038"
"99540.0";"3.930572"
"99550.0";"3.992071"
"99560.0";"4.001992"
"99570.0";"4.028523"
"99580.0";"3.988316"
"99590.0";"4.007707"
"99600.0";"4.006866"
"99610.0";"3.922056"
"99620.0";"3.958033"
"99630.0";"3.937568"
"99640.0";"4.007934"
"99650.0";"3.934746"
"99660.0";"3.899435"
"99670.0";"3.907597"
"99680.0";"4.022952"
"99690.0";"3.94229"
"99700.0";"3.987114"
"99710.0";"3.957559"
"99720.0";"3.978543"
"99730.0";"4.009335"
"99740.0";"3.988493"
"99750.0";"3.951904"
"99760.0";"3.959383"
"99770.0";"3.996734"
"99780.0";"3.960314"
"99790.0";"3.88124"
"99800.0";"3.953716"
"99810.0";"3.973684"
"99820.0";"3.924048"
"99830.0";"3.941986"
"99840.0";"3.892595"
"99850.0";"3.944477"
"99860.0";"3.988135"
"99870.0";"3.916838"
"99880.0";"3.955884"
"99890.0";"3.934764"
"99900.0";"4.024204"
"99910.0";"3.906364"
"99920.0";"3.942653"
"99930.0";"3.971377"
"99940.0";"3.931527"
"99950.0";"3.917062"
"99960.0";"3.923615"
"99970.0";"3.964686"
"99980.0";"3.955156"
"99990.0";"3.995858"
"100000.0";"3.963217"
"100010.0";"3.936364"
"100020.0";"3.984894"
"100030.0";"3.999886"
"100040.0";"3.98818"
"100050.0";"3.94381"
"100060.0";"3.949184"
"100070.0";"3.937896"
"100080.0";"3.985833"
"100090.0";"3.950974"
"100100.0";"3.926527"
"100110.0";"3.871282"
"100120.0";"3.844691"
"100130.0";"3.980848"
"100140.0";"3.904655"
"100150.0";"3.936398"
"100160.0";"3.961075"
"100170.0";"3.973196"
"100180.0";"3.958487"
"100190.0";"3.936846"
"100200.0";"3.954887"
"100210.0";"3.908459"
"100220.0";"3.924086"
"100230.0";"4.024419"
"100240.0";"3.898738"
"100250.0";"3.926311"
"100260.0";"3.933289"
"100270.0";"3.963591"
"100280.0";"3.920965"
"100290.0";"3.852277"
"100300.0";"4.012268"
"100310.0";"3.931793"
"100320.0";"3.916847"
"100330.0";"3.992543"
"100340.0";"3.971902"
"100350.0";"4.031593"
"100360.0";"3.966871"
"100370.0";"3.951122"
"100380.0";"4.010539"
"100390.0";"3.892912"
"100400.0";"4.000251"
"100410.0";"4.003655"
"100420.0";"3.985345"
"100430.0";"3.955238"
"100440.0";"3.92654"
"100450.0";"3.990378"
"100460.0";"3.872169"
"100470.0";"4.026639"
"100480.0";"3.978483"
"100490.0";"3.949627"
"100500.0";"3.988086"
"100510.0";"4.003476"
"100520.0";"4.011298"
"100530.0";"3.975927"
"100540.0";"3.938317"
"100550.0";"3.974992"
"100560.0";"3.908172"
"100570.0";"3.86048"
"100580.0";"3.893361"
"100590.0";"3.944068"
"100600.0";"3.895802"
"100610.0";"3.916439"
"100620.0";"3.97509"
"100630.0";"3.993165"
"100640.0";"3.971202"
"100650.0";"3.845915"
"100660.0";"3.909357"
"100670.0";"3.966325"
"100680.0";"3.917319"
"100690.0";"3.915186"
"100700.0";"3.898561"
"100710.0";"3.939531"
"100720.0";"3.988943"
"100730.0";"4.002202"
"100740.0";"3.905354"
"100750.0";"3.938999"
"100760.0";"4.013991"
"100770.0";"3.890128"
"100780.0";"3.964922"
"100790.0";"3.984335"
"100800.0";"3.929628"
"100810.0";"3.910644"
"100820.0";"4.004164"
"100830.0";"3.949034"
"100840.0";"3.959237"
"100850.0";"3.96002"
"100860.0";"3.970692"
"100870.0";"3.931998"
"100880.0";"4.002972"
"100890.0";"3.883806"
"100900.0";"3.926012"
"100910.0";"3.880717"
"100920.0";"3.910251"
"100930.0";"4.001291"
"100940.0";"4.017186"
"100950.0";"3.9909"
"100960.0";"3.99302"
"100970.0";"3.917557"
"100980.0";"3.871361"
"100990.0";"3.998333"
"101000.0";"3.917145"
"101010.0";"3.924264"
"101020.0";"4.018578"
"101030.0";"3.983948"
"101040.0";"3.961233"
"101050.0";"3.969714"
"101060.0";"4.0491"
"101070.0";"3.980703"
"101080.0";"4.000047"
"101090.0";"4.008468"
"101100.0";"3.986798"
"101110.0";"3.976781"
"101120.0";"3.977974"
"101130.0";"3.890008"
"101140.0";"3.971206"
"101150.0";"3.954362"
"101160.0";"3.920139"
"101170.0";"3.855996"
"101180.0";"3.893764"
"101190.0";"3.900006"
"101200.0";"3.91452"
"101210.0";"3.975446"
"101220.0";"3.947035"
"101230.0";"3.878342"
"101240.0";"3.929053"
"101250.0";"3.926273"
"101260.0";"3.997515"
"101270.0";"4.023315"
"101280.0";"3.92087"
"101290.0";"3.955945"
"101300.0";"3.948983"
"101310.0";"3.924398"
"101320.0";"3.973035"
"101330.0";"3.940478"
"101340.0";"3.977454"
"101350.0";"3.939805"
"101360.0";"3.959881"
"101370.0";"4.002508"
"101380.0";"3.937117"
"101390.0";"3.952763"
"101400.0";"3.976679"
"101410.0";"3.952657"
"101420.0";"3.888072"
"101430.0";"3.968195"
"101440.0";"3.954168"
"101450.0";"3.891411"
"101460.0";"3.980072"
"101470.0";"3.983715"
"101480.0";"4.054282"
"101490.0";"3.97013"
"101500.0";"3.951468"
"101510.0";"3.970448"
"101520.0";"3.93908"
"101530.0";"3.905519"
"101540.0";"3.92476"
"101550.0";"3.963345"
"101560.0";"4.033055"
"101570.0";"4.003603"
"101580.0";"3.903176"
"101590.0";"3.966014"
"101600.0";"4.057945"
"101610.0";"3.988452"
"101620.0";"4.029249"
"101630.0";"3.970922"
"101640.0";"3.932466"
"101650.0";"3.947305"
"101660.0";"3.99512"
"101670.0";"3.952421"
"101680.0";"3.919724"
"101690.0";"3.994742"
"101700.0";"3.95207"
"101710.0";"4.015189"
"101720.0";"3.985377"
"101730.0";"3.922722"
"101740.0";"3.91051"
"101750.0";"3.903899"
"101760.0";"3.948944"
"101770.0";"3.96114"
"101780.0";"3.953481"
"101790.0";"3.952861"
"101800.0";"3.943984"
"101810.0";"3.95603"
"101820.0";"3.922781"
"101830.0";"3.96422"
"101840.0";"4.000637"
"101850.0";"3.94363"
"101860.0";"4.009751"
"101870.0";"3.975414"
"101880.0";"3.962414"
"101890.0";"3.977354"
"101900.0";"4.047029"
"101910.0";"3.999349"
"101920.0";"3.965529"
"101930.0";"3.993101"
"101940.0";"3.999716"
"101950.0";"3.991392"
"101960.0";"4.033216"
"101970.0";"4.093798"
"101980.0";"3.98115"
"101990.0";"4.065079"
"102000.0";"4.011776"
"102010.0";"4.025821"
"102020.0";"3.999084"
"102030.0";"3.99332"
"102040.0";"4.066324"
"102050.0";"4.043974"
"102060.0";"4.089419"
"102070.0";"4.016107"
"102080.0";"4.042563"
"102090.0";"4.077102"
"102100.0";"4.093246"
"102110.0";"4.038554"
"102120.0";"4.077038"
"102130.0";"4.125218"
"102140.0";"4.065717"
"102150.0";"3.985638"
"102160.0";"4.080506"
"102170.0";"4.054874"
"102180.0";"3.969438"
"102190.0";"4.086917"
"102200.0";"4.117635"
"102210.0";"4.083076"
"102220.0";"4.039491"
"102230.0";"4.040004"
"102240.0";"4.025059"
"102250.0";"4.061543"
"102260.0";"4.064569"
"102270.0";"4.029831"
"102280.0";"3.927284"
"102290.0";"3.955143"
"102300.0";"4.083104"
"102310.0";"4.031958"
"102320.0";"4.070214"
"102330.0";"4.032566"
"102340.0";"4.058774"
"102350.0";"4.022511"
"102360.0";"4.116426"
"102370.0";"4.049036"
"102380.0";"4.112645"
"102390.0";"4.059953"
"102400.0";"4.075597"
"102410.0";"4.105958"
"102420.0";"3.954541"
"102430.0";"3.865895"
"102440.0";"3.953505"
"102450.0";"3.98676"
"102460.0";"4.006459"
"102470.0";"4.003702"
"102480.0";"4.040904"
"102490.0";"4.001487"
"102500.0";"3.998011"
"102510.0";"4.005183"
"102520.0";"3.966569"
"102530.0";"3.996502"
"102540.0";"3.997714"
"102550.0";"3.973867"
"102560.0";"3.93428"
"102570.0";"3.932286"
"102580.0";"3.924581"
"102590.0";"3.967909"
"102600.0";"3.942463"
"102610.0";"3.88551"
"102620.0";"3.898006"
"102630.0";"3.93771"
"102640.0";"3.925981"
"102650.0";"3.904153"
"102660.0";"3.957285"
"102670.0";"3.997686"
"102680.0";"3.999561"
"102690.0";"3.972727"
"102700.0";"3.996646"
"102710.0";"3.993503"
"102720.0";"3.980061"
"102730.0";"4.012683"
"102740.0";"4.004716"
"102750.0";"3.962876"
"102760.0";"3.977669"
"102770.0";"3.953044"
"102780.0";"4.009018"
"102790.0";"3.914254"
"102800.0";"4.075172"
"102810.0";"4.043955"
"102820.0";"4.006794"
"102830.0";"3.969969"
"102840.0";"3.969745"
"102850.0";"4.071009"
"102860.0";"4.020511"
"102870.0";"4.016005"
"102880.0";"4.04817"
"102890.0";"4.051042"
"102900.0";"3.972053"
"102910.0";"3.955583"
"102920.0";"4.046299"
"102930.0";"4.037023"
"102940.0";"4.033841"
"102950.0";"3.949589"
"102960.0";"4.024704"
"102970.0";"3.990527"
"102980.0";"4.010696"
"102990.0";"3.935715"
"103000.0";"4.047803"
"103010.0";"4.007249"
"103020.0";"3.981841"
"103030.0";"3.897619"
"103040.0";"3.962995"
"103050.0";"3.99772"
"103060.0";"3.978042"
"103070.0";"3.995568"
"103080.0";"3.983874"
"103090.0";"3.952763"
"103100.0";"3.935625"
"103110.0";"3.95082"
"103120.0";"3.966097"
"103130.0";"4.036543"
"103140.0";"3.994106"
"103150.0";"3.992915"
"103160.0";"3.871563"
"103170.0";"4.035459"
"103180.0";"4.017765"
"103190.0";"3.961108"
"103200.0";"3.952635"
"103210.0";"3.996408"
"103220.0";"4.04729"
"103230.0";"3.955221"
"103240.0";"3.971501"
"103250.0";"3.964342"
"103260.0";"3.978396"
"103270.0";"4.008072"
"103280.0";"4.026608"
"103290.0";"3.970061"
"103300.0";"3.985078"
"103310.0";"3.975037"
"103320.0";"3.936852"
"103330.0";"4.030001"
"103340.0";"4.023216"
"103350.0";"3.919063"
"103360.0";"3.948182"
"103370.0";"3.952154"
"103380.0";"3.974167"
"103390.0";"3.967188"
"103400.0";"3.979641"
"103410.0";"4.019942"
"103420.0";"3.943535"
"103430.0";"3.949213"
"103440.0";"3.916444"
"103450.0";"3.950752"
"103460.0";"3.955478"
"103470.0";"3.933277"
"103480.0";"3.927883"
"103490.0";"3.945135"
"103500.0";"3.950061"
"103510.0";"3.926716"
"103520.0";"3.975394"
"103530.0";"3.961698"
"103540.0";"3.885025"
"103550.0";"3.942214"
"103560.0";"3.985566"
"103570.0";"3.929765"
"103580.0";"3.983475"
"103590.0";"3.956218"
"103600.0";"3.984841"
"103610.0";"3.904611"
"103620.0";"3.913837"
"103630.0";"3.951243"
"103640.0";"3.940151"
"103650.0";"3.931413"
"103660.0";"3.997886"
"103670.0";"3.964619"
"103680.0";"3.95995"
"103690.0";"3.967007"
"103700.0";"4.015198"
"103710.0";"3.97788"
"103720.0";"3.903802"
"103730.0";"4.043259"
"103740.0";"4.012447"
"103750.0";"3.999979"
"103760.0";"3.981973"
"103770.0";"4.054885"
"103780.0";"4.026745"
"103790.0";"4.009083"
"103800.0";"3.975531"
"103810.0";"3.947122"
"103820.0";"3.976291"
"103830.0";"3.943272"
"103840.0";"3.94341"
"103850.0";"3.904298"
"103860.0";"3.884357"
"103870.0";"3.982191"
"103880.0";"3.922879"
"103890.0";"3.989506"
"103900.0";"3.961597"
"103910.0";"3.945241"
"103920.0";"3.922092"
"103930.0";"3.991192"
"103940.0";"3.942127"
"103950.0";"3.969338"
"103960.0";"4.044255"
"103970.0";"3.971054"
"103980.0";"3.983308"
"103990.0";"3.899388"
"104000.0";"3.950405"
"104010.0";"3.972275"
"104020.0";"3.937209"
"104030.0";"3.936616"
"104040.0";"3.945115"
"104050.0";"3.986179"
"104060.0";"3.871553"
"104070.0";"3.906679"
"104080.0";"3.960609"
"104090.0";"3.943079"
"104100.0";"3.958433"
"104110.0";"3.913004"
"104120.0";"3.927393"
"104130.0";"3.945452"
"104140.0";"3.999389"
"104150.0";"3.95629"
"104160.0";"4.005249"
"104170.0";"3.909487"
"104180.0";"3.92852"
"104190.0";"3.913147"
"104200.0";"3.902272"
"104210.0";"3.888967"
"104220.0";"3.990477"
"104230.0";"3.919279"
"104240.0";"4.001844"
"104250.0";"4.019354"
"104260.0";"4.012587"
"104270.0";"4.027457"
"104280.0";"4.018513"
"104290.0";"4.03612"
"104300.0";"3.979599"
"104310.0";"4.023326"
"104320.0";"4.025514"
"104330.0";"4.022128"
"104340.0";"4.093481"
"104350.0";"4.014616"
"104360.0";"4.020777"
"104370.0";"4.084596"
"104380.0";"4.064732"
"104390.0";"4.063668"
"104400.0";"4.036447"
"104410.0";"4.039932"
"104420.0";"4.025695"
"104430.0";"4.065211"
"104440.0";"4.028632"
"104450.0";"3.988532"
"104460.0";"3.939706"
"104470.0";"3.975346"
"104480.0";"3.889608"
"104490.0";"4.001643"
"104500.0";"4.018201"
"104510.0";"4.01457"
"104520.0";"4.028675"
"104530.0";"3.984312"
"104540.0";"3.964758"
"104550.0";"3.966036"
"104560.0";"4.069384"
"104570.0";"4.090117"
"104580.0";"4.039485"
"104590.0";"3.949936"
"104600.0";"4.025578"
"104610.0";"4.046243"
"104620.0";"4.057299"
"104630.0";"4.026713"
"104640.0";"3.976558"
"104650.0";"4.000358"
"104660.0";"4.017086"
"104670.0";"3.996735"
"104680.0";"4.010159"
"104690.0";"4.011216"
"104700.0";"3.957707"
"104710.0";"4.08619"
"104720.0";"4.027075"
"104730.0";"3.919255"
"104740.0";"4.040917"
"104750.0";"3.984411"
"104760.0";"4.047306"
"104770.0";"4.011265"
"104780.0";"4.012716"
"104790.0";"3.977427"
"104800.0";"3.977669"
"104810.0";"3.91844"
"104820.0";"4.004459"
"104830.0";"3.946908"
"104840.0";"3.900759"
"104850.0";"3.957494"
"104860.0";"3.956536"
"104870.0";"3.911767"
"104880.0";"3.976296"
"104890.0";"3.912364"
"104900.0";"3.928296"
"104910.0";"3.943977"
"104920.0";"3.936603"
"104930.0";"3.895387"
"104940.0";"3.946915"
"104950.0";"3.988288"
"104960.0";"3.952057"
"104970.0";"3.906807"
"104980.0";"3.946373"
"104990.0";"3.850118"
"105000.0";"3.97772"
"105010.0";"3.951456"
"105020.0";"4.035047"
"105030.0";"3.961385"
"105040.0";"3.975985"
"105050.0";"3.894225"
"105060.0";"4.068863"
"105070.0";"3.960266"
"105080.0";"3.996731"
"105090.0";"4.014218"
"105100.0";"3.989385"
"105110.0";"3.977908"
"105120.0";"4.00245"
"105130.0";"4.022008"
"105140.0";"4.084359"
"105150.0";"4.052017"
"105160.0";"4.076559"
"105170.0";"4.085895"
"105180.0";"4.012212"
"105190.0";"4.059068"
"105200.0";"4.010067"
"105210.0";"4.023987"
"105220.0";"4.026354"
"105230.0";"4.070008"
"105240.0";"4.134183"
"105250.0";"4.145643"
"105260.0";"4.051418"
"105270.0";"4.074301"
"105280.0";"4.138176"
"105290.0";"4.041548"
"105300.0";"3.998399"
"105310.0";"4.095826"
"105320.0";"4.13148"
"105330.0";"4.106931"
"105340.0";"4.052422"
"105350.0";"3.973106"
"105360.0";"4.007122"
"105370.0";"3.999809"
"105380.0";"4.083229"
"105390.0";"3.997193"
"105400.0";"4.022215"
"105410.0";"4.028084"
"105420.0";"3.971816"
"105430.0";"4.009845"
"105440.0";"4.081812"
"105450.0";"4.052234"
"105460.0";"4.103323"
"105470.0";"4.017776"
"105480.0";"4.098074"
"105490.0";"4.100518"
"105500.0";"4.101791"
"105510.0";"4.060872"
"105520.0";"4.037585"
"105530.0";"4.078891"
"105540.0";"4.068956"
"105550.0";"4.025667"
"105560.0";"3.932366"
"105570.0";"4.056691"
"105580.0";"4.008548"
"105590.0";"4.048597"
"105600.0";"4.03418"
"105610.0";"4.047756"
"105620.0";"4.068443"
"105630.0";"4.049795"
"105640.0";"4.092469"
"105650.0";"4.04925"
"105660.0";"4.109379"
"105670.0";"4.019507"
"105680.0";"3.988163"
"105690.0";"4.016937"
"105700.0";"3.963015"
"105710.0";"4.029457"
"105720.0";"4.053779"
"105730.0";"4.013138"
"105740.0";"4.064887"
"105750.0";"3.955724"
"105760.0";"4.02311"
"105770.0";"4.100688"
"105780.0";"4.003669"
"105790.0";"3.989442"
"105800.0";"4.053728"
"105810.0";"3.947977"
"105820.0";"3.963935"
"105830.0";"3.949084"
"105840.0";"4.017797"
"105850.0";"4.016774"
"105860.0";"4.006413"
"105870.0";"3.973932"
"105880.0";"4.05863"
"105890.0";"3.99711"
"105900.0";"3.962337"
"105910.0";"4.023718"
"105920.0";"4.002585"
"105930.0";"3.986929"
"105940.0";"3.992651"
"105950.0";"3.956966"
"105960.0";"3.929395"
"105970.0";"4.037095"
"105980.0";"4.120803"
"105990.0";"4.086464"
"106000.0";"3.925802"
"106010.0";"4.011624"
"106020.0";"4.084432"
"106030.0";"4.026416"
"106040.0";"3.983381"
"106050.0";"3.95842"
"106060.0";"3.93886"
"106070.0";"3.880007"
"106080.0";"3.918728"
"106090.0";"3.856675"
"106100.0";"3.935462"
"106110.0";"3.992726"
"106120.0";"3.978993"
"106130.0";"4.009705"
"106140.0";"3.976588"
"106150.0";"4.07001"
"106160.0";"3.975755"
"106170.0";"4.005181"
"106180.0";"4.016206"
"106190.0";"4.048306"
"106200.0";"4.014847"
"106210.0";"3.859171"
"106220.0";"3.988974"
"106230.0";"3.927469"
"106240.0";"3.99282"
"106250.0";"4.026457"
"106260.0";"4.035639"
"106270.0";"4.028339"
"106280.0";"4.103707"
"106290.0";"4.098987"
"106300.0";"4.019001"
"106310.0";"4.009783"
"106320.0";"3.988284"
"106330.0";"3.941145"
"106340.0";"4.060545"
"106350.0";"3.962807"
"106360.0";"3.9447"
"106370.0";"3.978555"
"106380.0";"4.040768"
"106390.0";"4.063823"
"106400.0";"4.072756"
"106410.0";"3.998904"
"106420.0";"4.027636"
"106430.0";"4.057086"
"106440.0";"3.996921"
"106450.0";"4.101131"
"106460.0";"4.036817"
"106470.0";"4.049588"
"106480.0";"3.986053"
"106490.0";"4.020297"
"106500.0";"4.090648"
"106510.0";"4.049632"
"106520.0";"4.021443"
"106530.0";"4.053865"
"106540.0";"4.0051"
"106550.0";"4.048734"
"106560.0";"3.952283"
"106570.0";"4.029817"
"106580.0";"4.02937"
"106590.0";"4.008152"
"106600.0";"3.964001"
"106610.0";"3.957293"
"106620.0";"4.088477"
"106630.0";"4.066799"
"106640.0";"3.945063"
"106650.0";"3.959463"
"106660.0";"3.882984"
"106670.0";"3.985355"
"106680.0";"4.075966"
"106690.0";"4.108301"
"106700.0";"4.083958"
"106710.0";"4.098471"
"106720.0";"4.121801"
"106730.0";"4.197905"
"106740.0";"4.114817"
"106750.0";"4.111808"
"106760.0";"4.120433"
"106770.0";"4.105699"
"106780.0";"4.091877"
"106790.0";"4.136818"
"106800.0";"4.092817"
"106810.0";"4.099195"
"106820.0";"4.12197"
"106830.0";"4.084341"
"106840.0";"4.16516"
"106850.0";"4.212221"
"106860.0";"4.148875"
"106870.0";"4.125865"
"106880.0";"3.998241"
"106890.0";"4.037745"
"106900.0";"4.047714"
"106910.0";"4.141719"
"106920.0";"4.127528"
"106930.0";"4.002604"
"106940.0";"4.102533"
"106950.0";"4.081537"
"106960.0";"4.146282"
"106970.0";"4.050763"
"106980.0";"3.983569"
"106990.0";"3.996589"
"107000.0";"4.008098"
"107010.0";"3.97109"
"107020.0";"3.965454"
"107030.0";"4.008879"
"107040.0";"3.974722"
"107050.0";"4.018806"
"107060.0";"4.012222"
"107070.0";"4.024939"
"107080.0";"3.940513"
"107090.0";"3.967022"
"107100.0";"4.020493"
"107110.0";"3.921992"
"107120.0";"3.942928"
"107130.0";"3.915793"
"107140.0";"3.879039"
"107150.0";"3.999365"
"107160.0";"3.993173"
"107170.0";"4.007764"
"107180.0";"4.024938"
"107190.0";"3.910821"
"107200.0";"3.928811"
"107210.0";"3.929471"
"107220.0";"3.95232"
"107230.0";"3.909887"
"107240.0";"3.974995"
"107250.0";"3.956821"
"107260.0";"3.997839"
"107270.0";"3.953824"
"107280.0";"3.917166"
"107290.0";"3.958565"
"107300.0";"3.866274"
"107310.0";"3.943322"
"107320.0";"3.91632"
"107330.0";"3.943044"
"107340.0";"3.944926"
"107350.0";"3.974812"
"107360.0";"3.9603"
"107370.0";"4.0123"
"107380.0";"3.930974"
"107390.0";"3.926957"
"107400.0";"3.94421"
"107410.0";"3.950551"
"107420.0";"3.950249"
"107430.0";"3.918826"
"107440.0";"3.862167"
"107450.0";"3.883616"
"107460.0";"3.96293"
"107470.0";"3.907274"
"107480.0";"3.866455"
"107490.0";"3.986426"
"107500.0";"3.933818"
"107510.0";"3.936357"
"107520.0";"3.881069"
"107530.0";"3.855305"
"107540.0";"3.963264"
"107550.0";"3.895895"
"107560.0";"3.966296"
"107570.0";"3.975705"
"107580.0";"3.856467"
"107590.0";"3.975883"
"107600.0";"3.923322"
"107610.0";"3.995694"
"107620.0";"4.01226"
"107630.0";"3.9026"
"107640.0";"3.975804"
"107650.0";"3.886315"
"107660.0";"3.889164"
"107670.0";"3.940352"
"107680.0";"4.006436"
"107690.0";"3.853335"
"107700.0";"3.873385"
"107710.0";"3.898229"
"107720.0";"3.896556"
"107730.0";"4.007341"
"107740.0";"3.942493"
"107750.0";"3.991369"
"107760.0";"3.911245"
"107770.0";"3.949725"
"107780.0";"3.974842"
"107790.0";"3.956685"
"107800.0";"3.933229"
"107810.0";"3.914639"
"107820.0";"3.987755"
"107830.0";"3.94671"
"107840.0";"3.989938"
"107850.0";"3.891217"
"107860.0";"3.93387"
"107870.0";"3.8738"
"107880.0";"3.92116"
"107890.0";"3.967407"
"107900.0";"3.967456"
"107910.0";"3.921146"
"107920.0";"3.887546"
"107930.0";"3.952979"
"107940.0";"3.915358"
"107950.0";"3.962433"
"107960.0";"3.922454"
"107970.0";"3.999571"
"107980.0";"4.008218"
"107990.0";"3.961377"
"108000.0";"3.972932"
"108010.0";"4.024548"
"108020.0";"3.933797"
"108030.0";"3.930216"
"108040.0";"4.006636"
"108050.0";"3.948031"
"108060.0";"3.943259"
"108070.0";"3.919525"
"108080.0";"3.984982"
"108090.0";"3.938997"
"108100.0";"3.888742"
"108110.0";"3.911495"
"108120.0";"3.976464"
"108130.0";"3.895577"
"108140.0";"3.933317"
"108150.0";"3.907362"
"108160.0";"3.95119"
"108170.0";"3.984185"
"108180.0";"3.939599"
"108190.0";"3.8986"
"108200.0";"3.952762"
"108210.0";"3.973545"
"108220.0";"3.957632"
"108230.0";"3.879981"
"108240.0";"3.947253"
"108250.0";"3.915437"
"108260.0";"3.896562"
"108270.0";"4.003845"
"108280.0";"3.990733"
"108290.0";"3.901019"
"108300.0";"3.943107"
"108310.0";"3.973962"
"108320.0";"3.901551"
"108330.0";"3.957541"
"108340.0";"3.962079"
"108350.0";"3.929944"
"108360.0";"3.986848"
"108370.0";"3.955801"
"108380.0";"3.979295"
"108390.0";"3.961799"
"108400.0";"3.913039"
"108410.0";"3.908911"
"108420.0";"3.945128"
"108430.0";"3.908209"
"108440.0";"3.965782"
"108450.0";"3.930933"
"108460.0";"3.974064"
"108470.0";"3.982803"
"108480.0";"3.968787"
"108490.0";"3.924262"
"108500.0";"3.926486"
"108510.0";"3.982674"
"108520.0";"3.944365"
"108530.0";"3.994817"
"108540.0";"3.985018"
"108550.0";"3.972383"
"108560.0";"3.95191"
"108570.0";"3.92413"
"108580.0";"3.903502"
"108590.0";"3.862545"
"108600.0";"3.884876"
"108610.0";"3.882083"
"108620.0";"3.909896"
"108630.0";"3.940486"
"108640.0";"3.96137"
"108650.0";"3.915257"
"108660.0";"3.932354"
"108670.0";"3.927984"
"108680.0";"3.936825"
"108690.0";"3.972881"
"108700.0";"3.972772"
"108710.0";"3.932937"
"108720.0";"3.893704"
"108730.0";"3.980137"
"108740.0";"3.981561"
"108750.0";"3.974804"
"108760.0";"3.959617"
"108770.0";"3.919247"
"108780.0";"3.906675"
"108790.0";"3.966388"
"108800.0";"3.928586"
"108810.0";"3.897409"
"108820.0";"3.915325"
"108830.0";"3.867635"
"108840.0";"3.981474"
"108850.0";"3.913467"
"108860.0";"3.878597"
"108870.0";"3.93556"
"108880.0";"3.991758"
"108890.0";"3.925136"
"108900.0";"3.924614"
"108910.0";"3.982592"
"108920.0";"3.957483"
"108930.0";"3.970974"
"108940.0";"3.94169"
"108950.0";"4.026367"
"108960.0";"3.936614"
"108970.0";"3.960952"
"108980.0";"3.960957"
"108990.0";"3.878862"
"109000.0";"3.921367"
"109010.0";"3.916963"
"109020.0";"3.982625"
"109030.0";"3.928311"
"109040.0";"3.961882"
"109050.0";"3.853142"
"109060.0";"3.972681"
"109070.0";"3.950953"
"109080.0";"3.935588"
"109090.0";"3.925962"
"109100.0";"3.929599"
"109110.0";"3.920843"
"109120.0";"3.914497"
"109130.0";"3.864751"
"109140.0";"3.89843"
"109150.0";"3.919946"
"109160.0";"3.95361"
"109170.0";"3.99013"
"109180.0";"3.954556"
"109190.0";"3.966811"
"109200.0";"3.952901"
"109210.0";"4.017552"
"109220.0";"4.049428"
"109230.0";"3.949171"
"109240.0";"3.941086"
"109250.0";"3.917166"
"109260.0";"4.035557"
"109270.0";"3.878511"
"109280.0";"3.919211"
"109290.0";"3.923357"
"109300.0";"3.932113"
"109310.0";"3.992981"
"109320.0";"4.01986"
"109330.0";"3.980593"
"109340.0";"3.940311"
"109350.0";"3.955291"
"109360.0";"3.947865"
"109370.0";"4.007544"
"109380.0";"3.849563"
"109390.0";"3.887254"
"109400.0";"3.974396"
"109410.0";"3.937897"
"109420.0";"3.929525"
"109430.0";"3.920579"
"109440.0";"3.892852"
"109450.0";"3.961151"
"109460.0";"3.984439"
"109470.0";"3.950567"
"109480.0";"3.867541"
"109490.0";"3.894435"
"109500.0";"3.987533"
"109510.0";"3.970305"
"109520.0";"3.971301"
"109530.0";"3.913031"
"109540.0";"3.95252"
"109550.0";"3.907998"
"109560.0";"3.981598"
"109570.0";"3.931595"
"109580.0";"3.896329"
"109590.0";"3.921435"
"109600.0";"3.968561"
"109610.0";"3.964961"
"109620.0";"3.93795"
"109630.0";"3.886626"
"109640.0";"3.925205"
"109650.0";"3.840487"
"109660.0";"3.934006"
"109670.0";"3.978095"
"109680.0";"3.948322"
"109690.0";"3.990086"
"109700.0";"3.993331"
"109710.0";"3.881915"
"109720.0";"3.890989"
"109730.0";"3.963679"
"109740.0";"4.004424"
"109750.0";"3.931645"
"109760.0";"3.891658"
"109770.0";"3.956942"
"109780.0";"3.97616"
"109790.0";"3.895128"
"109800.0";"3.928231"
"109810.0";"4.016039"
"109820.0";"3.973071"
"109830.0";"3.96497"
"109840.0";"3.926057"
"109850.0";"3.958404"
"109860.0";"3.975641"
"109870.0";"3.929308"
"109880.0";"4.015307"
"109890.0";"3.99762"
"109900.0";"3.889596"
"109910.0";"4.006298"
"109920.0";"4.039709"
"109930.0";"3.903966"
"109940.0";"3.919782"
"109950.0";"3.998653"
"109960.0";"3.912915"
"109970.0";"4.011555"
"109980.0";"4.00427"
"109990.0";"3.98161"
"110000.0";"3.976969"
"110010.0";"3.941328"
"110020.0";"4.085001"
"110030.0";"3.962262"
"110040.0";"3.955678"
"110050.0";"3.968521"
"110060.0";"3.933607"
"110070.0";"3.910315"
"110080.0";"3.99813"
"110090.0";"4.003218"
"110100.0";"4.00287"
"110110.0";"3.971209"
"110120.0";"3.987604"
"110130.0";"3.942793"
"110140.0";"3.912174"
"110150.0";"4.020586"
"110160.0";"3.93082"
"110170.0";"4.025293"
"110180.0";"4.005866"
"110190.0";"4.026543"
"110200.0";"3.947749"
"110210.0";"3.914978"
"110220.0";"3.907305"
"110230.0";"3.964466"
"110240.0";"3.910001"
"110250.0";"3.931499"
"110260.0";"3.829905"
"110270.0";"3.882625"
"110280.0";"3.875307"
"110290.0";"3.804609"
"110300.0";"3.740035"
"110310.0";"3.858874"
"110320.0";"3.865405"
"110330.0";"3.994478"
"110340.0";"3.858202"
"110350.0";"3.93871"
"110360.0";"3.942751"
"110370.0";"3.817517"
"110380.0";"3.944008"
"110390.0";"3.913332"
"110400.0";"3.874588"
"110410.0";"3.868731"
"110420.0";"3.956378"
"110430.0";"3.953017"
"110440.0";"3.8972"
"110450.0";"3.890992"
"110460.0";"3.861775"
"110470.0";"3.969637"
"110480.0";"3.948439"
"110490.0";"3.920912"
"110500.0";"3.920404"
"110510.0";"3.913989"
"110520.0";"4.004984"
"110530.0";"3.925135"
"110540.0";"3.891193"
"110550.0";"3.958792"
"110560.0";"3.966208"
"110570.0";"3.893347"
"110580.0";"3.959688"
"110590.0";"3.922533"
"110600.0";"3.971792"
"110610.0";"3.919945"
"110620.0";"3.993475"
"110630.0";"3.92543"
"110640.0";"3.972847"
"110650.0";"3.955827"
"110660.0";"3.926187"
"110670.0";"4.003315"
"110680.0";"3.92047"
"110690.0";"3.898046"
"110700.0";"3.917441"
"110710.0";"3.903034"
"110720.0";"3.950181"
"110730.0";"3.946392"
"110740.0";"3.89663"
"110750.0";"3.942586"
"110760.0";"3.876709"
"110770.0";"3.874899"
"110780.0";"3.924584"
"110790.0";"3.918166"
"110800.0";"3.886271"
"110810.0";"3.8318"
"110820.0";"3.959225"
"110830.0";"3.848754"
"110840.0";"3.97547"
"110850.0";"3.824531"
"110860.0";"3.897334"
"110870.0";"3.891193"
"110880.0";"3.919989"
"110890.0";"3.875211"
"110900.0";"3.906677"
"110910.0";"3.910914"
"110920.0";"3.853116"
"110930.0";"3.886622"
"110940.0";"3.917161"
"110950.0";"4.009338"
"110960.0";"3.872559"
"110970.0";"3.960075"
"110980.0";"3.905571"
"110990.0";"3.91594"
"111000.0";"3.913337"
"111010.0";"3.998239"
"111020.0";"3.893084"
"111030.0";"3.951548"
"111040.0";"3.851123"
"111050.0";"3.964906"
"111060.0";"3.826374"
"111070.0";"3.89452"
"111080.0";"3.994097"
"111090.0";"3.811158"
"111100.0";"3.969183"
"111110.0";"3.946223"
"111120.0";"3.995428"
"111130.0";"4.054688"
"111140.0";"3.956252"
"111150.0";"3.956223"
"111160.0";"3.930515"
"111170.0";"3.944597"
"111180.0";"3.939353"
"111190.0";"3.897551"
"111200.0";"3.881741"
"111210.0";"4.01229"
"111220.0";"3.835124"
"111230.0";"3.942363"
"111240.0";"3.898016"
"111250.0";"3.896872"
"111260.0";"3.839832"
"111270.0";"3.901493"
"111280.0";"3.94789"
"111290.0";"3.912582"
"111300.0";"3.880112"
"111310.0";"3.93852"
"111320.0";"3.94516"
"111330.0";"3.924675"
"111340.0";"3.887496"
"111350.0";"3.94433"
"111360.0";"3.933435"
"111370.0";"3.953017"
"111380.0";"3.921006"
"111390.0";"3.985343"
"111400.0";"3.900044"
"111410.0";"3.881"
"111420.0";"3.905581"
"111430.0";"3.877525"
"111440.0";"3.890329"
"111450.0";"3.892767"
"111460.0";"3.963675"
"111470.0";"3.962915"
"111480.0";"4.002244"
"111490.0";"3.995503"
"111500.0";"3.949477"
"111510.0";"3.980729"
"111520.0";"3.936059"
"111530.0";"3.989017"
"111540.0";"3.918288"
"111550.0";"3.9697"
"111560.0";"3.964165"
"111570.0";"3.920079"
"111580.0";"3.933438"
"111590.0";"3.926864"
"111600.0";"3.966671"
"111610.0";"3.969576"
"111620.0";"3.956836"
"111630.0";"3.972847"
"111640.0";"4.007579"
"111650.0";"3.969035"
"111660.0";"3.965195"
"111670.0";"3.997232"
"111680.0";"3.948664"
"111690.0";"4.017279"
"111700.0";"3.902655"
"111710.0";"3.951041"
"111720.0";"3.943011"
"111730.0";"3.91111"
"111740.0";"3.976854"
"111750.0";"3.959271"
"111760.0";"3.943025"
"111770.0";"3.985256"
"111780.0";"3.949173"
"111790.0";"3.930023"
"111800.0";"3.916324"
"111810.0";"3.918634"
"111820.0";"3.911978"
"111830.0";"3.937717"
"111840.0";"3.928828"
"111850.0";"3.993894"
"111860.0";"3.940703"
"111870.0";"3.903148"
"111880.0";"3.903672"
"111890.0";"3.896524"
"111900.0";"3.889057"
"111910.0";"3.876838"
"111920.0";"3.915014"
"111930.0";"3.972781"
"111940.0";"3.915258"
"111950.0";"3.88529"
"111960.0";"3.925953"
"111970.0";"4.017593"
"111980.0";"3.949691"
"111990.0";"3.95517"
"112000.0";"3.910203"
"112010.0";"3.940665"
"112020.0";"3.96028"
"112030.0";"3.92675"
"112040.0";"3.961356"
"112050.0";"3.936568"
"112060.0";"3.947708"
"112070.0";"3.985292"
"112080.0";"3.985435"
"112090.0";"3.863167"
"112100.0";"3.823816"
"112110.0";"3.940879"
"112120.0";"4.042398"
"112130.0";"3.937852"
"112140.0";"4.020542"
"112150.0";"3.968563"
"112160.0";"3.968953"
"112170.0";"3.965332"
"112180.0";"3.958271"
"112190.0";"3.93581"
"112200.0";"4.008294"
"112210.0";"3.994026"
"112220.0";"3.997552"
"112230.0";"3.916875"
"112240.0";"3.950106"
"112250.0";"3.931848"
"112260.0";"3.949146"
"112270.0";"3.923755"
"112280.0";"3.926115"
"112290.0";"3.928266"
"112300.0";"3.976445"
"112310.0";"3.929447"
"112320.0";"4.020958"
"112330.0";"3.971978"
"112340.0";"3.948844"
"112350.0";"3.986193"
"112360.0";"3.968799"
"112370.0";"3.937744"
"112380.0";"3.893167"
"112390.0";"3.998081"
"112400.0";"4.01619"
"112410.0";"4.019236"
"112420.0";"3.936074"
"112430.0";"3.932215"
"112440.0";"3.979578"
"112450.0";"4.015042"
"112460.0";"4.014315"
"112470.0";"3.95666"
"112480.0";"4.008147"
"112490.0";"3.936971"
"112500.0";"3.943692"
"112510.0";"3.934333"
"112520.0";"3.864437"
"112530.0";"3.950417"
"112540.0";"3.917162"
"112550.0";"3.977973"
"112560.0";"3.919326"
"112570.0";"4.030828"
"112580.0";"3.909193"
"112590.0";"3.94269"
"112600.0";"3.98476"
"112610.0";"3.95907"
"112620.0";"4.012151"
"112630.0";"3.954932"
"112640.0";"3.979939"
"112650.0";"3.944029"
"112660.0";"3.993642"
"112670.0";"3.907011"
"112680.0";"3.960683"
"112690.0";"3.993531"
"112700.0";"3.918185"
"112710.0";"3.92104"
"112720.0";"3.993832"
"112730.0";"3.898371"
"112740.0";"3.968812"
"112750.0";"3.902854"
"112760.0";"3.98137"
"112770.0";"4.006684"
"112780.0";"3.955204"
"112790.0";"4.022341"
"112800.0";"3.986634"
"112810.0";"3.942652"
"112820.0";"4.000132"
"112830.0";"3.95679"
"112840.0";"3.933954"
"112850.0";"3.910507"
"112860.0";"3.953633"
"112870.0";"3.987583"
"112880.0";"3.886424"
"112890.0";"3.981777"
"112900.0";"3.942266"
"112910.0";"3.982409"
"112920.0";"3.915884"
"112930.0";"3.937673"
"112940.0";"3.91391"
"112950.0";"3.915418"
"112960.0";"3.907643"
"112970.0";"3.936897"
"112980.0";"3.923587"
"112990.0";"3.933751"
"113000.0";"3.93391"
"113010.0";"3.934609"
"113020.0";"4.007069"
"113030.0";"3.984386"
"113040.0";"3.923439"
"113050.0";"3.884722"
"113060.0";"4.002546"
"113070.0";"4.001512"
"113080.0";"3.950648"
"113090.0";"3.953501"
"113100.0";"3.957533"
"113110.0";"3.970258"
"113120.0";"4.008772"
"113130.0";"3.957203"
"113140.0";"3.95458"
"113150.0";"3.860819"
"113160.0";"3.982746"
"113170.0";"3.964009"
"113180.0";"3.996242"
"113190.0";"3.962696"
"113200.0";"3.96919"
"113210.0";"3.919619"
"113220.0";"3.95426"
"113230.0";"3.959239"
"113240.0";"3.860112"
"113250.0";"3.949219"
"113260.0";"3.928146"
"113270.0";"3.970865"
"113280.0";"3.933519"
"113290.0";"3.927614"
"113300.0";"3.963662"
"113310.0";"3.96739"
"113320.0";"4.033237"
"113330.0";"3.98227"
"113340.0";"3.985812"
"113350.0";"3.982984"
"113360.0";"3.909744"
"113370.0";"3.968629"
"113380.0";"4.007616"
"113390.0";"3.944007"
"113400.0";"3.923773"
"113410.0";"3.884689"
"113420.0";"3.97838"
"113430.0";"3.94433"
"113440.0";"3.901924"
"113450.0";"3.960369"
"113460.0";"3.937152"
"113470.0";"3.845991"
"113480.0";"3.916834"
"113490.0";"3.926744"
"113500.0";"3.917674"
"113510.0";"3.868888"
"113520.0";"3.888083"
"113530.0";"3.980425"
"113540.0";"3.940631"
"113550.0";"3.89408"
"113560.0";"3.961456"
"113570.0";"3.991915"
"113580.0";"3.903346"
"113590.0";"4.016756"
"113600.0";"3.866543"
"113610.0";"3.988584"
"113620.0";"4.004012"
"113630.0";"3.921323"
"113640.0";"3.954289"
"113650.0";"3.940048"
"113660.0";"3.94271"
"113670.0";"4.007374"
"113680.0";"4.042709"
"113690.0";"3.980274"
"113700.0";"3.909981"
"113710.0";"3.976204"
"113720.0";"3.925784"
"113730.0";"3.975945"
"113740.0";"3.982208"
"113750.0";"3.948448"
"113760.0";"3.946223"
"113770.0";"3.925983"
"113780.0";"4.010864"
"113790.0";"3.923973"
"113800.0";"3.925639"
"113810.0";"3.946257"
"113820.0";"3.937911"
"113830.0";"3.901783"
"113840.0";"3.958228"
"113850.0";"3.895111"
"113860.0";"3.986244"
"113870.0";"3.904947"
"113880.0";"3.943491"
"113890.0";"3.920921"
"113900.0";"3.961828"
"113910.0";"3.954525"
"113920.0";"3.962598"
"113930.0";"4.021061"
"113940.0";"3.940639"
"113950.0";"3.911279"
"113960.0";"3.922441"
"113970.0";"3.795436"
"113980.0";"3.932706"
"113990.0";"3.881755"
"114000.0";"3.922774"
"114010.0";"3.983086"
"114020.0";"3.896424"
"114030.0";"4.00328"
"114040.0";"3.978261"
"114050.0";"3.975837"
"114060.0";"4.024488"
"114070.0";"3.967958"
"114080.0";"3.946439"
"114090.0";"3.954011"
"114100.0";"3.986952"
"114110.0";"3.972298"
"114120.0";"3.949217"
"114130.0";"3.941165"
"114140.0";"3.938059"
"114150.0";"3.969157"
"114160.0";"3.899102"
"114170.0";"3.887404"
"114180.0";"3.904617"
"114190.0";"3.954985"
"114200.0";"4.002366"
"114210.0";"3.991807"
"114220.0";"3.989681"
"114230.0";"3.944046"
"114240.0";"3.917417"
"114250.0";"3.917427"
"114260.0";"3.850422"
"114270.0";"3.931392"
"114280.0";"3.916337"
"114290.0";"3.913679"
"114300.0";"3.932945"
"114310.0";"3.939668"
"114320.0";"3.931048"
"114330.0";"3.913633"
"114340.0";"4.010162"
"114350.0";"4.000749"
"114360.0";"4.006247"
"114370.0";"4.020232"
"114380.0";"3.929503"
"114390.0";"3.958286"
"114400.0";"3.943007"
"114410.0";"3.888249"
"114420.0";"3.945912"
"114430.0";"3.980202"
"114440.0";"3.901367"
"114450.0";"3.887086"
"114460.0";"3.875807"
"114470.0";"3.933328"
"114480.0";"3.894633"
"114490.0";"3.972659"
"114500.0";"3.873419"
"114510.0";"3.896433"
"114520.0";"3.871324"
"114530.0";"3.913219"
"114540.0";"3.952333"
"114550.0";"4.01379"
"114560.0";"3.919231"
"114570.0";"3.956691"
"114580.0";"3.935564"
"114590.0";"3.929698"
"114600.0";"3.95991"
"114610.0";"3.946415"
"114620.0";"4.004974"
"114630.0";"3.971081"
"114640.0";"3.951229"
"114650.0";"3.869438"
"114660.0";"3.905258"
"114670.0";"3.958307"
"114680.0";"3.904162"
"114690.0";"3.933056"
"114700.0";"3.90586"
"114710.0";"3.959886"
"114720.0";"3.892649"
"114730.0";"3.953144"
"114740.0";"3.893626"
"114750.0";"3.984845"
"114760.0";"3.936166"
"114770.0";"3.884792"
"114780.0";"3.889702"
"114790.0";"3.952712"
"114800.0";"3.953584"
"114810.0";"3.912199"
"114820.0";"3.950198"
"114830.0";"3.952374"
"114840.0";"3.928659"
"114850.0";"3.917572"
"114860.0";"3.950512"
"114870.0";"3.940892"
"114880.0";"3.959323"
"114890.0";"3.959936"
"114900.0";"3.858344"
"114910.0";"3.904896"
"114920.0";"3.951021"
"114930.0";"3.929857"
"114940.0";"3.948374"
"114950.0";"3.988655"
"114960.0";"3.979686"
"114970.0";"3.914876"
"114980.0";"3.872794"
"114990.0";"3.977985"
"115000.0";"3.911808"
"115010.0";"3.889635"
"115020.0";"3.887684"
"115030.0";"3.9856"
"115040.0";"3.924214"
"115050.0";"3.927189"
"115060.0";"3.968057"
"115070.0";"3.867685"
"115080.0";"3.866539"
"115090.0";"3.938847"
"115100.0";"3.956489"
"115110.0";"3.911355"
"115120.0";"3.959049"
"115130.0";"3.903796"
"115140.0";"3.912159"
"115150.0";"3.983033"
"115160.0";"3.967568"
"115170.0";"4.010679"
"115180.0";"3.909947"
"115190.0";"3.97748"
"115200.0";"3.968485"
"115210.0";"3.915562"
"115220.0";"3.910153"
"115230.0";"3.972109"
"115240.0";"3.868259"
"115250.0";"3.925445"
"115260.0";"3.956645"
"115270.0";"3.944175"
"115280.0";"3.96405"
"115290.0";"3.98429"
"115300.0";"3.980372"
"115310.0";"3.902712"
"115320.0";"3.941314"
"115330.0";"3.965294"
"115340.0";"3.91452"
"115350.0";"3.958748"
"115360.0";"3.94143"
"115370.0";"3.930142"
"115380.0";"3.991516"
"115390.0";"3.929996"
"115400.0";"3.907617"
"115410.0";"3.907152"
"115420.0";"3.882857"
"115430.0";"3.820977"
"115440.0";"3.956633"
"115450.0";"3.91686"
"115460.0";"3.926722"
"115470.0";"3.905132"
"115480.0";"4.004518"
"115490.0";"3.959372"
"115500.0";"3.868476"
"115510.0";"3.914132"
"115520.0";"3.895808"
"115530.0";"3.925777"
"115540.0";"3.913056"
"115550.0";"3.976335"
"115560.0";"3.966789"
"115570.0";"3.897975"
"115580.0";"3.93855"
"115590.0";"3.9393"
"115600.0";"3.940187"
"115610.0";"3.996"
"115620.0";"3.92794"
"115630.0";"3.901304"
"115640.0";"3.944941"
"115650.0";"3.912195"
"115660.0";"3.95838"
"115670.0";"4.00638"
"115680.0";"3.911161"
"115690.0";"3.947772"
"115700.0";"3.943398"
"115710.0";"3.883911"
"115720.0";"3.94349"
"115730.0";"3.907116"
"115740.0";"3.953769"
"115750.0";"3.953418"
"115760.0";"3.994526"
"115770.0";"3.925542"
"115780.0";"3.968435"
"115790.0";"3.878701"
"115800.0";"4.043995"
"115810.0";"3.970529"
"115820.0";"3.959028"
"115830.0";"3.851177"
"115840.0";"3.905749"
"115850.0";"3.923274"
"115860.0";"3.909447"
"115870.0";"3.915035"
"115880.0";"3.943479"
"115890.0";"3.861754"
"115900.0";"3.922835"
"115910.0";"4.009628"
"115920.0";"3.97204"
"115930.0";"3.995131"
"115940.0";"3.970608"
"115950.0";"3.972191"
"115960.0";"3.969264"
"115970.0";"3.94884"
"115980.0";"3.965033"
"115990.0";"3.989645"
"116000.0";"3.934966"
"116010.0";"3.907987"
"116020.0";"3.909676"
"116030.0";"3.940235"
"116040.0";"3.934198"
"116050.0";"3.877823"
"116060.0";"3.85915"
"116070.0";"3.86704"
"116080.0";"3.905219"
"116090.0";"3.924673"
"116100.0";"3.872795"
"116110.0";"3.869035"
"116120.0";"3.852799"
"116130.0";"3.960629"
"116140.0";"3.903601"
"116150.0";"3.946081"
"116160.0";"3.955584"
"116170.0";"3.924237"
"116180.0";"3.8984"
"116190.0";"3.905167"
"116200.0";"3.922729"
"116210.0";"3.929388"
"116220.0";"3.885719"
"116230.0";"3.887732"
"116240.0";"3.970901"
"116250.0";"3.96611"
"116260.0";"3.941465"
"116270.0";"3.871121"
"116280.0";"3.972801"
"116290.0";"3.930683"
"116300.0";"3.950388"
"116310.0";"3.968566"
"116320.0";"3.927488"
"116330.0";"3.966501"
"116340.0";"3.959975"
"116350.0";"3.968127"
"116360.0";"3.99544"
"116370.0";"4.008132"
"116380.0";"3.993505"
"116390.0";"3.884631"
"116400.0";"3.975825"
"116410.0";"3.937384"
"116420.0";"3.904343"
"116430.0";"3.976556"
"116440.0";"3.962537"
"116450.0";"3.896204"
"116460.0";"3.877547"
"116470.0";"3.89341"
"116480.0";"3.978262"
"116490.0";"3.915627"
"116500.0";"3.932374"
"116510.0";"3.949385"
"116520.0";"3.926983"
"116530.0";"3.97501"
"116540.0";"3.927628"
"116550.0";"3.949815"
"116560.0";"3.909555"
"116570.0";"3.985569"
"116580.0";"3.910828"
"116590.0";"3.909542"
"116600.0";"3.902183"
"116610.0";"3.983798"
"116620.0";"3.870143"
"116630.0";"3.937936"
"116640.0";"3.926152"
"116650.0";"3.954852"
"116660.0";"3.969716"
"116670.0";"3.915268"
"116680.0";"3.915332"
"116690.0";"3.875198"
"116700.0";"3.892487"
"116710.0";"3.935507"
"116720.0";"3.967816"
"116730.0";"3.954169"
"116740.0";"3.932621"
"116750.0";"3.873655"
"116760.0";"3.948633"
"116770.0";"3.942903"
"116780.0";"3.909593"
"116790.0";"3.984412"
"116800.0";"3.926328"
"116810.0";"3.95681"
"116820.0";"3.931979"
"116830.0";"3.954044"
"116840.0";"3.935551"
"116850.0";"3.879859"
"116860.0";"3.900098"
"116870.0";"3.799624"
"116880.0";"3.917557"
"116890.0";"3.978549"
"116900.0";"3.875506"
"116910.0";"3.91196"
"116920.0";"3.918909"
"116930.0";"4.042849"
"116940.0";"3.963767"
"116950.0";"3.914621"
"116960.0";"3.975711"
"116970.0";"3.986849"
"116980.0";"3.996642"
"116990.0";"3.900278"
"117000.0";"3.935151"
"117010.0";"3.864808"
"117020.0";"3.977392"
"117030.0";"3.981961"
"117040.0";"3.962488"
"117050.0";"3.929849"
"117060.0";"3.922773"
"117070.0";"3.91286"
"117080.0";"3.852072"
"117090.0";"3.905956"
"117100.0";"3.979424"
"117110.0";"3.949895"
"117120.0";"3.979865"
"117130.0";"3.926126"
"117140.0";"3.950904"
"117150.0";"3.995594"
"117160.0";"3.957363"
"117170.0";"3.892637"
"117180.0";"3.957058"
"117190.0";"3.954164"
"117200.0";"3.928325"
"117210.0";"3.959215"
"117220.0";"3.912687"
"117230.0";"3.908007"
"117240.0";"3.872858"
"117250.0";"3.919107"
"117260.0";"3.857649"
"117270.0";"3.917597"
"117280.0";"3.827734"
"117290.0";"3.959948"
"117300.0";"3.945477"
"117310.0";"3.930208"
"117320.0";"3.859432"
"117330.0";"3.8597"
"117340.0";"3.961346"
"117350.0";"3.936865"
"117360.0";"3.953136"
"117370.0";"3.843029"
"117380.0";"3.780502"
"117390.0";"3.947109"
"117400.0";"3.948333"
"117410.0";"3.941848"
"117420.0";"3.913813"
"117430.0";"3.8563"
"117440.0";"3.832864"
"117450.0";"3.846608"
"117460.0";"3.880768"
"117470.0";"3.910432"
"117480.0";"3.857647"
"117490.0";"3.916794"
"117500.0";"3.92308"
"117510.0";"3.98535"
"117520.0";"3.951427"
"117530.0";"3.927327"
"117540.0";"3.905746"
"117550.0";"3.949132"
"117560.0";"3.875268"
"117570.0";"3.967501"
"117580.0";"3.932908"
"117590.0";"3.96317"
"117600.0";"3.950752"
"117610.0";"3.876418"
"117620.0";"3.923825"
"117630.0";"3.906672"
"117640.0";"3.98983"
"117650.0";"3.943361"
"117660.0";"3.880899"
"117670.0";"3.927022"
"117680.0";"3.893764"
"117690.0";"3.849816"
"117700.0";"3.901647"
"117710.0";"3.94203"
"117720.0";"3.918943"
"117730.0";"3.823196"
"117740.0";"3.955937"
"117750.0";"3.931255"
"117760.0";"3.924312"
"117770.0";"3.967614"
"117780.0";"3.901642"
"117790.0";"3.915618"
"117800.0";"3.920557"
"117810.0";"3.957345"
"117820.0";"3.916827"
"117830.0";"3.942194"
"117840.0";"3.944216"
"117850.0";"3.931769"
"117860.0";"3.936937"
"117870.0";"3.912474"
"117880.0";"3.944191"
"117890.0";"3.868478"
"117900.0";"3.953426"
"117910.0";"3.887274"
"117920.0";"3.952916"
"117930.0";"3.92837"
"117940.0";"3.975625"
"117950.0";"3.923749"
"117960.0";"3.964913"
"117970.0";"3.886623"
"117980.0";"3.911045"
"117990.0";"3.94333"
"118000.0";"3.960062"
"118010.0";"4.007572"
"118020.0";"3.941662"
"118030.0";"3.955321"
"118040.0";"3.958639"
"118050.0";"3.930693"
"118060.0";"3.923886"
"118070.0";"3.94406"
"118080.0";"3.854518"
"118090.0";"3.925664"
"118100.0";"4.011311"
"118110.0";"3.987236"
"118120.0";"3.949119"
"118130.0";"3.949346"
"118140.0";"3.942614"
"118150.0";"3.860732"
"118160.0";"3.921052"
"118170.0";"3.89666"
"118180.0";"3.833513"
"118190.0";"3.903214"
"118200.0";"3.952712"
"118210.0";"3.978043"
"118220.0";"3.931218"
"118230.0";"3.890222"
"118240.0";"3.946636"
"118250.0";"3.952875"
"118260.0";"3.855067"
"118270.0";"3.960592"
"118280.0";"3.939461"
"118290.0";"3.94653"
"118300.0";"4.002847"
"118310.0";"3.985075"
"118320.0";"3.986148"
"118330.0";"3.933338"
"118340.0";"3.850477"
"118350.0";"3.854969"
"118360.0";"3.828673"
"118370.0";"3.881692"
"118380.0";"3.871197"
"118390.0";"3.834935"
"118400.0";"3.876083"
"118410.0";"3.922338"
"118420.0";"3.857387"
"118430.0";"3.89884"
"118440.0";"3.922698"
"118450.0";"3.934638"
"118460.0";"3.910802"
"118470.0";"3.907038"
"118480.0";"3.898557"
"118490.0";"3.978035"
"118500.0";"3.909132"
"118510.0";"3.97026"
"118520.0";"3.955275"
"118530.0";"3.917428"
"118540.0";"3.978526"
"118550.0";"3.94231"
"118560.0";"3.940875"
"118570.0";"3.923171"
"118580.0";"3.95338"
"118590.0";"3.93387"
"118600.0";"3.821147"
"118610.0";"3.926829"
"118620.0";"3.914746"
"118630.0";"3.881098"
"118640.0";"3.915432"
"118650.0";"3.941176"
"118660.0";"3.892589"
"118670.0";"3.979593"
"118680.0";"3.954761"
"118690.0";"3.892412"
"118700.0";"3.914942"
"118710.0";"3.92183"
"118720.0";"3.896038"
"118730.0";"3.984334"
"118740.0";"3.949837"
"118750.0";"3.920287"
"118760.0";"3.91141"
"118770.0";"3.899931"
"118780.0";"3.972567"
"118790.0";"3.94283"
"118800.0";"3.966433"
"118810.0";"3.919278"
"118820.0";"3.868311"
"118830.0";"3.948745"
"118840.0";"3.860494"
"118850.0";"3.844012"
"118860.0";"3.829375"
"118870.0";"3.857661"
"118880.0";"3.849156"
"118890.0";"3.875029"
"118900.0";"3.855934"
"118910.0";"3.878606"
"118920.0";"3.898415"
"118930.0";"3.858181"
"118940.0";"3.946489"
"118950.0";"3.937432"
"118960.0";"3.902203"
"118970.0";"3.782244"
"118980.0";"3.88577"
"118990.0";"3.925112"
"119000.0";"3.897847"
"119010.0";"3.817054"
"119020.0";"3.82905"
"119030.0";"3.811555"
"119040.0";"3.825179"
"119050.0";"3.913581"
"119060.0";"3.938028"
"119070.0";"3.876192"
"119080.0";"3.926364"
"119090.0";"3.839113"
"119100.0";"3.922635"
"119110.0";"3.900218"
"119120.0";"3.899812"
"119130.0";"3.905182"
"119140.0";"3.870722"
"119150.0";"3.903108"
"119160.0";"3.883973"
"119170.0";"3.916179"
"119180.0";"3.931018"
"119190.0";"3.879149"
"119200.0";"3.913474"
"119210.0";"3.902117"
"119220.0";"3.971018"
"119230.0";"3.842267"
"119240.0";"3.944213"
"119250.0";"3.85114"
"119260.0";"3.986988"
"119270.0";"3.952182"
"119280.0";"3.83573"
"119290.0";"3.907827"
"119300.0";"3.935322"
"119310.0";"3.948671"
"119320.0";"3.934415"
"119330.0";"3.918703"
"119340.0";"3.871296"
"119350.0";"3.861555"
"119360.0";"3.902584"
"119370.0";"3.853189"
"119380.0";"3.905668"
"119390.0";"3.860328"
"119400.0";"3.992624"
"119410.0";"3.992218"
"119420.0";"3.971971"
"119430.0";"4.026941"
"119440.0";"3.965824"
"119450.0";"3.934179"
"119460.0";"3.932798"
"119470.0";"3.922877"
"119480.0";"3.97882"
"119490.0";"3.961623"
"119500.0";"3.98784"
"119510.0";"4.025894"
"119520.0";"3.919258"
"119530.0";"3.913283"
"119540.0";"3.827405"
"119550.0";"3.869452"
"119560.0";"4.007533"
"119570.0";"3.946686"
"119580.0";"3.949251"
"119590.0";"3.830778"
"119600.0";"3.88816"
"119610.0";"4.009416"
"119620.0";"3.96742"
"119630.0";"3.931715"
"119640.0";"3.958387"
"119650.0";"3.852525"
"119660.0";"3.954495"
"119670.0";"3.990324"
"119680.0";"3.895639"
"119690.0";"3.893596"
"119700.0";"3.977211"
"119710.0";"3.991832"
"119720.0";"3.893852"
"119730.0";"3.981054"
"119740.0";"3.9748"
"119750.0";"3.978152"
"119760.0";"3.866945"
"119770.0";"3.918844"
"119780.0";"3.936761"
"119790.0";"3.861346"
"119800.0";"3.862172"
"119810.0";"3.997891"
"119820.0";"3.857268"
"119830.0";"4.003406"
"119840.0";"4.064219"
"119850.0";"4.019744"
"119860.0";"3.940737"
"119870.0";"3.874515"
"119880.0";"3.98651"
"119890.0";"3.981246"
"119900.0";"3.913297"
"119910.0";"3.917498"
"119920.0";"3.900974"
"119930.0";"3.891629"
"119940.0";"3.935408"
"119950.0";"3.949989"
"119960.0";"3.99165"
"119970.0";"3.946286"
"119980.0";"3.997884"
"119990.0";"4.039056"
"120000.0";"3.977726"
"120010.0";"3.958457"
"120020.0";"3.980155"
"120030.0";"3.992574"
"120040.0";"3.988899"
"120050.0";"4.048415"
"120060.0";"3.971717"
"120070.0";"3.963517"
"120080.0";"3.993336"
"120090.0";"4.011221"
"120100.0";"3.998135"
"120110.0";"3.959865"
"120120.0";"3.889066"
"120130.0";"3.890681"
"120140.0";"3.991489"
"120150.0";"3.972877"
"120160.0";"4.024782"
"120170.0";"3.925552"
"120180.0";"3.924729"
"120190.0";"3.865266"
"120200.0";"3.937101"
"120210.0";"3.93704"
"120220.0";"3.952454"
"120230.0";"3.969815"
"120240.0";"3.918682"
"120250.0";"3.921895"
"120260.0";"4.014478"
"120270.0";"3.936713"
"120280.0";"3.944443"
"120290.0";"3.949322"
"120300.0";"3.910359"
"120310.0";"3.901985"
"120320.0";"3.962632"
"120330.0";"3.958378"
"120340.0";"3.963818"
"120350.0";"3.910347"
"120360.0";"3.962031"
"120370.0";"3.907738"
"120380.0";"3.867901"
"120390.0";"3.90913"
"120400.0";"3.928324"
"120410.0";"3.947896"
"120420.0";"3.830846"
"120430.0";"3.892133"
"120440.0";"3.917313"
"120450.0";"3.913368"
"120460.0";"3.906736"
"120470.0";"3.824764"
"120480.0";"3.879673"
"120490.0";"3.888671"
"120500.0";"3.868297"
"120510.0";"3.8871"
"120520.0";"3.867525"
"120530.0";"3.875242"
"120540.0";"3.928339"
"120550.0";"3.967125"
"120560.0";"3.860808"
"120570.0";"3.932439"
"120580.0";"3.91736"
"120590.0";"3.927638"
"120600.0";"3.957626"
"120610.0";"3.959691"
"120620.0";"3.890491"
"120630.0";"3.865816"
"120640.0";"3.888545"
"120650.0";"3.861861"
"120660.0";"3.885723"
"120670.0";"3.894198"
"120680.0";"3.939747"
"120690.0";"3.902887"
"120700.0";"3.91381"
"120710.0";"3.938662"
"120720.0";"3.898062"
"120730.0";"3.903331"
"120740.0";"3.959707"
"120750.0";"3.87527"
"120760.0";"3.837388"
"120770.0";"4.0295"
"120780.0";"3.948117"
"120790.0";"3.911991"
"120800.0";"3.924162"
"120810.0";"3.910401"
"120820.0";"3.911107"
"120830.0";"3.908119"
"120840.0";"3.821976"
"120850.0";"3.845982"
"120860.0";"3.818517"
"120870.0";"3.750635"
"120880.0";"3.902784"
"120890.0";"3.920835"
"120900.0";"3.894274"
"120910.0";"3.893496"
"120920.0";"3.876639"
"120930.0";"3.875261"
"120940.0";"3.945459"
"120950.0";"3.94478"
"120960.0";"3.861042"
"120970.0";"3.943324"
"120980.0";"3.95792"
"120990.0";"3.93226"
"121000.0";"3.92482"
"121010.0";"3.812516"
"121020.0";"3.934299"
"121030.0";"3.903673"
"121040.0";"3.902224"
"121050.0";"3.840557"
"121060.0";"3.911955"
"121070.0";"3.901682"
"121080.0";"3.915068"
"121090.0";"3.903778"
"121100.0";"3.888025"
"121110.0";"3.864509"
"121120.0";"3.863173"
"121130.0";"3.874744"
"121140.0";"3.850412"
"121150.0";"3.916439"
"121160.0";"3.832335"
"121170.0";"3.974674"
"121180.0";"3.913695"
"121190.0";"3.886033"
"121200.0";"3.765568"
"121210.0";"3.82322"
"121220.0";"3.843263"
"121230.0";"3.931351"
"121240.0";"3.911766"
"121250.0";"3.939219"
"121260.0";"3.869235"
"121270.0";"3.945515"
"121280.0";"3.919228"
"121290.0";"3.994556"
"121300.0";"3.914479"
"121310.0";"3.968444"
"121320.0";"3.980747"
"121330.0";"3.947062"
"121340.0";"4.016962"
"121350.0";"3.93876"
"121360.0";"3.929363"
"121370.0";"3.860044"
"121380.0";"3.928"
"121390.0";"3.970403"
"121400.0";"3.965672"
"121410.0";"4.06145"
"121420.0";"3.901534"
"121430.0";"3.934727"
"121440.0";"3.92802"
"121450.0";"3.883357"
"121460.0";"3.952844"
"121470.0";"3.882606"
"121480.0";"3.907651"
"121490.0";"3.971189"
"121500.0";"3.90236"
"121510.0";"3.91547"
"121520.0";"3.930006"
"121530.0";"3.897277"
"121540.0";"3.894883"
"121550.0";"3.966364"
"121560.0";"3.920838"
"121570.0";"3.854593"
"121580.0";"3.929834"
"121590.0";"3.91632"
"121600.0";"3.868076"
"121610.0";"4.001257"
"121620.0";"3.959863"
"121630.0";"3.941"
"121640.0";"3.886523"
"121650.0";"3.950107"
"121660.0";"3.921619"
"121670.0";"3.875511"
"121680.0";"3.832256"
"121690.0";"3.967927"
"121700.0";"3.889623"
"121710.0";"3.950526"
"121720.0";"3.901629"
"121730.0";"4.022613"
"121740.0";"3.956366"
"121750.0";"3.993706"
"121760.0";"3.91321"
"121770.0";"3.960978"
"121780.0";"3.912053"
"121790.0";"3.934483"
"121800.0";"3.909459"
"121810.0";"3.888763"
"121820.0";"3.96895"
"121830.0";"3.924178"
"121840.0";"3.953037"
"121850.0";"3.981801"
"121860.0";"3.909009"
"121870.0";"3.977187"
"121880.0";"4.00866"
"121890.0";"3.998984"
"121900.0";"3.975143"
"121910.0";"4.013632"
"121920.0";"3.985521"
"121930.0";"3.911191"
"121940.0";"3.987235"
"121950.0";"3.907715"
"121960.0";"3.996212"
"121970.0";"3.887374"
"121980.0";"3.881854"
"121990.0";"3.931651"
"122000.0";"3.904203"
"122010.0";"3.935887"
"122020.0";"3.995247"
"122030.0";"3.974486"
"122040.0";"3.957863"
"122050.0";"3.940762"
"122060.0";"3.993224"
"122070.0";"4.004797"
"122080.0";"4.015774"
"122090.0";"3.971651"
"122100.0";"3.951406"
"122110.0";"3.947667"
"122120.0";"3.887355"
"122130.0";"3.951865"
"122140.0";"3.835279"
"122150.0";"3.879632"
"122160.0";"3.90505"
"122170.0";"3.970458"
"122180.0";"3.957403"
"122190.0";"3.922435"
"122200.0";"3.900126"
"122210.0";"3.936858"
"122220.0";"4.002976"
"122230.0";"4.018238"
"122240.0";"3.961907"
"122250.0";"4.011399"
"122260.0";"3.907837"
"122270.0";"3.931645"
"122280.0";"3.947091"
"122290.0";"4.004712"
"122300.0";"4.00735"
"122310.0";"3.924333"
"122320.0";"3.943535"
"122330.0";"3.935826"
"122340.0";"3.908028"
"122350.0";"3.976142"
"122360.0";"3.840584"
"122370.0";"3.93284"
"122380.0";"3.930545"
"122390.0";"3.987383"
"122400.0";"3.950859"
"122410.0";"3.929618"
"122420.0";"3.99364"
"122430.0";"3.955766"
"122440.0";"3.986868"
"122450.0";"3.907584"
"122460.0";"3.952222"
"122470.0";"3.918433"
"122480.0";"3.987726"
"122490.0";"3.907731"
"122500.0";"3.923714"
"122510.0";"3.938105"
"122520.0";"3.925126"
"122530.0";"3.951692"
"122540.0";"3.851147"
"122550.0";"3.841109"
"122560.0";"3.897847"
"122570.0";"3.89605"
"122580.0";"3.914221"
"122590.0";"3.872501"
"122600.0";"3.912628"
"122610.0";"3.894026"
"122620.0";"3.929138"
"122630.0";"3.991469"
"122640.0";"3.910336"
"122650.0";"3.940882"
"122660.0";"3.937813"
"122670.0";"3.951413"
"122680.0";"3.926577"
"122690.0";"3.895187"
"122700.0";"3.964697"
"122710.0";"3.956494"
"122720.0";"4.031915"
"122730.0";"4.000666"
"122740.0";"3.95031"
"122750.0";"4.064107"
"122760.0";"3.96137"
"122770.0";"3.978324"
"122780.0";"3.971411"
"122790.0";"3.978893"
"122800.0";"3.95555"
"122810.0";"4.050475"
"122820.0";"4.030943"
"122830.0";"4.04742"
"122840.0";"4.028796"
"122850.0";"4.003993"
"122860.0";"4.039354"
"122870.0";"3.980532"
"122880.0";"3.939212"
"122890.0";"3.982294"
"122900.0";"3.941864"
"122910.0";"3.874346"
"122920.0";"3.968708"
"122930.0";"3.899575"
"122940.0";"3.998696"
"122950.0";"3.966313"
"122960.0";"3.886335"
"122970.0";"3.905403"
"122980.0";"3.906199"
"122990.0";"3.903104"
"123000.0";"3.94828"
"123010.0";"3.983853"
"123020.0";"3.833552"
"123030.0";"3.940266"
"123040.0";"3.934115"
"123050.0";"4.075042"
"123060.0";"3.869012"
"123070.0";"3.931527"
"123080.0";"3.957068"
"123090.0";"3.972887"
"123100.0";"4.001267"
"123110.0";"3.98361"
"123120.0";"3.901874"
"123130.0";"3.951613"
"123140.0";"3.925272"
"123150.0";"3.959048"
"123160.0";"4.023488"
"123170.0";"3.969589"
"123180.0";"3.919108"
"123190.0";"3.961386"
"123200.0";"3.962064"
"123210.0";"3.977678"
"123220.0";"3.931139"
"123230.0";"3.985971"
"123240.0";"3.916993"
"123250.0";"3.817225"
"123260.0";"3.864195"
"123270.0";"3.879147"
"123280.0";"3.815506"
"123290.0";"3.933661"
"123300.0";"4.010429"
"123310.0";"3.910062"
"123320.0";"3.948234"
"123330.0";"3.879257"
"123340.0";"3.856445"
"123350.0";"3.871247"
"123360.0";"3.867054"
"123370.0";"3.921329"
"123380.0";"3.943357"
"123390.0";"3.959558"
"123400.0";"3.926397"
"123410.0";"3.868869"
"123420.0";"3.819474"
"123430.0";"3.828055"
"123440.0";"3.797923"
"123450.0";"3.887093"
"123460.0";"3.748165"
"123470.0";"3.735099"
"123480.0";"3.766884"
"123490.0";"3.744259"
"123500.0";"3.723782"
"123510.0";"3.733236"
"123520.0";"3.720528"
"123530.0";"3.769654"
"123540.0";"3.755175"
"123550.0";"3.619216"
"123560.0";"3.823425"
"123570.0";"3.726502"
"123580.0";"3.768166"
"123590.0";"3.780159"
"123600.0";"3.717764"
"123610.0";"3.708014"
"123620.0";"3.730844"
"123630.0";"3.726695"
"123640.0";"3.735592"
"123650.0";"3.732406"
"123660.0";"3.672812"
"123670.0";"3.66354"
"123680.0";"3.7916"
"123690.0";"3.637119"
"123700.0";"3.728917"
"123710.0";"3.683584"
"123720.0";"3.768613"
"123730.0";"3.663903"
"123740.0";"3.734513"
"123750.0";"3.794726"
"123760.0";"3.76321"
"123770.0";"3.741226"
"123780.0";"3.745888"
"123790.0";"3.720508"
"123800.0";"3.871881"
"123810.0";"3.77081"
"123820.0";"3.748847"
"123830.0";"3.814624"
"123840.0";"3.778843"
"123850.0";"3.840085"
"123860.0";"3.798977"
"123870.0";"3.827829"
"123880.0";"3.88798"
"123890.0";"3.833707"
"123900.0";"3.792059"
"123910.0";"3.718128"
"123920.0";"3.730796"
"123930.0";"3.770492"
"123940.0";"3.682155"
"123950.0";"3.79524"
"123960.0";"3.716769"
"123970.0";"3.787689"
"123980.0";"3.815864"
"123990.0";"3.734622"
"124000.0";"3.706461"
"124010.0";"3.720724"
"124020.0";"3.670923"
"124030.0";"3.769934"
"124040.0";"3.74805"
"124050.0";"3.803348"
"124060.0";"3.778954"
"124070.0";"3.754317"
"124080.0";"3.807478"
"124090.0";"3.686042"
"124100.0";"3.764181"
"124110.0";"3.681419"
"124120.0";"3.713968"
"124130.0";"3.77249"
"124140.0";"3.765944"
"124150.0";"3.760526"
"124160.0";"3.725935"
"124170.0";"3.685464"
"124180.0";"3.678447"
"124190.0";"3.713226"
"124200.0";"3.713835"
"124210.0";"3.673248"
"124220.0";"3.604975"
"124230.0";"3.700039"
"124240.0";"3.733588"
"124250.0";"3.739405"
"124260.0";"3.720882"
"124270.0";"3.644997"
"124280.0";"3.739312"
"124290.0";"3.729782"
"124300.0";"3.692675"
"124310.0";"3.767276"
"124320.0";"3.623961"
"124330.0";"3.526267"
"124340.0";"3.723829"
"124350.0";"3.703671"
"124360.0";"3.759398"
"124370.0";"3.753214"
"124380.0";"3.804861"
"124390.0";"3.707908"
"124400.0";"3.765153"
"124410.0";"3.747169"
"124420.0";"3.738144"
"124430.0";"3.736644"
"124440.0";"3.75901"
"124450.0";"3.773986"
"124460.0";"3.753398"
"124470.0";"3.675781"
"124480.0";"3.778707"
"124490.0";"3.696326"
"124500.0";"3.711287"
"124510.0";"3.815014"
"124520.0";"3.816333"
"124530.0";"3.734754"
"124540.0";"3.65524"
"124550.0";"3.586009"
"124560.0";"3.726231"
"124570.0";"3.729281"
"124580.0";"3.764064"
"124590.0";"3.773159"
"124600.0";"3.787112"
"124610.0";"3.76464"
"124620.0";"3.799727"
"124630.0";"3.78622"
"124640.0";"3.75927"
"124650.0";"3.860468"
"124660.0";"3.920248"
"124670.0";"3.927388"
"124680.0";"3.915519"
"124690.0";"3.879286"
"124700.0";"3.819842"
"124710.0";"3.889241"
"124720.0";"3.853993"
"124730.0";"3.914168"
"124740.0";"3.800761"
"124750.0";"3.940058"
"124760.0";"3.872907"
"124770.0";"3.855106"
"124780.0";"3.7916"
"124790.0";"3.978397"
"124800.0";"3.949049"
"124810.0";"3.840794"
"124820.0";"3.735034"
"124830.0";"3.892008"
"124840.0";"3.82809"
"124850.0";"3.947098"
"124860.0";"3.790133"
"124870.0";"3.788227"
"124880.0";"3.823583"
"124890.0";"3.903522"
"124900.0";"3.926021"
"124910.0";"3.926004"
"124920.0";"3.966204"
"124930.0";"4.00398"
"124940.0";"3.889413"
"124950.0";"3.918299"
"124960.0";"3.975506"
"124970.0";"3.969474"
"124980.0";"3.904556"
"124990.0";"3.907964"
"125000.0";"3.99635"
"125010.0";"3.953323"
"125020.0";"3.943442"
"125030.0";"3.965688"
"125040.0";"4.018003"
"125050.0";"3.962484"
"125060.0";"3.903282"
"125070.0";"3.908044"
"125080.0";"3.937673"
"125090.0";"3.992153"
"125100.0";"4.006251"
"125110.0";"3.977048"
"125120.0";"4.003823"
"125130.0";"3.978038"
"125140.0";"4.01532"
"125150.0";"3.911368"
"125160.0";"3.940574"
"125170.0";"4.046056"
"125180.0";"3.926084"
"125190.0";"3.969946"
"125200.0";"4.002967"
"125210.0";"3.927285"
"125220.0";"3.975266"
"125230.0";"3.95043"
"125240.0";"3.987697"
"125250.0";"3.857301"
"125260.0";"3.926848"
"125270.0";"3.961996"
"125280.0";"3.970872"
"125290.0";"3.982437"
"125300.0";"3.890836"
"125310.0";"3.889991"
"125320.0";"3.907043"
"125330.0";"3.803371"
"125340.0";"3.935396"
"125350.0";"3.864436"
"125360.0";"3.786299"
"125370.0";"3.947611"
"125380.0";"3.891704"
"125390.0";"3.956746"
"125400.0";"3.914579"
"125410.0";"3.907333"
"125420.0";"3.984127"
"125430.0";"3.903738"
"125440.0";"3.919806"
"125450.0";"3.915627"
"125460.0";"3.936532"
"125470.0";"4.008503"
"125480.0";"4.010242"
"125490.0";"3.934007"
"125500.0";"3.970287"
"125510.0";"4.031159"
"125520.0";"3.95855"
"125530.0";"4.024333"
"125540.0";"4.003486"
"125550.0";"3.972159"
"125560.0";"3.97019"
"125570.0";"3.964357"
"125580.0";"3.940225"
"125590.0";"4.034912"
"125600.0";"3.995408"
"125610.0";"4.026601"
"125620.0";"3.929192"
"125630.0";"3.952626"
"125640.0";"4.030147"
"125650.0";"3.97376"
"125660.0";"3.728678"
"125670.0";"3.917438"
"125680.0";"3.978837"
"125690.0";"3.96948"
"125700.0";"3.890983"
"125710.0";"3.945815"
"125720.0";"3.844145"
"125730.0";"3.979703"
"125740.0";"3.926899"
"125750.0";"4.00483"
"125760.0";"3.872837"
"125770.0";"3.928469"
"125780.0";"3.955612"
"125790.0";"3.953217"
"125800.0";"3.918829"
"125810.0";"3.950496"
"125820.0";"3.982271"
"125830.0";"3.961386"
"125840.0";"3.88202"
"125850.0";"3.95483"
"125860.0";"3.87395"
"125870.0";"3.881501"
"125880.0";"3.915803"
"125890.0";"3.89788"
"125900.0";"3.846812"
"125910.0";"3.931236"
"125920.0";"3.93508"
"125930.0";"3.957103"
"125940.0";"3.924294"
"125950.0";"3.97289"
"125960.0";"3.94878"
"125970.0";"3.95481"
"125980.0";"3.878535"
"125990.0";"3.948903"
"126000.0";"4.023098"
"126010.0";"3.916816"
"126020.0";"3.970725"
"126030.0";"3.933892"
"126040.0";"3.898537"
"126050.0";"3.930682"
"126060.0";"4.040703"
"126070.0";"3.986549"
"126080.0";"3.989589"
"126090.0";"3.877681"
"126100.0";"3.963019"
"126110.0";"3.895241"
"126120.0";"3.899642"
"126130.0";"3.892179"
"126140.0";"3.892421"
"126150.0";"3.862285"
"126160.0";"3.965887"
"126170.0";"3.965984"
"126180.0";"3.8824"
"126190.0";"3.986288"
"126200.0";"3.904733"
"126210.0";"3.923176"
"126220.0";"3.929795"
"126230.0";"3.963976"
"126240.0";"3.904862"
"126250.0";"3.941813"
"126260.0";"3.90614"
"126270.0";"3.958591"
"126280.0";"3.834435"
"126290.0";"3.953433"
"126300.0";"3.940353"
"126310.0";"3.955386"
"126320.0";"3.842963"
"126330.0";"3.850614"
"126340.0";"3.93065"
"126350.0";"3.956146"
"126360.0";"3.921411"
"126370.0";"4.052869"
"126380.0";"3.9359"
"126390.0";"3.941612"
"126400.0";"4.028092"
"126410.0";"3.996334"
"126420.0";"4.024546"
"126430.0";"3.978519"
"126440.0";"3.978639"
"126450.0";"4.020136"
"126460.0";"3.976887"
"126470.0";"3.989983"
"126480.0";"4.089785"
"126490.0";"4.000653"
"126500.0";"3.964706"
"126510.0";"3.974171"
"126520.0";"3.961516"
"126530.0";"3.986701"
"126540.0";"3.971329"
"126550.0";"3.991057"
"126560.0";"3.907771"
"126570.0";"4.000822"
"126580.0";"4.002101"
"126590.0";"4.00538"
"126600.0";"3.916152"
"126610.0";"4.010681"
"126620.0";"3.95699"
"126630.0";"3.991243"
"126640.0";"4.003042"
"126650.0";"3.988896"
"126660.0";"3.98567"
"126670.0";"3.986214"
"126680.0";"4.021513"
"126690.0";"4.001481"
"126700.0";"4.018943"
"126710.0";"4.02879"
"126720.0";"3.992651"
"126730.0";"3.932115"
"126740.0";"3.975864"
"126750.0";"4.061846"
"126760.0";"4.025184"
"126770.0";"4.012918"
"126780.0";"4.040082"
"126790.0";"3.932268"
"126800.0";"3.98201"
"126810.0";"3.892248"
"126820.0";"3.979559"
"126830.0";"3.968193"
"126840.0";"3.92119"
"126850.0";"3.961088"
"126860.0";"3.971976"
"126870.0";"3.965671"
"126880.0";"3.91169"
"126890.0";"3.901054"
"126900.0";"3.992939"
"126910.0";"3.95504"
"126920.0";"4.00145"
"126930.0";"3.96594"
"126940.0";"3.90734"
"126950.0";"3.933538"
"126960.0";"4.00081"
"126970.0";"3.891974"
"126980.0";"3.878908"
"126990.0";"3.938036"
"127000.0";"3.953869"
"127010.0";"3.912104"
"127020.0";"3.831485"
"127030.0";"3.850603"
"127040.0";"3.867691"
"127050.0";"3.907834"
"127060.0";"3.900108"
"127070.0";"3.919894"
"127080.0";"3.896821"
"127090.0";"3.891803"
"127100.0";"3.947705"
"127110.0";"3.987029"
"127120.0";"3.954149"
"127130.0";"3.961838"
"127140.0";"3.960813"
"127150.0";"3.942691"
"127160.0";"3.870719"
"127170.0";"3.861588"
"127180.0";"3.804265"
"127190.0";"3.968771"
"127200.0";"3.835967"
"127210.0";"3.856448"
"127220.0";"3.934922"
"127230.0";"3.863968"
"127240.0";"3.94721"
"127250.0";"3.900852"
"127260.0";"3.838948"
"127270.0";"3.93905"
"127280.0";"3.961348"
"127290.0";"3.808996"
"127300.0";"3.914354"
"127310.0";"3.994986"
"127320.0";"3.854147"
"127330.0";"3.908631"
"127340.0";"3.956416"
"127350.0";"3.953691"
"127360.0";"3.883816"
"127370.0";"3.928845"
"127380.0";"3.906657"
"127390.0";"3.921121"
"127400.0";"3.812638"
"127410.0";"3.930889"
"127420.0";"3.883965"
"127430.0";"3.956867"
"127440.0";"3.929396"
"127450.0";"4.011914"
"127460.0";"3.934282"
"127470.0";"3.96739"
"127480.0";"3.949143"
"127490.0";"3.942803"
"127500.0";"3.974104"
"127510.0";"3.940626"
"127520.0";"3.95118"
"127530.0";"3.959314"
"127540.0";"3.93955"
"127550.0";"3.979393"
"127560.0";"3.964494"
"127570.0";"3.94803"
"127580.0";"3.924198"
"127590.0";"3.907571"
"127600.0";"3.986462"
"127610.0";"3.91975"
"127620.0";"3.956121"
"127630.0";"3.933488"
"127640.0";"3.925834"
"127650.0";"3.94117"
"127660.0";"4.006539"
"127670.0";"3.959557"
"127680.0";"3.798332"
"127690.0";"3.82619"
"127700.0";"3.884227"
"127710.0";"3.829417"
"127720.0";"3.885823"
"127730.0";"3.946449"
"127740.0";"3.863824"
"127750.0";"3.813564"
"127760.0";"3.760425"
"127770.0";"3.836848"
"127780.0";"3.894542"
"127790.0";"3.925053"
"127800.0";"3.832432"
"127810.0";"3.819373"
"127820.0";"3.785313"
"127830.0";"3.93436"
"127840.0";"3.803319"
"127850.0";"3.855875"
"127860.0";"3.803421"
"127870.0";"3.814969"
"127880.0";"3.837793"
"127890.0";"3.847581"
"127900.0";"3.928116"
"127910.0";"3.830397"
"127920.0";"3.839735"
"127930.0";"3.845413"
"127940.0";"3.92611"
"127950.0";"3.92512"
"127960.0";"3.947378"
"127970.0";"3.931493"
"127980.0";"3.833997"
"127990.0";"3.874841"
"128000.0";"3.854819"
"128010.0";"3.854934"
"128020.0";"3.946249"
"128030.0";"3.983255"
"128040.0";"3.979962"
"128050.0";"3.889909"
"128060.0";"4.006379"
"128070.0";"3.915408"
"128080.0";"3.976657"
"128090.0";"3.921445"
"128100.0";"4.004147"
"128110.0";"3.973248"
"128120.0";"3.849341"
"128130.0";"3.940085"
"128140.0";"4.05158"
"128150.0";"4.023819"
"128160.0";"3.932005"
"128170.0";"3.961341"
"128180.0";"3.958143"
"128190.0";"4.019824"
"128200.0";"3.958645"
"128210.0";"4.04059"
"128220.0";"4.050615"
"128230.0";"4.022591"
"128240.0";"4.096846"
"128250.0";"4.045017"
"128260.0";"4.044816"
"128270.0";"3.862602"
"128280.0";"3.933751"
"128290.0";"3.989058"
"128300.0";"3.978621"
"128310.0";"3.938822"
"128320.0";"4.000652"
"128330.0";"3.975482"
"128340.0";"3.85766"
"128350.0";"3.93241"
"128360.0";"3.989698"
"128370.0";"3.968119"
"128380.0";"3.93313"
"128390.0";"3.978076"
"128400.0";"3.939712"
"128410.0";"3.990389"
"128420.0";"4.00081"
"128430.0";"3.857872"
"128440.0";"3.913435"
"128450.0";"3.946931"
"128460.0";"3.874878"
"128470.0";"3.8597"
"128480.0";"3.947105"
"128490.0";"3.940032"
"128500.0";"3.959155"
"128510.0";"3.93526"
"128520.0";"3.918436"
"128530.0";"3.915856"
"128540.0";"3.989929"
"128550.0";"3.998263"
"128560.0";"3.98124"
"128570.0";"4.017229"
"128580.0";"4.021243"
"128590.0";"4.012304"
"128600.0";"4.000874"
"128610.0";"3.993269"
"128620.0";"3.943435"
"128630.0";"4.002081"
"128640.0";"4.00703"
"128650.0";"4.043638"
"128660.0";"4.036899"
"128670.0";"3.91776"
"128680.0";"4.003085"
"128690.0";"4.002245"
"128700.0";"4.000821"
"128710.0";"3.961685"
"128720.0";"3.997154"
"128730.0";"3.933498"
"128740.0";"3.9593"
"128750.0";"3.928982"
"128760.0";"4.006814"
"128770.0";"3.977905"
"128780.0";"3.954808"
"128790.0";"3.979077"
"128800.0";"3.947236"
"128810.0";"3.925748"
"128820.0";"3.986976"
"128830.0";"3.8944"
"128840.0";"3.949739"
"128850.0";"4.006878"
"128860.0";"3.951553"
"128870.0";"3.931586"
"128880.0";"3.933959"
"128890.0";"3.994737"
"128900.0";"3.879776"
"128910.0";"3.84379"
"128920.0";"3.965961"
"128930.0";"3.900615"
"128940.0";"3.94826"
"128950.0";"3.918246"
"128960.0";"3.974415"
"128970.0";"3.969169"
"128980.0";"3.998028"
"128990.0";"3.987825"
"129000.0";"3.99136"
"129010.0";"3.981111"
"129020.0";"3.929686"
"129030.0";"3.976962"
"129040.0";"4.020855"
"129050.0";"3.92664"
"129060.0";"4.002"
"129070.0";"3.960801"
"129080.0";"4.017032"
"129090.0";"3.957922"
"129100.0";"3.925309"
"129110.0";"3.939321"
"129120.0";"3.984688"
"129130.0";"3.905142"
"129140.0";"3.960871"
"129150.0";"3.979487"
"129160.0";"3.969256"
"129170.0";"3.937223"
"129180.0";"3.943005"
"129190.0";"3.951352"
"129200.0";"3.870259"
"129210.0";"3.935886"
"129220.0";"3.935708"
"129230.0";"3.927889"
"129240.0";"3.961707"
"129250.0";"4.00433"
"129260.0";"3.976311"
"129270.0";"3.937533"
"129280.0";"3.947738"
"129290.0";"3.994156"
"129300.0";"3.938886"
"129310.0";"3.925944"
"129320.0";"3.914814"
"129330.0";"3.884855"
"129340.0";"3.929729"
"129350.0";"3.91688"
"129360.0";"3.927657"
"129370.0";"3.956484"
"129380.0";"3.92942"
"129390.0";"3.963391"
"129400.0";"3.931535"
"129410.0";"3.980855"
"129420.0";"3.956505"
"129430.0";"3.947326"
"129440.0";"3.939514"
"129450.0";"3.974867"
"129460.0";"3.931655"
"129470.0";"4.0132"
"129480.0";"3.911234"
"129490.0";"3.932012"
"129500.0";"3.996858"
"129510.0";"3.935838"
"129520.0";"3.989974"
"129530.0";"3.96648"
"129540.0";"3.884626"
"129550.0";"3.971084"
"129560.0";"3.930281"
"129570.0";"3.99507"
"129580.0";"3.986905"
"129590.0";"3.995888"
"129600.0";"4.027757"
"129610.0";"4.014572"
"129620.0";"3.99289"
"129630.0";"4.036724"
"129640.0";"3.997722"
"129650.0";"4.025514"
"129660.0";"3.991936"
"129670.0";"3.993204"
"129680.0";"4.011234"
"129690.0";"3.995212"
"129700.0";"4.014755"
"129710.0";"4.008909"
"129720.0";"3.990397"
"129730.0";"3.990274"
"129740.0";"4.059902"
"129750.0";"3.980505"
"129760.0";"4.006169"
"129770.0";"4.020749"
"129780.0";"3.989964"
"129790.0";"4.052637"
"129800.0";"3.96455"
"129810.0";"3.965216"
"129820.0";"3.995963"
"129830.0";"3.940031"
"129840.0";"3.965692"
"129850.0";"3.985133"
"129860.0";"3.964814"
"129870.0";"4.003382"
"129880.0";"3.983845"
"129890.0";"4.052691"
"129900.0";"4.027336"
"129910.0";"4.004674"
"129920.0";"4.005235"
"129930.0";"3.973854"
"129940.0";"4.002859"
"129950.0";"4.03737"
"129960.0";"4.03127"
"129970.0";"4.007268"
"129980.0";"3.973955"
"129990.0";"4.023416"
"130000.0";"4.014869"
"130010.0";"4.064365"
"130020.0";"4.076548"
"130030.0";"4.002819"
"130040.0";"3.961071"
"130050.0";"4.035571"
"130060.0";"4.087304"
"130070.0";"4.104469"
"130080.0";"3.997088"
"130090.0";"3.992394"
"130100.0";"4.003249"
"130110.0";"3.990968"
"130120.0";"4.000508"
"130130.0";"3.90351"
"130140.0";"3.993923"
"130150.0";"3.995522"
"130160.0";"3.992304"
"130170.0";"3.964372"
"130180.0";"4.02198"
"130190.0";"4.004005"
"130200.0";"4.002419"
"130210.0";"3.94475"
"130220.0";"4.000787"
"130230.0";"4.008671"
"130240.0";"3.999024"
"130250.0";"4.003822"
"130260.0";"3.953976"
"130270.0";"4.025383"
"130280.0";"3.906243"
"130290.0";"3.934655"
"130300.0";"3.934031"
"130310.0";"3.997563"
"130320.0";"4.008562"
"130330.0";"3.988788"
"130340.0";"3.956723"
"130350.0";"3.906484"
"130360.0";"4.01958"
"130370.0";"4.004993"
"130380.0";"4.021517"
"130390.0";"3.905506"
"130400.0";"3.989201"
"130410.0";"4.007035"
"130420.0";"4.045611"
"130430.0";"4.041808"
"130440.0";"3.995153"
"130450.0";"4.045998"
"130460.0";"4.117903"
"130470.0";"4.019932"
"130480.0";"4.024639"
"130490.0";"4.026766"
"130500.0";"4.051335"
"130510.0";"3.998439"
"130520.0";"4.024105"
"130530.0";"4.091085"
"130540.0";"4.015199"
"130550.0";"3.998326"
"130560.0";"3.978927"
"130570.0";"3.979117"
"130580.0";"4.049119"
"130590.0";"4.062282"
"130600.0";"3.967033"
"130610.0";"4.061934"
"130620.0";"4.040792"
"130630.0";"4.058055"
"130640.0";"4.006184"
"130650.0";"4.067559"
"130660.0";"4.013397"
"130670.0";"4.038117"
"130680.0";"4.033108"
"130690.0";"4.049093"
"130700.0";"4.046247"
"130710.0";"4.081326"
"130720.0";"4.057557"
"130730.0";"4.078081"
"130740.0";"4.113542"
"130750.0";"4.050847"
"130760.0";"4.094241"
"130770.0";"3.990923"
"130780.0";"4.039484"
"130790.0";"4.04663"
"130800.0";"3.997671"
"130810.0";"4.015509"
"130820.0";"4.086282"
"130830.0";"3.956002"
"130840.0";"4.071223"
"130850.0";"4.026093"
"130860.0";"3.994963"
"130870.0";"3.993641"
"130880.0";"4.060738"
"130890.0";"4.039551"
"130900.0";"4.042107"
"130910.0";"4.025515"
"130920.0";"4.096854"
"130930.0";"4.097992"
"130940.0";"3.984975"
"130950.0";"4.036171"
"130960.0";"4.035264"
"130970.0";"4.055014"
"130980.0";"3.976881"
"130990.0";"3.937033"
"131000.0";"3.854381"
"131010.0";"4.008655"
"131020.0";"3.998054"
"131030.0";"3.93486"
"131040.0";"4.014594"
"131050.0";"4.039392"
"131060.0";"4.01609"
"131070.0";"3.929228"
"131080.0";"3.940266"
"131090.0";"3.980218"
"131100.0";"4.067768"
"131110.0";"3.98927"
"131120.0";"3.956466"
"131130.0";"3.980595"
"131140.0";"3.959336"
"131150.0";"3.949037"
"131160.0";"4.048635"
"131170.0";"3.945433"
"131180.0";"4.036916"
"131190.0";"4.034569"
"131200.0";"4.016832"
"131210.0";"4.002172"
"131220.0";"3.972902"
"131230.0";"3.951258"
"131240.0";"3.977623"
"131250.0";"3.92876"
"131260.0";"3.931293"
"131270.0";"3.927909"
"131280.0";"3.967857"
"131290.0";"3.934131"
"131300.0";"3.94468"
"131310.0";"3.967243"
"131320.0";"4.016057"
"131330.0";"3.955117"
"131340.0";"3.998636"
"131350.0";"3.943502"
"131360.0";"3.893554"
"131370.0";"3.880883"
"131380.0";"4.049096"
"131390.0";"3.977805"
"131400.0";"3.942606"
"131410.0";"3.894655"
"131420.0";"3.980832"
"131430.0";"3.870229"
"131440.0";"3.948098"
"131450.0";"3.90068"
"131460.0";"4.001126"
"131470.0";"3.957418"
"131480.0";"3.921656"
"131490.0";"3.94821"
"131500.0";"3.953661"
"131510.0";"4.020941"
"131520.0";"3.933979"
"131530.0";"3.959585"
"131540.0";"3.902183"
"131550.0";"3.924868"
"131560.0";"3.876072"
"131570.0";"3.945782"
"131580.0";"3.935871"
"131590.0";"3.934482"
"131600.0";"3.956822"
"131610.0";"3.91575"
"131620.0";"3.884614"
"131630.0";"3.970628"
"131640.0";"3.883971"
"131650.0";"3.922909"
"131660.0";"3.942924"
"131670.0";"4.030661"
"131680.0";"3.965023"
"131690.0";"3.96611"
"131700.0";"4.006324"
"131710.0";"3.912648"
"131720.0";"3.897788"
"131730.0";"3.886544"
"131740.0";"3.946095"
"131750.0";"3.899084"
"131760.0";"3.898418"
"131770.0";"3.912287"
"131780.0";"3.948545"
"131790.0";"3.824238"
"131800.0";"3.939799"
"131810.0";"3.889117"
"131820.0";"3.960237"
"131830.0";"3.977676"
"131840.0";"3.963523"
"131850.0";"4.008225"
"131860.0";"3.977156"
"131870.0";"3.983185"
"131880.0";"3.901417"
"131890.0";"3.929468"
"131900.0";"3.981789"
"131910.0";"3.939691"
"131920.0";"4.014742"
"131930.0";"3.995642"
"131940.0";"3.956254"
"131950.0";"3.932719"
"131960.0";"3.924696"
"131970.0";"3.994885"
"131980.0";"3.992363"
"131990.0";"3.974298"
"132000.0";"3.964787"
"132010.0";"3.939559"
"132020.0";"3.987385"
"132030.0";"3.949885"
"132040.0";"4.01396"
"132050.0";"3.979359"
"132060.0";"3.99375"
"132070.0";"3.973337"
"132080.0";"3.906414"
"132090.0";"3.901014"
"132100.0";"3.883597"
"132110.0";"3.919209"
"132120.0";"3.982145"
"132130.0";"3.949111"
"132140.0";"3.916218"
"132150.0";"3.951048"
"132160.0";"3.888264"
"132170.0";"3.924525"
"132180.0";"3.913908"
"132190.0";"3.985056"
"132200.0";"3.949883"
"132210.0";"3.968035"
"132220.0";"3.957047"
"132230.0";"3.965482"
"132240.0";"3.948577"
"132250.0";"3.942696"
"132260.0";"3.961504"
"132270.0";"3.995946"
"132280.0";"3.906741"
"132290.0";"3.881151"
"132300.0";"3.970502"
"132310.0";"3.904692"
"132320.0";"3.965857"
"132330.0";"3.935065"
"132340.0";"3.988907"
"132350.0";"3.957819"
"132360.0";"3.910794"
"132370.0";"3.943779"
"132380.0";"3.946768"
"132390.0";"3.973533"
"132400.0";"3.913567"
"132410.0";"3.918632"
"132420.0";"3.957261"
"132430.0";"3.95992"
"132440.0";"3.93452"
"132450.0";"3.982631"
"132460.0";"3.915742"
"132470.0";"3.934778"
"132480.0";"4.011627"
"132490.0";"3.97012"
"132500.0";"3.948824"
"132510.0";"3.935581"
"132520.0";"3.891105"
"132530.0";"3.879069"
"132540.0";"3.885631"
"132550.0";"3.872701"
"132560.0";"3.872277"
"132570.0";"3.875048"
"132580.0";"3.91404"
"132590.0";"3.992488"
"132600.0";"3.941353"
"132610.0";"3.876027"
"132620.0";"3.884178"
"132630.0";"3.942488"
"132640.0";"3.887768"
"132650.0";"3.997347"
"132660.0";"3.964115"
"132670.0";"3.929569"
"132680.0";"3.951477"
"132690.0";"3.931905"
"132700.0";"3.953855"
"132710.0";"3.884657"
"132720.0";"3.907043"
"132730.0";"3.850177"
"132740.0";"3.794475"
"132750.0";"3.935499"
"132760.0";"3.927679"
"132770.0";"3.960364"
"132780.0";"3.973544"
"132790.0";"3.896387"
"132800.0";"3.940427"
"132810.0";"3.932719"
"132820.0";"3.928318"
"132830.0";"3.899488"
"132840.0";"3.946841"
"132850.0";"3.92042"
"132860.0";"3.913233"
"132870.0";"3.917868"
"132880.0";"3.904953"
"132890.0";"3.962473"
"132900.0";"3.974828"
"132910.0";"4.02205"
"132920.0";"3.835341"
"132930.0";"3.945235"
"132940.0";"3.97176"
"132950.0";"3.948245"
"132960.0";"3.881045"
"132970.0";"3.969863"
"132980.0";"3.917696"
"132990.0";"3.975828"
"133000.0";"3.999553"
"133010.0";"3.965651"
"133020.0";"4.020428"
"133030.0";"4.021036"
"133040.0";"3.945451"
"133050.0";"3.933641"
"133060.0";"3.915066"
"133070.0";"3.911093"
"133080.0";"3.976553"
"133090.0";"3.936768"
"133100.0";"3.838753"
"133110.0";"3.910879"
"133120.0";"3.90444"
"133130.0";"3.944451"
"133140.0";"4.035631"
"133150.0";"3.918198"
"133160.0";"3.91093"
"133170.0";"3.986017"
"133180.0";"4.038531"
"133190.0";"3.962398"
"133200.0";"3.935474"
"133210.0";"3.93479"
"133220.0";"3.936577"
"133230.0";"4.046693"
"133240.0";"3.972522"
"133250.0";"3.916411"
"133260.0";"3.975477"
"133270.0";"3.863234"
"133280.0";"3.945149"
"133290.0";"3.940064"
"133300.0";"3.914962"
"133310.0";"3.918553"
"133320.0";"3.882798"
"133330.0";"3.96075"
"133340.0";"3.989231"
"133350.0";"4.051405"
"133360.0";"3.950274"
"133370.0";"3.865286"
"133380.0";"3.908291"
"133390.0";"3.959006"
"133400.0";"3.880651"
"133410.0";"3.879263"
"133420.0";"3.981567"
"133430.0";"3.894843"
"133440.0";"3.967124"
"133450.0";"3.895762"
"133460.0";"3.962248"
"133470.0";"3.974512"
"133480.0";"3.9557"
"133490.0";"3.895221"
"133500.0";"3.88886"
"133510.0";"3.908902"
"133520.0";"3.91216"
"133530.0";"3.903514"
"133540.0";"3.900784"
"133550.0";"3.858562"
"133560.0";"3.974658"
"133570.0";"3.910928"
"133580.0";"3.92151"
"133590.0";"3.875776"
"133600.0";"3.944789"
"133610.0";"3.939018"
"133620.0";"3.917273"
"133630.0";"3.962315"
"133640.0";"3.943034"
"133650.0";"3.95397"
"133660.0";"3.966993"
"133670.0";"3.987484"
"133680.0";"3.957962"
"133690.0";"3.933679"
"133700.0";"3.926484"
"133710.0";"3.957826"
"133720.0";"3.903714"
"133730.0";"3.958853"
"133740.0";"3.950645"
"133750.0";"4.033615"
"133760.0";"3.952616"
"133770.0";"3.968263"
"133780.0";"4.025921"
"133790.0";"4.017552"
"133800.0";"4.004197"
"133810.0";"3.908346"
"133820.0";"3.887365"
"133830.0";"3.940769"
"133840.0";"3.888121"
"133850.0";"3.955762"
"133860.0";"3.913767"
"133870.0";"3.889537"
"133880.0";"3.908233"
"133890.0";"3.911808"
"133900.0";"3.958638"
"133910.0";"3.981609"
"133920.0";"3.915033"
"133930.0";"3.910455"
"133940.0";"3.945485"
"133950.0";"3.90209"
"133960.0";"3.926962"
"133970.0";"3.970188"
"133980.0";"3.918853"
"133990.0";"3.908097"
"134000.0";"3.911422"
"134010.0";"4.002975"
"134020.0";"3.922454"
"134030.0";"3.941185"
"134040.0";"3.987648"
"134050.0";"3.966173"
"134060.0";"3.8753"
"134070.0";"3.921288"
"134080.0";"3.932804"
"134090.0";"3.928576"
"134100.0";"3.916357"
"134110.0";"3.954046"
"134120.0";"3.958939"
"134130.0";"3.878243"
"134140.0";"3.880795"
"134150.0";"3.906019"
"134160.0";"3.905361"
"134170.0";"3.932499"
"134180.0";"3.949494"
"134190.0";"3.995081"
"134200.0";"3.928977"
"134210.0";"3.997664"
"134220.0";"4.012167"
"134230.0";"3.960264"
"134240.0";"3.944656"
"134250.0";"3.98404"
"134260.0";"3.968409"
"134270.0";"3.959307"
"134280.0";"3.914838"
"134290.0";"3.931225"
"134300.0";"4.008856"
"134310.0";"3.969881"
"134320.0";"3.920807"
"134330.0";"3.953618"
"134340.0";"3.938635"
"134350.0";"3.965762"
"134360.0";"3.923418"
"134370.0";"3.898858"
"134380.0";"3.884142"
"134390.0";"3.983878"
"134400.0";"3.923026"
"134410.0";"3.964766"
"134420.0";"3.947304"
"134430.0";"3.94141"
"134440.0";"3.967404"
"134450.0";"3.9818"
"134460.0";"3.923141"
"134470.0";"4.011936"
"134480.0";"3.877749"
"134490.0";"3.873424"
"134500.0";"3.908411"
"134510.0";"3.895419"
"134520.0";"3.845668"
"134530.0";"3.956667"
"134540.0";"3.933215"
"134550.0";"3.889713"
"134560.0";"4.064845"
"134570.0";"3.942262"
"134580.0";"3.9587"
"134590.0";"3.982657"
"134600.0";"3.877625"
"134610.0";"3.974785"
"134620.0";"3.941848"
"134630.0";"3.873878"
"134640.0";"3.998698"
"134650.0";"3.858937"
"134660.0";"3.921435"
"134670.0";"3.993683"
"134680.0";"3.930731"
"134690.0";"3.888444"
"134700.0";"4.006483"
"134710.0";"4.014215"
"134720.0";"3.907671"
"134730.0";"3.935505"
"134740.0";"3.929617"
"134750.0";"3.98542"
"134760.0";"3.956617"
"134770.0";"3.904138"
"134780.0";"3.930764"
"134790.0";"3.885628"
"134800.0";"3.952783"
"134810.0";"3.921631"
"134820.0";"3.971223"
"134830.0";"3.911101"
"134840.0";"3.993823"
"134850.0";"3.935374"
"134860.0";"3.944745"
"134870.0";"3.963754"
"134880.0";"3.921903"
"134890.0";"3.896927"
"134900.0";"3.90739"
"134910.0";"3.935647"
"134920.0";"3.884987"
"134930.0";"3.935195"
"134940.0";"3.934978"
"134950.0";"3.954155"
"134960.0";"3.986004"
"134970.0";"3.928563"
"134980.0";"3.999562"
"134990.0";"4.01195"
"135000.0";"3.88937"
"135010.0";"3.905552"
"135020.0";"3.907196"
"135030.0";"3.842041"
"135040.0";"3.896021"
"135050.0";"4.003829"
"135060.0";"3.941775"
"135070.0";"3.847429"
"135080.0";"3.944158"
"135090.0";"3.902377"
"135100.0";"3.976184"
"135110.0";"3.885494"
"135120.0";"3.969556"
"135130.0";"3.932311"
"135140.0";"4.007405"
"135150.0";"3.984057"
"135160.0";"3.966831"
"135170.0";"3.958167"
"135180.0";"3.924"
"135190.0";"4.032587"
"135200.0";"3.99137"
"135210.0";"3.906096"
"135220.0";"4.012876"
"135230.0";"3.978595"
"135240.0";"3.946191"
"135250.0";"3.984845"
"135260.0";"3.936442"
"135270.0";"4.033865"
"135280.0";"4.019628"
"135290.0";"3.947608"
"135300.0";"3.895912"
"135310.0";"3.974572"
"135320.0";"3.965443"
"135330.0";"3.887769"
"135340.0";"3.870258"
"135350.0";"3.924708"
"135360.0";"3.898654"
"135370.0";"3.987071"
"135380.0";"3.944313"
"135390.0";"3.849051"
"135400.0";"3.95319"
"135410.0";"3.978774"
"135420.0";"3.946081"
"135430.0";"3.982626"
"135440.0";"3.957532"
"135450.0";"4.007116"
"135460.0";"3.946843"
"135470.0";"4.007863"
"135480.0";"3.974467"
"135490.0";"3.897323"
"135500.0";"3.868329"
"135510.0";"3.966645"
"135520.0";"3.913219"
"135530.0";"3.906805"
"135540.0";"3.963835"
"135550.0";"3.975176"
"135560.0";"3.920165"
"135570.0";"3.930316"
"135580.0";"3.957912"
"135590.0";"3.887754"
"135600.0";"3.882965"
"135610.0";"3.914671"
"135620.0";"3.900968"
"135630.0";"3.966444"
"135640.0";"3.957211"
"135650.0";"3.973197"
"135660.0";"3.85784"
"135670.0";"3.994148"
"135680.0";"3.860278"
"135690.0";"3.88289"
"135700.0";"3.932682"
"135710.0";"3.956927"
"135720.0";"3.922644"
"135730.0";"3.948801"
"135740.0";"3.927909"
"135750.0";"3.959886"
"135760.0";"3.892568"
"135770.0";"3.88125"
"135780.0";"3.940978"
"135790.0";"3.892431"
"135800.0";"3.966565"
"135810.0";"3.965577"
"135820.0";"4.000321"
"135830.0";"3.967658"
"135840.0";"3.93111"
"135850.0";"3.948827"
"135860.0";"3.964554"
"135870.0";"3.939245"
"135880.0";"3.974541"
"135890.0";"3.975885"
"135900.0";"3.980459"
"135910.0";"3.926181"
"135920.0";"3.972019"
"135930.0";"3.950319"
"135940.0";"3.950759"
"135950.0";"3.909209"
"135960.0";"3.905068"
"135970.0";"3.895011"
"135980.0";"3.98067"
"135990.0";"3.90953"
"136000.0";"3.915757"
"136010.0";"4.002834"
"136020.0";"3.919561"
"136030.0";"3.997107"
"136040.0";"3.983063"
"136050.0";"3.91149"
"136060.0";"3.942302"
"136070.0";"3.90451"
"136080.0";"3.977227"
"136090.0";"3.976304"
"136100.0";"3.96411"
"136110.0";"3.95229"
"136120.0";"3.940218"
"136130.0";"3.903834"
"136140.0";"4.051733"
"136150.0";"3.94225"
"136160.0";"3.973892"
"136170.0";"3.981165"
"136180.0";"3.897941"
"136190.0";"4.002858"
"136200.0";"3.949577"
"136210.0";"3.928556"
"136220.0";"3.949891"
"136230.0";"3.941611"
"136240.0";"4.010277"
"136250.0";"3.944529"
"136260.0";"3.932222"
"136270.0";"3.926626"
"136280.0";"4.006419"
"136290.0";"3.898661"
"136300.0";"3.962746"
"136310.0";"4.036935"
"136320.0";"3.99079"
"136330.0";"3.987544"
"136340.0";"3.943978"
"136350.0";"3.98333"
"136360.0";"3.853433"
"136370.0";"3.941453"
"136380.0";"4.008718"
"136390.0";"4.018917"
"136400.0";"3.982241"
"136410.0";"3.977946"
"136420.0";"3.997178"
"136430.0";"4.043989"
"136440.0";"3.94169"
"136450.0";"3.96077"
"136460.0";"3.972542"
"136470.0";"3.99492"
"136480.0";"3.966848"
"136490.0";"3.977506"
"136500.0";"4.019685"
"136510.0";"3.964064"
"136520.0";"3.966768"
"136530.0";"3.925538"
"136540.0";"3.976268"
"136550.0";"3.945906"
"136560.0";"3.974357"
"136570.0";"3.952232"
"136580.0";"3.874782"
"136590.0";"3.90167"
"136600.0";"3.974067"
"136610.0";"3.982326"
"136620.0";"3.940105"
"136630.0";"3.990623"
"136640.0";"3.856559"
"136650.0";"3.786764"
"136660.0";"3.925444"
"136670.0";"3.913176"
"136680.0";"3.95452"
"136690.0";"3.902914"
"136700.0";"3.919523"
"136710.0";"3.912113"
"136720.0";"3.895203"
"136730.0";"3.984091"
"136740.0";"3.923465"
"136750.0";"3.941158"
"136760.0";"3.921175"
"136770.0";"4.011728"
"136780.0";"3.995941"
"136790.0";"3.890895"
"136800.0";"3.91064"
"136810.0";"3.974657"
"136820.0";"3.899712"
"136830.0";"3.961867"
"136840.0";"3.96493"
"136850.0";"3.990898"
"136860.0";"3.999232"
"136870.0";"3.873281"
"136880.0";"3.973011"
"136890.0";"3.880933"
"136900.0";"3.856498"
"136910.0";"3.9281"
"136920.0";"3.985665"
"136930.0";"3.967632"
"136940.0";"3.914723"
"136950.0";"3.998357"
"136960.0";"3.91843"
"136970.0";"3.939508"
"136980.0";"3.945895"
"136990.0";"3.956359"
"137000.0";"3.910351"
"137010.0";"3.899285"
"137020.0";"3.933768"
"137030.0";"3.964119"
"137040.0";"3.94967"
"137050.0";"4.008128"
"137060.0";"4.03437"
"137070.0";"3.986589"
"137080.0";"4.003614"
"137090.0";"4.019888"
"137100.0";"4.033952"
"137110.0";"3.961889"
"137120.0";"3.974505"
"137130.0";"4.010094"
"137140.0";"3.974411"
"137150.0";"3.91872"
"137160.0";"3.981507"
"137170.0";"4.034875"
"137180.0";"4.055344"
"137190.0";"4.027088"
"137200.0";"4.108103"
"137210.0";"3.975248"
"137220.0";"4.03162"
"137230.0";"4.046492"
"137240.0";"4.036747"
"137250.0";"4.043361"
"137260.0";"4.053183"
"137270.0";"4.063698"
"137280.0";"4.052719"
"137290.0";"4.063694"
"137300.0";"4.039835"
"137310.0";"4.064632"
"137320.0";"4.017272"
"137330.0";"4.049184"
"137340.0";"4.043204"
"137350.0";"4.134914"
"137360.0";"4.085346"
"137370.0";"4.054132"
"137380.0";"4.022271"
"137390.0";"4.131449"
"137400.0";"4.01931"
"137410.0";"4.031916"
"137420.0";"4.150201"
"137430.0";"4.105012"
"137440.0";"4.063184"
"137450.0";"4.012976"
"137460.0";"4.021067"
"137470.0";"4.033635"
"137480.0";"4.014812"
"137490.0";"4.002616"
"137500.0";"3.979866"
"137510.0";"4.069054"
"137520.0";"4.137525"
"137530.0";"4.088203"
"137540.0";"3.990251"
"137550.0";"4.025965"
"137560.0";"4.101696"
"137570.0";"4.008439"
"137580.0";"3.964511"
"137590.0";"4.033399"
"137600.0";"3.982831"
"137610.0";"3.925041"
"137620.0";"3.913813"
"137630.0";"3.910929"
"137640.0";"3.993267"
"137650.0";"3.984103"
"137660.0";"3.879102"
"137670.0";"4.017364"
"137680.0";"3.95372"
"137690.0";"4.005546"
"137700.0";"3.915779"
"137710.0";"3.958442"
"137720.0";"3.921047"
"137730.0";"3.964372"
"137740.0";"3.928314"
"137750.0";"3.959123"
"137760.0";"3.943884"
"137770.0";"3.939856"
"137780.0";"3.96839"
"137790.0";"4.005893"
"137800.0";"3.944665"
"137810.0";"3.953159"
"137820.0";"3.95452"
"137830.0";"3.924542"
"137840.0";"3.910674"
"137850.0";"3.981028"
"137860.0";"3.873245"
"137870.0";"3.91607"
"137880.0";"3.855952"
"137890.0";"3.965182"
"137900.0";"3.887343"
"137910.0";"3.924001"
"137920.0";"3.950704"
"137930.0";"3.890459"
"137940.0";"3.970117"
"137950.0";"3.965167"
"137960.0";"3.96863"
"137970.0";"3.902806"
"137980.0";"3.918197"
"137990.0";"3.902798"
"138000.0";"3.923288"
"138010.0";"3.917758"
"138020.0";"3.919302"
"138030.0";"3.980081"
"138040.0";"3.883204"
"138050.0";"3.993025"
"138060.0";"3.975745"
"138070.0";"3.948983"
"138080.0";"3.911227"
"138090.0";"3.973528"
"138100.0";"4.055166"
"138110.0";"3.954457"
"138120.0";"3.924963"
"138130.0";"3.911149"
"138140.0";"3.926331"
"138150.0";"3.927674"
"138160.0";"3.926374"
"138170.0";"3.936855"
"138180.0";"3.930355"
"138190.0";"3.930047"
"138200.0";"3.965961"
"138210.0";"3.909766"
"138220.0";"3.911241"
"138230.0";"3.959656"
"138240.0";"3.946069"
"138250.0";"3.9674"
"138260.0";"3.936594"
"138270.0";"3.948495"
"138280.0";"4.002457"
"138290.0";"3.963918"
"138300.0";"3.852786"
"138310.0";"3.920646"
"138320.0";"3.972488"
"138330.0";"3.962823"
"138340.0";"3.977741"
"138350.0";"3.96103"
"138360.0";"3.91413"
"138370.0";"3.984097"
"138380.0";"3.922594"
"138390.0";"3.960012"
"138400.0";"3.916723"
"138410.0";"3.944444"
"138420.0";"3.935585"
"138430.0";"3.92309"
"138440.0";"3.956334"
"138450.0";"4.004499"
"138460.0";"3.944531"
"138470.0";"3.9321"
"138480.0";"3.9489"
"138490.0";"3.953583"
"138500.0";"3.948539"
"138510.0";"3.886558"
"138520.0";"3.920642"
"138530.0";"3.928378"
"138540.0";"3.88049"
"138550.0";"3.918492"
"138560.0";"3.956961"
"138570.0";"3.882397"
"138580.0";"3.869918"
"138590.0";"3.847601"
"138600.0";"3.960476"
"138610.0";"3.94755"
"138620.0";"3.921385"
"138630.0";"3.946603"
"138640.0";"3.943837"
"138650.0";"3.907274"
"138660.0";"3.95738"
"138670.0";"3.900407"
"138680.0";"3.91199"
"138690.0";"3.934836"
"138700.0";"3.941155"
"138710.0";"3.950661"
"138720.0";"3.971641"
"138730.0";"3.955881"
"138740.0";"3.908959"
"138750.0";"3.886792"
"138760.0";"3.942426"
"138770.0";"3.92809"
"138780.0";"3.928986"
"138790.0";"3.906725"
"138800.0";"3.893112"
"138810.0";"3.900564"
"138820.0";"3.928555"
"138830.0";"3.927016"
"138840.0";"3.915217"
"138850.0";"3.930504"
"138860.0";"3.933821"
"138870.0";"3.939633"
"138880.0";"3.917613"
"138890.0";"4.01511"
"138900.0";"3.97054"
"138910.0";"3.978546"
"138920.0";"3.936376"
"138930.0";"3.918596"
"138940.0";"3.920307"
"138950.0";"3.9048"
"138960.0";"3.910642"
"138970.0";"3.942269"
"138980.0";"3.973246"
"138990.0";"3.972471"
"139000.0";"3.934244"
"139010.0";"3.890635"
"139020.0";"3.922519"
"139030.0";"3.925654"
"139040.0";"3.935138"
"139050.0";"3.950027"
"139060.0";"3.991735"
"139070.0";"3.915537"
"139080.0";"3.970052"
"139090.0";"3.961436"
"139100.0";"4.00802"
"139110.0";"3.936624"
"139120.0";"3.946356"
"139130.0";"3.925606"
"139140.0";"3.993814"
"139150.0";"4.050076"
"139160.0";"3.977799"
"139170.0";"3.984115"
"139180.0";"3.972307"
"139190.0";"4.00506"
"139200.0";"4.04096"
"139210.0";"4.057887"
"139220.0";"4.076402"
"139230.0";"4.105413"
"139240.0";"4.018219"
"139250.0";"3.909179"
"139260.0";"3.971168"
"139270.0";"4.012951"
"139280.0";"3.947088"
"139290.0";"3.967773"
"139300.0";"3.898946"
"139310.0";"3.953185"
"139320.0";"3.911345"
"139330.0";"4.005118"
"139340.0";"3.911716"
"139350.0";"3.960032"
"139360.0";"3.908217"
"139370.0";"3.872771"
"139380.0";"3.901785"
"139390.0";"3.963274"
"139400.0";"3.959322"
"139410.0";"3.998713"
"139420.0";"3.960353"
"139430.0";"3.957914"
"139440.0";"3.899085"
"139450.0";"3.971391"
"139460.0";"3.885418"
"139470.0";"3.906804"
"139480.0";"3.845079"
"139490.0";"4.011274"
"139500.0";"3.909715"
"139510.0";"3.980788"
"139520.0";"3.979512"
"139530.0";"3.9819"
"139540.0";"3.976947"
"139550.0";"3.953869"
"139560.0";"3.866178"
"139570.0";"3.900848"
"139580.0";"3.977612"
"139590.0";"3.973634"
"139600.0";"3.980719"
"139610.0";"4.061007"
"139620.0";"3.977"
"139630.0";"4.012678"
"139640.0";"3.986554"
"139650.0";"3.982586"
"139660.0";"4.011543"
"139670.0";"3.981969"
"139680.0";"3.958963"
"139690.0";"4.001682"
"139700.0";"3.953283"
"139710.0";"3.868551"
"139720.0";"3.954676"
"139730.0";"3.966658"
"139740.0";"3.832824"
"139750.0";"3.930979"
"139760.0";"3.88268"
"139770.0";"3.818456"
"139780.0";"3.847347"
"139790.0";"3.964554"
"139800.0";"3.97634"
"139810.0";"3.936636"
"139820.0";"4.01228"
"139830.0";"4.062016"
"139840.0";"3.905674"
"139850.0";"3.930895"
"139860.0";"3.989642"
"139870.0";"3.973948"
"139880.0";"4.007487"
"139890.0";"3.953022"
"139900.0";"3.943275"
"139910.0";"4.024983"
"139920.0";"3.893062"
"139930.0";"3.887565"
"139940.0";"3.889511"
"139950.0";"3.922949"
"139960.0";"3.983042"
"139970.0";"3.900625"
"139980.0";"3.974852"
"139990.0";"3.913266"
"140000.0";"3.901836"
"140010.0";"3.953957"
"140020.0";"3.953639"
"140030.0";"3.986789"
"140040.0";"3.934223"
"140050.0";"3.932617"
"140060.0";"3.930439"
"140070.0";"3.965564"
"140080.0";"3.955698"
"140090.0";"3.935836"
"140100.0";"3.969561"
"140110.0";"3.986442"
"140120.0";"3.941891"
"140130.0";"3.857183"
"140140.0";"3.93083"
"140150.0";"3.933276"
"140160.0";"3.909792"
"140170.0";"3.960145"
"140180.0";"3.938377"
"140190.0";"3.895588"
"140200.0";"3.981721"
"140210.0";"4.007037"
"140220.0";"3.912434"
"140230.0";"3.947882"
"140240.0";"3.921623"
"140250.0";"3.938286"
"140260.0";"3.864302"
"140270.0";"3.936852"
"140280.0";"3.826229"
"140290.0";"3.958241"
"140300.0";"3.8988"
"140310.0";"3.936794"
"140320.0";"3.91044"
"140330.0";"3.960534"
"140340.0";"3.975864"
"140350.0";"3.898259"
"140360.0";"3.960561"
"140370.0";"4.010887"
"140380.0";"3.902693"
"140390.0";"3.828186"
"140400.0";"3.927876"
"140410.0";"3.944788"
"140420.0";"3.901391"
"140430.0";"3.935549"
"140440.0";"3.930328"
"140450.0";"3.896038"
"140460.0";"3.929761"
"140470.0";"3.910845"
"140480.0";"4.014908"
"140490.0";"3.912598"
"140500.0";"3.944231"
"140510.0";"3.938995"
"140520.0";"3.851755"
"140530.0";"3.900378"
"140540.0";"3.884796"
"140550.0";"3.777537"
"140560.0";"3.94535"
"140570.0";"3.937769"
"140580.0";"3.825268"
"140590.0";"3.960567"
"140600.0";"3.878776"
"140610.0";"3.975776"
"140620.0";"3.892002"
"140630.0";"3.961762"
"140640.0";"3.941583"
"140650.0";"3.979089"
"140660.0";"3.936032"
"140670.0";"3.931653"
"140680.0";"3.914053"
"140690.0";"3.829501"
"140700.0";"3.994522"
"140710.0";"4.004711"
"140720.0";"3.862555"
"140730.0";"3.95319"
"140740.0";"3.974149"
"140750.0";"3.875833"
"140760.0";"3.924174"
"140770.0";"3.831517"
"140780.0";"3.927098"
"140790.0";"3.957708"
"140800.0";"3.953775"
"140810.0";"3.95582"
"140820.0";"3.977525"
"140830.0";"3.912663"
"140840.0";"3.931217"
"140850.0";"4.004935"
"140860.0";"3.976678"
"140870.0";"3.952893"
"140880.0";"3.964291"
"140890.0";"3.995603"
"140900.0";"4.003872"
"140910.0";"3.880625"
"140920.0";"3.954471"
"140930.0";"3.876102"
"140940.0";"3.943763"
"140950.0";"3.931973"
"140960.0";"3.936943"
"140970.0";"3.969776"
"140980.0";"4.006468"
"140990.0";"3.953156"
"141000.0";"3.924658"
"141010.0";"4.012562"
"141020.0";"3.942447"
"141030.0";"4.035878"
"141040.0";"3.911681"
"141050.0";"3.949907"
"141060.0";"3.898748"
"141070.0";"3.92893"
"141080.0";"3.933434"
"141090.0";"3.957872"
"141100.0";"3.861682"
"141110.0";"3.84686"
"141120.0";"3.952177"
"141130.0";"3.874281"
"141140.0";"3.939941"
"141150.0";"3.932467"
"141160.0";"3.907182"
"141170.0";"3.962566"
"141180.0";"3.937483"
"141190.0";"3.911789"
"141200.0";"3.954266"
"141210.0";"3.942911"
"141220.0";"3.911996"
"141230.0";"3.958403"
"141240.0";"3.895959"
"141250.0";"3.938478"
"141260.0";"3.879615"
"141270.0";"3.948973"
"141280.0";"4.019368"
"141290.0";"3.895403"
"141300.0";"3.948082"
"141310.0";"3.966377"
"141320.0";"3.856818"
"141330.0";"3.923"
"141340.0";"3.925815"
"141350.0";"3.961943"
"141360.0";"3.950248"
"141370.0";"3.973807"
"141380.0";"3.813705"
"141390.0";"3.935037"
"141400.0";"3.927059"
"141410.0";"3.950155"
"141420.0";"3.999886"
"141430.0";"4.010731"
"141440.0";"3.938586"
"141450.0";"3.995771"
"141460.0";"3.927594"
"141470.0";"3.960835"
"141480.0";"3.967439"
"141490.0";"3.903366"
"141500.0";"3.978817"
"141510.0";"3.947374"
"141520.0";"3.927918"
"141530.0";"3.882785"
"141540.0";"3.9462"
"141550.0";"3.95297"
"141560.0";"3.932774"
"141570.0";"3.917654"
"141580.0";"3.937032"
"141590.0";"3.944825"
"141600.0";"3.96421"
"141610.0";"3.939952"
"141620.0";"3.910233"
"141630.0";"3.970125"
"141640.0";"3.979602"
"141650.0";"3.967509"
"141660.0";"3.860601"
"141670.0";"3.93361"
"141680.0";"3.954926"
"141690.0";"3.847333"
"141700.0";"3.897427"
"141710.0";"3.97662"
"141720.0";"3.942821"
"141730.0";"3.989343"
"141740.0";"3.945648"
"141750.0";"3.951779"
"141760.0";"4.055305"
"141770.0";"3.948497"
"141780.0";"3.859035"
"141790.0";"4.044415"
"141800.0";"3.979034"
"141810.0";"3.909673"
"141820.0";"3.887767"
"141830.0";"3.905069"
"141840.0";"3.907213"
"141850.0";"3.949141"
"141860.0";"3.850623"
"141870.0";"3.872899"
"141880.0";"3.879766"
"141890.0";"3.97109"
"141900.0";"3.88157"
"141910.0";"3.993164"
"141920.0";"3.892058"
"141930.0";"3.891715"
"141940.0";"3.97697"
"141950.0";"3.840774"
"141960.0";"4.017446"
"141970.0";"3.793308"
"141980.0";"3.904972"
"141990.0";"3.970451"
"142000.0";"3.93596"
"142010.0";"3.912052"
"142020.0";"3.938261"
"142030.0";"3.843849"
"142040.0";"3.855736"
"142050.0";"3.888797"
"142060.0";"3.799889"
"142070.0";"3.877818"
"142080.0";"3.867899"
"142090.0";"3.903247"
"142100.0";"3.879153"
"142110.0";"3.901902"
"142120.0";"3.936985"
"142130.0";"3.942424"
"142140.0";"3.905738"
"142150.0";"3.948136"
"142160.0";"3.966923"
"142170.0";"3.956636"
"142180.0";"3.935697"
"142190.0";"3.901659"
"142200.0";"3.945655"
"142210.0";"3.906169"
"142220.0";"3.953026"
"142230.0";"3.905997"
"142240.0";"3.943524"
"142250.0";"3.813995"
"142260.0";"3.790223"
"142270.0";"3.778604"
"142280.0";"3.702459"
"142290.0";"3.868102"
"142300.0";"3.89487"
"142310.0";"3.86048"
"142320.0";"3.927579"
"142330.0";"3.970503"
"142340.0";"4.029373"
"142350.0";"3.87323"
"142360.0";"3.96151"
"142370.0";"3.978908"
"142380.0";"3.95399"
"142390.0";"4.005513"
"142400.0";"4.006835"
"142410.0";"3.9758"
"142420.0";"3.944143"
"142430.0";"4.023173"
"142440.0";"3.996563"
"142450.0";"4.00722"
"142460.0";"3.861103"
"142470.0";"3.857466"
"142480.0";"3.80214"
"142490.0";"3.889184"
"142500.0";"3.813302"
"142510.0";"3.866669"
"142520.0";"3.826802"
"142530.0";"3.855972"
"142540.0";"3.926236"
"142550.0";"3.834909"
"142560.0";"3.924021"
"142570.0";"3.840054"
"142580.0";"3.888857"
"142590.0";"3.825439"
"142600.0";"3.81177"
"142610.0";"3.981398"
"142620.0";"3.935401"
"142630.0";"3.969829"
"142640.0";"3.937408"
"142650.0";"3.994292"
"142660.0";"3.889976"
"142670.0";"3.913285"
"142680.0";"3.815225"
"142690.0";"3.989692"
"142700.0";"3.933682"
"142710.0";"3.864562"
"142720.0";"3.923432"
"142730.0";"3.878718"
"142740.0";"3.927373"
"142750.0";"3.882173"
"142760.0";"3.920697"
"142770.0";"3.988103"
"142780.0";"3.990426"
"142790.0";"3.948496"
"142800.0";"3.998105"
"142810.0";"3.960657"
"142820.0";"3.981578"
"142830.0";"3.9737"
"142840.0";"3.987526"
"142850.0";"3.97855"
"142860.0";"4.00863"
"142870.0";"3.967179"
"142880.0";"4.026263"
"142890.0";"3.995105"
"142900.0";"3.992159"
"142910.0";"3.988692"
"142920.0";"3.920003"
"142930.0";"4.024585"
"142940.0";"4.01493"
"142950.0";"4.055608"
"142960.0";"4.06011"
"142970.0";"3.973746"
"142980.0";"3.881321"
"142990.0";"3.908122"
"143000.0";"3.927551"
"143010.0";"3.923788"
"143020.0";"3.927405"
"143030.0";"3.994238"
"143040.0";"4.01434"
"143050.0";"3.963773"
"143060.0";"3.939952"
"143070.0";"3.933485"
"143080.0";"3.922844"
"143090.0";"3.988021"
"143100.0";"3.867486"
"143110.0";"3.933687"
"143120.0";"3.948101"
"143130.0";"3.944625"
"143140.0";"3.96448"
"143150.0";"3.850849"
"143160.0";"3.891382"
"143170.0";"3.98008"
"143180.0";"3.95825"
"143190.0";"3.968786"
"143200.0";"3.994921"
"143210.0";"4.012028"
"143220.0";"3.992166"
"143230.0";"3.968467"
"143240.0";"4.061875"
"143250.0";"3.984429"
"143260.0";"3.919653"
"143270.0";"3.978259"
"143280.0";"3.949858"
"143290.0";"3.947679"
"143300.0";"3.958505"
"143310.0";"3.945675"
"143320.0";"3.99276"
"143330.0";"3.91111"
"143340.0";"3.921058"
"143350.0";"3.957983"
"143360.0";"3.892807"
"143370.0";"3.940123"
"143380.0";"3.92922"
"143390.0";"3.948371"
"143400.0";"3.843687"
"143410.0";"3.945029"
"143420.0";"3.930598"
"143430.0";"3.898301"
"143440.0";"3.905617"
"143450.0";"3.955554"
"143460.0";"3.895529"
"143470.0";"3.969488"
"143480.0";"3.887633"
"143490.0";"3.848136"
"143500.0";"3.886176"
"143510.0";"3.842043"
"143520.0";"3.928534"
"143530.0";"3.873309"
"143540.0";"3.881948"
"143550.0";"3.779196"
"143560.0";"3.873473"
"143570.0";"3.739301"
"143580.0";"3.932505"
"143590.0";"3.856345"
"143600.0";"3.835112"
"143610.0";"3.816281"
"143620.0";"3.869932"
"143630.0";"3.882242"
"143640.0";"3.825602"
"143650.0";"3.871495"
"143660.0";"3.91189"
"143670.0";"3.928694"
"143680.0";"3.980551"
"143690.0";"3.947753"
"143700.0";"3.960733"
"143710.0";"3.978779"
"143720.0";"3.920199"
"143730.0";"4.016922"
"143740.0";"3.876868"
"143750.0";"3.959824"
"143760.0";"3.97209"
"143770.0";"3.89584"
"143780.0";"3.889257"
"143790.0";"3.967456"
"143800.0";"4.045269"
"143810.0";"3.931659"
"143820.0";"3.978266"
"143830.0";"3.996193"
"143840.0";"3.942736"
"143850.0";"3.921838"
"143860.0";"4.015778"
"143870.0";"3.992445"
"143880.0";"3.927206"
"143890.0";"3.949349"
"143900.0";"3.922494"
"143910.0";"3.896608"
"143920.0";"3.896484"
"143930.0";"3.947073"
"143940.0";"3.850897"
"143950.0";"3.855185"
"143960.0";"3.943487"
"143970.0";"3.960765"
"143980.0";"3.926409"
"143990.0";"3.959991"
"144000.0";"3.957971"
"144010.0";"3.903023"
"144020.0";"3.880224"
"144030.0";"3.914973"
"144040.0";"3.946034"
"144050.0";"3.893519"
"144060.0";"3.890494"
"144070.0";"3.795313"
"144080.0";"3.905006"
"144090.0";"3.914347"
"144100.0";"3.808658"
"144110.0";"3.868625"
"144120.0";"3.758306"
"144130.0";"3.95134"
"144140.0";"3.942708"
"144150.0";"3.956284"
"144160.0";"3.969388"
"144170.0";"3.959671"
"144180.0";"3.924526"
"144190.0";"3.938232"
"144200.0";"3.873055"
"144210.0";"3.900963"
"144220.0";"3.96136"
"144230.0";"3.992624"
"144240.0";"3.933291"
"144250.0";"3.965207"
"144260.0";"4.002622"
"144270.0";"3.879074"
"144280.0";"3.928351"
"144290.0";"3.761935"
"144300.0";"3.801906"
"144310.0";"3.852111"
"144320.0";"3.879704"
"144330.0";"3.873512"
"144340.0";"3.79027"
"144350.0";"3.906275"
"144360.0";"3.92722"
"144370.0";"3.891744"
"144380.0";"3.872554"
"144390.0";"3.972709"
"144400.0";"3.970449"
"144410.0";"3.862857"
"144420.0";"3.848931"
"144430.0";"3.892574"
"144440.0";"3.918039"
"144450.0";"4.008718"
"144460.0";"3.921835"
"144470.0";"3.872937"
"144480.0";"3.91661"
"144490.0";"3.979846"
"144500.0";"4.000569"
"144510.0";"3.906391"
"144520.0";"3.961833"
"144530.0";"3.907289"
"144540.0";"3.952827"
"144550.0";"3.831912"
"144560.0";"3.862458"
"144570.0";"3.992791"
"144580.0";"3.958099"
"144590.0";"3.986902"
"144600.0";"3.94451"
"144610.0";"3.961741"
"144620.0";"3.932056"
"144630.0";"3.880667"
"144640.0";"3.925632"
"144650.0";"3.923836"
"144660.0";"4.008686"
"144670.0";"3.891227"
"144680.0";"3.905233"
"144690.0";"3.906894"
"144700.0";"3.870447"
"144710.0";"3.930512"
"144720.0";"3.851197"
"144730.0";"3.967572"
"144740.0";"3.893913"
"144750.0";"4.007066"
"144760.0";"3.963659"
"144770.0";"3.904128"
"144780.0";"3.778329"
"144790.0";"3.881611"
"144800.0";"3.875722"
"144810.0";"3.921151"
"144820.0";"3.988787"
"144830.0";"3.901809"
"144840.0";"3.973479"
"144850.0";"3.950795"
"144860.0";"3.994636"
"144870.0";"3.917064"
"144880.0";"3.919911"
"144890.0";"3.940174"
"144900.0";"3.973153"
"144910.0";"3.964716"
"144920.0";"3.948596"
"144930.0";"3.90554"
"144940.0";"4.00046"
"144950.0";"3.969603"
"144960.0";"3.923401"
"144970.0";"3.969414"
"144980.0";"3.976408"
"144990.0";"3.911376"
"145000.0";"3.855255"
"145010.0";"3.945037"
"145020.0";"3.988008"
"145030.0";"3.925831"
"145040.0";"3.963698"
"145050.0";"4.014191"
"145060.0";"3.928126"
"145070.0";"3.974379"
"145080.0";"3.885406"
"145090.0";"3.917696"
"145100.0";"3.907292"
"145110.0";"3.972931"
"145120.0";"3.900484"
"145130.0";"3.927925"
"145140.0";"3.872679"
"145150.0";"3.890911"
"145160.0";"3.951837"
"145170.0";"3.880983"
"145180.0";"3.856229"
"145190.0";"3.948011"
"145200.0";"3.856896"
"145210.0";"3.876705"
"145220.0";"3.869315"
"145230.0";"3.95405"
"145240.0";"4.000877"
"145250.0";"4.026783"
"145260.0";"4.022306"
"145270.0";"3.719865"
"145280.0";"3.906187"
"145290.0";"3.782686"
"145300.0";"3.829839"
"145310.0";"3.827529"
"145320.0";"3.885288"
"145330.0";"3.944507"
"145340.0";"3.908709"
"145350.0";"3.944045"
"145360.0";"3.96402"
"145370.0";"3.938799"
"145380.0";"3.985956"
"145390.0";"4.012102"
"145400.0";"3.888973"
"145410.0";"3.894534"
"145420.0";"3.963504"
"145430.0";"4.000117"
"145440.0";"3.888878"
"145450.0";"3.896173"
"145460.0";"3.930136"
"145470.0";"3.94746"
"145480.0";"3.904309"
"145490.0";"3.999926"
"145500.0";"3.948158"
"145510.0";"4.019152"
"145520.0";"3.90884"
"145530.0";"4.008541"
"145540.0";"3.935633"
"145550.0";"3.969044"
"145560.0";"4.020304"
"145570.0";"3.990403"
"145580.0";"4.071054"
"145590.0";"4.037622"
"145600.0";"3.949499"
"145610.0";"3.96671"
"145620.0";"3.949598"
"145630.0";"4.010135"
"145640.0";"4.009156"
"145650.0";"3.947941"
"145660.0";"3.90205"
"145670.0";"3.875576"
"145680.0";"3.946836"
"145690.0";"3.920175"
"145700.0";"3.938526"
"145710.0";"3.943134"
"145720.0";"3.841378"
"145730.0";"3.911964"
"145740.0";"3.968976"
"145750.0";"3.848983"
"145760.0";"3.762896"
"145770.0";"3.920859"
"145780.0";"3.952655"
"145790.0";"3.958272"
"145800.0";"3.961205"
"145810.0";"4.033746"
"145820.0";"3.936505"
"145830.0";"4.061075"
"145840.0";"4.013435"
"145850.0";"3.923051"
"145860.0";"3.998717"
"145870.0";"3.986844"
"145880.0";"3.975758"
"145890.0";"3.94992"
"145900.0";"3.923561"
"145910.0";"3.935937"
"145920.0";"3.933131"
"145930.0";"3.97843"
"145940.0";"3.971238"
"145950.0";"3.957517"
"145960.0";"3.961473"
"145970.0";"3.894416"
"145980.0";"3.999032"
"145990.0";"3.858463"
"146000.0";"3.868829"
"146010.0";"3.955866"
"146020.0";"4.006412"
"146030.0";"3.979836"
"146040.0";"3.847367"
"146050.0";"3.920629"
"146060.0";"3.916227"
"146070.0";"4.011197"
"146080.0";"3.990211"
"146090.0";"3.981202"
"146100.0";"3.988795"
"146110.0";"4.010387"
"146120.0";"3.934953"
"146130.0";"3.920563"
"146140.0";"3.95981"
"146150.0";"3.972228"
"146160.0";"3.938942"
"146170.0";"3.913939"
"146180.0";"4.005839"
"146190.0";"4.025658"
"146200.0";"4.007156"
"146210.0";"3.910194"
"146220.0";"4.012536"
"146230.0";"4.026533"
"146240.0";"3.944988"
"146250.0";"4.003206"
"146260.0";"4.017207"
"146270.0";"3.882955"
"146280.0";"3.967467"
"146290.0";"3.991382"
"146300.0";"3.90265"
"146310.0";"3.939508"
"146320.0";"4.022092"
"146330.0";"3.959491"
"146340.0";"3.981196"
"146350.0";"3.906502"
"146360.0";"3.951749"
"146370.0";"3.877675"
"146380.0";"3.977542"
"146390.0";"4.009815"
"146400.0";"3.913342"
"146410.0";"4.023242"
"146420.0";"3.903378"
"146430.0";"3.955418"
"146440.0";"3.890117"
"146450.0";"3.900039"
"146460.0";"3.945767"
"146470.0";"3.872947"
"146480.0";"3.881798"
"146490.0";"3.917617"
"146500.0";"3.861643"
"146510.0";"3.910362"
"146520.0";"3.835582"
"146530.0";"3.901446"
"146540.0";"3.9045"
"146550.0";"3.93168"
"146560.0";"3.871348"
"146570.0";"3.876025"
"146580.0";"3.978262"
"146590.0";"3.974098"
"146600.0";"3.940926"
"146610.0";"3.932079"
"146620.0";"3.88026"
"146630.0";"3.942829"
"146640.0";"3.901603"
"146650.0";"3.910553"
"146660.0";"3.94329"
"146670.0";"3.893589"
"146680.0";"3.901962"
"146690.0";"3.978923"
"146700.0";"3.967194"
"146710.0";"3.930377"
"146720.0";"3.929366"
"146730.0";"3.899592"
"146740.0";"3.91639"
"146750.0";"3.930401"
"146760.0";"3.95891"
"146770.0";"3.981371"
"146780.0";"3.95666"
"146790.0";"3.943462"
"146800.0";"4.005037"
"146810.0";"3.934868"
"146820.0";"3.98689"
"146830.0";"3.905822"
"146840.0";"3.966432"
"146850.0";"3.936859"
"146860.0";"3.951422"
"146870.0";"3.932401"
"146880.0";"3.875282"
"146890.0";"3.95838"
"146900.0";"3.940873"
"146910.0";"3.957844"
"146920.0";"3.929422"
"146930.0";"3.939801"
"146940.0";"3.983656"
"146950.0";"3.997703"
"146960.0";"3.978868"
"146970.0";"3.96713"
"146980.0";"3.939019"
"146990.0";"3.922235"
"147000.0";"3.896497"
"147010.0";"3.925374"
"147020.0";"3.827111"
"147030.0";"3.877718"
"147040.0";"4.071038"
"147050.0";"4.028111"
"147060.0";"3.905684"
"147070.0";"3.947718"
"147080.0";"3.940582"
"147090.0";"4.028512"
"147100.0";"3.980418"
"147110.0";"3.867394"
"147120.0";"3.876983"
"147130.0";"3.940241"
"147140.0";"3.930293"
"147150.0";"3.925978"
"147160.0";"3.916863"
"147170.0";"3.931508"
"147180.0";"3.915727"
"147190.0";"3.968529"
"147200.0";"3.894974"
"147210.0";"3.86842"
"147220.0";"3.977772"
"147230.0";"3.948374"
"147240.0";"3.927713"
"147250.0";"3.859252"
"147260.0";"3.862967"
"147270.0";"3.950562"
"147280.0";"3.831995"
"147290.0";"3.857456"
"147300.0";"3.917505"
"147310.0";"4.030412"
"147320.0";"3.904283"
"147330.0";"3.817792"
"147340.0";"3.840168"
"147350.0";"3.936537"
"147360.0";"3.912468"
"147370.0";"3.855055"
"147380.0";"3.999196"
"147390.0";"3.961878"
"147400.0";"3.954875"
"147410.0";"3.912426"
"147420.0";"3.969983"
"147430.0";"3.965047"
"147440.0";"3.950418"
"147450.0";"3.96077"
"147460.0";"3.933495"
"147470.0";"4.025781"
"147480.0";"3.964471"
"147490.0";"3.938577"
"147500.0";"3.92783"
"147510.0";"3.916052"
"147520.0";"3.950215"
"147530.0";"4.00525"
"147540.0";"3.949729"
"147550.0";"3.983356"
"147560.0";"4.0245"
"147570.0";"4.047327"
"147580.0";"3.956257"
"147590.0";"3.995596"
"147600.0";"4.0073"
"147610.0";"3.963104"
"147620.0";"3.994664"
"147630.0";"3.956411"
"147640.0";"4.013101"
"147650.0";"4.024998"
"147660.0";"4.016443"
"147670.0";"4.044141"
"147680.0";"3.898525"
"147690.0";"3.875875"
"147700.0";"3.938116"
"147710.0";"4.026467"
"147720.0";"3.919356"
"147730.0";"3.888812"
"147740.0";"3.937656"
"147750.0";"3.85731"
"147760.0";"3.894072"
"147770.0";"3.908809"
"147780.0";"3.983229"
"147790.0";"3.96986"
"147800.0";"3.964785"
"147810.0";"3.961822"
"147820.0";"3.957679"
"147830.0";"3.996228"
"147840.0";"4.032617"
"147850.0";"3.932831"
"147860.0";"3.855505"
"147870.0";"3.867752"
"147880.0";"3.903388"
"147890.0";"3.903417"
"147900.0";"3.871486"
"147910.0";"3.895951"
"147920.0";"3.821048"
"147930.0";"3.922104"
"147940.0";"3.866849"
"147950.0";"3.900956"
"147960.0";"3.885548"
"147970.0";"3.89245"
"147980.0";"4.040784"
"147990.0";"3.913238"
"148000.0";"3.913522"
"148010.0";"3.904372"
"148020.0";"3.860223"
"148030.0";"3.893699"
"148040.0";"3.964149"
"148050.0";"3.875498"
"148060.0";"3.928753"
"148070.0";"3.819084"
"148080.0";"3.9121"
"148090.0";"3.943855"
"148100.0";"3.881752"
"148110.0";"3.899675"
"148120.0";"3.938048"
"148130.0";"3.916925"
"148140.0";"3.969926"
"148150.0";"3.973431"
"148160.0";"4.01604"
"148170.0";"3.953835"
"148180.0";"3.96475"
"148190.0";"3.92774"
"148200.0";"3.994283"
"148210.0";"3.925044"
"148220.0";"3.926396"
"148230.0";"3.956913"
"148240.0";"3.972291"
"148250.0";"3.911062"
"148260.0";"3.901625"
"148270.0";"3.915162"
"148280.0";"3.915903"
"148290.0";"3.9325"
"148300.0";"3.926136"
"148310.0";"3.960787"
"148320.0";"3.937498"
"148330.0";"3.895501"
"148340.0";"3.9869"
"148350.0";"3.976452"
"148360.0";"3.921499"
"148370.0";"3.969317"
"148380.0";"3.943327"
"148390.0";"3.936924"
"148400.0";"3.901278"
"148410.0";"3.862416"
"148420.0";"3.95493"
"148430.0";"4.006255"
"148440.0";"3.885781"
"148450.0";"3.935984"
"148460.0";"3.903307"
"148470.0";"3.976042"
"148480.0";"3.908608"
"148490.0";"3.990517"
"148500.0";"3.962075"
"148510.0";"3.953625"
"148520.0";"3.970679"
"148530.0";"3.985276"
"148540.0";"3.947297"
"148550.0";"3.897529"
"148560.0";"3.871136"
"148570.0";"3.877249"
"148580.0";"3.925796"
"148590.0";"3.931856"
"148600.0";"3.870303"
"148610.0";"3.894544"
"148620.0";"3.922163"
"148630.0";"3.910278"
"148640.0";"3.928971"
"148650.0";"3.95225"
"148660.0";"3.917625"
"148670.0";"3.948056"
"148680.0";"3.937377"
"148690.0";"3.980222"
"148700.0";"3.985263"
"148710.0";"3.996142"
"148720.0";"4.0361"
"148730.0";"3.99233"
"148740.0";"3.947971"
"148750.0";"3.960893"
"148760.0";"3.969956"
"148770.0";"3.931817"
"148780.0";"3.991686"
"148790.0";"3.982418"
"148800.0";"3.954197"
"148810.0";"3.951188"
"148820.0";"3.94426"
"148830.0";"3.932846"
"148840.0";"4.010448"
"148850.0";"3.969566"
"148860.0";"3.953084"
"148870.0";"3.935436"
"148880.0";"3.945216"
"148890.0";"3.926753"
"148900.0";"3.982594"
"148910.0";"3.933967"
"148920.0";"3.988877"
"148930.0";"3.858612"
"148940.0";"3.904631"
"148950.0";"3.93094"
"148960.0";"3.9576"
"148970.0";"3.967284"
"148980.0";"4.000616"
"148990.0";"3.91665"
"149000.0";"3.950503"
"149010.0";"3.923228"
"149020.0";"3.962034"
"149030.0";"3.9189"
"149040.0";"3.908523"
"149050.0";"4.040837"
"149060.0";"3.9503"
"149070.0";"3.901872"
"149080.0";"3.965888"
"149090.0";"3.957097"
"149100.0";"3.930722"
"149110.0";"3.898245"
"149120.0";"3.884674"
"149130.0";"3.926754"
"149140.0";"3.929012"
"149150.0";"3.897217"
"149160.0";"3.896503"
"149170.0";"3.791596"
"149180.0";"3.940749"
"149190.0";"3.96086"
"149200.0";"3.924942"
"149210.0";"3.926921"
"149220.0";"3.895213"
"149230.0";"3.973884"
"149240.0";"3.859362"
"149250.0";"3.89366"
"149260.0";"3.874115"
"149270.0";"3.88802"
"149280.0";"3.941141"
"149290.0";"3.918745"
"149300.0";"3.885607"
"149310.0";"3.951438"
"149320.0";"3.926554"
"149330.0";"3.826573"
"149340.0";"3.881697"
"149350.0";"3.855565"
"149360.0";"3.980999"
"149370.0";"3.934204"
"149380.0";"3.956016"
"149390.0";"3.931043"
"149400.0";"3.907891"
"149410.0";"3.88913"
"149420.0";"3.935594"
"149430.0";"3.925092"
"149440.0";"3.925094"
"149450.0";"3.937912"
"149460.0";"3.941164"
"149470.0";"3.926787"
"149480.0";"3.951333"
"149490.0";"3.937417"
"149500.0";"3.950974"
"149510.0";"3.95246"
"149520.0";"3.977473"
"149530.0";"3.973714"
"149540.0";"3.95986"
"149550.0";"3.987708"
"149560.0";"3.939187"
"149570.0";"3.877484"
"149580.0";"3.849243"
"149590.0";"3.918194"
"149600.0";"3.929419"
"149610.0";"3.903268"
"149620.0";"3.977919"
"149630.0";"3.933495"
"149640.0";"3.926838"
"149650.0";"4.018523"
"149660.0";"3.914953"
"149670.0";"3.921558"
"149680.0";"3.941686"
"149690.0";"3.944041"
"149700.0";"3.969245"
"149710.0";"3.957103"
"149720.0";"3.974006"
"149730.0";"3.892295"
"149740.0";"3.983479"
"149750.0";"3.927232"
"149760.0";"3.971051"
"149770.0";"3.936291"
"149780.0";"3.974425"
"149790.0";"3.975287"
"149800.0";"3.911932"
"149810.0";"3.854369"
"149820.0";"3.912991"
"149830.0";"3.837523"
"149840.0";"3.921838"
"149850.0";"3.872613"
"149860.0";"3.983507"
"149870.0";"3.899076"
"149880.0";"3.897463"
"149890.0";"3.937526"
"149900.0";"3.983275"
"149910.0";"3.952663"
"149920.0";"3.934485"
"149930.0";"3.864264"
"149940.0";"3.898798"
"149950.0";"3.911165"
"149960.0";"3.918231"
"149970.0";"3.985117"
"149980.0";"4.038589"
"149990.0";"3.952802"
"150000.0";"3.968584"
"150010.0";"3.982452"
"150020.0";"3.956248"
"150030.0";"3.993362"
"150040.0";"3.926683"
"150050.0";"3.91488"
"150060.0";"3.948519"
"150070.0";"3.936661"
"150080.0";"3.89948"
"150090.0";"3.930436"
"150100.0";"3.90637"
"150110.0";"3.912911"
"150120.0";"3.928354"
"150130.0";"3.948684"
"150140.0";"3.996173"
"150150.0";"3.88353"
"150160.0";"3.818783"
"150170.0";"3.888278"
"150180.0";"3.885321"
"150190.0";"3.914307"
"150200.0";"3.854414"
"150210.0";"3.845461"
"150220.0";"3.881485"
"150230.0";"3.871229"
"150240.0";"3.747291"
"150250.0";"3.969038"
"150260.0";"3.913795"
"150270.0";"3.873152"
"150280.0";"3.937566"
"150290.0";"3.932542"
"150300.0";"3.956008"
"150310.0";"3.967331"
"150320.0";"3.967537"
"150330.0";"3.924602"
"150340.0";"3.906381"
"150350.0";"3.814547"
"150360.0";"3.988506"
"150370.0";"3.985463"
"150380.0";"3.965202"
"150390.0";"3.996694"
"150400.0";"3.96183"
"150410.0";"3.869056"
"150420.0";"3.781328"
"150430.0";"3.824906"
"150440.0";"3.83528"
"150450.0";"3.992437"
"150460.0";"3.977283"
"150470.0";"3.820069"
"150480.0";"3.887719"
"150490.0";"3.848423"
"150500.0";"3.926848"
"150510.0";"3.912599"
"150520.0";"3.933031"
"150530.0";"3.972973"
"150540.0";"3.990927"
"150550.0";"3.944112"
"150560.0";"3.897346"
"150570.0";"3.828037"
"150580.0";"3.798658"
"150590.0";"3.883932"
"150600.0";"3.900212"
"150610.0";"3.894594"
"150620.0";"3.904863"
"150630.0";"3.934586"
"150640.0";"3.925589"
"150650.0";"3.866974"
"150660.0";"3.899381"
"150670.0";"3.879022"
"150680.0";"3.859912"
"150690.0";"3.769274"
"150700.0";"3.831623"
"150710.0";"3.911182"
"150720.0";"3.872652"
"150730.0";"3.869409"
"150740.0";"3.832098"
"150750.0";"3.840671"
"150760.0";"3.817209"
"150770.0";"3.902847"
"150780.0";"3.893841"
"150790.0";"4.000444"
"150800.0";"3.947291"
"150810.0";"3.962947"
"150820.0";"3.948204"
"150830.0";"3.915774"
"150840.0";"3.91437"
"150850.0";"3.966362"
"150860.0";"3.932277"
"150870.0";"3.912999"
"150880.0";"3.935892"
"150890.0";"3.942105"
"150900.0";"3.955063"
"150910.0";"3.9501"
"150920.0";"3.893404"
"150930.0";"3.922711"
"150940.0";"3.88551"
"150950.0";"3.902391"
"150960.0";"3.900224"
"150970.0";"3.89624"
"150980.0";"3.853142"
"150990.0";"3.878253"
"151000.0";"3.931581"
"151010.0";"3.909386"
"151020.0";"3.863905"
"151030.0";"3.940872"
"151040.0";"3.911033"
"151050.0";"3.8401"
"151060.0";"3.844555"
"151070.0";"3.918548"
"151080.0";"3.938595"
"151090.0";"3.933629"
"151100.0";"3.790226"
"151110.0";"3.821178"
"151120.0";"3.90892"
"151130.0";"3.907457"
"151140.0";"3.978924"
"151150.0";"3.97623"
"151160.0";"3.931426"
"151170.0";"3.938305"
"151180.0";"3.981968"
"151190.0";"3.976561"
"151200.0";"3.977598"
"151210.0";"3.886444"
"151220.0";"3.917757"
"151230.0";"4.026493"
"151240.0";"3.935221"
"151250.0";"3.92586"
"151260.0";"3.985308"
"151270.0";"3.979377"
"151280.0";"3.921726"
"151290.0";"4.008159"
"151300.0";"3.995787"
"151310.0";"4.03133"
"151320.0";"4.074924"
"151330.0";"4.03916"
"151340.0";"4.02304"
"151350.0";"4.006047"
"151360.0";"3.994216"
"151370.0";"3.964528"
"151380.0";"3.980913"
"151390.0";"3.929189"
"151400.0";"3.931489"
"151410.0";"3.997272"
"151420.0";"3.972926"
"151430.0";"4.006521"
"151440.0";"4.043597"
"151450.0";"3.883316"
"151460.0";"3.966166"
"151470.0";"3.986483"
"151480.0";"3.726392"
"151490.0";"3.856928"
"151500.0";"3.854018"
"151510.0";"3.897778"
"151520.0";"3.889762"
"151530.0";"3.883372"
"151540.0";"3.911744"
"151550.0";"3.976129"
"151560.0";"4.017614"
"151570.0";"3.985886"
"151580.0";"4.003962"
"151590.0";"3.927454"
"151600.0";"3.956483"
"151610.0";"3.986243"
"151620.0";"3.954406"
"151630.0";"3.941432"
"151640.0";"4.037442"
"151650.0";"3.955539"
"151660.0";"3.990477"
"151670.0";"3.912718"
"151680.0";"3.974903"
"151690.0";"3.996491"
"151700.0";"3.97087"
"151710.0";"3.917834"
"151720.0";"3.941954"
"151730.0";"3.966764"
"151740.0";"3.981301"
"151750.0";"3.948937"
"151760.0";"3.949136"
"151770.0";"3.987326"
"151780.0";"4.002125"
"151790.0";"4.014497"
"151800.0";"4.025307"
"151810.0";"3.95005"
"151820.0";"3.963659"
"151830.0";"3.945042"
"151840.0";"3.98128"
"151850.0";"4.000163"
"151860.0";"4.055087"
"151870.0";"3.940906"
"151880.0";"3.786923"
"151890.0";"3.867743"
"151900.0";"3.891276"
"151910.0";"3.899441"
"151920.0";"3.884089"
"151930.0";"3.924292"
"151940.0";"3.916935"
"151950.0";"3.970577"
"151960.0";"3.884579"
"151970.0";"3.944294"
"151980.0";"3.977478"
"151990.0";"4.014218"
"152000.0";"3.936693"
"152010.0";"3.965405"
"152020.0";"3.920678"
"152030.0";"3.910078"
"152040.0";"3.937133"
"152050.0";"3.958498"
"152060.0";"4.024011"
"152070.0";"3.831739"
"152080.0";"3.985714"
"152090.0";"3.978808"
"152100.0";"3.882511"
"152110.0";"3.964996"
"152120.0";"3.982203"
"152130.0";"3.890921"
"152140.0";"3.890501"
"152150.0";"3.938753"
"152160.0";"3.787901"
"152170.0";"3.920072"
"152180.0";"3.923614"
"152190.0";"3.975018"
"152200.0";"3.981193"
"152210.0";"3.972852"
"152220.0";"3.836227"
"152230.0";"3.915473"
"152240.0";"3.914917"
"152250.0";"3.908934"
"152260.0";"3.936116"
"152270.0";"3.926359"
"152280.0";"4.033513"
"152290.0";"3.934335"
"152300.0";"3.872225"
"152310.0";"3.994719"
"152320.0";"3.975846"
"152330.0";"3.975034"
"152340.0";"3.982994"
"152350.0";"3.885055"
"152360.0";"3.851697"
"152370.0";"3.928556"
"152380.0";"4.0071"
"152390.0";"3.961567"
"152400.0";"3.96429"
"152410.0";"4.028389"
"152420.0";"3.924602"
"152430.0";"4.031289"
"152440.0";"3.964541"
"152450.0";"3.960827"
"152460.0";"3.981573"
"152470.0";"3.997399"
"152480.0";"3.967783"
"152490.0";"3.99447"
"152500.0";"3.917314"
"152510.0";"3.996464"
"152520.0";"3.936882"
"152530.0";"4.027243"
"152540.0";"3.91871"
"152550.0";"3.808795"
"152560.0";"3.664859"
"152570.0";"3.845479"
"152580.0";"3.838954"
"152590.0";"3.756699"
"152600.0";"3.798975"
"152610.0";"3.917591"
"152620.0";"3.825794"
"152630.0";"3.866917"
"152640.0";"3.818834"
"152650.0";"3.916191"
"152660.0";"3.957965"
"152670.0";"3.875842"
"152680.0";"3.892715"
"152690.0";"3.889087"
"152700.0";"3.833372"
"152710.0";"3.890235"
"152720.0";"3.811924"
"152730.0";"3.823668"
"152740.0";"3.866729"
"152750.0";"3.802335"
"152760.0";"3.943267"
"152770.0";"3.89892"
"152780.0";"3.945571"
"152790.0";"3.92971"
"152800.0";"3.879597"
"152810.0";"3.85691"
"152820.0";"3.933485"
"152830.0";"3.879819"
"152840.0";"3.944223"
"152850.0";"3.894482"
"152860.0";"3.794148"
"152870.0";"3.8924"
"152880.0";"3.923474"
"152890.0";"3.895036"
"152900.0";"3.897255"
"152910.0";"3.900498"
"152920.0";"3.884884"
"152930.0";"3.926029"
"152940.0";"3.834989"
"152950.0";"3.942168"
"152960.0";"3.969179"
"152970.0";"3.972804"
"152980.0";"3.93362"
"152990.0";"3.971583"
"153000.0";"4.012261"
"153010.0";"3.894532"
"153020.0";"3.869797"
"153030.0";"3.893324"
"153040.0";"3.900352"
"153050.0";"3.874905"
"153060.0";"3.904674"
"153070.0";"3.902458"
"153080.0";"3.961734"
"153090.0";"4.028191"
"153100.0";"3.90135"
"153110.0";"3.928326"
"153120.0";"3.95242"
"153130.0";"3.947667"
"153140.0";"3.991234"
"153150.0";"3.939936"
"153160.0";"3.863882"
"153170.0";"3.879005"
"153180.0";"3.937077"
"153190.0";"3.84218"
"153200.0";"3.887341"
"153210.0";"3.923819"
"153220.0";"3.94568"
"153230.0";"3.943411"
"153240.0";"3.847329"
"153250.0";"3.836721"
"153260.0";"3.861643"
"153270.0";"3.9448"
"153280.0";"3.926467"
"153290.0";"3.8431"
"153300.0";"3.850895"
"153310.0";"3.866928"
"153320.0";"3.900699"
"153330.0";"3.950514"
"153340.0";"3.940377"
"153350.0";"3.93404"
"153360.0";"3.96711"
"153370.0";"3.959774"
"153380.0";"3.879727"
"153390.0";"3.912429"
"153400.0";"3.911458"
"153410.0";"3.942065"
"153420.0";"3.902488"
"153430.0";"3.949477"
"153440.0";"3.970154"
"153450.0";"3.982465"
"153460.0";"4.001034"
"153470.0";"3.985296"
"153480.0";"3.973131"
"153490.0";"3.931936"
"153500.0";"4.021448"
"153510.0";"3.963853"
"153520.0";"3.978481"
"153530.0";"3.981969"
"153540.0";"3.962605"
"153550.0";"4.020593"
"153560.0";"3.966701"
"153570.0";"3.946413"
"153580.0";"4.03785"
"153590.0";"3.941752"
"153600.0";"3.964906"
"153610.0";"3.866897"
"153620.0";"3.959636"
"153630.0";"3.9517"
"153640.0";"3.947364"
"153650.0";"3.960341"
"153660.0";"3.88928"
"153670.0";"3.854526"
"153680.0";"3.978436"
"153690.0";"3.967343"
"153700.0";"3.869633"
"153710.0";"3.873169"
"153720.0";"3.920397"
"153730.0";"3.924279"
"153740.0";"4.062804"
"153750.0";"3.98835"
"153760.0";"4.026708"
"153770.0";"3.914016"
"153780.0";"3.888972"
"153790.0";"3.951747"
"153800.0";"4.020568"
"153810.0";"3.991223"
"153820.0";"3.969734"
"153830.0";"3.931659"
"153840.0";"3.974082"
"153850.0";"4.002341"
"153860.0";"3.934639"
"153870.0";"3.944056"
"153880.0";"3.978476"
"153890.0";"3.854491"
"153900.0";"4.002985"
"153910.0";"4.029292"
"153920.0";"4.033661"
"153930.0";"4.025052"
"153940.0";"4.017052"
"153950.0";"4.06059"
"153960.0";"4.016073"
"153970.0";"3.919307"
"153980.0";"3.973947"
"153990.0";"3.939972"
"154000.0";"3.894787"
"154010.0";"3.856648"
"154020.0";"3.978359"
"154030.0";"3.935479"
"154040.0";"3.955817"
"154050.0";"3.957459"
"154060.0";"3.971283"
"154070.0";"3.901202"
"154080.0";"3.920213"
"154090.0";"3.963231"
"154100.0";"3.934248"
"154110.0";"3.864724"
"154120.0";"3.944136"
"154130.0";"3.944403"
"154140.0";"3.987077"
"154150.0";"4.012647"
"154160.0";"3.965047"
"154170.0";"3.954069"
"154180.0";"3.942876"
"154190.0";"4.004462"
"154200.0";"3.936605"
"154210.0";"3.90705"
"154220.0";"3.925309"
"154230.0";"3.921839"
"154240.0";"3.967226"
"154250.0";"4.005961"
"154260.0";"3.941698"
"154270.0";"3.985629"
"154280.0";"3.850075"
"154290.0";"3.933039"
"154300.0";"3.931467"
"154310.0";"3.95322"
"154320.0";"3.957724"
"154330.0";"3.877856"
"154340.0";"3.961478"
"154350.0";"4.007046"
"154360.0";"3.885267"
"154370.0";"4.011032"
"154380.0";"3.947439"
"154390.0";"3.913391"
"154400.0";"3.914323"
"154410.0";"3.925256"
"154420.0";"3.997639"
"154430.0";"3.944129"
"154440.0";"3.957264"
"154450.0";"3.900362"
"154460.0";"3.953668"
"154470.0";"3.907729"
"154480.0";"3.877952"
"154490.0";"3.843342"
"154500.0";"3.894816"
"154510.0";"3.891271"
"154520.0";"3.773684"
"154530.0";"3.830781"
"154540.0";"3.927962"
"154550.0";"3.880573"
"154560.0";"3.915183"
"154570.0";"3.878259"
"154580.0";"3.910189"
"154590.0";"3.887146"
"154600.0";"4.00922"
"154610.0";"3.991953"
"154620.0";"3.960325"
"154630.0";"3.902659"
"154640.0";"3.926111"
"154650.0";"3.940415"
"154660.0";"3.820795"
"154670.0";"3.94969"
"154680.0";"3.937562"
"154690.0";"4.00019"
"154700.0";"3.857473"
"154710.0";"3.871455"
"154720.0";"3.932228"
"154730.0";"3.920525"
"154740.0";"3.935282"
"154750.0";"3.974119"
"154760.0";"3.965276"
"154770.0";"3.9355"
"154780.0";"3.974196"
"154790.0";"3.917516"
"154800.0";"3.930889"
"154810.0";"3.95309"
"154820.0";"3.978953"
"154830.0";"3.895586"
"154840.0";"3.93122"
"154850.0";"3.989121"
"154860.0";"4.000222"
"154870.0";"4.006281"
"154880.0";"3.985165"
"154890.0";"3.968735"
"154900.0";"3.926944"
"154910.0";"3.960329"
"154920.0";"3.978387"
"154930.0";"3.981925"
"154940.0";"3.957715"
"154950.0";"4.032251"
"154960.0";"4.035081"
"154970.0";"3.980354"
"154980.0";"3.974275"
"154990.0";"3.941305"
"155000.0";"4.012347"
"155010.0";"4.000661"
"155020.0";"3.937932"
"155030.0";"4.00112"
"155040.0";"3.981495"
"155050.0";"3.946508"
"155060.0";"3.980234"
"155070.0";"4.02283"
"155080.0";"4.015255"
"155090.0";"3.95878"
"155100.0";"3.948379"
"155110.0";"4.015864"
"155120.0";"3.923331"
"155130.0";"3.945379"
"155140.0";"3.949265"
"155150.0";"3.992519"
"155160.0";"3.943224"
"155170.0";"3.982295"
"155180.0";"3.890263"
"155190.0";"4.007277"
"155200.0";"3.938251"
"155210.0";"3.951074"
"155220.0";"3.970497"
"155230.0";"3.888421"
"155240.0";"3.95889"
"155250.0";"3.965882"
"155260.0";"3.911291"
"155270.0";"3.930696"
"155280.0";"3.987052"
"155290.0";"3.995581"
"155300.0";"3.990628"
"155310.0";"3.982048"
"155320.0";"3.874334"
"155330.0";"3.948638"
"155340.0";"4.047178"
"155350.0";"4.029526"
"155360.0";"4.047966"
"155370.0";"3.99128"
"155380.0";"3.988129"
"155390.0";"3.951528"
"155400.0";"4.068827"
"155410.0";"4.029007"
"155420.0";"4.009023"
"155430.0";"4.014212"
"155440.0";"3.958027"
"155450.0";"3.978351"
"155460.0";"3.921593"
"155470.0";"4.02622"
"155480.0";"3.91911"
"155490.0";"3.920472"
"155500.0";"3.981932"
"155510.0";"3.981628"
"155520.0";"3.923132"
"155530.0";"4.017388"
"155540.0";"3.992783"
"155550.0";"3.957628"
"155560.0";"3.998936"
"155570.0";"3.950724"
"155580.0";"3.950809"
"155590.0";"3.959184"
"155600.0";"3.949324"
"155610.0";"3.974544"
"155620.0";"3.931129"
"155630.0";"3.96261"
"155640.0";"4.027843"
"155650.0";"3.97704"
"155660.0";"3.959321"
"155670.0";"3.947135"
"155680.0";"3.965636"
"155690.0";"3.951242"
"155700.0";"4.043171"
"155710.0";"3.933255"
"155720.0";"3.955906"
"155730.0";"3.968739"
"155740.0";"3.851427"
"155750.0";"3.918976"
"155760.0";"3.96628"
"155770.0";"3.90948"
"155780.0";"3.891919"
"155790.0";"3.984847"
"155800.0";"3.848514"
"155810.0";"3.88976"
"155820.0";"3.945681"
"155830.0";"3.922151"
"155840.0";"3.939302"
"155850.0";"3.974547"
"155860.0";"4.002237"
"155870.0";"3.921012"
"155880.0";"3.965335"
"155890.0";"3.973287"
"155900.0";"4.004736"
"155910.0";"3.998626"
"155920.0";"3.997875"
"155930.0";"3.978766"
"155940.0";"3.948272"
"155950.0";"3.996016"
"155960.0";"4.011851"
"155970.0";"4.032941"
"155980.0";"3.945583"
"155990.0";"3.975929"
"156000.0";"3.954159"
"156010.0";"3.935322"
"156020.0";"3.939504"
"156030.0";"4.00984"
"156040.0";"3.979796"
"156050.0";"4.035538"
"156060.0";"4.005353"
"156070.0";"3.944536"
"156080.0";"3.95908"
"156090.0";"3.977043"
"156100.0";"3.865156"
"156110.0";"3.896709"
"156120.0";"4.011886"
"156130.0";"3.960799"
"156140.0";"4.00603"
"156150.0";"3.971867"
"156160.0";"4.021778"
"156170.0";"3.884881"
"156180.0";"4.023543"
"156190.0";"3.930359"
"156200.0";"3.937559"
"156210.0";"4.004122"
"156220.0";"3.957778"
"156230.0";"3.963315"
"156240.0";"3.906067"
"156250.0";"3.933832"
"156260.0";"3.868282"
"156270.0";"3.93311"
"156280.0";"3.940125"
"156290.0";"3.942222"
"156300.0";"3.925161"
"156310.0";"3.957044"
"156320.0";"3.990449"
"156330.0";"3.873943"
"156340.0";"3.898896"
"156350.0";"3.885499"
"156360.0";"3.916115"
"156370.0";"3.911206"
"156380.0";"3.951315"
"156390.0";"3.917581"
"156400.0";"3.958469"
"156410.0";"3.916954"
"156420.0";"3.99608"
"156430.0";"3.914306"
"156440.0";"3.931561"
"156450.0";"3.93422"
"156460.0";"3.899753"
"156470.0";"3.893866"
"156480.0";"3.930761"
"156490.0";"3.970537"
"156500.0";"3.862396"
"156510.0";"3.895465"
"156520.0";"3.941037"
"156530.0";"3.965507"
"156540.0";"3.905975"
"156550.0";"3.946241"
"156560.0";"3.946945"
"156570.0";"3.911414"
"156580.0";"3.899271"
"156590.0";"3.932901"
"156600.0";"3.899955"
"156610.0";"3.962404"
"156620.0";"3.906427"
"156630.0";"3.964355"
"156640.0";"3.977661"
"156650.0";"3.883071"
"156660.0";"4.007364"
"156670.0";"4.045043"
"156680.0";"4.000699"
"156690.0";"3.959657"
"156700.0";"3.973344"
"156710.0";"4.022768"
"156720.0";"3.971882"
"156730.0";"3.966712"
"156740.0";"3.904267"
"156750.0";"3.943547"
"156760.0";"3.946111"
"156770.0";"3.848692"
"156780.0";"3.869709"
"156790.0";"3.901286"
"156800.0";"3.95373"
"156810.0";"3.864689"
"156820.0";"3.888731"
"156830.0";"3.894401"
"156840.0";"3.903169"
"156850.0";"3.923476"
"156860.0";"3.917341"
"156870.0";"3.969589"
"156880.0";"3.924549"
"156890.0";"3.952417"
"156900.0";"3.914506"
"156910.0";"3.972257"
"156920.0";"3.947172"
"156930.0";"3.970755"
"156940.0";"3.9453"
"156950.0";"3.968441"
"156960.0";"3.971283"
"156970.0";"3.825435"
"156980.0";"3.865925"
"156990.0";"4.000007"
"157000.0";"3.989056"
"157010.0";"3.93972"
"157020.0";"3.965934"
"157030.0";"3.931453"
"157040.0";"3.885187"
"157050.0";"3.937485"
"157060.0";"3.763497"
"157070.0";"3.86901"
"157080.0";"3.944171"
"157090.0";"3.964592"
"157100.0";"4.029415"
"157110.0";"3.943067"
"157120.0";"3.919026"
"157130.0";"3.91873"
"157140.0";"3.93427"
"157150.0";"3.917591"
"157160.0";"3.985729"
"157170.0";"3.965315"
"157180.0";"3.903645"
"157190.0";"3.839118"
"157200.0";"3.980035"
"157210.0";"3.885577"
"157220.0";"3.981372"
"157230.0";"3.967262"
"157240.0";"3.884261"
"157250.0";"3.941087"
"157260.0";"3.940771"
"157270.0";"3.932733"
"157280.0";"3.888341"
"157290.0";"3.925592"
"157300.0";"3.997744"
"157310.0";"3.98552"
"157320.0";"3.917362"
"157330.0";"3.959446"
"157340.0";"3.946651"
"157350.0";"3.977131"
"157360.0";"3.966971"
"157370.0";"4.046494"
"157380.0";"4.026146"
"157390.0";"3.968065"
"157400.0";"4.048259"
"157410.0";"3.962689"
"157420.0";"3.967006"
"157430.0";"4.021221"
"157440.0";"3.970088"
"157450.0";"3.970826"
"157460.0";"3.921814"
"157470.0";"3.863537"
"157480.0";"3.806587"
"157490.0";"3.903105"
"157500.0";"3.898457"
"157510.0";"3.919873"
"157520.0";"3.859109"
"157530.0";"3.919924"
"157540.0";"3.880713"
"157550.0";"3.952396"
"157560.0";"4.019219"
"157570.0";"3.9613"
"157580.0";"3.958651"
"157590.0";"3.96115"
"157600.0";"3.937573"
"157610.0";"4.042939"
"157620.0";"4.040466"
"157630.0";"4.015947"
"157640.0";"3.975856"
"157650.0";"3.969625"
"157660.0";"3.952672"
"157670.0";"3.947058"
"157680.0";"3.951213"
"157690.0";"3.911059"
"157700.0";"3.96544"
"157710.0";"3.950886"
"157720.0";"3.92531"
"157730.0";"3.935967"
"157740.0";"3.932662"
"157750.0";"3.926473"
"157760.0";"3.921507"
"157770.0";"3.961508"
"157780.0";"3.917151"
"157790.0";"3.971452"
"157800.0";"3.96331"
"157810.0";"3.975458"
"157820.0";"3.960639"
"157830.0";"3.88885"
"157840.0";"3.935116"
"157850.0";"3.975307"
"157860.0";"3.921565"
"157870.0";"3.969967"
"157880.0";"3.936882"
"157890.0";"3.914819"
"157900.0";"3.809398"
"157910.0";"3.855439"
"157920.0";"4.000085"
"157930.0";"3.916109"
"157940.0";"3.863938"
"157950.0";"3.907734"
"157960.0";"3.821069"
"157970.0";"3.790526"
"157980.0";"3.809591"
"157990.0";"3.82926"
"158000.0";"3.854357"
"158010.0";"3.832366"
"158020.0";"3.82976"
"158030.0";"3.798257"
"158040.0";"3.847037"
"158050.0";"3.888288"
"158060.0";"3.823106"
"158070.0";"3.967634"
"158080.0";"3.864375"
"158090.0";"3.881846"
"158100.0";"3.954071"
"158110.0";"3.928358"
"158120.0";"3.897198"
"158130.0";"3.827752"
"158140.0";"3.725835"
"158150.0";"3.825311"
"158160.0";"3.861423"
"158170.0";"3.884114"
"158180.0";"3.832017"
"158190.0";"3.872413"
"158200.0";"3.939846"
"158210.0";"3.928534"
"158220.0";"3.960522"
"158230.0";"3.884461"
"158240.0";"3.871735"
"158250.0";"3.879181"
"158260.0";"3.932193"
"158270.0";"3.952602"
"158280.0";"3.968255"
"158290.0";"3.919203"
"158300.0";"3.897381"
"158310.0";"3.961639"
"158320.0";"3.946365"
"158330.0";"3.956212"
"158340.0";"3.923093"
"158350.0";"3.917118"
"158360.0";"3.934073"
"158370.0";"3.94923"
"158380.0";"3.88798"
"158390.0";"3.93879"
"158400.0";"3.983227"
"158410.0";"3.898166"
"158420.0";"3.976587"
"158430.0";"3.970678"
"158440.0";"3.991541"
"158450.0";"3.974098"
"158460.0";"3.830172"
"158470.0";"3.941632"
"158480.0";"4.000976"
"158490.0";"3.972569"
"158500.0";"3.946815"
"158510.0";"3.947868"
"158520.0";"3.935476"
"158530.0";"3.94983"
"158540.0";"3.964698"
"158550.0";"3.911336"
"158560.0";"3.921119"
"158570.0";"3.949894"
"158580.0";"3.901992"
"158590.0";"3.919799"
"158600.0";"3.9405"
"158610.0";"3.978613"
"158620.0";"3.928683"
"158630.0";"3.932909"
"158640.0";"3.963527"
"158650.0";"3.910795"
"158660.0";"3.872628"
"158670.0";"3.771278"
"158680.0";"3.820059"
"158690.0";"3.90556"
"158700.0";"3.903041"
"158710.0";"3.94407"
"158720.0";"3.909627"
"158730.0";"4.001532"
"158740.0";"4.039797"
"158750.0";"3.943124"
"158760.0";"3.920815"
"158770.0";"3.885787"
"158780.0";"3.976973"
"158790.0";"3.959064"
"158800.0";"3.912477"
"158810.0";"3.94963"
"158820.0";"3.952124"
"158830.0";"3.976624"
"158840.0";"3.796282"
"158850.0";"3.930336"
"158860.0";"3.936017"
"158870.0";"3.899101"
"158880.0";"3.970366"
"158890.0";"3.938506"
"158900.0";"3.893289"
"158910.0";"3.867686"
"158920.0";"4.03104"
"158930.0";"3.993512"
"158940.0";"3.918141"
"158950.0";"3.950634"
"158960.0";"3.991302"
"158970.0";"3.950666"
"158980.0";"3.91457"
"158990.0";"4.000939"
"159000.0";"3.977554"
"159010.0";"3.949353"
"159020.0";"3.905077"
"159030.0";"3.946194"
"159040.0";"3.97179"
"159050.0";"3.878149"
"159060.0";"4.013465"
"159070.0";"3.904883"
"159080.0";"3.949925"
"159090.0";"3.903838"
"159100.0";"3.954978"
"159110.0";"3.968466"
"159120.0";"3.848932"
"159130.0";"3.8652"
"159140.0";"3.846523"
"159150.0";"3.961597"
"159160.0";"3.936325"
"159170.0";"3.951176"
"159180.0";"3.968583"
"159190.0";"3.989244"
"159200.0";"3.963785"
"159210.0";"3.915988"
"159220.0";"3.912692"
"159230.0";"3.927032"
"159240.0";"3.990327"
"159250.0";"3.931033"
"159260.0";"3.941365"
"159270.0";"3.975488"
"159280.0";"3.920012"
"159290.0";"3.932343"
"159300.0";"4.000736"
"159310.0";"3.953211"
"159320.0";"3.953936"
"159330.0";"3.834091"
"159340.0";"3.827917"
"159350.0";"3.864613"
"159360.0";"3.916124"
"159370.0";"3.877824"
"159380.0";"3.836715"
"159390.0";"3.902909"
"159400.0";"3.929151"
"159410.0";"3.922765"
"159420.0";"3.909498"
"159430.0";"3.991774"
"159440.0";"3.950206"
"159450.0";"3.972178"
"159460.0";"3.881537"
"159470.0";"3.883432"
"159480.0";"3.887053"
"159490.0";"3.959337"
"159500.0";"3.983936"
"159510.0";"3.957309"
"159520.0";"3.966831"
"159530.0";"4.043361"
"159540.0";"3.990503"
"159550.0";"3.968845"
"159560.0";"3.955449"
"159570.0";"3.914398"
"159580.0";"3.925563"
"159590.0";"3.865869"
"159600.0";"3.822418"
"159610.0";"3.831936"
"159620.0";"3.963795"
"159630.0";"3.925565"
"159640.0";"3.996555"
"159650.0";"3.943512"
"159660.0";"3.971851"
"159670.0";"3.943509"
"159680.0";"4.009475"
"159690.0";"4.000905"
"159700.0";"3.954403"
"159710.0";"3.922545"
"159720.0";"3.980327"
"159730.0";"4.076481"
"159740.0";"3.871247"
"159750.0";"3.886271"
"159760.0";"3.978509"
"159770.0";"3.919276"
"159780.0";"3.961047"
"159790.0";"3.941042"
"159800.0";"3.955366"
"159810.0";"3.961838"
"159820.0";"3.980832"
"159830.0";"3.991412"
"159840.0";"3.985548"
"159850.0";"3.946898"
"159860.0";"3.97236"
"159870.0";"3.968176"
"159880.0";"3.997223"
"159890.0";"3.96437"
"159900.0";"3.969975"
"159910.0";"3.927384"
"159920.0";"3.883493"
"159930.0";"3.967415"
"159940.0";"3.926839"
"159950.0";"3.82629"
"159960.0";"3.935424"
"159970.0";"3.92184"
"159980.0";"3.909055"
"159990.0";"3.957303"
"160000.0";"3.926007"
"160010.0";"3.9107"
"160020.0";"3.905098"
"160030.0";"3.90914"
"160040.0";"3.931732"
"160050.0";"4.027472"
"160060.0";"3.94389"
"160070.0";"3.936468"
"160080.0";"3.927519"
"160090.0";"3.971673"
"160100.0";"3.927812"
"160110.0";"3.959183"
"160120.0";"3.965061"
"160130.0";"3.955015"
"160140.0";"3.927895"
"160150.0";"3.958584"
"160160.0";"3.942338"
"160170.0";"3.949867"
"160180.0";"3.940792"
"160190.0";"3.983651"
"160200.0";"3.958428"
"160210.0";"3.863923"
"160220.0";"3.936359"
"160230.0";"3.880016"
"160240.0";"3.92083"
"160250.0";"3.932605"
"160260.0";"3.833162"
"160270.0";"3.938094"
"160280.0";"3.898723"
"160290.0";"3.907389"
"160300.0";"3.900961"
"160310.0";"3.907891"
"160320.0";"3.950861"
"160330.0";"3.996141"
"160340.0";"3.949759"
"160350.0";"3.949544"
"160360.0";"3.951693"
"160370.0";"3.88846"
"160380.0";"3.991085"
"160390.0";"3.991434"
"160400.0";"3.936129"
"160410.0";"3.93224"
"160420.0";"3.918769"
"160430.0";"3.90975"
"160440.0";"3.995225"
"160450.0";"3.930042"
"160460.0";"3.886833"
"160470.0";"3.910894"
"160480.0";"3.824409"
"160490.0";"3.923864"
"160500.0";"3.87582"
"160510.0";"3.910927"
"160520.0";"3.85828"
"160530.0";"3.831766"
"160540.0";"3.990247"
"160550.0";"3.943939"
"160560.0";"3.978355"
"160570.0";"4.01188"
"160580.0";"4.002881"
"160590.0";"3.953831"
"160600.0";"3.933012"
"160610.0";"3.989073"
"160620.0";"3.964659"
"160630.0";"3.951259"
"160640.0";"3.945298"
"160650.0";"3.978715"
"160660.0";"4.0043"
"160670.0";"3.95651"
"160680.0";"3.954365"
"160690.0";"3.99659"
"160700.0";"3.976933"
"160710.0";"4.025892"
"160720.0";"3.985362"
"160730.0";"4.052055"
"160740.0";"3.999386"
"160750.0";"4.018582"
"160760.0";"3.981082"
"160770.0";"4.001003"
"160780.0";"3.953842"
"160790.0";"3.88446"
"160800.0";"3.875528"
"160810.0";"3.903992"
"160820.0";"3.955121"
"160830.0";"3.997056"
"160840.0";"3.92955"
"160850.0";"3.874614"
"160860.0";"3.858062"
"160870.0";"3.867531"
"160880.0";"3.720299"
"160890.0";"3.854204"
"160900.0";"3.860345"
"160910.0";"3.943692"
"160920.0";"3.94953"
"160930.0";"3.914311"
"160940.0";"3.92372"
"160950.0";"3.985367"
"160960.0";"3.988393"
"160970.0";"3.904012"
"160980.0";"3.85743"
"160990.0";"3.897397"
"161000.0";"3.919449"
"161010.0";"3.986378"
"161020.0";"3.907841"
"161030.0";"4.00473"
"161040.0";"4.012757"
"161050.0";"3.93855"
"161060.0";"3.992075"
"161070.0";"3.932192"
"161080.0";"3.957092"
"161090.0";"3.944892"
"161100.0";"3.892376"
"161110.0";"4.012251"
"161120.0";"3.901121"
"161130.0";"3.936054"
"161140.0";"3.952624"
"161150.0";"3.971753"
"161160.0";"3.911229"
"161170.0";"3.967494"
"161180.0";"3.919312"
"161190.0";"4.000201"
"161200.0";"3.950206"
"161210.0";"3.992493"
"161220.0";"4.003797"
"161230.0";"4.002771"
"161240.0";"3.969178"
"161250.0";"4.024105"
"161260.0";"3.981915"
"161270.0";"3.942222"
"161280.0";"4.015721"
"161290.0";"4.031885"
"161300.0";"3.943275"
"161310.0";"3.982257"
"161320.0";"3.927554"
"161330.0";"3.945293"
"161340.0";"3.836477"
"161350.0";"3.916611"
"161360.0";"3.965378"
"161370.0";"3.973191"
"161380.0";"3.922458"
"161390.0";"3.990403"
"161400.0";"4.003315"
"161410.0";"3.958751"
"161420.0";"3.822586"
"161430.0";"3.73016"
"161440.0";"3.798009"
"161450.0";"3.785666"
"161460.0";"3.854891"
"161470.0";"3.690418"
"161480.0";"3.834627"
"161490.0";"3.903718"
"161500.0";"3.849236"
"161510.0";"3.925979"
"161520.0";"3.829073"
"161530.0";"3.987886"
"161540.0";"3.825619"
"161550.0";"3.863556"
"161560.0";"3.921429"
"161570.0";"3.956802"
"161580.0";"3.849349"
"161590.0";"3.843072"
"161600.0";"3.86533"
"161610.0";"3.897844"
"161620.0";"3.874012"
"161630.0";"3.870225"
"161640.0";"3.977468"
"161650.0";"3.936696"
"161660.0";"3.887429"
"161670.0";"3.883714"
"161680.0";"3.95093"
"161690.0";"3.954841"
"161700.0";"3.843406"
"161710.0";"3.759287"
"161720.0";"3.891146"
"161730.0";"3.950217"
"161740.0";"3.860047"
"161750.0";"3.892324"
"161760.0";"3.952928"
"161770.0";"3.912879"
"161780.0";"3.818965"
"161790.0";"3.960591"
"161800.0";"3.938055"
"161810.0";"3.973304"
"161820.0";"3.985111"
"161830.0";"3.90191"
"161840.0";"3.972999"
"161850.0";"3.910629"
"161860.0";"4.006977"
"161870.0";"4.059294"
"161880.0";"4.080879"
"161890.0";"3.974025"
"161900.0";"4.003491"
"161910.0";"3.966824"
"161920.0";"3.992186"
"161930.0";"3.913005"
"161940.0";"4.040407"
"161950.0";"3.973482"
"161960.0";"3.955792"
"161970.0";"3.989481"
"161980.0";"3.986531"
"161990.0";"3.956474"
"162000.0";"3.964102"
"162010.0";"3.95755"
"162020.0";"3.97624"
"162030.0";"3.983745"
"162040.0";"3.880423"
"162050.0";"3.890543"
"162060.0";"3.994996"
"162070.0";"4.015796"
"162080.0";"3.915145"
"162090.0";"3.995235"
"162100.0";"3.913888"
"162110.0";"3.943417"
"162120.0";"3.898341"
"162130.0";"3.830197"
"162140.0";"3.994551"
"162150.0";"3.920922"
"162160.0";"4.042476"
"162170.0";"3.910242"
"162180.0";"4.013127"
"162190.0";"3.84176"
"162200.0";"4.023428"
"162210.0";"3.994744"
"162220.0";"3.918642"
"162230.0";"3.898312"
"162240.0";"3.963713"
"162250.0";"3.892075"
"162260.0";"3.944314"
"162270.0";"3.934229"
"162280.0";"3.891087"
"162290.0";"3.978899"
"162300.0";"3.979206"
"162310.0";"3.959781"
"162320.0";"3.965725"
"162330.0";"3.929085"
"162340.0";"3.935684"
"162350.0";"3.988384"
"162360.0";"3.980003"
"162370.0";"3.979305"
"162380.0";"3.905134"
"162390.0";"4.067916"
"162400.0";"3.932234"
"162410.0";"3.981424"
"162420.0";"3.984919"
"162430.0";"3.945175"
"162440.0";"3.924546"
"162450.0";"3.985656"
"162460.0";"3.90541"
"162470.0";"3.967109"
"162480.0";"3.991985"
"162490.0";"3.99448"
"162500.0";"3.932364"
"162510.0";"3.97106"
"162520.0";"3.899105"
"162530.0";"3.98769"
"162540.0";"3.980721"
"162550.0";"3.970153"
"162560.0";"3.973538"
"162570.0";"3.925963"
"162580.0";"3.964216"
"162590.0";"4.028286"
"162600.0";"3.985322"
"162610.0";"3.981182"
"162620.0";"3.966112"
"162630.0";"3.951216"
"162640.0";"3.90843"
"162650.0";"4.003945"
"162660.0";"3.934882"
"162670.0";"3.940315"
"162680.0";"3.961464"
"162690.0";"3.881396"
"162700.0";"3.932601"
"162710.0";"3.958921"
"162720.0";"3.859464"
"162730.0";"3.887198"
"162740.0";"3.968554"
"162750.0";"3.946986"
"162760.0";"3.907342"
"162770.0";"3.986262"
"162780.0";"3.950211"
"162790.0";"3.948637"
"162800.0";"3.908026"
"162810.0";"3.926455"
"162820.0";"3.969498"
"162830.0";"3.92985"
"162840.0";"3.968475"
"162850.0";"3.905953"
"162860.0";"3.861472"
"162870.0";"3.86819"
"162880.0";"3.913467"
"162890.0";"3.925613"
"162900.0";"4.023266"
"162910.0";"3.957294"
"162920.0";"3.975758"
"162930.0";"3.947935"
"162940.0";"3.983733"
"162950.0";"3.94251"
"162960.0";"3.959369"
"162970.0";"3.980446"
"162980.0";"4.012219"
"162990.0";"3.906261"
"163000.0";"3.955176"
"163010.0";"3.970469"
"163020.0";"3.863514"
"163030.0";"3.855627"
"163040.0";"3.920511"
"163050.0";"4.019524"
"163060.0";"3.97768"
"163070.0";"3.989344"
"163080.0";"4.007328"
"163090.0";"3.979254"
"163100.0";"4.037055"
"163110.0";"3.928389"
"163120.0";"3.877635"
"163130.0";"3.926587"
"163140.0";"3.989431"
"163150.0";"3.985475"
"163160.0";"4.039295"
"163170.0";"4.031691"
"163180.0";"3.91471"
"163190.0";"3.960682"
"163200.0";"4.011899"
"163210.0";"3.957394"
"163220.0";"3.977663"
"163230.0";"3.925048"
"163240.0";"3.921871"
"163250.0";"3.973173"
"163260.0";"3.887881"
"163270.0";"4.008672"
"163280.0";"3.930979"
"163290.0";"3.988406"
"163300.0";"3.974495"
"163310.0";"3.960002"
"163320.0";"3.926787"
"163330.0";"3.948999"
"163340.0";"3.939236"
"163350.0";"3.933803"
"163360.0";"3.935165"
"163370.0";"3.971243"
"163380.0";"3.994231"
"163390.0";"3.938431"
"163400.0";"3.950459"
"163410.0";"3.927302"
"163420.0";"3.980488"
"163430.0";"3.9727"
"163440.0";"3.982176"
"163450.0";"3.919607"
"163460.0";"3.916464"
"163470.0";"3.935617"
"163480.0";"3.920079"
"163490.0";"3.96608"
"163500.0";"3.83887"
"163510.0";"3.878325"
"163520.0";"3.981193"
"163530.0";"3.925213"
"163540.0";"3.906994"
"163550.0";"3.971087"
"163560.0";"3.861855"
"163570.0";"3.917193"
"163580.0";"3.88275"
"163590.0";"3.844102"
"163600.0";"3.926746"
"163610.0";"3.934707"
"163620.0";"3.953065"
"163630.0";"3.889616"
"163640.0";"3.855509"
"163650.0";"3.90781"
"163660.0";"3.839679"
"163670.0";"3.928994"
"163680.0";"3.896324"
"163690.0";"4.019027"
"163700.0";"3.920779"
"163710.0";"3.965312"
"163720.0";"3.859043"
"163730.0";"4.036115"
"163740.0";"4.026301"
"163750.0";"4.008335"
"163760.0";"3.973242"
"163770.0";"3.91715"
"163780.0";"3.980097"
"163790.0";"3.995877"
"163800.0";"3.903543"
"163810.0";"4.012897"
"163820.0";"4.00526"
"163830.0";"3.941074"
"163840.0";"4.002165"
"163850.0";"3.99068"
"163860.0";"3.993555"
"163870.0";"3.973883"
"163880.0";"4.022532"
"163890.0";"4.036723"
"163900.0";"3.927519"
"163910.0";"3.99801"
"163920.0";"3.945002"
"163930.0";"4.018877"
"163940.0";"3.882314"
"163950.0";"3.97161"
"163960.0";"3.926836"
"163970.0";"3.959097"
"163980.0";"3.921091"
"163990.0";"3.946213"
"164000.0";"3.983406"
"164010.0";"3.976331"
"164020.0";"4.068961"
"164030.0";"4.083437"
"164040.0";"4.007612"
"164050.0";"3.991539"
"164060.0";"4.0192"
"164070.0";"3.94766"
"164080.0";"4.045971"
"164090.0";"3.939601"
"164100.0";"3.989054"
"164110.0";"3.941039"
"164120.0";"3.988919"
"164130.0";"4.01875"
"164140.0";"3.971403"
"164150.0";"3.981226"
"164160.0";"3.937959"
"164170.0";"3.898058"
"164180.0";"3.841626"
"164190.0";"3.941486"
"164200.0";"3.961538"
"164210.0";"3.958715"
"164220.0";"3.933288"
"164230.0";"3.937809"
"164240.0";"3.982089"
"164250.0";"3.928374"
"164260.0";"4.031845"
"164270.0";"4.027257"
"164280.0";"3.970945"
"164290.0";"3.972932"
"164300.0";"3.971922"
"164310.0";"3.896531"
"164320.0";"4.021475"
"164330.0";"3.763009"
"164340.0";"3.872939"
"164350.0";"3.846744"
"164360.0";"3.861356"
"164370.0";"3.845599"
"164380.0";"3.779259"
"164390.0";"3.727676"
"164400.0";"3.746556"
"164410.0";"3.619781"
"164420.0";"3.694681"
"164430.0";"3.697724"
"164440.0";"3.719222"
"164450.0";"3.726277"
"164460.0";"3.797079"
"164470.0";"3.845504"
"164480.0";"3.907514"
"164490.0";"3.960249"
"164500.0";"4.027606"
"164510.0";"4.019403"
"164520.0";"3.986738"
"164530.0";"3.988776"
"164540.0";"3.956165"
"164550.0";"3.978576"
"164560.0";"3.820295"
"164570.0";"3.719117"
"164580.0";"3.871505"
"164590.0";"3.75938"
"164600.0";"3.986281"
"164610.0";"3.92786"
"164620.0";"3.860605"
"164630.0";"3.982536"
"164640.0";"3.985633"
"164650.0";"4.001398"
"164660.0";"4.008449"
"164670.0";"4.006523"
"164680.0";"3.994261"
"164690.0";"3.976254"
"164700.0";"3.955731"
"164710.0";"3.971679"
"164720.0";"4.001371"
"164730.0";"3.993296"
"164740.0";"3.965899"
"164750.0";"4.037704"
"164760.0";"3.897972"
"164770.0";"3.944526"
"164780.0";"4.043293"
"164790.0";"3.995544"
"164800.0";"3.934212"
"164810.0";"4.046752"
"164820.0";"4.043988"
"164830.0";"4.021056"
"164840.0";"4.036046"
"164850.0";"3.975981"
"164860.0";"3.981149"
"164870.0";"3.928018"
"164880.0";"3.95609"
"164890.0";"3.954822"
"164900.0";"4.008793"
"164910.0";"3.972702"
"164920.0";"4.013132"
"164930.0";"3.945721"
"164940.0";"4.013564"
"164950.0";"4.004945"
"164960.0";"4.074913"
"164970.0";"4.034514"
"164980.0";"3.901405"
"164990.0";"3.981747"
"165000.0";"3.967988"
"165010.0";"3.904936"
"165020.0";"3.926098"
"165030.0";"3.919014"
"165040.0";"3.936071"
"165050.0";"3.943599"
"165060.0";"4.032654"
"165070.0";"3.998736"
"165080.0";"3.964148"
"165090.0";"4.043906"
"165100.0";"3.987846"
"165110.0";"4.007032"
"165120.0";"3.854959"
"165130.0";"4.027645"
"165140.0";"3.86243"
"165150.0";"3.949662"
"165160.0";"3.963842"
"165170.0";"3.914732"
"165180.0";"3.927644"
"165190.0";"3.997398"
"165200.0";"3.924731"
"165210.0";"3.985176"
"165220.0";"3.999868"
"165230.0";"3.927505"
"165240.0";"3.989998"
"165250.0";"3.974938"
"165260.0";"3.99274"
"165270.0";"3.945317"
"165280.0";"3.898774"
"165290.0";"4.039717"
"165300.0";"4.008257"
"165310.0";"4.032858"
"165320.0";"3.930682"
"165330.0";"4.01394"
"165340.0";"3.972444"
"165350.0";"4.031671"
"165360.0";"3.919852"
"165370.0";"4.017166"
"165380.0";"4.024685"
"165390.0";"3.97696"
"165400.0";"4.041488"
"165410.0";"3.973104"
"165420.0";"4.100206"
"165430.0";"4.033463"
"165440.0";"4.071439"
"165450.0";"3.909446"
"165460.0";"3.9846"
"165470.0";"3.951294"
"165480.0";"3.960245"
"165490.0";"4.043893"
"165500.0";"3.968888"
"165510.0";"4.015804"
"165520.0";"4.010633"
"165530.0";"4.051616"
"165540.0";"3.952753"
"165550.0";"3.98354"
"165560.0";"3.95841"
"165570.0";"3.923009"
"165580.0";"4.038874"
"165590.0";"4.026923"
"165600.0";"4.057545"
"165610.0";"4.007216"
"165620.0";"4.068125"
"165630.0";"4.088974"
"165640.0";"4.046559"
"165650.0";"4.055525"
"165660.0";"3.881835"
"165670.0";"3.977032"
"165680.0";"3.968199"
"165690.0";"3.975131"
"165700.0";"3.999374"
"165710.0";"3.939812"
"165720.0";"4.044138"
"165730.0";"3.996517"
"165740.0";"3.997024"
"165750.0";"3.997558"
"165760.0";"3.953597"
"165770.0";"3.985156"
"165780.0";"3.946503"
"165790.0";"3.98801"
"165800.0";"3.887052"
"165810.0";"3.96422"
"165820.0";"3.989739"
"165830.0";"3.986598"
"165840.0";"4.030442"
"165850.0";"3.966773"
"165860.0";"3.966027"
"165870.0";"3.930151"
"165880.0";"4.005251"
"165890.0";"3.969518"
"165900.0";"3.958828"
"165910.0";"4.041084"
"165920.0";"3.981233"
"165930.0";"3.987128"
"165940.0";"3.98891"
"165950.0";"4.022262"
"165960.0";"4.088283"
"165970.0";"4.027416"
"165980.0";"4.022066"
"165990.0";"4.069335"
"166000.0";"4.096751"
"166010.0";"4.030007"
"166020.0";"4.062494"
"166030.0";"3.974419"
"166040.0";"3.955323"
"166050.0";"3.914389"
"166060.0";"3.995255"
"166070.0";"3.968664"
"166080.0";"3.98561"
"166090.0";"4.0614"
"166100.0";"4.087065"
"166110.0";"4.039564"
"166120.0";"4.004891"
"166130.0";"3.984412"
"166140.0";"4.075265"
"166150.0";"3.956592"
"166160.0";"3.945895"
"166170.0";"3.961386"
"166180.0";"3.931412"
"166190.0";"3.917958"
"166200.0";"3.848965"
"166210.0";"3.933858"
"166220.0";"3.973596"
"166230.0";"4.025653"
"166240.0";"4.015373"
"166250.0";"4.020909"
"166260.0";"4.021543"
"166270.0";"4.114581"
"166280.0";"3.987763"
"166290.0";"3.9731"
"166300.0";"3.963559"
"166310.0";"3.955881"
"166320.0";"4.088977"
"166330.0";"3.987162"
"166340.0";"4.04137"
"166350.0";"4.006215"
"166360.0";"4.083189"
"166370.0";"3.965652"
"166380.0";"3.948373"
"166390.0";"4.037585"
"166400.0";"4.061683"
"166410.0";"3.99086"
"166420.0";"3.991781"
"166430.0";"4.046264"
"166440.0";"3.977633"
"166450.0";"4.009986"
"166460.0";"4.073267"
"166470.0";"3.953151"
"166480.0";"4.0091"
"166490.0";"4.010372"
"166500.0";"3.976683"
"166510.0";"4.016464"
"166520.0";"3.98187"
"166530.0";"4.058634"
"166540.0";"3.997633"
"166550.0";"4.062732"
"166560.0";"4.02059"
"166570.0";"4.018886"
"166580.0";"3.997722"
"166590.0";"3.988598"
"166600.0";"4.026931"
"166610.0";"3.991758"
"166620.0";"4.10893"
"166630.0";"3.96397"
"166640.0";"3.911239"
"166650.0";"4.0251"
"166660.0";"4.02637"
"166670.0";"3.989872"
"166680.0";"4.016992"
"166690.0";"3.9646"
"166700.0";"4.007452"
"166710.0";"3.984745"
"166720.0";"3.92768"
"166730.0";"3.958435"
"166740.0";"3.949816"
"166750.0";"3.952091"
"166760.0";"4.023799"
"166770.0";"3.955283"
"166780.0";"3.988628"
"166790.0";"4.024523"
"166800.0";"3.99168"
"166810.0";"3.967403"
"166820.0";"3.937786"
"166830.0";"4.029967"
"166840.0";"3.991776"
"166850.0";"3.987946"
"166860.0";"3.937308"
"166870.0";"3.96258"
"166880.0";"3.999705"
"166890.0";"4.050816"
"166900.0";"3.980901"
"166910.0";"4.029274"
"166920.0";"3.890314"
"166930.0";"4.008017"
"166940.0";"3.976127"
"166950.0";"4.149558"
"166960.0";"4.013132"
"166970.0";"4.040332"
"166980.0";"4.051465"
"166990.0";"4.060491"
"167000.0";"4.03998"
"167010.0";"4.085967"
"167020.0";"3.99845"
"167030.0";"3.957539"
"167040.0";"3.967897"
"167050.0";"4.002238"
"167060.0";"3.908141"
"167070.0";"3.936039"
"167080.0";"3.917639"
"167090.0";"4.028057"
"167100.0";"4.046998"
"167110.0";"4.055945"
"167120.0";"4.135813"
"167130.0";"4.061864"
"167140.0";"4.067987"
"167150.0";"4.057783"
"167160.0";"4.043359"
"167170.0";"4.017355"
"167180.0";"4.008762"
"167190.0";"4.033676"
"167200.0";"4.059446"
"167210.0";"3.914034"
"167220.0";"3.980405"
"167230.0";"3.953232"
"167240.0";"3.980686"
"167250.0";"4.031967"
"167260.0";"4.05555"
"167270.0";"3.972112"
"167280.0";"3.991193"
"167290.0";"4.035155"
"167300.0";"3.985183"
"167310.0";"3.927835"
"167320.0";"4.062559"
"167330.0";"3.995201"
"167340.0";"4.035177"
"167350.0";"3.965559"
"167360.0";"3.995169"
"167370.0";"3.983505"
"167380.0";"4.016695"
"167390.0";"3.988812"
"167400.0";"3.951318"
"167410.0";"3.99471"
"167420.0";"4.024775"
"167430.0";"3.976892"
"167440.0";"4.041141"
"167450.0";"4.022861"
"167460.0";"4.018831"
"167470.0";"4.057238"
"167480.0";"4.015264"
"167490.0";"4.119779"
"167500.0";"3.985201"
"167510.0";"3.969149"
"167520.0";"4.021017"
"167530.0";"3.996607"
"167540.0";"4.051712"
"167550.0";"4.060342"
"167560.0";"4.037295"
"167570.0";"4.016324"
"167580.0";"4.006045"
"167590.0";"3.933378"
"167600.0";"3.915013"
"167610.0";"4.044915"
"167620.0";"4.036348"
"167630.0";"3.991254"
"167640.0";"3.999061"
"167650.0";"3.930919"
"167660.0";"3.985904"
"167670.0";"4.001904"
"167680.0";"4.038922"
"167690.0";"3.913191"
"167700.0";"4.021879"
"167710.0";"3.965857"
"167720.0";"3.977499"
"167730.0";"3.986369"
"167740.0";"3.96763"
"167750.0";"4.037065"
"167760.0";"3.992752"
"167770.0";"4.00877"
"167780.0";"4.019848"
"167790.0";"3.994207"
"167800.0";"4.001094"
"167810.0";"3.877463"
"167820.0";"3.978388"
"167830.0";"3.906448"
"167840.0";"3.975277"
"167850.0";"3.861592"
"167860.0";"3.892439"
"167870.0";"3.955264"
"167880.0";"3.924029"
"167890.0";"3.860971"
"167900.0";"3.887866"
"167910.0";"3.92482"
"167920.0";"3.892442"
"167930.0";"3.820371"
"167940.0";"3.873235"
"167950.0";"3.935132"
"167960.0";"3.811128"
"167970.0";"3.926276"
"167980.0";"3.968224"
"167990.0";"4.014113"
"168000.0";"3.944364"
"168010.0";"3.976132"
"168020.0";"4.013974"
"168030.0";"3.966469"
"168040.0";"4.029713"
"168050.0";"3.935612"
"168060.0";"3.952185"
"168070.0";"3.957603"
"168080.0";"3.838938"
"168090.0";"3.950048"
"168100.0";"3.988034"
"168110.0";"3.948532"
"168120.0";"3.917722"
"168130.0";"3.96107"
"168140.0";"3.911554"
"168150.0";"3.896575"
"168160.0";"4.101976"
"168170.0";"3.906996"
"168180.0";"4.031047"
"168190.0";"3.985885"
"168200.0";"3.996337"
"168210.0";"3.997397"
"168220.0";"4.046803"
"168230.0";"3.904468"
"168240.0";"3.971425"
"168250.0";"4.058042"
"168260.0";"3.956117"
"168270.0";"3.988538"
"168280.0";"4.021266"
"168290.0";"4.004145"
"168300.0";"4.055307"
"168310.0";"4.023316"
"168320.0";"4.012158"
"168330.0";"4.041768"
"168340.0";"4.03199"
"168350.0";"4.000338"
"168360.0";"3.951369"
"168370.0";"4.014146"
"168380.0";"3.981353"
"168390.0";"3.980586"
"168400.0";"4.01694"
"168410.0";"4.017272"
"168420.0";"4.043181"
"168430.0";"3.990146"
"168440.0";"3.975267"
"168450.0";"4.010206"
"168460.0";"4.015834"
"168470.0";"3.933619"
"168480.0";"3.894576"
"168490.0";"3.950906"
"168500.0";"3.978234"
"168510.0";"3.931637"
"168520.0";"3.959271"
"168530.0";"3.933074"
"168540.0";"3.945937"
"168550.0";"3.923722"
"168560.0";"3.922908"
"168570.0";"4.0148"
"168580.0";"3.977197"
"168590.0";"4.041062"
"168600.0";"4.038304"
"168610.0";"4.014249"
"168620.0";"3.967776"
"168630.0";"3.964155"
"168640.0";"3.949404"
"168650.0";"3.970493"
"168660.0";"4.022449"
"168670.0";"3.924869"
"168680.0";"3.966654"
"168690.0";"3.867512"
"168700.0";"3.998329"
"168710.0";"3.955894"
"168720.0";"3.939117"
"168730.0";"3.851848"
"168740.0";"3.924247"
"168750.0";"3.851179"
"168760.0";"3.873689"
"168770.0";"3.911967"
"168780.0";"3.907725"
"168790.0";"3.940399"
"168800.0";"3.965322"
"168810.0";"3.92788"
"168820.0";"3.915539"
"168830.0";"3.907262"
"168840.0";"3.919661"
"168850.0";"3.867213"
"168860.0";"3.914607"
"168870.0";"3.924086"
"168880.0";"3.966511"
"168890.0";"3.957142"
"168900.0";"3.902993"
"168910.0";"4.042014"
"168920.0";"3.976753"
"168930.0";"4.017024"
"168940.0";"3.961851"
"168950.0";"4.049586"
"168960.0";"3.981351"
"168970.0";"3.975239"
"168980.0";"3.921837"
"168990.0";"3.933424"
"169000.0";"3.978964"
"169010.0";"3.977187"
"169020.0";"3.925926"
"169030.0";"3.960262"
"169040.0";"3.943528"
"169050.0";"3.977975"
"169060.0";"3.993253"
"169070.0";"3.946369"
"169080.0";"4.003736"
"169090.0";"3.993768"
"169100.0";"3.962436"
"169110.0";"3.965394"
"169120.0";"3.928856"
"169130.0";"4.009979"
"169140.0";"3.942728"
"169150.0";"3.96145"
"169160.0";"3.961067"
"169170.0";"3.960002"
"169180.0";"3.952303"
"169190.0";"3.920124"
"169200.0";"3.979349"
"169210.0";"3.960857"
"169220.0";"3.881703"
"169230.0";"4.013491"
"169240.0";"3.961756"
"169250.0";"3.956808"
"169260.0";"3.958124"
"169270.0";"4.01125"
"169280.0";"3.982391"
"169290.0";"4.046968"
"169300.0";"3.984407"
"169310.0";"4.028186"
"169320.0";"4.01326"
"169330.0";"3.997016"
"169340.0";"4.012983"
"169350.0";"3.990353"
"169360.0";"4.011891"
"169370.0";"3.965659"
"169380.0";"3.983628"
"169390.0";"3.995146"
"169400.0";"4.029018"
"169410.0";"4.028476"
"169420.0";"4.035068"
"169430.0";"3.94352"
"169440.0";"3.962555"
"169450.0";"3.989364"
"169460.0";"4.077156"
"169470.0";"3.968022"
"169480.0";"4.056678"
"169490.0";"4.025057"
"169500.0";"3.988788"
"169510.0";"4.0607"
"169520.0";"4.006507"
"169530.0";"4.037897"
"169540.0";"4.024417"
"169550.0";"4.017106"
"169560.0";"4.023287"
"169570.0";"3.952881"
"169580.0";"4.054058"
"169590.0";"4.015613"
"169600.0";"4.074265"
"169610.0";"4.051178"
"169620.0";"3.905024"
"169630.0";"4.035264"
"169640.0";"3.882014"
"169650.0";"3.943039"
"169660.0";"3.967771"
"169670.0";"3.936194"
"169680.0";"4.008586"
"169690.0";"4.024021"
"169700.0";"4.014282"
"169710.0";"4.017978"
"169720.0";"4.027112"
"169730.0";"3.950362"
"169740.0";"3.99061"
"169750.0";"3.95026"
"169760.0";"4.006405"
"169770.0";"4.037632"
"169780.0";"4.045444"
"169790.0";"4.031622"
"169800.0";"3.966666"
"169810.0";"4.063958"
"169820.0";"3.975421"
"169830.0";"4.038276"
"169840.0";"4.030778"
"169850.0";"3.992619"
"169860.0";"3.894737"
"169870.0";"3.962622"
"169880.0";"4.009778"
"169890.0";"4.018212"
"169900.0";"3.880371"
"169910.0";"3.998232"
"169920.0";"3.991099"
"169930.0";"3.977892"
"169940.0";"3.961597"
"169950.0";"4.049331"
"169960.0";"4.028422"
"169970.0";"3.966849"
"169980.0";"4.029316"
"169990.0";"4.044733"
"170000.0";"4.021662"
"170010.0";"3.896166"
"170020.0";"3.98914"
"170030.0";"3.96251"
"170040.0";"4.058288"
"170050.0";"3.978282"
"170060.0";"3.947927"
"170070.0";"4.07575"
"170080.0";"3.966313"
"170090.0";"4.026894"
"170100.0";"3.956398"
"170110.0";"4.02157"
"170120.0";"4.082854"
"170130.0";"4.078188"
"170140.0";"4.068368"
"170150.0";"3.975173"
"170160.0";"4.050913"
"170170.0";"4.000297"
"170180.0";"4.08058"
"170190.0";"4.026414"
"170200.0";"4.018777"
"170210.0";"4.025368"
"170220.0";"3.996975"
"170230.0";"3.895414"
"170240.0";"3.99608"
"170250.0";"4.046587"
"170260.0";"4.027368"
"170270.0";"4.110641"
"170280.0";"4.018601"
"170290.0";"3.991314"
"170300.0";"4.008679"
"170310.0";"3.936583"
"170320.0";"4.021728"
"170330.0";"4.018638"
"170340.0";"3.965955"
"170350.0";"3.94186"
"170360.0";"3.958335"
"170370.0";"3.97755"
"170380.0";"3.985288"
"170390.0";"4.033105"
"170400.0";"3.96709"
"170410.0";"3.981434"
"170420.0";"3.950814"
"170430.0";"3.972054"
"170440.0";"3.987621"
"170450.0";"3.938265"
"170460.0";"3.973123"
"170470.0";"4.008026"
"170480.0";"3.954845"
"170490.0";"3.998885"
"170500.0";"3.996864"
"170510.0";"3.930932"
"170520.0";"3.987177"
"170530.0";"3.964587"
"170540.0";"3.955986"
"170550.0";"3.93811"
"170560.0";"4.081616"
"170570.0";"3.97625"
"170580.0";"4.039954"
"170590.0";"3.946961"
"170600.0";"3.98662"
"170610.0";"3.969238"
"170620.0";"4.027723"
"170630.0";"4.051119"
"170640.0";"3.928123"
"170650.0";"4.070693"
"170660.0";"4.001053"
"170670.0";"4.016834"
"170680.0";"3.953204"
"170690.0";"3.958467"
"170700.0";"3.997572"
"170710.0";"4.019279"
"170720.0";"4.045306"
"170730.0";"4.027251"
"170740.0";"4.056127"
"170750.0";"3.960177"
"170760.0";"4.019163"
"170770.0";"3.913969"
"170780.0";"3.940096"
"170790.0";"3.995464"
"170800.0";"3.956022"
"170810.0";"3.955818"
"170820.0";"3.906758"
"170830.0";"3.983497"
"170840.0";"3.943218"
"170850.0";"3.914474"
"170860.0";"3.958923"
"170870.0";"3.968958"
"170880.0";"4.025313"
"170890.0";"4.036212"
"170900.0";"3.994454"
"170910.0";"4.005179"
"170920.0";"3.932337"
"170930.0";"3.925666"
"170940.0";"3.840004"
"170950.0";"3.680573"
"170960.0";"3.797674"
"170970.0";"3.733842"
"170980.0";"3.718447"
"170990.0";"3.792395"
"171000.0";"3.752977"
"171010.0";"3.792214"
"171020.0";"3.80517"
"171030.0";"3.717982"
"171040.0";"3.755976"
"171050.0";"3.904235"
"171060.0";"3.793149"
"171070.0";"3.784813"
"171080.0";"3.882578"
"171090.0";"3.784806"
"171100.0";"3.831678"
"171110.0";"3.757809"
"171120.0";"3.817312"
"171130.0";"3.826199"
"171140.0";"3.7457"
"171150.0";"3.726607"
"171160.0";"3.754419"
"171170.0";"3.766963"
"171180.0";"3.804595"
"171190.0";"3.712128"
"171200.0";"3.705998"
"171210.0";"3.774677"
"171220.0";"3.847532"
"171230.0";"3.734222"
"171240.0";"3.746037"
"171250.0";"3.742686"
"171260.0";"3.783454"
"171270.0";"3.793352"
"171280.0";"3.761284"
"171290.0";"3.828279"
"171300.0";"3.81904"
"171310.0";"3.803028"
"171320.0";"3.809658"
"171330.0";"3.863249"
"171340.0";"3.812447"
"171350.0";"3.801991"
"171360.0";"3.791666"
"171370.0";"3.803526"
"171380.0";"3.796446"
"171390.0";"3.805075"
"171400.0";"3.851237"
"171410.0";"3.805511"
"171420.0";"3.984717"
"171430.0";"3.822714"
"171440.0";"3.733183"
"171450.0";"3.873693"
"171460.0";"3.892821"
"171470.0";"3.935987"
"171480.0";"3.917686"
"171490.0";"3.955545"
"171500.0";"3.896293"
"171510.0";"3.986203"
"171520.0";"3.928312"
"171530.0";"3.969245"
"171540.0";"3.976533"
"171550.0";"3.988678"
"171560.0";"3.92963"
"171570.0";"3.948162"
"171580.0";"3.942513"
"171590.0";"3.976595"
"171600.0";"3.873323"
"171610.0";"3.922256"
"171620.0";"3.929502"
"171630.0";"3.925036"
"171640.0";"3.960285"
"171650.0";"3.906846"
"171660.0";"3.958383"
"171670.0";"3.989504"
"171680.0";"3.957893"
"171690.0";"4.049971"
"171700.0";"3.921115"
"171710.0";"3.878722"
"171720.0";"3.905866"
"171730.0";"3.983563"
"171740.0";"3.983797"
"171750.0";"3.983997"
"171760.0";"3.977742"
"171770.0";"4.008006"
"171780.0";"3.983445"
"171790.0";"3.924365"
"171800.0";"3.950459"
"171810.0";"3.922768"
"171820.0";"3.905192"
"171830.0";"3.989275"
"171840.0";"3.959757"
"171850.0";"3.916539"
"171860.0";"3.958368"
"171870.0";"3.921264"
"171880.0";"3.979393"
"171890.0";"3.99018"
"171900.0";"3.899009"
"171910.0";"3.940232"
"171920.0";"3.891519"
"171930.0";"3.909139"
"171940.0";"3.969133"
"171950.0";"3.918797"
"171960.0";"3.98248"
"171970.0";"3.906934"
"171980.0";"3.922004"
"171990.0";"3.925902"
"172000.0";"3.865116"
"172010.0";"3.925865"
"172020.0";"3.971669"
"172030.0";"3.970891"
"172040.0";"3.968771"
"172050.0";"3.954952"
"172060.0";"3.983149"
"172070.0";"3.91867"
"172080.0";"3.910527"
"172090.0";"3.91233"
"172100.0";"3.886279"
"172110.0";"3.921886"
"172120.0";"3.877503"
"172130.0";"3.866352"
"172140.0";"3.926251"
"172150.0";"3.961514"
"172160.0";"3.864578"
"172170.0";"3.957033"
"172180.0";"3.894828"
"172190.0";"3.964505"
"172200.0";"3.904038"
"172210.0";"3.91631"
"172220.0";"3.874839"
"172230.0";"3.86341"
"172240.0";"3.772596"
"172250.0";"3.847737"
"172260.0";"3.795673"
"172270.0";"3.894134"
"172280.0";"3.907004"
"172290.0";"3.902872"
"172300.0";"3.859788"
"172310.0";"3.947183"
"172320.0";"3.982118"
"172330.0";"3.906134"
"172340.0";"3.728252"
"172350.0";"3.9258"
"172360.0";"3.910199"
"172370.0";"3.882305"
"172380.0";"3.904992"
"172390.0";"3.918775"
"172400.0";"3.957588"
"172410.0";"3.940021"
"172420.0";"4.029533"
"172430.0";"4.003891"
"172440.0";"3.94989"
"172450.0";"3.924752"
"172460.0";"3.92119"
"172470.0";"3.879513"
"172480.0";"3.998481"
"172490.0";"3.977979"
"172500.0";"3.90762"
"172510.0";"3.939964"
"172520.0";"3.912663"
"172530.0";"3.936859"
"172540.0";"4.057499"
"172550.0";"3.987973"
"172560.0";"3.970444"
"172570.0";"3.985082"
"172580.0";"3.932883"
"172590.0";"3.93868"
"172600.0";"4.010075"
"172610.0";"3.910078"
"172620.0";"3.91186"
"172630.0";"3.98909"
"172640.0";"4.04549"
"172650.0";"3.997092"
"172660.0";"3.935742"
"172670.0";"3.926325"
"172680.0";"3.976213"
"172690.0";"3.95577"
"172700.0";"3.937363"
"172710.0";"3.945367"
"172720.0";"3.979593"
"172730.0";"3.905436"
"172740.0";"3.9991"
"172750.0";"3.965176"
"172760.0";"4.021342"
"172770.0";"3.935337"
"172780.0";"3.929025"
"172790.0";"3.901931"
"172800.0";"3.940674"
"172810.0";"3.949178"
"172820.0";"4.043997"
"172830.0";"3.904884"
"172840.0";"3.949996"
"172850.0";"3.947608"
"172860.0";"4.000339"
"172870.0";"3.946339"
"172880.0";"3.970572"
"172890.0";"4.023623"
"172900.0";"3.958007"
"172910.0";"3.899173"
"172920.0";"3.991197"
"172930.0";"3.89707"
"172940.0";"3.995686"
"172950.0";"3.914633"
"172960.0";"3.926238"
"172970.0";"3.979094"
"172980.0";"4.004519"
"172990.0";"3.993155"
"173000.0";"3.981687"
"173010.0";"3.920745"
"173020.0";"3.916503"
"173030.0";"3.967212"
"173040.0";"3.909882"
"173050.0";"3.953367"
"173060.0";"3.896816"
"173070.0";"3.933419"
"173080.0";"3.939913"
"173090.0";"3.975834"
"173100.0";"3.980559"
"173110.0";"3.869293"
"173120.0";"3.93735"
"173130.0";"3.96432"
"173140.0";"3.880282"
"173150.0";"3.960428"
"173160.0";"3.920707"
"173170.0";"3.886892"
"173180.0";"3.942157"
"173190.0";"3.9401"
"173200.0";"3.957886"
"173210.0";"3.953343"
"173220.0";"3.97395"
"173230.0";"3.999907"
"173240.0";"3.943734"
"173250.0";"4.030256"
"173260.0";"4.001783"
"173270.0";"3.996871"
"173280.0";"3.993197"
"173290.0";"3.992557"
"173300.0";"3.918083"
"173310.0";"3.999539"
"173320.0";"3.971773"
"173330.0";"3.958561"
"173340.0";"3.870593"
"173350.0";"3.965356"
"173360.0";"3.967925"
"173370.0";"3.935776"
"173380.0";"3.981027"
"173390.0";"3.950913"
"173400.0";"3.964819"
"173410.0";"3.98779"
"173420.0";"3.98517"
"173430.0";"4.000239"
"173440.0";"4.004452"
"173450.0";"3.898287"
"173460.0";"3.941553"
"173470.0";"3.947418"
"173480.0";"3.974832"
"173490.0";"3.931687"
"173500.0";"3.96728"
"173510.0";"3.954704"
"173520.0";"3.872896"
"173530.0";"3.93602"
"173540.0";"3.976494"
"173550.0";"3.909022"
"173560.0";"3.938521"
"173570.0";"3.972445"
"173580.0";"3.91809"
"173590.0";"3.941952"
"173600.0";"3.880517"
"173610.0";"3.921398"
"173620.0";"3.942589"
"173630.0";"3.935578"
"173640.0";"3.944064"
"173650.0";"3.884571"
"173660.0";"3.931783"
"173670.0";"3.888697"
"173680.0";"3.934522"
"173690.0";"4.025391"
"173700.0";"3.893001"
"173710.0";"3.983744"
"173720.0";"3.973072"
"173730.0";"3.943381"
"173740.0";"3.938718"
"173750.0";"3.904118"
"173760.0";"3.894707"
"173770.0";"3.911675"
"173780.0";"3.955364"
"173790.0";"3.953582"
"173800.0";"3.98366"
"173810.0";"3.940994"
"173820.0";"3.965854"
"173830.0";"3.912253"
"173840.0";"3.968737"
"173850.0";"3.989284"
"173860.0";"3.960796"
"173870.0";"3.935902"
"173880.0";"3.960602"
"173890.0";"3.991734"
"173900.0";"3.845556"
"173910.0";"3.949859"
"173920.0";"3.979087"
"173930.0";"3.972093"
"173940.0";"3.998556"
"173950.0";"3.929685"
"173960.0";"4.022597"
"173970.0";"3.912547"
"173980.0";"3.954827"
"173990.0";"3.930873"
"174000.0";"3.939878"
"174010.0";"3.951754"
"174020.0";"3.96057"
"174030.0";"3.967715"
"174040.0";"3.950166"
"174050.0";"3.963791"
"174060.0";"3.964331"
"174070.0";"4.006523"
"174080.0";"3.954232"
"174090.0";"3.991482"
"174100.0";"3.990166"
"174110.0";"3.977834"
"174120.0";"3.909613"
"174130.0";"3.918898"
"174140.0";"4.042954"
"174150.0";"4.045973"
"174160.0";"3.964271"
"174170.0";"4.00512"
"174180.0";"3.872046"
"174190.0";"3.98007"
"174200.0";"3.941333"
"174210.0";"3.868114"
"174220.0";"3.87179"
"174230.0";"3.745908"
"174240.0";"3.839302"
"174250.0";"3.80076"
"174260.0";"3.946945"
"174270.0";"3.974772"
"174280.0";"3.995174"
"174290.0";"3.935234"
"174300.0";"3.899001"
"174310.0";"3.961721"
"174320.0";"3.856022"
"174330.0";"3.894313"
"174340.0";"3.889214"
"174350.0";"3.915336"
"174360.0";"3.977347"
"174370.0";"3.944829"
"174380.0";"3.979803"
"174390.0";"3.896724"
"174400.0";"3.919523"
"174410.0";"3.970818"
"174420.0";"3.915022"
"174430.0";"3.896572"
"174440.0";"3.992777"
"174450.0";"4.00773"
"174460.0";"3.916704"
"174470.0";"3.964658"
"174480.0";"3.968308"
"174490.0";"3.962683"
"174500.0";"3.964836"
"174510.0";"3.977179"
"174520.0";"3.911279"
"174530.0";"4.021525"
"174540.0";"3.969288"
"174550.0";"3.949495"
"174560.0";"4.001234"
"174570.0";"4.001508"
"174580.0";"3.920724"
"174590.0";"3.971624"
"174600.0";"3.973506"
"174610.0";"4.003174"
"174620.0";"3.950426"
"174630.0";"4.000047"
"174640.0";"3.948089"
"174650.0";"3.985252"
"174660.0";"3.940327"
"174670.0";"3.973391"
"174680.0";"3.965135"
"174690.0";"4.05674"
"174700.0";"3.888962"
"174710.0";"4.020133"
"174720.0";"3.948207"
"174730.0";"4.029742"
"174740.0";"3.957484"
"174750.0";"3.949127"
"174760.0";"3.992704"
"174770.0";"3.934359"
"174780.0";"3.983796"
"174790.0";"3.951325"
"174800.0";"3.994984"
"174810.0";"3.927342"
"174820.0";"3.945176"
"174830.0";"3.93901"
"174840.0";"3.898081"
"174850.0";"3.939916"
"174860.0";"3.98175"
"174870.0";"3.954966"
"174880.0";"4.054399"
"174890.0";"3.98805"
"174900.0";"3.967604"
"174910.0";"3.940909"
"174920.0";"3.910088"
"174930.0";"3.928002"
"174940.0";"3.985123"
"174950.0";"3.962263"
"174960.0";"4.049551"
"174970.0";"3.949341"
"174980.0";"3.973247"
"174990.0";"3.94952"
"175000.0";"3.940379"
"175010.0";"3.953453"
"175020.0";"3.997167"
"175030.0";"3.932971"
"175040.0";"3.972705"
"175050.0";"3.975692"
"175060.0";"3.962185"
"175070.0";"4.018827"
"175080.0";"3.977612"
"175090.0";"4.017915"
"175100.0";"3.941214"
"175110.0";"3.947828"
"175120.0";"3.96295"
"175130.0";"4.005744"
"175140.0";"4.007888"
"175150.0";"3.983314"
"175160.0";"3.926102"
"175170.0";"4.002429"
"175180.0";"3.978363"
"175190.0";"4.026792"
"175200.0";"3.965452"
"175210.0";"3.927351"
"175220.0";"3.947968"
"175230.0";"4.02811"
"175240.0";"3.992205"
"175250.0";"3.980887"
"175260.0";"3.960984"
"175270.0";"3.973686"
"175280.0";"4.031247"
"175290.0";"3.971084"
"175300.0";"3.990662"
"175310.0";"3.894475"
"175320.0";"3.959933"
"175330.0";"3.987225"
"175340.0";"3.963383"
"175350.0";"4.019182"
"175360.0";"3.936311"
"175370.0";"4.015318"
"175380.0";"3.993191"
"175390.0";"3.921555"
"175400.0";"3.946158"
"175410.0";"3.965262"
"175420.0";"4.001558"
"175430.0";"3.997131"
"175440.0";"4.015894"
"175450.0";"3.997027"
"175460.0";"3.966522"
"175470.0";"4.01941"
"175480.0";"3.932795"
"175490.0";"3.968047"
"175500.0";"3.95101"
"175510.0";"3.971486"
"175520.0";"3.954254"
"175530.0";"3.989142"
"175540.0";"3.957256"
"175550.0";"3.990176"
"175560.0";"3.921972"
"175570.0";"3.954417"
"175580.0";"3.950138"
"175590.0";"3.951151"
"175600.0";"3.947202"
"175610.0";"3.983987"
"175620.0";"3.942463"
"175630.0";"4.000842"
"175640.0";"3.959613"
"175650.0";"4.027759"
"175660.0";"4.000273"
"175670.0";"3.839926"
"175680.0";"3.922947"
"175690.0";"3.9095"
"175700.0";"3.900228"
"175710.0";"3.95337"
"175720.0";"3.895796"
"175730.0";"3.812333"
"175740.0";"3.883226"
"175750.0";"3.949053"
"175760.0";"3.922575"
"175770.0";"3.949221"
"175780.0";"4.001034"
"175790.0";"3.90127"
"175800.0";"3.926598"
"175810.0";"3.921859"
"175820.0";"3.974393"
"175830.0";"3.863337"
"175840.0";"3.871792"
"175850.0";"3.91191"
"175860.0";"3.891667"
"175870.0";"3.91902"
"175880.0";"3.886268"
"175890.0";"3.861454"
"175900.0";"3.929926"
"175910.0";"3.931983"
"175920.0";"3.993781"
"175930.0";"3.951652"
"175940.0";"3.901758"
"175950.0";"3.983419"
"175960.0";"3.914481"
"175970.0";"3.912102"
"175980.0";"3.920485"
"175990.0";"3.98804"
"176000.0";"4.032999"
"176010.0";"3.929416"
"176020.0";"3.90257"
"176030.0";"4.006025"
"176040.0";"3.953114"
"176050.0";"3.979916"
"176060.0";"3.947525"
"176070.0";"4.01206"
"176080.0";"3.968081"
"176090.0";"3.986247"
"176100.0";"3.932912"
"176110.0";"3.975259"
"176120.0";"3.95139"
"176130.0";"4.009176"
"176140.0";"3.988899"
"176150.0";"3.98925"
"176160.0";"3.864634"
"176170.0";"3.968072"
"176180.0";"3.922976"
"176190.0";"3.926246"
"176200.0";"3.877345"
"176210.0";"4.005846"
"176220.0";"3.940041"
"176230.0";"3.896955"
"176240.0";"3.962495"
"176250.0";"3.974568"
"176260.0";"3.984469"
"176270.0";"3.953417"
"176280.0";"3.971971"
"176290.0";"3.953182"
"176300.0";"3.999514"
"176310.0";"4.01"
"176320.0";"3.94083"
"176330.0";"3.983342"
"176340.0";"3.900415"
"176350.0";"3.953756"
"176360.0";"3.944945"
"176370.0";"3.937214"
"176380.0";"3.941781"
"176390.0";"3.988163"
"176400.0";"3.919491"
"176410.0";"3.993179"
"176420.0";"3.98661"
"176430.0";"4.023572"
"176440.0";"4.042362"
"176450.0";"4.018211"
"176460.0";"3.924934"
"176470.0";"3.93351"
"176480.0";"3.941028"
"176490.0";"3.900275"
"176500.0";"3.936662"
"176510.0";"3.874806"
"176520.0";"3.844846"
"176530.0";"3.890558"
"176540.0";"4.003357"
"176550.0";"3.933201"
"176560.0";"3.871066"
"176570.0";"3.856677"
"176580.0";"3.984286"
"176590.0";"3.907733"
"176600.0";"3.935139"
"176610.0";"3.862785"
"176620.0";"3.950671"
"176630.0";"3.879492"
"176640.0";"3.892426"
"176650.0";"3.894671"
"176660.0";"3.904187"
"176670.0";"3.911722"
"176680.0";"3.8577"
"176690.0";"3.909979"
"176700.0";"3.976325"
"176710.0";"3.839374"
"176720.0";"3.960772"
"176730.0";"3.886791"
"176740.0";"3.941951"
"176750.0";"3.993931"
"176760.0";"3.962826"
"176770.0";"3.934351"
"176780.0";"3.91405"
"176790.0";"3.910064"
"176800.0";"3.913334"
"176810.0";"3.932956"
"176820.0";"4.001417"
"176830.0";"3.859516"
"176840.0";"3.957829"
"176850.0";"3.940134"
"176860.0";"3.878054"
"176870.0";"4.004828"
"176880.0";"3.95766"
"176890.0";"3.969925"
"176900.0";"3.904901"
"176910.0";"3.930198"
"176920.0";"3.935408"
"176930.0";"3.856904"
"176940.0";"3.872766"
"176950.0";"3.994917"
"176960.0";"3.913031"
"176970.0";"3.918677"
"176980.0";"3.899975"
"176990.0";"3.905385"
"177000.0";"4.00534"
"177010.0";"3.964923"
"177020.0";"3.980574"
"177030.0";"3.949978"
"177040.0";"3.894859"
"177050.0";"3.882856"
"177060.0";"3.813473"
"177070.0";"3.914479"
"177080.0";"4.022423"
"177090.0";"3.979268"
"177100.0";"3.882523"
"177110.0";"3.828584"
"177120.0";"3.936387"
"177130.0";"3.813343"
"177140.0";"4.035305"
"177150.0";"3.918931"
"177160.0";"3.896846"
"177170.0";"3.800075"
"177180.0";"3.932598"
"177190.0";"3.827517"
"177200.0";"3.799362"
"177210.0";"3.910909"
"177220.0";"3.876438"
"177230.0";"3.899823"
"177240.0";"3.74424"
"177250.0";"3.972031"
"177260.0";"3.834134"
"177270.0";"3.843282"
"177280.0";"3.780633"
"177290.0";"3.932318"
"177300.0";"3.902637"
"177310.0";"3.834037"
"177320.0";"3.822654"
"177330.0";"3.879421"
"177340.0";"3.847249"
"177350.0";"3.912939"
"177360.0";"3.8172"
"177370.0";"3.806685"
"177380.0";"3.928311"
"177390.0";"3.808561"
"177400.0";"3.988054"
"177410.0";"3.988161"
"177420.0";"3.988836"
"177430.0";"4.019198"
"177440.0";"4.039032"
"177450.0";"3.908994"
"177460.0";"3.986271"
"177470.0";"3.94595"
"177480.0";"3.952615"
"177490.0";"3.926477"
"177500.0";"3.960515"
"177510.0";"3.865231"
"177520.0";"3.912612"
"177530.0";"3.879289"
"177540.0";"3.89924"
"177550.0";"3.863939"
"177560.0";"3.889066"
"177570.0";"3.926517"
"177580.0";"3.963259"
"177590.0";"3.982406"
"177600.0";"3.979887"
"177610.0";"3.837059"
"177620.0";"3.930999"
"177630.0";"3.916398"
"177640.0";"3.924252"
"177650.0";"3.965266"
"177660.0";"3.985234"
"177670.0";"3.96618"
"177680.0";"3.918953"
"177690.0";"3.897879"
"177700.0";"3.925395"
"177710.0";"3.883489"
"177720.0";"3.862785"
"177730.0";"3.818203"
"177740.0";"3.932763"
"177750.0";"3.961876"
"177760.0";"3.911537"
"177770.0";"4.028696"
"177780.0";"3.956168"
"177790.0";"3.886629"
"177800.0";"3.986568"
"177810.0";"3.879017"
"177820.0";"3.937441"
"177830.0";"3.854016"
"177840.0";"3.91777"
"177850.0";"3.919968"
"177860.0";"3.95748"
"177870.0";"3.920996"
"177880.0";"3.925863"
"177890.0";"4.040144"
"177900.0";"3.94335"
"177910.0";"4.041677"
"177920.0";"4.00051"
"177930.0";"4.019134"
"177940.0";"3.996739"
"177950.0";"3.94643"
"177960.0";"3.884649"
"177970.0";"3.891604"
"177980.0";"3.948924"
"177990.0";"3.957744"
"178000.0";"3.913337"
"178010.0";"3.966155"
"178020.0";"3.947381"
"178030.0";"3.907809"
"178040.0";"3.956946"
"178050.0";"3.960729"
"178060.0";"3.826372"
"178070.0";"3.857086"
"178080.0";"3.930105"
"178090.0";"3.908871"
"178100.0";"3.977579"
"178110.0";"3.898435"
"178120.0";"3.960498"
"178130.0";"3.932119"
"178140.0";"3.942703"
"178150.0";"3.931896"
"178160.0";"3.901554"
"178170.0";"3.923008"
"178180.0";"3.982257"
"178190.0";"3.903856"
"178200.0";"3.947176"
"178210.0";"3.954589"
"178220.0";"4.006389"
"178230.0";"3.97062"
"178240.0";"3.937597"
"178250.0";"3.94354"
"178260.0";"3.90122"
"178270.0";"3.89299"
"178280.0";"3.896689"
"178290.0";"3.987697"
"178300.0";"3.871337"
"178310.0";"3.894479"
"178320.0";"4.001605"
"178330.0";"3.986865"
"178340.0";"3.943575"
"178350.0";"3.955783"
"178360.0";"3.960496"
"178370.0";"3.974488"
"178380.0";"4.007018"
"178390.0";"3.934532"
"178400.0";"4.009729"
"178410.0";"3.918496"
"178420.0";"3.871649"
"178430.0";"3.927876"
"178440.0";"4.020504"
"178450.0";"4.0301"
"178460.0";"3.931067"
"178470.0";"3.958494"
"178480.0";"3.948021"
"178490.0";"4.009558"
"178500.0";"3.979479"
"178510.0";"3.941965"
"178520.0";"4.029669"
"178530.0";"3.986271"
"178540.0";"3.98498"
"178550.0";"3.997993"
"178560.0";"3.938338"
"178570.0";"3.895444"
"178580.0";"3.943573"
"178590.0";"3.993923"
"178600.0";"3.890886"
"178610.0";"3.966169"
"178620.0";"3.99737"
"178630.0";"3.90821"
"178640.0";"3.941936"
"178650.0";"3.884007"
"178660.0";"3.940091"
"178670.0";"3.932294"
"178680.0";"3.938241"
"178690.0";"3.94833"
"178700.0";"3.849607"
"178710.0";"3.934904"
"178720.0";"3.972151"
"178730.0";"3.924792"
"178740.0";"3.949322"
"178750.0";"3.950869"
"178760.0";"3.955409"
"178770.0";"4.026083"
"178780.0";"3.98753"
"178790.0";"3.931254"
"178800.0";"3.95913"
"178810.0";"3.986204"
"178820.0";"3.961295"
"178830.0";"4.026256"
"178840.0";"4.043521"
"178850.0";"3.987205"
"178860.0";"4.037324"
"178870.0";"4.006318"
"178880.0";"3.989778"
"178890.0";"3.926241"
"178900.0";"4.004739"
"178910.0";"3.867046"
"178920.0";"3.897523"
"178930.0";"3.890922"
"178940.0";"4.02769"
"178950.0";"3.944866"
"178960.0";"4.005364"
"178970.0";"3.988207"
"178980.0";"3.960372"
"178990.0";"3.892087"
"179000.0";"3.933766"
"179010.0";"3.970536"
"179020.0";"3.997776"
"179030.0";"3.971326"
"179040.0";"4.005784"
"179050.0";"3.925989"
"179060.0";"3.922417"
"179070.0";"3.963716"
"179080.0";"3.942641"
"179090.0";"3.975053"
"179100.0";"3.980766"
"179110.0";"3.955856"
"179120.0";"3.942143"
"179130.0";"3.905901"
"179140.0";"3.896804"
"179150.0";"3.965646"
"179160.0";"3.936562"
"179170.0";"3.974689"
"179180.0";"3.977062"
"179190.0";"3.960517"
"179200.0";"3.963864"
"179210.0";"3.952672"
"179220.0";"3.988225"
"179230.0";"3.996773"
"179240.0";"3.959775"
"179250.0";"3.851671"
"179260.0";"3.992013"
"179270.0";"3.994413"
"179280.0";"3.981918"
"179290.0";"3.944724"
"179300.0";"3.977631"
"179310.0";"3.98368"
"179320.0";"3.937668"
"179330.0";"3.902828"
"179340.0";"3.929294"
"179350.0";"3.877629"
"179360.0";"3.923815"
"179370.0";"3.929857"
"179380.0";"3.913765"
"179390.0";"3.972846"
"179400.0";"3.927568"
"179410.0";"3.966714"
"179420.0";"4.001849"
"179430.0";"4.006887"
"179440.0";"3.956917"
"179450.0";"3.988652"
"179460.0";"3.917045"
"179470.0";"4.026096"
"179480.0";"3.971224"
"179490.0";"3.884073"
"179500.0";"3.952196"
"179510.0";"3.945435"
"179520.0";"3.945089"
"179530.0";"4.04374"
"179540.0";"3.93205"
"179550.0";"3.867852"
"179560.0";"3.887496"
"179570.0";"3.780901"
"179580.0";"3.895507"
"179590.0";"3.961759"
"179600.0";"3.989579"
"179610.0";"3.9067"
"179620.0";"3.948051"
"179630.0";"3.957349"
"179640.0";"3.976322"
"179650.0";"3.92844"
"179660.0";"3.868608"
"179670.0";"3.879035"
"179680.0";"3.895903"
"179690.0";"3.928572"
"179700.0";"3.848602"
"179710.0";"3.839851"
"179720.0";"4.010194"
"179730.0";"3.999239"
"179740.0";"3.96281"
"179750.0";"3.937032"
"179760.0";"4.015334"
"179770.0";"3.918573"
"179780.0";"3.895059"
"179790.0";"3.944363"
"179800.0";"3.849791"
"179810.0";"3.944897"
"179820.0";"3.892834"
"179830.0";"3.93584"
"179840.0";"3.865814"
"179850.0";"3.95345"
"179860.0";"3.951714"
"179870.0";"3.951542"
"179880.0";"4.030022"
"179890.0";"3.89816"
"179900.0";"4.015115"
"179910.0";"4.03644"
"179920.0";"4.042144"
"179930.0";"4.003711"
"179940.0";"4.058803"
"179950.0";"4.011661"
"179960.0";"3.984781"
"179970.0";"3.951238"
"179980.0";"3.979175"
"179990.0";"3.96497"
"180000.0";"3.913731"
"180010.0";"3.980396"
"180020.0";"3.943858"
"180030.0";"3.912415"
"180040.0";"3.963205"
"180050.0";"3.9474"
"180060.0";"3.962727"
"180070.0";"3.955462"
"180080.0";"3.914412"
"180090.0";"3.801366"
"180100.0";"3.918872"
"180110.0";"3.844422"
"180120.0";"3.933398"
"180130.0";"3.925538"
"180140.0";"3.990947"
"180150.0";"3.905142"
"180160.0";"3.962642"
"180170.0";"3.922874"
"180180.0";"3.899112"
"180190.0";"3.862983"
"180200.0";"3.869135"
"180210.0";"4.008842"
"180220.0";"3.892625"
"180230.0";"3.939176"
"180240.0";"3.884741"
"180250.0";"3.909705"
"180260.0";"3.929996"
"180270.0";"3.993076"
"180280.0";"3.912996"
"180290.0";"3.968614"
"180300.0";"3.908099"
"180310.0";"3.918775"
"180320.0";"3.968566"
"180330.0";"3.918358"
"180340.0";"3.925913"
"180350.0";"3.837029"
"180360.0";"3.910586"
"180370.0";"3.92765"
"180380.0";"3.844154"
"180390.0";"3.894921"
"180400.0";"3.804199"
"180410.0";"3.896711"
"180420.0";"3.962456"
"180430.0";"3.881253"
"180440.0";"3.870609"
"180450.0";"3.898782"
"180460.0";"3.984371"
"180470.0";"3.902459"
"180480.0";"4.015114"
"180490.0";"3.919429"
"180500.0";"3.852061"
"180510.0";"3.917486"
"180520.0";"3.967558"
"180530.0";"3.993086"
"180540.0";"3.947777"
"180550.0";"3.929927"
"180560.0";"3.96227"
"180570.0";"3.927635"
"180580.0";"3.858401"
"180590.0";"3.973321"
"180600.0";"3.940298"
"180610.0";"3.961531"
"180620.0";"3.993832"
"180630.0";"3.923491"
"180640.0";"3.902795"
"180650.0";"3.879807"
"180660.0";"3.945797"
"180670.0";"3.988717"
"180680.0";"3.935997"
"180690.0";"3.893677"
"180700.0";"3.965608"
"180710.0";"3.910776"
"180720.0";"3.915323"
"180730.0";"4.018193"
"180740.0";"3.880636"
"180750.0";"3.902311"
"180760.0";"3.86533"
"180770.0";"3.838232"
"180780.0";"3.918757"
"180790.0";"3.95259"
"180800.0";"3.98684"
"180810.0";"3.939757"
"180820.0";"3.90447"
"180830.0";"3.958736"
"180840.0";"3.921786"
"180850.0";"3.95828"
"180860.0";"3.932957"
"180870.0";"3.957726"
"180880.0";"3.927593"
"180890.0";"3.874655"
"180900.0";"3.984419"
"180910.0";"4.007171"
"180920.0";"3.907268"
"180930.0";"3.966914"
"180940.0";"3.946223"
"180950.0";"3.961671"
"180960.0";"3.919807"
"180970.0";"3.915178"
"180980.0";"3.976377"
"180990.0";"3.936894"
"181000.0";"3.924078"
"181010.0";"3.954199"
"181020.0";"3.888731"
"181030.0";"3.953659"
"181040.0";"3.961803"
"181050.0";"3.9766"
"181060.0";"4.022343"
"181070.0";"3.925933"
"181080.0";"4.004385"
"181090.0";"3.949256"
"181100.0";"3.998805"
"181110.0";"3.831985"
"181120.0";"3.814064"
"181130.0";"3.804215"
"181140.0";"3.873749"
"181150.0";"3.84833"
"181160.0";"3.807232"
"181170.0";"3.795645"
"181180.0";"3.852158"
"181190.0";"3.86694"
"181200.0";"3.897405"
"181210.0";"3.932752"
"181220.0";"3.959935"
"181230.0";"3.925183"
"181240.0";"4.004545"
"181250.0";"3.942396"
"181260.0";"3.99464"
"181270.0";"3.927957"
"181280.0";"3.940376"
"181290.0";"3.930123"
"181300.0";"3.950441"
"181310.0";"3.965503"
"181320.0";"3.949926"
"181330.0";"3.952456"
"181340.0";"3.951339"
"181350.0";"3.99091"
"181360.0";"4.015446"
"181370.0";"3.915241"
"181380.0";"3.934956"
"181390.0";"3.982514"
"181400.0";"3.886834"
"181410.0";"3.882578"
"181420.0";"3.932154"
"181430.0";"4.019245"
"181440.0";"3.953953"
"181450.0";"3.95641"
"181460.0";"3.962376"
"181470.0";"3.931709"
"181480.0";"3.959423"
"181490.0";"4.072795"
"181500.0";"4.020058"
"181510.0";"4.019492"
"181520.0";"3.963317"
"181530.0";"4.028909"
"181540.0";"3.935102"
"181550.0";"3.895653"
"181560.0";"4.004181"
"181570.0";"3.875656"
"181580.0";"3.904925"
"181590.0";"3.999687"
"181600.0";"3.98569"
"181610.0";"3.954322"
"181620.0";"3.883281"
"181630.0";"3.967348"
"181640.0";"3.843272"
"181650.0";"3.904004"
"181660.0";"3.953079"
"181670.0";"3.983876"
"181680.0";"3.950111"
"181690.0";"3.933503"
"181700.0";"3.959375"
"181710.0";"3.944078"
"181720.0";"3.937601"
"181730.0";"3.858334"
"181740.0";"3.902486"
"181750.0";"3.890563"
"181760.0";"4.018381"
"181770.0";"3.950725"
"181780.0";"3.87641"
"181790.0";"3.910458"
"181800.0";"3.910104"
"181810.0";"3.859942"
"181820.0";"3.895257"
"181830.0";"3.930121"
"181840.0";"3.933775"
"181850.0";"3.934597"
"181860.0";"3.928048"
"181870.0";"4.003324"
"181880.0";"3.898973"
"181890.0";"3.968402"
"181900.0";"3.974945"
"181910.0";"3.948835"
"181920.0";"3.994508"
"181930.0";"4.003723"
"181940.0";"4.001789"
"181950.0";"3.938274"
"181960.0";"3.947142"
"181970.0";"3.95497"
"181980.0";"3.941728"
"181990.0";"3.947776"
"182000.0";"3.929206"
"182010.0";"3.891955"
"182020.0";"3.8897"
"182030.0";"3.922858"
"182040.0";"3.899322"
"182050.0";"3.91829"
"182060.0";"3.890531"
"182070.0";"3.940869"
"182080.0";"3.943668"
"182090.0";"3.849766"
"182100.0";"3.94194"
"182110.0";"3.957444"
"182120.0";"3.963432"
"182130.0";"3.875602"
"182140.0";"3.917743"
"182150.0";"3.943605"
"182160.0";"3.890181"
"182170.0";"3.853564"
"182180.0";"3.888023"
"182190.0";"3.935822"
"182200.0";"3.887941"
"182210.0";"3.977484"
"182220.0";"3.968946"
"182230.0";"3.932838"
"182240.0";"3.920928"
"182250.0";"3.981043"
"182260.0";"3.953138"
"182270.0";"4.016937"
"182280.0";"3.975499"
"182290.0";"3.941113"
"182300.0";"3.928682"
"182310.0";"3.938581"
"182320.0";"3.972368"
"182330.0";"3.956867"
"182340.0";"3.944948"
"182350.0";"3.952232"
"182360.0";"3.964227"
"182370.0";"3.96332"
"182380.0";"3.966765"
"182390.0";"3.936558"
"182400.0";"3.949772"
"182410.0";"4.064325"
"182420.0";"3.993637"
"182430.0";"4.042958"
"182440.0";"3.966563"
"182450.0";"3.965848"
"182460.0";"3.999728"
"182470.0";"3.991497"
"182480.0";"3.947718"
"182490.0";"4.003034"
"182500.0";"3.897119"
"182510.0";"3.837957"
"182520.0";"3.908013"
"182530.0";"3.887554"
"182540.0";"3.968381"
"182550.0";"4.034902"
"182560.0";"3.96141"
"182570.0";"4.017387"
"182580.0";"3.918195"
"182590.0";"3.806208"
"182600.0";"3.820107"
"182610.0";"3.937841"
"182620.0";"3.793864"
"182630.0";"3.919831"
"182640.0";"3.939936"
"182650.0";"3.910176"
"182660.0";"3.876993"
"182670.0";"4.027564"
"182680.0";"3.925354"
"182690.0";"3.921764"
"182700.0";"3.860164"
"182710.0";"3.921263"
"182720.0";"3.909937"
"182730.0";"4.003975"
"182740.0";"3.902959"
"182750.0";"3.861206"
"182760.0";"3.932684"
"182770.0";"3.839082"
"182780.0";"3.946362"
"182790.0";"3.866122"
"182800.0";"3.945103"
"182810.0";"3.815351"
"182820.0";"3.870774"
"182830.0";"3.871997"
"182840.0";"3.848737"
"182850.0";"3.843865"
"182860.0";"3.80642"
"182870.0";"3.913441"
"182880.0";"3.951771"
"182890.0";"3.895207"
"182900.0";"3.953517"
"182910.0";"3.920084"
"182920.0";"3.970778"
"182930.0";"3.988299"
"182940.0";"3.976009"
"182950.0";"3.968602"
"182960.0";"3.879401"
"182970.0";"3.870877"
"182980.0";"3.886559"
"182990.0";"3.768702"
"183000.0";"3.964209"
"183010.0";"3.892181"
"183020.0";"3.913467"
"183030.0";"3.732617"
"183040.0";"3.770969"
"183050.0";"3.868441"
"183060.0";"3.923769"
"183070.0";"3.866287"
"183080.0";"3.918307"
"183090.0";"3.910181"
"183100.0";"3.923866"
"183110.0";"3.82383"
"183120.0";"3.863842"
"183130.0";"3.828046"
"183140.0";"3.875603"
"183150.0";"3.908764"
"183160.0";"3.879024"
"183170.0";"3.84228"
"183180.0";"3.892492"
"183190.0";"3.917759"
"183200.0";"4.018254"
"183210.0";"3.847291"
"183220.0";"3.868202"
"183230.0";"3.963718"
"183240.0";"3.95957"
"183250.0";"3.897663"
"183260.0";"3.946362"
"183270.0";"3.92339"
"183280.0";"3.888015"
"183290.0";"3.777758"
"183300.0";"3.696097"
"183310.0";"3.835563"
"183320.0";"3.781255"
"183330.0";"3.745923"
"183340.0";"3.742066"
"183350.0";"3.86442"
"183360.0";"3.967898"
"183370.0";"3.840969"
"183380.0";"3.797761"
"183390.0";"3.859045"
"183400.0";"3.891236"
"183410.0";"3.82232"
"183420.0";"3.947417"
"183430.0";"3.742892"
"183440.0";"3.821381"
"183450.0";"3.717898"
"183460.0";"3.839905"
"183470.0";"3.964108"
"183480.0";"3.97157"
"183490.0";"3.962796"
"183500.0";"3.928171"
"183510.0";"3.93438"
"183520.0";"3.986118"
"183530.0";"3.975857"
"183540.0";"3.956154"
"183550.0";"3.980884"
"183560.0";"4.061954"
"183570.0";"3.921373"
"183580.0";"3.920153"
"183590.0";"3.862649"
"183600.0";"3.869815"
"183610.0";"3.889071"
"183620.0";"3.864836"
"183630.0";"3.900151"
"183640.0";"3.954424"
"183650.0";"4.071735"
"183660.0";"3.907714"
"183670.0";"4.001072"
"183680.0";"3.919604"
"183690.0";"3.889257"
"183700.0";"3.91301"
"183710.0";"3.97021"
"183720.0";"3.970366"
"183730.0";"3.922568"
"183740.0";"3.87994"
"183750.0";"3.967681"
"183760.0";"4.005594"
"183770.0";"3.938791"
"183780.0";"3.953565"
"183790.0";"3.917338"
"183800.0";"3.97065"
"183810.0";"3.966286"
"183820.0";"3.983552"
"183830.0";"4.054561"
"183840.0";"4.048844"
"183850.0";"3.995566"
"183860.0";"3.980876"
"183870.0";"3.932681"
"183880.0";"3.9685"
"183890.0";"3.966591"
"183900.0";"4.003772"
"183910.0";"4.010519"
"183920.0";"3.984217"
"183930.0";"4.045182"
"183940.0";"3.998137"
"183950.0";"4.027537"
"183960.0";"3.951135"
"183970.0";"3.916625"
"183980.0";"3.985031"
"183990.0";"3.983207"
"184000.0";"4.00939"
"184010.0";"3.936069"
"184020.0";"3.942139"
"184030.0";"3.868748"
"184040.0";"3.962905"
"184050.0";"3.944729"
"184060.0";"3.978636"
"184070.0";"3.955931"
"184080.0";"3.897307"
"184090.0";"3.950195"
"184100.0";"3.876924"
"184110.0";"3.880592"
"184120.0";"3.872304"
"184130.0";"3.942919"
"184140.0";"3.922639"
"184150.0";"3.931185"
"184160.0";"3.963441"
"184170.0";"3.993352"
"184180.0";"4.002596"
"184190.0";"4.004093"
"184200.0";"4.023025"
"184210.0";"3.958471"
"184220.0";"3.911755"
"184230.0";"3.869281"
"184240.0";"3.913829"
"184250.0";"3.968076"
"184260.0";"3.906005"
"184270.0";"3.98097"
"184280.0";"3.974333"
"184290.0";"3.978021"
"184300.0";"3.952604"
"184310.0";"4.05758"
"184320.0";"3.970979"
"184330.0";"3.930128"
"184340.0";"3.974941"
"184350.0";"3.893847"
"184360.0";"3.926572"
"184370.0";"3.930614"
"184380.0";"3.751076"
"184390.0";"3.901454"
"184400.0";"3.954963"
"184410.0";"3.806593"
"184420.0";"3.915452"
"184430.0";"3.84944"
"184440.0";"3.99834"
"184450.0";"3.951667"
"184460.0";"3.997713"
"184470.0";"3.922152"
"184480.0";"3.948441"
"184490.0";"3.978968"
"184500.0";"3.934818"
"184510.0";"3.929377"
"184520.0";"3.97428"
"184530.0";"3.95824"
"184540.0";"3.939575"
"184550.0";"3.993674"
"184560.0";"3.925134"
"184570.0";"3.969576"
"184580.0";"3.933446"
"184590.0";"3.831556"
"184600.0";"3.829525"
"184610.0";"3.856727"
"184620.0";"3.902761"
"184630.0";"3.862911"
"184640.0";"3.860605"
"184650.0";"3.914403"
"184660.0";"3.86276"
"184670.0";"3.893134"
"184680.0";"3.95578"
"184690.0";"4.014113"
"184700.0";"4.022466"
"184710.0";"3.936357"
"184720.0";"3.981203"
"184730.0";"3.868178"
"184740.0";"3.93782"
"184750.0";"3.904824"
"184760.0";"3.960185"
"184770.0";"3.913456"
"184780.0";"3.936268"
"184790.0";"3.861239"
"184800.0";"3.965106"
"184810.0";"3.967064"
"184820.0";"3.904738"
"184830.0";"3.953209"
"184840.0";"3.898068"
"184850.0";"4.046461"
"184860.0";"3.920069"
"184870.0";"3.984156"
"184880.0";"3.996994"
"184890.0";"4.007559"
"184900.0";"3.976149"
"184910.0";"3.977041"
"184920.0";"3.940547"
"184930.0";"3.869773"
"184940.0";"3.944755"
"184950.0";"3.984901"
"184960.0";"4.001137"
"184970.0";"3.95437"
"184980.0";"3.934174"
"184990.0";"3.961562"
"185000.0";"3.850843"
"185010.0";"3.9812"
"185020.0";"3.962105"
"185030.0";"4.016345"
"185040.0";"3.998256"
"185050.0";"3.913135"
"185060.0";"3.943684"
"185070.0";"3.933369"
"185080.0";"3.971006"
"185090.0";"3.922949"
"185100.0";"3.968818"
"185110.0";"3.937917"
"185120.0";"3.963995"
"185130.0";"4.020562"
"185140.0";"3.985133"
"185150.0";"3.931898"
"185160.0";"3.95157"
"185170.0";"3.85094"
"185180.0";"3.922182"
"185190.0";"4.027662"
"185200.0";"3.969981"
"185210.0";"3.975178"
"185220.0";"3.956032"
"185230.0";"4.076482"
"185240.0";"3.966195"
"185250.0";"3.952072"
"185260.0";"3.866599"
"185270.0";"3.969953"
"185280.0";"4.071898"
"185290.0";"3.995212"
"185300.0";"4.001491"
"185310.0";"3.991746"
"185320.0";"3.987355"
"185330.0";"3.972755"
"185340.0";"3.906868"
"185350.0";"3.998172"
"185360.0";"3.968696"
"185370.0";"3.969188"
"185380.0";"3.943389"
"185390.0";"4.040744"
"185400.0";"3.941733"
"185410.0";"3.908387"
"185420.0";"3.914299"
"185430.0";"3.956118"
"185440.0";"3.94935"
"185450.0";"4.009946"
"185460.0";"4.02395"
"185470.0";"3.960641"
"185480.0";"3.973824"
"185490.0";"4.018116"
"185500.0";"3.971686"
"185510.0";"3.962146"
"185520.0";"3.983201"
"185530.0";"4.00873"
"185540.0";"4.021702"
"185550.0";"4.016086"
"185560.0";"4.045232"
"185570.0";"3.974481"
"185580.0";"4.036716"
"185590.0";"3.937299"
"185600.0";"3.940068"
"185610.0";"3.903426"
"185620.0";"4.000033"
"185630.0";"3.952463"
"185640.0";"3.878426"
"185650.0";"4.033165"
"185660.0";"3.951293"
"185670.0";"3.951703"
"185680.0";"3.903467"
"185690.0";"3.867266"
"185700.0";"3.879631"
"185710.0";"3.955909"
"185720.0";"3.916036"
"185730.0";"3.908493"
"185740.0";"3.908348"
"185750.0";"3.893645"
"185760.0";"3.893511"
"185770.0";"3.929585"
"185780.0";"3.978269"
"185790.0";"3.855492"
"185800.0";"3.890073"
"185810.0";"3.849359"
"185820.0";"3.968663"
"185830.0";"3.8784"
"185840.0";"3.885587"
"185850.0";"3.886825"
"185860.0";"4.011234"
"185870.0";"3.992505"
"185880.0";"4.018985"
"185890.0";"3.943948"
"185900.0";"3.926922"
"185910.0";"3.979212"
"185920.0";"3.964675"
"185930.0";"3.961943"
"185940.0";"4.009985"
"185950.0";"3.870427"
"185960.0";"3.958577"
"185970.0";"3.990168"
"185980.0";"3.953781"
"185990.0";"3.879315"
"186000.0";"3.993176"
"186010.0";"3.950481"
"186020.0";"3.973225"
"186030.0";"3.960258"
"186040.0";"3.930898"
"186050.0";"3.953624"
"186060.0";"3.929549"
"186070.0";"3.980578"
"186080.0";"4.008337"
"186090.0";"3.901474"
"186100.0";"3.940976"
"186110.0";"3.76662"
"186120.0";"3.925186"
"186130.0";"3.929638"
"186140.0";"3.916957"
"186150.0";"3.939409"
"186160.0";"3.865158"
"186170.0";"3.875054"
"186180.0";"3.946791"
"186190.0";"3.949191"
"186200.0";"3.953818"
"186210.0";"3.947399"
"186220.0";"4.016667"
"186230.0";"3.904269"
"186240.0";"3.884312"
"186250.0";"3.888561"
"186260.0";"3.89838"
"186270.0";"3.935439"
"186280.0";"3.976021"
"186290.0";"3.887242"
"186300.0";"3.911571"
"186310.0";"3.914516"
"186320.0";"3.948146"
"186330.0";"3.858115"
"186340.0";"3.86858"
"186350.0";"3.945127"
"186360.0";"3.87616"
"186370.0";"3.921684"
"186380.0";"3.918145"
"186390.0";"3.990628"
"186400.0";"3.935076"
"186410.0";"3.948266"
"186420.0";"3.958969"
"186430.0";"3.879791"
"186440.0";"3.892245"
"186450.0";"3.967656"
"186460.0";"3.968384"
"186470.0";"3.909189"
"186480.0";"3.954391"
"186490.0";"3.97761"
"186500.0";"3.98415"
"186510.0";"3.928252"
"186520.0";"3.988875"
"186530.0";"3.885471"
"186540.0";"3.940534"
"186550.0";"3.993742"
"186560.0";"3.988472"
"186570.0";"3.949604"
"186580.0";"3.94445"
"186590.0";"3.955766"
"186600.0";"3.922535"
"186610.0";"3.982995"
"186620.0";"3.94594"
"186630.0";"3.952044"
"186640.0";"3.963054"
"186650.0";"3.883517"
"186660.0";"3.950477"
"186670.0";"3.996028"
"186680.0";"3.992501"
"186690.0";"3.922949"
"186700.0";"3.986786"
"186710.0";"3.99794"
"186720.0";"3.954796"
"186730.0";"3.980206"
"186740.0";"3.917817"
"186750.0";"3.913578"
"186760.0";"3.847942"
"186770.0";"3.823913"
"186780.0";"3.886787"
"186790.0";"3.897794"
"186800.0";"3.842722"
"186810.0";"3.995991"
"186820.0";"3.88292"
"186830.0";"3.954299"
"186840.0";"3.901799"
"186850.0";"3.899176"
"186860.0";"3.825364"
"186870.0";"3.922919"
"186880.0";"3.914712"
"186890.0";"3.989063"
"186900.0";"3.949171"
"186910.0";"3.923007"
"186920.0";"3.962353"
"186930.0";"3.894554"
"186940.0";"3.898335"
"186950.0";"3.903455"
"186960.0";"3.857229"
"186970.0";"3.852715"
"186980.0";"3.86724"
"186990.0";"3.872621"
"187000.0";"3.904234"
"187010.0";"3.804443"
"187020.0";"3.794894"
"187030.0";"3.887482"
"187040.0";"3.834673"
"187050.0";"3.857053"
"187060.0";"3.787845"
"187070.0";"3.953452"
"187080.0";"3.944183"
"187090.0";"3.939627"
"187100.0";"3.959551"
"187110.0";"3.965547"
"187120.0";"4.006368"
"187130.0";"3.87773"
"187140.0";"3.928627"
"187150.0";"3.83865"
"187160.0";"3.913033"
"187170.0";"3.844291"
"187180.0";"3.817604"
"187190.0";"3.72341"
"187200.0";"3.672751"
"187210.0";"3.771931"
"187220.0";"3.956089"
"187230.0";"3.966659"
"187240.0";"3.886331"
"187250.0";"3.836477"
"187260.0";"3.837684"
"187270.0";"3.815706"
"187280.0";"3.862922"
"187290.0";"3.802301"
"187300.0";"3.843959"
"187310.0";"3.966696"
"187320.0";"3.885763"
"187330.0";"3.855366"
"187340.0";"3.871337"
"187350.0";"3.978495"
"187360.0";"3.922156"
"187370.0";"3.877408"
"187380.0";"3.968028"
"187390.0";"3.930532"
"187400.0";"3.901674"
"187410.0";"3.896065"
"187420.0";"3.914675"
"187430.0";"3.893383"
"187440.0";"4.019493"
"187450.0";"4.028955"
"187460.0";"3.916626"
"187470.0";"3.949728"
"187480.0";"3.980301"
"187490.0";"3.958232"
"187500.0";"3.922066"
"187510.0";"4.00112"
"187520.0";"3.934977"
"187530.0";"3.953338"
"187540.0";"3.903579"
"187550.0";"3.950613"
"187560.0";"3.937842"
"187570.0";"3.890979"
"187580.0";"3.922524"
"187590.0";"3.925375"
"187600.0";"3.893729"
"187610.0";"3.969686"
"187620.0";"3.976155"
"187630.0";"3.987283"
"187640.0";"4.003149"
"187650.0";"3.983021"
"187660.0";"4.002237"
"187670.0";"3.979686"
"187680.0";"3.894153"
"187690.0";"3.924128"
"187700.0";"3.806137"
"187710.0";"3.881256"
"187720.0";"3.91841"
"187730.0";"3.88752"
"187740.0";"3.883142"
"187750.0";"3.961649"
"187760.0";"3.988897"
"187770.0";"3.980879"
"187780.0";"3.976811"
"187790.0";"3.95793"
"187800.0";"3.871296"
"187810.0";"3.95717"
"187820.0";"3.919103"
"187830.0";"3.942783"
"187840.0";"3.94962"
"187850.0";"3.978951"
"187860.0";"3.977964"
"187870.0";"3.990375"
"187880.0";"3.979106"
"187890.0";"4.006115"
"187900.0";"4.021848"
"187910.0";"3.953035"
"187920.0";"3.945747"
"187930.0";"3.944555"
"187940.0";"3.963386"
"187950.0";"3.943627"
"187960.0";"3.965929"
"187970.0";"3.929765"
"187980.0";"3.859112"
"187990.0";"3.965378"
"188000.0";"3.910616"
"188010.0";"3.888396"
"188020.0";"3.807179"
"188030.0";"3.820927"
"188040.0";"3.883979"
"188050.0";"3.939943"
"188060.0";"3.946187"
"188070.0";"3.878041"
"188080.0";"3.866096"
"188090.0";"3.881889"
"188100.0";"3.899348"
"188110.0";"3.894894"
"188120.0";"3.868483"
"188130.0";"3.960843"
"188140.0";"3.905338"
"188150.0";"3.815838"
"188160.0";"3.933234"
"188170.0";"3.831606"
"188180.0";"3.991398"
"188190.0";"3.94559"
"188200.0";"3.955451"
"188210.0";"3.944939"
"188220.0";"3.979996"
"188230.0";"3.970603"
"188240.0";"4.001216"
"188250.0";"3.971352"
"188260.0";"3.891346"
"188270.0";"3.935268"
"188280.0";"3.956654"
"188290.0";"3.98263"
"188300.0";"3.912427"
"188310.0";"3.984607"
"188320.0";"3.952018"
"188330.0";"3.935259"
"188340.0";"3.943508"
"188350.0";"3.895532"
"188360.0";"3.829335"
"188370.0";"3.91248"
"188380.0";"3.888868"
"188390.0";"3.951471"
"188400.0";"3.928155"
"188410.0";"3.877075"
"188420.0";"3.931631"
"188430.0";"3.894059"
"188440.0";"3.908327"
"188450.0";"3.847339"
"188460.0";"3.810277"
"188470.0";"3.898173"
"188480.0";"3.94797"
"188490.0";"3.884241"
"188500.0";"3.905595"
"188510.0";"3.91885"
"188520.0";"3.909256"
"188530.0";"3.902998"
"188540.0";"3.880419"
"188550.0";"3.767713"
"188560.0";"3.941128"
"188570.0";"3.894849"
"188580.0";"3.952828"
"188590.0";"3.876633"
"188600.0";"3.854409"
"188610.0";"3.893798"
"188620.0";"3.964182"
"188630.0";"3.954911"
"188640.0";"3.857065"
"188650.0";"3.948494"
"188660.0";"3.920903"
"188670.0";"3.972119"
"188680.0";"3.968925"
"188690.0";"3.960096"
"188700.0";"3.972391"
"188710.0";"4.054857"
"188720.0";"3.915578"
"188730.0";"3.913586"
"188740.0";"3.93396"
"188750.0";"3.86475"
"188760.0";"3.917531"
"188770.0";"3.953737"
"188780.0";"3.947178"
"188790.0";"3.864108"
"188800.0";"3.892916"
"188810.0";"3.94146"
"188820.0";"3.893526"
"188830.0";"3.963716"
"188840.0";"3.897439"
"188850.0";"3.800817"
"188860.0";"3.863544"
"188870.0";"3.75506"
"188880.0";"3.727229"
"188890.0";"3.985473"
"188900.0";"3.870988"
"188910.0";"3.733592"
"188920.0";"3.729713"
"188930.0";"3.831268"
"188940.0";"3.892836"
"188950.0";"3.940955"
"188960.0";"3.877176"
"188970.0";"3.92442"
"188980.0";"3.928166"
"188990.0";"3.891324"
"189000.0";"3.797401"
"189010.0";"3.955071"
"189020.0";"3.868733"
"189030.0";"3.826543"
"189040.0";"3.959064"
"189050.0";"4.006986"
"189060.0";"3.895497"
"189070.0";"3.837298"
"189080.0";"3.873652"
"189090.0";"3.856041"
"189100.0";"3.928269"
"189110.0";"3.824763"
"189120.0";"3.871661"
"189130.0";"3.778339"
"189140.0";"3.909929"
"189150.0";"3.791057"
"189160.0";"3.740135"
"189170.0";"3.837839"
"189180.0";"3.91695"
"189190.0";"3.780012"
"189200.0";"3.800324"
"189210.0";"3.720544"
"189220.0";"3.815329"
"189230.0";"3.954092"
"189240.0";"3.755603"
"189250.0";"3.846826"
"189260.0";"3.861494"
"189270.0";"3.835798"
"189280.0";"3.785705"
"189290.0";"3.91448"
"189300.0";"3.935269"
"189310.0";"3.927294"
"189320.0";"3.799555"
"189330.0";"3.91173"
"189340.0";"3.882264"
"189350.0";"3.951931"
"189360.0";"3.75404"
"189370.0";"3.895966"
"189380.0";"3.912546"
"189390.0";"3.943188"
"189400.0";"3.908341"
"189410.0";"3.936797"
"189420.0";"3.983048"
"189430.0";"3.998605"
"189440.0";"3.908782"
"189450.0";"3.935202"
"189460.0";"3.938354"
"189470.0";"3.932791"
"189480.0";"3.923215"
"189490.0";"3.998638"
"189500.0";"3.89818"
"189510.0";"3.958042"
"189520.0";"3.978213"
"189530.0";"4.018681"
"189540.0";"3.910112"
"189550.0";"3.85684"
"189560.0";"4.008612"
"189570.0";"3.908627"
"189580.0";"3.983186"
"189590.0";"3.884436"
"189600.0";"3.772943"
"189610.0";"3.906194"
"189620.0";"3.877273"
"189630.0";"3.859218"
"189640.0";"3.824343"
"189650.0";"3.809027"
"189660.0";"3.931811"
"189670.0";"3.895919"
"189680.0";"3.935413"
"189690.0";"3.901696"
"189700.0";"3.973607"
"189710.0";"3.931499"
"189720.0";"3.942894"
"189730.0";"3.94215"
"189740.0";"3.938014"
"189750.0";"3.831232"
"189760.0";"3.87307"
"189770.0";"3.893627"
"189780.0";"3.902512"
"189790.0";"3.920825"
"189800.0";"3.94056"
"189810.0";"3.818923"
"189820.0";"3.807584"
"189830.0";"3.929141"
"189840.0";"3.833134"
"189850.0";"3.93494"
"189860.0";"3.956037"
"189870.0";"3.849112"
"189880.0";"3.94071"
"189890.0";"3.83381"
"189900.0";"3.913104"
"189910.0";"3.867288"
"189920.0";"3.932037"
"189930.0";"3.89742"
"189940.0";"3.886414"
"189950.0";"3.967058"
"189960.0";"3.919975"
"189970.0";"3.945035"
"189980.0";"3.769696"
"189990.0";"3.838249"
"190000.0";"3.903665"
"190010.0";"3.913153"
"190020.0";"3.921049"
"190030.0";"3.876995"
"190040.0";"3.902719"
"190050.0";"3.859945"
"190060.0";"3.841307"
"190070.0";"3.854955"
"190080.0";"3.906288"
"190090.0";"3.913528"
"190100.0";"3.949478"
"190110.0";"3.91133"
"190120.0";"3.902459"
"190130.0";"3.956862"
"190140.0";"3.856735"
"190150.0";"3.903913"
"190160.0";"3.959188"
"190170.0";"3.882447"
"190180.0";"3.953969"
"190190.0";"3.815804"
"190200.0";"3.955248"
"190210.0";"3.9159"
"190220.0";"3.832464"
"190230.0";"3.873085"
"190240.0";"3.827663"
"190250.0";"3.817896"
"190260.0";"3.80845"
"190270.0";"3.926459"
"190280.0";"3.942133"
"190290.0";"3.88119"
"190300.0";"3.86507"
"190310.0";"3.958876"
"190320.0";"3.882209"
"190330.0";"3.915831"
"190340.0";"4.013535"
"190350.0";"3.864123"
"190360.0";"3.955096"
"190370.0";"3.856426"
"190380.0";"3.875974"
"190390.0";"3.813333"
"190400.0";"3.920247"
"190410.0";"3.845774"
"190420.0";"3.941763"
"190430.0";"3.968969"
"190440.0";"3.79405"
"190450.0";"3.939242"
"190460.0";"3.921509"
"190470.0";"3.8264"
"190480.0";"3.853595"
"190490.0";"3.878266"
"190500.0";"3.781024"
"190510.0";"3.891997"
"190520.0";"3.86054"
"190530.0";"3.767417"
"190540.0";"3.760744"
"190550.0";"3.86198"
"190560.0";"3.928313"
"190570.0";"3.999118"
"190580.0";"3.926226"
"190590.0";"3.950297"
"190600.0";"3.977023"
"190610.0";"4.036884"
"190620.0";"3.946783"
"190630.0";"3.942801"
"190640.0";"3.7982"
"190650.0";"3.833595"
"190660.0";"3.860471"
"190670.0";"3.904278"
"190680.0";"3.900112"
"190690.0";"3.861925"
"190700.0";"3.820204"
"190710.0";"3.810689"
"190720.0";"3.909691"
"190730.0";"3.976789"
"190740.0";"3.988244"
"190750.0";"4.024532"
"190760.0";"3.957504"
"190770.0";"3.968453"
"190780.0";"3.883585"
"190790.0";"3.943496"
"190800.0";"3.992635"
"190810.0";"4.027418"
"190820.0";"3.908158"
"190830.0";"3.870279"
"190840.0";"3.977432"
"190850.0";"3.883229"
"190860.0";"3.868314"
"190870.0";"3.818632"
"190880.0";"3.993502"
"190890.0";"3.870159"
"190900.0";"3.961411"
"190910.0";"3.977575"
"190920.0";"3.890435"
"190930.0";"4.076008"
"190940.0";"3.987513"
"190950.0";"3.907967"
"190960.0";"3.826678"
"190970.0";"3.976058"
"190980.0";"3.996699"
"190990.0";"3.853443"
"191000.0";"3.984872"
"191010.0";"3.956438"
"191020.0";"3.98395"
"191030.0";"3.98333"
"191040.0";"3.980864"
"191050.0";"3.912139"
"191060.0";"3.948813"
"191070.0";"3.952168"
"191080.0";"4.006405"
"191090.0";"4.049325"
"191100.0";"4.038724"
"191110.0";"3.877024"
"191120.0";"3.912762"
"191130.0";"3.967493"
"191140.0";"3.892863"
"191150.0";"3.972196"
"191160.0";"3.988129"
"191170.0";"3.964785"
"191180.0";"3.944736"
"191190.0";"3.969127"
"191200.0";"3.91491"
"191210.0";"3.996601"
"191220.0";"3.871683"
"191230.0";"3.917368"
"191240.0";"3.890941"
"191250.0";"3.878509"
"191260.0";"3.870547"
"191270.0";"3.928543"
"191280.0";"3.901726"
"191290.0";"3.932446"
"191300.0";"3.894504"
"191310.0";"3.897669"
"191320.0";"3.853179"
"191330.0";"3.819012"
"191340.0";"3.935692"
"191350.0";"3.962874"
"191360.0";"3.898923"
"191370.0";"3.907671"
"191380.0";"3.945286"
"191390.0";"4.023286"
"191400.0";"4.023759"
"191410.0";"3.952031"
"191420.0";"3.944824"
"191430.0";"3.897391"
"191440.0";"3.921562"
"191450.0";"3.88835"
"191460.0";"3.98059"
"191470.0";"3.961979"
"191480.0";"3.945459"
"191490.0";"4.009605"
"191500.0";"3.927683"
"191510.0";"3.946786"
"191520.0";"3.926016"
"191530.0";"3.961183"
"191540.0";"3.98416"
"191550.0";"3.965526"
"191560.0";"3.970044"
"191570.0";"3.993549"
"191580.0";"3.981441"
"191590.0";"4.012978"
"191600.0";"3.88957"
"191610.0";"3.898395"
"191620.0";"3.845909"
"191630.0";"3.924056"
"191640.0";"3.981447"
"191650.0";"3.988827"
"191660.0";"3.972928"
"191670.0";"3.993439"
"191680.0";"4.038646"
"191690.0";"3.937417"
"191700.0";"4.037044"
"191710.0";"4.044984"
"191720.0";"3.993773"
"191730.0";"3.997164"
"191740.0";"3.957714"
"191750.0";"4.086189"
"191760.0";"3.929228"
"191770.0";"3.935906"
"191780.0";"3.956166"
"191790.0";"3.982347"
"191800.0";"3.960382"
"191810.0";"4.019612"
"191820.0";"3.944643"
"191830.0";"4.005547"
"191840.0";"4.01869"
"191850.0";"3.911543"
"191860.0";"3.971286"
"191870.0";"3.927443"
"191880.0";"3.918778"
"191890.0";"3.950033"
"191900.0";"3.805157"
"191910.0";"3.896326"
"191920.0";"3.872035"
"191930.0";"3.881559"
"191940.0";"3.819724"
"191950.0";"3.828234"
"191960.0";"3.891075"
"191970.0";"3.912464"
"191980.0";"3.935594"
"191990.0";"3.977544"
"192000.0";"3.950124"
"192010.0";"3.875527"
"192020.0";"3.943774"
"192030.0";"3.935022"
"192040.0";"3.901212"
"192050.0";"3.929394"
"192060.0";"3.990942"
"192070.0";"3.962395"
"192080.0";"3.906457"
"192090.0";"3.883485"
"192100.0";"3.868178"
"192110.0";"3.862983"
"192120.0";"3.79892"
"192130.0";"3.881163"
"192140.0";"3.970421"
"192150.0";"3.897995"
"192160.0";"3.916099"
"192170.0";"3.956326"
"192180.0";"3.78125"
"192190.0";"3.890498"
"192200.0";"3.875139"
"192210.0";"3.938876"
"192220.0";"3.844622"
"192230.0";"3.917793"
"192240.0";"3.86988"
"192250.0";"3.885197"
"192260.0";"3.963198"
"192270.0";"4.040186"
"192280.0";"3.95655"
"192290.0";"3.955532"
"192300.0";"4.03414"
"192310.0";"4.01391"
"192320.0";"3.942322"
"192330.0";"4.016621"
"192340.0";"3.994842"
"192350.0";"3.910792"
"192360.0";"3.994882"
"192370.0";"3.969122"
"192380.0";"3.967096"
"192390.0";"3.988632"
"192400.0";"3.996891"
"192410.0";"3.909728"
"192420.0";"3.989582"
"192430.0";"3.885349"
"192440.0";"3.928501"
"192450.0";"3.814965"
"192460.0";"4.010566"
"192470.0";"3.966456"
"192480.0";"3.97216"
"192490.0";"3.950743"
"192500.0";"3.907"
"192510.0";"4.004532"
"192520.0";"3.909741"
"192530.0";"3.972661"
"192540.0";"3.878275"
"192550.0";"3.941023"
"192560.0";"3.873886"
"192570.0";"3.950427"
"192580.0";"3.932631"
"192590.0";"3.929381"
"192600.0";"3.92469"
"192610.0";"3.947569"
"192620.0";"3.959569"
"192630.0";"3.971027"
"192640.0";"3.947841"
"192650.0";"4.028604"
"192660.0";"4.018263"
"192670.0";"3.948074"
"192680.0";"3.967379"
"192690.0";"3.963665"
"192700.0";"3.978154"
"192710.0";"3.92447"
"192720.0";"4.007801"
"192730.0";"4.027696"
"192740.0";"4.049931"
"192750.0";"4.010252"
"192760.0";"3.97418"
"192770.0";"4.012518"
"192780.0";"4.00811"
"192790.0";"3.964078"
"192800.0";"3.888991"
"192810.0";"3.920787"
"192820.0";"3.918779"
"192830.0";"4.010829"
"192840.0";"3.986711"
"192850.0";"4.056152"
"192860.0";"4.03862"
"192870.0";"4.00038"
"192880.0";"4.009015"
"192890.0";"4.012177"
"192900.0";"3.944104"
"192910.0";"3.97242"
"192920.0";"3.971906"
"192930.0";"3.879603"
"192940.0";"3.995046"
"192950.0";"4.064232"
"192960.0";"3.951012"
"192970.0";"3.988564"
"192980.0";"3.992361"
"192990.0";"3.970695"
"193000.0";"3.914786"
"193010.0";"3.862017"
"193020.0";"3.867421"
"193030.0";"3.824116"
"193040.0";"3.888549"
"193050.0";"3.842699"
"193060.0";"3.90119"
"193070.0";"3.796718"
"193080.0";"3.787366"
"193090.0";"3.71547"
"193100.0";"3.9807"
"193110.0";"3.874926"
"193120.0";"3.874317"
"193130.0";"3.865025"
"193140.0";"3.92282"
"193150.0";"3.841875"
"193160.0";"3.905231"
"193170.0";"3.901545"
"193180.0";"3.889321"
"193190.0";"3.861295"
"193200.0";"3.780731"
"193210.0";"3.800656"
"193220.0";"3.863091"
"193230.0";"3.82719"
"193240.0";"3.896795"
"193250.0";"3.890984"
"193260.0";"3.799763"
"193270.0";"3.805591"
"193280.0";"3.844916"
"193290.0";"3.767338"
"193300.0";"3.795658"
"193310.0";"3.871046"
"193320.0";"3.870939"
"193330.0";"3.853188"
"193340.0";"3.880882"
"193350.0";"3.934421"
"193360.0";"3.860767"
"193370.0";"3.871742"
"193380.0";"3.767035"
"193390.0";"3.869024"
"193400.0";"3.987816"
"193410.0";"3.817148"
"193420.0";"3.752775"
"193430.0";"3.724894"
"193440.0";"3.779337"
"193450.0";"3.691638"
"193460.0";"3.822842"
"193470.0";"3.843454"
"193480.0";"3.902475"
"193490.0";"3.996415"
"193500.0";"3.919553"
"193510.0";"3.887809"
"193520.0";"3.875356"
"193530.0";"3.966906"
"193540.0";"3.96279"
"193550.0";"3.948336"
"193560.0";"3.983078"
"193570.0";"3.93933"
"193580.0";"3.955623"
"193590.0";"3.949826"
"193600.0";"3.95105"
"193610.0";"4.013663"
"193620.0";"3.916515"
"193630.0";"3.945761"
"193640.0";"3.955586"
"193650.0";"3.990388"
"193660.0";"3.939949"
"193670.0";"3.894035"
"193680.0";"3.932471"
"193690.0";"3.941618"
"193700.0";"3.959145"
"193710.0";"3.957202"
"193720.0";"3.964049"
"193730.0";"3.893709"
"193740.0";"3.927589"
"193750.0";"3.943813"
"193760.0";"3.947245"
"193770.0";"3.947488"
"193780.0";"3.955461"
"193790.0";"3.934961"
"193800.0";"3.927842"
"193810.0";"3.914217"
"193820.0";"3.950598"
"193830.0";"3.974508"
"193840.0";"3.932558"
"193850.0";"3.947106"
"193860.0";"3.88711"
"193870.0";"3.990036"
"193880.0";"3.986131"
"193890.0";"3.913115"
"193900.0";"3.886606"
"193910.0";"3.924969"
"193920.0";"3.97185"
"193930.0";"3.866858"
"193940.0";"3.861648"
"193950.0";"3.957266"
"193960.0";"3.965721"
"193970.0";"3.988005"
"193980.0";"3.961541"
"193990.0";"3.933388"
"194000.0";"3.951676"
"194010.0";"3.974397"
"194020.0";"3.966201"
"194030.0";"4.046097"
"194040.0";"4.024375"
"194050.0";"3.973888"
"194060.0";"4.023754"
"194070.0";"4.084373"
"194080.0";"3.994905"
"194090.0";"3.974125"
"194100.0";"3.939009"
"194110.0";"4.044478"
"194120.0";"3.934699"
"194130.0";"3.985493"
"194140.0";"3.886453"
"194150.0";"4.044054"
"194160.0";"3.967162"
"194170.0";"3.964328"
"194180.0";"3.917104"
"194190.0";"3.912955"
"194200.0";"4.014245"
"194210.0";"3.982181"
"194220.0";"3.975669"
"194230.0";"3.958961"
"194240.0";"3.957329"
"194250.0";"3.938766"
"194260.0";"4.012352"
"194270.0";"3.910533"
"194280.0";"3.94391"
"194290.0";"3.938205"
"194300.0";"3.885246"
"194310.0";"3.895406"
"194320.0";"3.982782"
"194330.0";"3.941298"
"194340.0";"3.970063"
"194350.0";"3.888803"
"194360.0";"3.902098"
"194370.0";"3.925501"
"194380.0";"4.025278"
"194390.0";"3.95323"
"194400.0";"3.953696"
"194410.0";"3.93929"
"194420.0";"3.953577"
"194430.0";"3.944406"
"194440.0";"4.045592"
"194450.0";"3.906032"
"194460.0";"3.932333"
"194470.0";"3.929913"
"194480.0";"3.926324"
"194490.0";"3.856602"
"194500.0";"3.972683"
"194510.0";"3.925225"
"194520.0";"3.896934"
"194530.0";"4.007662"
"194540.0";"3.970551"
"194550.0";"3.982493"
"194560.0";"3.959143"
"194570.0";"3.936856"
"194580.0";"3.910202"
"194590.0";"3.894685"
"194600.0";"3.880726"
"194610.0";"3.913616"
"194620.0";"3.908077"
"194630.0";"3.922161"
"194640.0";"3.987686"
"194650.0";"3.902173"
"194660.0";"3.870458"
"194670.0";"3.985053"
"194680.0";"3.955003"
"194690.0";"4.01917"
"194700.0";"3.96664"
"194710.0";"3.959412"
"194720.0";"3.921775"
"194730.0";"3.914848"
"194740.0";"3.926341"
"194750.0";"3.902007"
"194760.0";"3.8941"
"194770.0";"3.904233"
"194780.0";"3.905319"
"194790.0";"3.956474"
"194800.0";"3.918434"
"194810.0";"3.983893"
"194820.0";"3.864142"
"194830.0";"3.909594"
"194840.0";"3.918424"
"194850.0";"3.927946"
"194860.0";"3.945591"
"194870.0";"3.986544"
"194880.0";"3.963099"
"194890.0";"3.968691"
"194900.0";"3.946724"
"194910.0";"3.855767"
"194920.0";"3.910538"
"194930.0";"3.89791"
"194940.0";"3.949713"
"194950.0";"3.949377"
"194960.0";"3.899769"
"194970.0";"3.980182"
"194980.0";"3.936955"
"194990.0";"3.985038"
"195000.0";"3.959274"
"195010.0";"3.937835"
"195020.0";"3.925387"
"195030.0";"3.934644"
"195040.0";"3.894148"
"195050.0";"3.955316"
"195060.0";"3.798539"
"195070.0";"3.884055"
"195080.0";"3.807534"
"195090.0";"3.804571"
"195100.0";"3.931852"
"195110.0";"3.964313"
"195120.0";"3.981748"
"195130.0";"3.864447"
"195140.0";"3.882831"
"195150.0";"3.888684"
"195160.0";"3.971677"
"195170.0";"4.046643"
"195180.0";"3.971134"
"195190.0";"4.01333"
"195200.0";"4.052026"
"195210.0";"3.991619"
"195220.0";"3.917195"
"195230.0";"3.98442"
"195240.0";"3.919267"
"195250.0";"4.012047"
"195260.0";"4.030487"
"195270.0";"3.963236"
"195280.0";"3.965014"
"195290.0";"3.986087"
"195300.0";"3.96275"
"195310.0";"3.875171"
"195320.0";"3.89014"
"195330.0";"3.836215"
"195340.0";"3.790073"
"195350.0";"3.782391"
"195360.0";"3.821793"
"195370.0";"3.920625"
"195380.0";"3.922614"
"195390.0";"3.783543"
"195400.0";"3.793814"
"195410.0";"3.855582"
"195420.0";"3.886297"
"195430.0";"3.872118"
"195440.0";"3.867217"
"195450.0";"3.801655"
"195460.0";"3.876565"
"195470.0";"3.873004"
"195480.0";"3.842541"
"195490.0";"3.829783"
"195500.0";"3.930898"
"195510.0";"3.911504"
"195520.0";"3.880029"
"195530.0";"3.810297"
"195540.0";"3.829276"
"195550.0";"3.763308"
"195560.0";"3.899918"
"195570.0";"3.833432"
"195580.0";"3.752466"
"195590.0";"3.868474"
"195600.0";"3.919048"
"195610.0";"3.96917"
"195620.0";"3.912455"
"195630.0";"3.805726"
"195640.0";"3.898515"
"195650.0";"3.90074"
"195660.0";"3.814758"
"195670.0";"3.826625"
"195680.0";"3.835256"
"195690.0";"3.806863"
"195700.0";"3.856086"
"195710.0";"3.850068"
"195720.0";"3.86947"
"195730.0";"3.897987"
"195740.0";"3.919314"
"195750.0";"3.914295"
"195760.0";"3.886644"
"195770.0";"4.013355"
"195780.0";"3.859093"
"195790.0";"3.921702"
"195800.0";"3.98977"
"195810.0";"3.950165"
"195820.0";"3.920378"
"195830.0";"3.97319"
"195840.0";"3.944991"
"195850.0";"3.938417"
"195860.0";"4.013996"
"195870.0";"3.968669"
"195880.0";"3.879652"
"195890.0";"3.780112"
"195900.0";"3.888238"
"195910.0";"3.826425"
"195920.0";"3.851886"
"195930.0";"3.908463"
"195940.0";"3.703941"
"195950.0";"3.726654"
"195960.0";"3.891932"
"195970.0";"3.823347"
"195980.0";"3.914665"
"195990.0";"3.950866"
"196000.0";"4.024698"
"196010.0";"3.959441"
"196020.0";"3.82164"
"196030.0";"3.870178"
"196040.0";"3.925197"
"196050.0";"3.881543"
"196060.0";"3.814978"
"196070.0";"3.997216"
"196080.0";"3.974588"
"196090.0";"4.02247"
"196100.0";"4.045781"
"196110.0";"4.027396"
"196120.0";"4.044373"
"196130.0";"3.99336"
"196140.0";"4.00339"
"196150.0";"4.038448"
"196160.0";"4.046927"
"196170.0";"3.971456"
"196180.0";"4.013233"
"196190.0";"3.955177"
"196200.0";"4.008255"
"196210.0";"3.874987"
"196220.0";"4.075271"
"196230.0";"4.03244"
"196240.0";"3.956125"
"196250.0";"3.906498"
"196260.0";"3.907086"
"196270.0";"3.907532"
"196280.0";"3.962134"
"196290.0";"3.879543"
"196300.0";"3.903348"
"196310.0";"3.854386"
"196320.0";"3.942711"
"196330.0";"3.952594"
"196340.0";"3.995874"
"196350.0";"3.925604"
"196360.0";"3.922206"
"196370.0";"3.8933"
"196380.0";"3.757511"
"196390.0";"3.821764"
"196400.0";"3.823867"
"196410.0";"3.76579"
"196420.0";"3.811198"
"196430.0";"3.90884"
"196440.0";"3.81967"
"196450.0";"3.881632"
"196460.0";"3.785587"
"196470.0";"3.959488"
"196480.0";"3.795866"
"196490.0";"3.759823"
"196500.0";"3.709951"
"196510.0";"3.727406"
"196520.0";"3.836843"
"196530.0";"3.847094"
"196540.0";"3.786654"
"196550.0";"3.717991"
"196560.0";"3.888431"
"196570.0";"3.941876"
"196580.0";"3.894665"
"196590.0";"3.969789"
"196600.0";"3.887155"
"196610.0";"3.949951"
"196620.0";"3.886709"
"196630.0";"3.931086"
"196640.0";"4.007412"
"196650.0";"3.959329"
"196660.0";"3.897547"
"196670.0";"3.846203"
"196680.0";"3.901041"
"196690.0";"3.858806"
"196700.0";"3.756655"
"196710.0";"3.8321"
"196720.0";"3.710583"
"196730.0";"3.761632"
"196740.0";"3.875164"
"196750.0";"3.819354"
"196760.0";"3.846966"
"196770.0";"3.853663"
"196780.0";"3.948018"
"196790.0";"3.872995"
"196800.0";"3.909284"
"196810.0";"3.883384"
"196820.0";"3.920723"
"196830.0";"3.990227"
"196840.0";"3.850979"
"196850.0";"3.821514"
"196860.0";"3.920883"
"196870.0";"3.858854"
"196880.0";"3.813243"
"196890.0";"3.860947"
"196900.0";"3.939428"
"196910.0";"3.961749"
"196920.0";"3.780229"
"196930.0";"3.851041"
"196940.0";"3.808969"
"196950.0";"3.855759"
"196960.0";"4.051209"
"196970.0";"4.034341"
"196980.0";"3.932627"
"196990.0";"3.779482"
"197000.0";"3.851929"
"197010.0";"3.840801"
"197020.0";"3.825918"
"197030.0";"3.873041"
"197040.0";"3.97693"
"197050.0";"3.831746"
"197060.0";"3.881858"
"197070.0";"3.897714"
"197080.0";"3.987644"
"197090.0";"3.911392"
"197100.0";"3.818475"
"197110.0";"3.742406"
"197120.0";"3.733589"
"197130.0";"3.766453"
"197140.0";"3.912085"
"197150.0";"3.822942"
"197160.0";"3.877869"
"197170.0";"3.98526"
"197180.0";"3.732612"
"197190.0";"3.94162"
"197200.0";"3.938291"
"197210.0";"3.917966"
"197220.0";"4.007058"
"197230.0";"3.816811"
"197240.0";"3.949728"
"197250.0";"3.756092"
"197260.0";"3.912903"
"197270.0";"3.83634"
"197280.0";"3.764519"
"197290.0";"3.809049"
"197300.0";"3.89278"
"197310.0";"3.952406"
"197320.0";"3.960642"
"197330.0";"3.948961"
"197340.0";"3.929686"
"197350.0";"3.911203"
"197360.0";"3.943519"
"197370.0";"3.853678"
"197380.0";"3.859961"
"197390.0";"3.995408"
"197400.0";"3.927407"
"197410.0";"3.803743"
"197420.0";"3.752985"
"197430.0";"3.910007"
"197440.0";"4.011528"
"197450.0";"3.94031"
"197460.0";"3.91668"
"197470.0";"3.969453"
"197480.0";"4.032714"
"197490.0";"3.929029"
"197500.0";"3.945652"
"197510.0";"3.919539"
"197520.0";"4.035067"
"197530.0";"3.996161"
"197540.0";"4.052569"
"197550.0";"4.04801"
"197560.0";"3.990276"
"197570.0";"3.962263"
"197580.0";"3.930022"
"197590.0";"3.943757"
"197600.0";"3.988112"
"197610.0";"4.005727"
"197620.0";"3.963308"
"197630.0";"3.927762"
"197640.0";"3.970812"
"197650.0";"3.893197"
"197660.0";"3.772187"
"197670.0";"3.619419"
"197680.0";"3.670463"
"197690.0";"3.915466"
"197700.0";"3.81763"
"197710.0";"3.899241"
"197720.0";"3.876132"
"197730.0";"3.930275"
"197740.0";"3.847201"
"197750.0";"3.841084"
"197760.0";"3.850476"
"197770.0";"3.833235"
"197780.0";"3.789803"
"197790.0";"3.754192"
"197800.0";"3.652962"
"197810.0";"3.804616"
"197820.0";"3.712794"
"197830.0";"3.69704"
"197840.0";"3.610515"
"197850.0";"3.746186"
"197860.0";"3.613036"
"197870.0";"3.711638"
"197880.0";"3.627938"
"197890.0";"3.808003"
"197900.0";"3.779196"
"197910.0";"3.798002"
"197920.0";"3.955977"
"197930.0";"3.844177"
"197940.0";"3.842148"
"197950.0";"3.942834"
"197960.0";"3.912592"
"197970.0";"3.867433"
"197980.0";"3.925632"
"197990.0";"3.904385"
"198000.0";"3.883287"
"198010.0";"3.971531"
"198020.0";"3.999666"
"198030.0";"3.887185"
"198040.0";"3.952275"
"198050.0";"3.999509"
"198060.0";"3.880374"
"198070.0";"3.921348"
"198080.0";"3.977012"
"198090.0";"3.811429"
"198100.0";"3.816696"
"198110.0";"3.912616"
"198120.0";"3.901883"
"198130.0";"3.840824"
"198140.0";"3.927855"
"198150.0";"4.004272"
"198160.0";"3.840982"
"198170.0";"3.87267"
"198180.0";"3.856978"
"198190.0";"3.707651"
"198200.0";"3.747391"
"198210.0";"3.656194"
"198220.0";"3.729586"
"198230.0";"3.777802"
"198240.0";"3.701612"
"198250.0";"3.695846"
"198260.0";"3.671394"
"198270.0";"3.866023"
"198280.0";"3.860807"
"198290.0";"3.731793"
"198300.0";"3.84859"
"198310.0";"3.782718"
"198320.0";"3.705789"
"198330.0";"3.691872"
"198340.0";"3.786279"
"198350.0";"3.863308"
"198360.0";"3.761238"
"198370.0";"3.817903"
"198380.0";"3.869126"
"198390.0";"3.851904"
"198400.0";"3.794407"
"198410.0";"3.741204"
"198420.0";"3.94205"
"198430.0";"3.645507"
"198440.0";"3.664707"
"198450.0";"3.633975"
"198460.0";"3.774951"
"198470.0";"3.563071"
"198480.0";"3.69725"
"198490.0";"3.775956"
"198500.0";"3.838927"
"198510.0";"3.852736"
"198520.0";"3.861406"
"198530.0";"3.995235"
"198540.0";"3.905715"
"198550.0";"3.868082"
"198560.0";"3.926299"
"198570.0";"3.911418"
"198580.0";"3.894825"
"198590.0";"3.891281"
"198600.0";"3.872772"
"198610.0";"3.890808"
"198620.0";"3.93859"
"198630.0";"4.002934"
"198640.0";"3.88246"
"198650.0";"3.9041"
"198660.0";"3.964917"
"198670.0";"3.898088"
"198680.0";"3.924024"
"198690.0";"3.850625"
"198700.0";"4.025394"
"198710.0";"3.87712"
"198720.0";"3.793038"
"198730.0";"3.797763"
"198740.0";"3.739885"
"198750.0";"3.83115"
"198760.0";"3.810094"
"198770.0";"3.875727"
"198780.0";"3.897585"
"198790.0";"3.81301"
"198800.0";"3.803744"
"198810.0";"3.789059"
"198820.0";"3.897412"
"198830.0";"3.748609"
"198840.0";"3.820008"
"198850.0";"3.826873"
"198860.0";"3.920528"
"198870.0";"3.795126"
"198880.0";"3.870091"
"198890.0";"3.841552"
"198900.0";"4.00359"
"198910.0";"3.954115"
"198920.0";"3.907942"
"198930.0";"3.927159"
"198940.0";"3.777692"
"198950.0";"3.845705"
"198960.0";"3.90224"
"198970.0";"3.799149"
"198980.0";"3.749482"
"198990.0";"3.949518"
"199000.0";"3.816413"
"199010.0";"3.823421"
"199020.0";"3.836958"
"199030.0";"3.871536"
"199040.0";"3.991274"
"199050.0";"3.764047"
"199060.0";"3.940129"
"199070.0";"3.74791"
"199080.0";"3.819942"
"199090.0";"3.744558"
"199100.0";"3.731715"
"199110.0";"3.804443"
"199120.0";"3.859454"
"199130.0";"3.855698"
"199140.0";"3.840345"
"199150.0";"3.929368"
"199160.0";"3.971565"
"199170.0";"3.941764"
"199180.0";"3.973125"
"199190.0";"3.95095"
"199200.0";"3.995256"
"199210.0";"3.897928"
"199220.0";"3.888328"
"199230.0";"3.84626"
"199240.0";"3.798571"
"199250.0";"3.919808"
"199260.0";"3.894768"
"199270.0";"3.881269"
"199280.0";"3.842702"
"199290.0";"3.854779"
"199300.0";"3.795013"
"199310.0";"3.891217"
"199320.0";"3.744938"
"199330.0";"3.857771"
"199340.0";"3.843857"
"199350.0";"3.767989"
"199360.0";"3.929221"
"199370.0";"3.990597"
"199380.0";"3.976872"
"199390.0";"3.9515"
"199400.0";"3.880403"
"199410.0";"3.955794"
"199420.0";"3.890369"
"199430.0";"3.995023"
"199440.0";"3.948807"
"199450.0";"3.938718"
"199460.0";"3.937823"
"199470.0";"3.978194"
"199480.0";"3.7846"
"199490.0";"3.886154"
"199500.0";"3.853255"
"199510.0";"3.910218"
"199520.0";"3.856564"
"199530.0";"3.960019"
"199540.0";"3.862742"
"199550.0";"3.981449"
"199560.0";"3.886894"
"199570.0";"3.897428"
"199580.0";"3.987278"
"199590.0";"3.940021"
"199600.0";"3.854141"
"199610.0";"3.898293"
"199620.0";"3.892796"
"199630.0";"3.957577"
"199640.0";"3.862315"
"199650.0";"3.93861"
"199660.0";"3.838799"
"199670.0";"3.788631"
"199680.0";"3.89204"
"199690.0";"3.890078"
"199700.0";"3.818474"
"199710.0";"3.85107"
"199720.0";"3.849874"
"199730.0";"3.82295"
"199740.0";"3.890991"
"199750.0";"3.860999"
"199760.0";"3.938888"
"199770.0";"3.895874"
"199780.0";"3.911185"
"199790.0";"3.987391"
"199800.0";"3.922217"
"199810.0";"3.947399"
"199820.0";"3.935736"
"199830.0";"3.902116"
"199840.0";"3.881725"
"199850.0";"3.724828"
"199860.0";"3.649822"
"199870.0";"3.880747"
"199880.0";"3.720519"
"199890.0";"3.769435"
"199900.0";"3.820838"
"199910.0";"3.894848"
"199920.0";"4.004796"
"199930.0";"4.020034"
"199940.0";"3.978446"
"199950.0";"3.991048"
"199960.0";"3.942448"
"199970.0";"3.976438"
"199980.0";"3.896086"
"199990.0";"3.949432"
"200000.0";"3.887764"
"200010.0";"3.976523"
"200020.0";"3.959983"
"200030.0";"3.999779"
"200040.0";"3.972314"
"200050.0";"3.899829"
"200060.0";"3.983594"
"200070.0";"3.935953"
"200080.0";"3.88288"
"200090.0";"4.012811"
"200100.0";"3.999009"
"200110.0";"3.976892"
"200120.0";"3.930048"
"200130.0";"3.936602"
"200140.0";"3.98182"
"200150.0";"3.893067"
"200160.0";"3.899418"
"200170.0";"3.877498"
"200180.0";"3.941938"
"200190.0";"3.884265"
"200200.0";"3.900555"
"200210.0";"3.979316"
"200220.0";"3.934739"
"200230.0";"3.873509"
"200240.0";"3.988811"
"200250.0";"3.802028"
"200260.0";"3.74299"
"200270.0";"4.003202"
"200280.0";"3.9798"
"200290.0";"3.956696"
"200300.0";"3.967342"
"200310.0";"4.061601"
"200320.0";"3.972179"
"200330.0";"3.975422"
"200340.0";"3.946566"
"200350.0";"3.98978"
"200360.0";"3.982064"
"200370.0";"3.905805"
"200380.0";"3.972995"
"200390.0";"3.881922"
"200400.0";"3.959443"
"200410.0";"3.945781"
"200420.0";"4.001398"
"200430.0";"3.887155"
"200440.0";"3.877891"
"200450.0";"3.958869"
"200460.0";"3.966031"
"200470.0";"3.942548"
"200480.0";"3.919544"
"200490.0";"3.972842"
"200500.0";"3.938424"
"200510.0";"3.880724"
"200520.0";"3.921305"
"200530.0";"3.961903"
"200540.0";"3.978431"
"200550.0";"3.971193"
"200560.0";"3.947124"
"200570.0";"3.913759"
"200580.0";"3.928352"
"200590.0";"3.872758"
"200600.0";"3.85883"
"200610.0";"3.929568"
"200620.0";"3.954198"
"200630.0";"3.897796"
"200640.0";"4.009116"
"200650.0";"3.967586"
"200660.0";"3.835964"
"200670.0";"3.81769"
"200680.0";"3.925905"
"200690.0";"3.852151"
"200700.0";"3.849523"
"200710.0";"3.883357"
"200720.0";"3.822707"
"200730.0";"3.968363"
"200740.0";"3.937681"
"200750.0";"3.82909"
"200760.0";"3.88638"
"200770.0";"3.901863"
"200780.0";"3.851147"
"200790.0";"4.00025"
"200800.0";"3.959961"
"200810.0";"3.878527"
"200820.0";"3.880258"
"200830.0";"3.900622"
"200840.0";"3.913101"
"200850.0";"3.97739"
"200860.0";"3.980556"
"200870.0";"3.883665"
"200880.0";"3.953212"
"200890.0";"3.999019"
"200900.0";"3.916748"
"200910.0";"3.950432"
"200920.0";"4.05997"
"200930.0";"3.949088"
"200940.0";"3.974655"
"200950.0";"3.968238"
"200960.0";"3.93378"
"200970.0";"3.974027"
"200980.0";"3.819155"
"200990.0";"3.936557"
"201000.0";"3.721777"
"201010.0";"3.956361"
"201020.0";"3.972351"
"201030.0";"3.932263"
"201040.0";"3.935398"
"201050.0";"3.990154"
"201060.0";"3.997129"
"201070.0";"3.974216"
"201080.0";"3.994273"
"201090.0";"3.870037"
"201100.0";"3.954664"
"201110.0";"3.955606"
"201120.0";"3.935426"
"201130.0";"4.044753"
"201140.0";"3.968301"
"201150.0";"3.989554"
"201160.0";"3.989519"
"201170.0";"4.013902"
"201180.0";"3.968558"
"201190.0";"4.004004"
"201200.0";"4.046346"
"201210.0";"3.981355"
"201220.0";"4.041021"
"201230.0";"3.886241"
"201240.0";"4.072142"
"201250.0";"4.087901"
"201260.0";"4.009109"
"201270.0";"4.004259"
"201280.0";"3.955312"
"201290.0";"3.965017"
"201300.0";"3.972628"
"201310.0";"3.921705"
"201320.0";"3.948478"
"201330.0";"3.924598"
"201340.0";"3.930482"
"201350.0";"3.814972"
"201360.0";"3.881449"
"201370.0";"3.829157"
"201380.0";"3.706617"
"201390.0";"3.891512"
"201400.0";"3.930271"
"201410.0";"3.785713"
"201420.0";"3.757055"
"201430.0";"3.657331"
"201440.0";"3.625598"
"201450.0";"3.866604"
"201460.0";"3.879214"
"201470.0";"3.963513"
"201480.0";"3.87846"
"201490.0";"3.915672"
"201500.0";"3.996667"
"201510.0";"3.778788"
"201520.0";"3.689917"
"201530.0";"3.940098"
"201540.0";"3.951311"
"201550.0";"3.927744"
"201560.0";"4.008295"
"201570.0";"3.991148"
"201580.0";"3.983188"
"201590.0";"4.065923"
"201600.0";"4.009744"
"201610.0";"4.017353"
"201620.0";"3.964771"
"201630.0";"3.993385"
"201640.0";"3.901882"
"201650.0";"4.080443"
"201660.0";"3.961687"
"201670.0";"4.006242"
"201680.0";"3.972815"
"201690.0";"3.923763"
"201700.0";"3.928725"
"201710.0";"3.995858"
"201720.0";"4.009797"
"201730.0";"3.919416"
"201740.0";"3.962287"
"201750.0";"3.975753"
"201760.0";"3.928313"
"201770.0";"3.965665"
"201780.0";"4.011546"
"201790.0";"3.97852"
"201800.0";"4.006201"
"201810.0";"3.947829"
"201820.0";"3.925007"
"201830.0";"3.999522"
"201840.0";"3.934141"
"201850.0";"4.046091"
"201860.0";"3.979998"
"201870.0";"3.912976"
"201880.0";"3.997826"
"201890.0";"3.956519"
"201900.0";"3.982124"
"201910.0";"3.994867"
"201920.0";"4.003411"
"201930.0";"3.960815"
"201940.0";"3.886493"
"201950.0";"3.976654"
"201960.0";"3.88418"
"201970.0";"3.929898"
"201980.0";"3.955755"
"201990.0";"4.008801"
"202000.0";"3.815111"
"202010.0";"3.818938"
"202020.0";"3.79247"
"202030.0";"3.794949"
"202040.0";"3.815684"
"202050.0";"3.797453"
"202060.0";"3.764313"
"202070.0";"3.809576"
"202080.0";"3.813348"
"202090.0";"3.858351"
"202100.0";"3.797386"
"202110.0";"3.851265"
"202120.0";"3.872671"
"202130.0";"3.833929"
"202140.0";"3.856641"
"202150.0";"3.843722"
"202160.0";"3.800175"
"202170.0";"3.793949"
"202180.0";"3.827917"
"202190.0";"3.818797"
"202200.0";"3.841215"
"202210.0";"3.822129"
"202220.0";"3.822007"
"202230.0";"3.802093"
"202240.0";"3.873771"
"202250.0";"3.853523"
"202260.0";"3.780694"
"202270.0";"3.826832"
"202280.0";"3.761042"
"202290.0";"3.756999"
"202300.0";"3.759074"
"202310.0";"3.690908"
"202320.0";"3.721451"
"202330.0";"3.725304"
"202340.0";"3.736527"
"202350.0";"3.760263"
"202360.0";"3.663522"
"202370.0";"3.831151"
"202380.0";"3.760169"
"202390.0";"3.923059"
"202400.0";"3.809445"
"202410.0";"3.786083"
"202420.0";"3.752604"
"202430.0";"3.707319"
"202440.0";"3.710996"
"202450.0";"3.748316"
"202460.0";"3.802582"
"202470.0";"3.780519"
"202480.0";"3.802839"
"202490.0";"3.679528"
"202500.0";"3.821758"
"202510.0";"3.769451"
"202520.0";"3.893172"
"202530.0";"3.843241"
"202540.0";"3.801847"
"202550.0";"3.784503"
"202560.0";"3.788298"
"202570.0";"3.861719"
"202580.0";"3.999825"
"202590.0";"3.899433"
"202600.0";"3.988635"
"202610.0";"3.993083"
"202620.0";"3.888219"
"202630.0";"3.90364"
"202640.0";"3.869544"
"202650.0";"3.858196"
"202660.0";"3.847914"
"202670.0";"3.786112"
"202680.0";"3.885074"
"202690.0";"3.887464"
"202700.0";"3.752365"
"202710.0";"3.940244"
"202720.0";"4.016322"
"202730.0";"3.983606"
"202740.0";"3.894241"
"202750.0";"3.949353"
"202760.0";"4.016814"
"202770.0";"3.946657"
"202780.0";"3.980376"
"202790.0";"3.941969"
"202800.0";"3.894501"
"202810.0";"3.7994"
"202820.0";"3.902779"
"202830.0";"3.967526"
"202840.0";"3.92113"
"202850.0";"3.972699"
"202860.0";"3.908622"
"202870.0";"3.974218"
"202880.0";"3.963996"
"202890.0";"3.925684"
"202900.0";"3.972171"
"202910.0";"3.912083"
"202920.0";"3.939693"
"202930.0";"3.923143"
"202940.0";"3.887191"
"202950.0";"3.894732"
"202960.0";"3.925493"
"202970.0";"3.858394"
"202980.0";"4.013571"
"202990.0";"4.015935"
"203000.0";"4.031787"
"203010.0";"3.960237"
"203020.0";"3.877074"
"203030.0";"3.883945"
"203040.0";"3.824593"
"203050.0";"3.854469"
"203060.0";"3.912259"
"203070.0";"3.97297"
"203080.0";"3.815656"
"203090.0";"3.903041"
"203100.0";"3.95617"
"203110.0";"3.905657"
"203120.0";"3.873786"
"203130.0";"3.878128"
"203140.0";"3.763606"
"203150.0";"3.763199"
"203160.0";"3.770267"
"203170.0";"3.786559"
"203180.0";"3.923397"
"203190.0";"3.787648"
"203200.0";"3.906932"
"203210.0";"3.904364"
"203220.0";"3.994862"
"203230.0";"3.959817"
"203240.0";"3.92179"
"203250.0";"3.869582"
"203260.0";"3.801679"
"203270.0";"3.85591"
"203280.0";"3.902438"
"203290.0";"3.898976"
"203300.0";"3.901814"
"203310.0";"4.013704"
"203320.0";"3.951538"
"203330.0";"3.910546"
"203340.0";"3.899939"
"203350.0";"3.917119"
"203360.0";"3.985392"
"203370.0";"3.901958"
"203380.0";"3.860386"
"203390.0";"3.930598"
"203400.0";"3.945691"
"203410.0";"3.929831"
"203420.0";"3.951407"
"203430.0";"4.022615"
"203440.0";"3.987215"
"203450.0";"3.907353"
"203460.0";"3.955976"
"203470.0";"3.942556"
"203480.0";"3.849325"
"203490.0";"3.866015"
"203500.0";"3.843089"
"203510.0";"3.877392"
"203520.0";"3.917758"
"203530.0";"3.898242"
"203540.0";"3.969279"
"203550.0";"3.884756"
"203560.0";"3.970542"
"203570.0";"3.91627"
"203580.0";"3.958558"
"203590.0";"3.923381"
"203600.0";"3.960173"
"203610.0";"3.907673"
"203620.0";"3.822131"
"203630.0";"3.983585"
"203640.0";"4.010337"
"203650.0";"3.933646"
"203660.0";"3.838748"
"203670.0";"3.845811"
"203680.0";"3.905982"
"203690.0";"3.858727"
"203700.0";"3.826537"
"203710.0";"3.899582"
"203720.0";"3.891757"
"203730.0";"3.826495"
"203740.0";"3.947632"
"203750.0";"3.860157"
"203760.0";"4.029841"
"203770.0";"3.950303"
"203780.0";"3.984427"
"203790.0";"3.911132"
"203800.0";"3.804129"
"203810.0";"3.907688"
"203820.0";"3.90422"
"203830.0";"3.977032"
"203840.0";"3.992969"
"203850.0";"3.985014"
"203860.0";"3.900699"
"203870.0";"3.934429"
"203880.0";"3.951132"
"203890.0";"3.940982"
"203900.0";"3.960641"
"203910.0";"3.868288"
"203920.0";"3.835958"
"203930.0";"3.748273"
"203940.0";"3.794063"
"203950.0";"3.865741"
"203960.0";"3.969317"
"203970.0";"3.801452"
"203980.0";"3.911136"
"203990.0";"3.817508"
"204000.0";"3.770573"
"204010.0";"3.976825"
"204020.0";"3.95276"
"204030.0";"3.825961"
"204040.0";"3.908926"
"204050.0";"3.922263"
"204060.0";"3.844705"
"204070.0";"3.865519"
"204080.0";"3.955575"
"204090.0";"3.969519"
"204100.0";"3.916009"
"204110.0";"3.918838"
"204120.0";"3.933026"
"204130.0";"3.929868"
"204140.0";"3.882965"
"204150.0";"3.956882"
"204160.0";"3.896764"
"204170.0";"3.966204"
"204180.0";"3.899709"
"204190.0";"3.908432"
"204200.0";"3.918427"
"204210.0";"3.93871"
"204220.0";"3.998233"
"204230.0";"3.989769"
"204240.0";"3.932261"
"204250.0";"3.984895"
"204260.0";"3.90746"
"204270.0";"3.941311"
"204280.0";"3.910713"
"204290.0";"3.934735"
"204300.0";"4.033097"
"204310.0";"3.96723"
"204320.0";"4.050702"
"204330.0";"3.96738"
"204340.0";"3.960261"
"204350.0";"3.990432"
"204360.0";"3.993406"
"204370.0";"3.991588"
"204380.0";"3.984249"
"204390.0";"3.89171"
"204400.0";"4.01322"
"204410.0";"4.057631"
"204420.0";"3.978068"
"204430.0";"4.01366"
"204440.0";"4.063423"
"204450.0";"4.04653"
"204460.0";"4.066617"
"204470.0";"4.033735"
"204480.0";"4.041389"
"204490.0";"4.031743"
"204500.0";"3.937471"
"204510.0";"3.961914"
"204520.0";"4.007629"
"204530.0";"3.99123"
"204540.0";"3.985413"
"204550.0";"3.924864"
"204560.0";"3.959831"
"204570.0";"4.005159"
"204580.0";"4.009501"
"204590.0";"3.997915"
"204600.0";"4.013108"
"204610.0";"4.083074"
"204620.0";"4.125064"
"204630.0";"4.003115"
"204640.0";"4.030633"
"204650.0";"4.004443"
"204660.0";"3.987795"
"204670.0";"4.039855"
"204680.0";"3.981915"
"204690.0";"4.055996"
"204700.0";"4.008377"
"204710.0";"4.047729"
"204720.0";"3.939144"
"204730.0";"4.055318"
"204740.0";"3.952544"
"204750.0";"3.994119"
"204760.0";"4.017616"
"204770.0";"4.019787"
"204780.0";"4.046486"
"204790.0";"4.068595"
"204800.0";"4.008742"
"204810.0";"4.011334"
"204820.0";"4.042889"
"204830.0";"4.031946"
"204840.0";"3.963148"
"204850.0";"4.031606"
"204860.0";"3.99373"
"204870.0";"3.991794"
"204880.0";"3.984509"
"204890.0";"3.984124"
"204900.0";"3.928681"
"204910.0";"3.918663"
"204920.0";"3.839794"
"204930.0";"3.889454"
"204940.0";"3.853874"
"204950.0";"3.892758"
"204960.0";"4.000484"
"204970.0";"3.979105"
"204980.0";"4.001125"
"204990.0";"3.990863"
"205000.0";"3.920725"
"205010.0";"3.994175"
"205020.0";"3.926649"
"205030.0";"3.904161"
"205040.0";"3.914621"
"205050.0";"3.880634"
"205060.0";"3.849714"
"205070.0";"3.872908"
"205080.0";"3.760328"
"205090.0";"3.794615"
"205100.0";"3.807797"
"205110.0";"3.875919"
"205120.0";"3.783154"
"205130.0";"3.699411"
"205140.0";"3.721267"
"205150.0";"3.733989"
"205160.0";"3.687645"
"205170.0";"3.54517"
"205180.0";"3.559574"
"205190.0";"3.690853"
"205200.0";"3.667766"
"205210.0";"3.75977"
"205220.0";"3.827014"
"205230.0";"3.736549"
"205240.0";"3.782222"
"205250.0";"3.829986"
"205260.0";"3.758317"
"205270.0";"3.780412"
"205280.0";"3.816037"
"205290.0";"3.776308"
"205300.0";"3.83883"
"205310.0";"3.812855"
"205320.0";"3.823892"
"205330.0";"3.763051"
"205340.0";"3.833292"
"205350.0";"3.743492"
"205360.0";"3.730895"
"205370.0";"3.806243"
"205380.0";"3.862123"
"205390.0";"3.846466"
"205400.0";"3.959996"
"205410.0";"3.943621"
"205420.0";"3.861412"
"205430.0";"3.936991"
"205440.0";"3.953498"
"205450.0";"3.888255"
"205460.0";"3.958651"
"205470.0";"3.891186"
"205480.0";"3.886812"
"205490.0";"3.947599"
"205500.0";"3.900208"
"205510.0";"3.954694"
"205520.0";"3.919652"
"205530.0";"3.982085"
"205540.0";"3.979768"
"205550.0";"3.958886"
"205560.0";"3.913432"
"205570.0";"3.91041"
"205580.0";"3.926906"
"205590.0";"3.94777"
"205600.0";"3.978991"
"205610.0";"3.922451"
"205620.0";"3.911966"
"205630.0";"3.984248"
"205640.0";"3.953205"
"205650.0";"3.966475"
"205660.0";"3.898107"
"205670.0";"3.935845"
"205680.0";"4.005387"
"205690.0";"3.92293"
"205700.0";"3.879614"
"205710.0";"3.958434"
"205720.0";"3.920982"
"205730.0";"4.006521"
"205740.0";"3.849045"
"205750.0";"4.002053"
"205760.0";"4.039925"
"205770.0";"4.005701"
"205780.0";"4.059488"
"205790.0";"4.020648"
"205800.0";"4.048229"
"205810.0";"4.033477"
"205820.0";"4.024964"
"205830.0";"3.853807"
"205840.0";"3.936058"
"205850.0";"3.974239"
"205860.0";"4.00667"
"205870.0";"3.990467"
"205880.0";"3.894601"
"205890.0";"4.014925"
"205900.0";"4.051431"
"205910.0";"4.008202"
"205920.0";"3.948126"
"205930.0";"3.945231"
"205940.0";"3.930282"
"205950.0";"3.940552"
"205960.0";"3.947268"
"205970.0";"3.867989"
"205980.0";"3.92228"
"205990.0";"3.888838"
"206000.0";"3.899875"
"206010.0";"3.912909"
"206020.0";"3.938779"
"206030.0";"3.944837"
"206040.0";"3.920961"
"206050.0";"3.990205"
"206060.0";"4.019595"
"206070.0";"4.032507"
"206080.0";"4.075442"
"206090.0";"4.030933"
"206100.0";"3.914979"
"206110.0";"3.927935"
"206120.0";"3.985399"
"206130.0";"3.922442"
"206140.0";"4.040881"
"206150.0";"3.930593"
"206160.0";"3.934636"
"206170.0";"4.089257"
"206180.0";"4.006696"
"206190.0";"3.947998"
"206200.0";"3.994977"
"206210.0";"4.009419"
"206220.0";"3.964342"
"206230.0";"3.883164"
"206240.0";"4.009838"
"206250.0";"4.039877"
"206260.0";"4.0562"
"206270.0";"3.96433"
"206280.0";"4.011765"
"206290.0";"3.94411"
"206300.0";"3.981643"
"206310.0";"3.974469"
"206320.0";"3.961387"
"206330.0";"4.022223"
"206340.0";"4.034718"
"206350.0";"3.9782"
"206360.0";"3.962267"
"206370.0";"3.973174"
"206380.0";"3.998872"
"206390.0";"4.052322"
"206400.0";"3.965514"
"206410.0";"4.003922"
"206420.0";"4.002694"
"206430.0";"4.079083"
"206440.0";"4.07041"
"206450.0";"3.957649"
"206460.0";"4.045892"
"206470.0";"3.961623"
"206480.0";"4.04501"
"206490.0";"3.767499"
"206500.0";"3.775989"
"206510.0";"3.870612"
"206520.0";"4.025227"
"206530.0";"3.94846"
"206540.0";"3.870332"
"206550.0";"3.89405"
"206560.0";"3.983474"
"206570.0";"3.931514"
"206580.0";"4.003456"
"206590.0";"3.870243"
"206600.0";"3.891658"
"206610.0";"3.937306"
"206620.0";"3.941929"
"206630.0";"3.9841"
"206640.0";"3.973409"
"206650.0";"4.043745"
"206660.0";"4.032318"
"206670.0";"3.945167"
"206680.0";"4.017313"
"206690.0";"3.997801"
"206700.0";"4.006834"
"206710.0";"4.038221"
"206720.0";"3.912833"
"206730.0";"3.933603"
"206740.0";"3.949053"
"206750.0";"3.923021"
"206760.0";"3.998727"
"206770.0";"3.952064"
"206780.0";"4.023258"
"206790.0";"3.966926"
"206800.0";"4.022577"
"206810.0";"3.951818"
"206820.0";"3.932962"
"206830.0";"3.957746"
"206840.0";"4.003389"
"206850.0";"3.955689"
"206860.0";"3.973742"
"206870.0";"3.916682"
"206880.0";"3.927772"
"206890.0";"3.896301"
"206900.0";"3.914924"
"206910.0";"3.921213"
"206920.0";"3.9468"
"206930.0";"3.906707"
"206940.0";"3.893182"
"206950.0";"3.954863"
"206960.0";"3.921368"
"206970.0";"4.028438"
"206980.0";"4.003085"
"206990.0";"3.967731"
"207000.0";"3.978286"
"207010.0";"3.975665"
"207020.0";"3.990776"
"207030.0";"3.773998"
"207040.0";"3.875747"
"207050.0";"3.837541"
"207060.0";"3.71177"
"207070.0";"3.857553"
"207080.0";"3.848518"
"207090.0";"3.842638"
"207100.0";"3.891864"
"207110.0";"3.899961"
"207120.0";"3.86956"
"207130.0";"3.976128"
"207140.0";"3.853941"
"207150.0";"3.947926"
"207160.0";"3.940811"
"207170.0";"4.032761"
"207180.0";"4.043352"
"207190.0";"3.996091"
"207200.0";"3.95495"
"207210.0";"3.996728"
"207220.0";"3.926881"
"207230.0";"3.976067"
"207240.0";"3.948541"
"207250.0";"3.996744"
"207260.0";"4.010184"
"207270.0";"3.967432"
"207280.0";"4.039791"
"207290.0";"3.963649"
"207300.0";"3.966991"
"207310.0";"3.909292"
"207320.0";"3.966884"
"207330.0";"3.938111"
"207340.0";"4.003203"
"207350.0";"3.969749"
"207360.0";"3.965784"
"207370.0";"3.986609"
"207380.0";"4.008642"
"207390.0";"4.051286"
"207400.0";"3.99213"
"207410.0";"4.034601"
"207420.0";"3.932189"
"207430.0";"3.989516"
"207440.0";"4.019107"
"207450.0";"3.957364"
"207460.0";"4.023631"
"207470.0";"3.989304"
"207480.0";"3.966766"
"207490.0";"4.013184"
"207500.0";"3.978232"
"207510.0";"3.988778"
"207520.0";"4.018877"
"207530.0";"3.999056"
"207540.0";"3.926351"
"207550.0";"3.894243"
"207560.0";"4.003066"
"207570.0";"3.939149"
"207580.0";"3.929167"
"207590.0";"3.956294"
"207600.0";"3.978769"
"207610.0";"3.91334"
"207620.0";"3.923244"
"207630.0";"3.967648"
"207640.0";"3.943348"
"207650.0";"4.038029"
"207660.0";"3.947845"
"207670.0";"3.967091"
"207680.0";"3.925652"
"207690.0";"3.971011"
"207700.0";"3.990812"
"207710.0";"3.977162"
"207720.0";"3.912843"
"207730.0";"3.958541"
"207740.0";"3.966061"
"207750.0";"3.963103"
"207760.0";"3.91878"
"207770.0";"3.925183"
"207780.0";"3.947106"
"207790.0";"3.952521"
"207800.0";"3.953993"
"207810.0";"3.92977"
"207820.0";"4.042068"
"207830.0";"4.101154"
"207840.0";"4.013968"
"207850.0";"3.987577"
"207860.0";"3.989378"
"207870.0";"3.952763"
"207880.0";"3.954031"
"207890.0";"3.954227"
"207900.0";"3.961497"
"207910.0";"3.931952"
"207920.0";"3.954044"
"207930.0";"3.945923"
"207940.0";"3.999034"
"207950.0";"3.952891"
"207960.0";"3.938985"
"207970.0";"3.951211"
"207980.0";"3.934217"
"207990.0";"3.948651"
"208000.0";"3.89967"
"208010.0";"3.909529"
"208020.0";"3.907481"
"208030.0";"4.005534"
"208040.0";"3.941766"
"208050.0";"3.911027"
"208060.0";"3.873068"
"208070.0";"3.908868"
"208080.0";"3.873544"
"208090.0";"3.914654"
"208100.0";"3.95888"
"208110.0";"4.001719"
"208120.0";"3.98799"
"208130.0";"3.913376"
"208140.0";"3.88889"
"208150.0";"3.919908"
"208160.0";"4.044751"
"208170.0";"3.920241"
"208180.0";"3.955977"
"208190.0";"3.98499"
"208200.0";"3.928834"
"208210.0";"4.001831"
"208220.0";"3.892803"
"208230.0";"4.012766"
"208240.0";"3.959347"
"208250.0";"3.941267"
"208260.0";"4.007217"
"208270.0";"3.962376"
"208280.0";"3.891466"
"208290.0";"3.928889"
"208300.0";"3.937011"
"208310.0";"3.953972"
"208320.0";"3.930593"
"208330.0";"3.847028"
"208340.0";"4.00898"
"208350.0";"4.052464"
"208360.0";"3.971824"
"208370.0";"3.989032"
"208380.0";"3.933977"
"208390.0";"3.995639"
"208400.0";"3.944216"
"208410.0";"3.904748"
"208420.0";"3.806903"
"208430.0";"3.830418"
"208440.0";"3.931903"
"208450.0";"4.033998"
"208460.0";"3.944127"
"208470.0";"3.931561"
"208480.0";"3.9543"
"208490.0";"3.932783"
"208500.0";"3.994359"
"208510.0";"4.00626"
"208520.0";"3.944038"
"208530.0";"3.985808"
"208540.0";"3.906974"
"208550.0";"3.938082"
"208560.0";"4.032063"
"208570.0";"4.012651"
"208580.0";"3.946551"
"208590.0";"4.004752"
"208600.0";"3.948175"
"208610.0";"3.959319"
"208620.0";"3.997737"
"208630.0";"4.020504"
"208640.0";"3.996536"
"208650.0";"3.894889"
"208660.0";"3.943494"
"208670.0";"3.8802"
"208680.0";"3.978122"
"208690.0";"4.028533"
"208700.0";"3.934782"
"208710.0";"3.985209"
"208720.0";"3.987987"
"208730.0";"3.96565"
"208740.0";"4.007247"
"208750.0";"3.93557"
"208760.0";"3.979209"
"208770.0";"3.94144"
"208780.0";"3.910829"
"208790.0";"3.990367"
"208800.0";"3.915493"
"208810.0";"3.974994"
"208820.0";"4.044392"
"208830.0";"3.930634"
"208840.0";"3.949497"
"208850.0";"3.975393"
"208860.0";"4.020889"
"208870.0";"4.064865"
"208880.0";"4.05131"
"208890.0";"4.053527"
"208900.0";"3.938911"
"208910.0";"3.9864"
"208920.0";"3.963355"
"208930.0";"4.018575"
"208940.0";"3.97399"
"208950.0";"3.992196"
"208960.0";"3.935377"
"208970.0";"3.961908"
"208980.0";"3.982117"
"208990.0";"3.913513"
"209000.0";"3.921316"
"209010.0";"3.899844"
"209020.0";"3.90293"
"209030.0";"3.9103"
"209040.0";"3.984627"
"209050.0";"3.944731"
"209060.0";"3.95629"
"209070.0";"3.938442"
"209080.0";"3.937385"
"209090.0";"3.930215"
"209100.0";"3.930669"
"209110.0";"3.975552"
"209120.0";"3.892153"
"209130.0";"3.923631"
"209140.0";"3.899946"
"209150.0";"3.910372"
"209160.0";"3.866638"
"209170.0";"3.986293"
"209180.0";"3.962217"
"209190.0";"3.870517"
"209200.0";"3.864251"
"209210.0";"3.885406"
"209220.0";"3.929871"
"209230.0";"3.984998"
"209240.0";"3.96437"
"209250.0";"3.99985"
"209260.0";"3.990708"
"209270.0";"3.925872"
"209280.0";"3.946118"
"209290.0";"3.91602"
"209300.0";"3.939041"
"209310.0";"4.001278"
"209320.0";"3.963393"
"209330.0";"3.960047"
"209340.0";"3.907862"
"209350.0";"4.054523"
"209360.0";"3.932415"
"209370.0";"3.988963"
"209380.0";"3.827059"
"209390.0";"4.01982"
"209400.0";"3.892461"
"209410.0";"3.944633"
"209420.0";"3.913448"
"209430.0";"3.910635"
"209440.0";"3.922246"
"209450.0";"3.967841"
"209460.0";"3.912733"
"209470.0";"3.946303"
"209480.0";"3.948767"
"209490.0";"3.960355"
"209500.0";"3.916824"
"209510.0";"3.953255"
"209520.0";"3.970656"
"209530.0";"4.017599"
"209540.0";"3.899545"
"209550.0";"4.006538"
"209560.0";"3.98187"
"209570.0";"3.951577"
"209580.0";"3.967091"
"209590.0";"3.95151"
"209600.0";"3.957457"
"209610.0";"3.985925"
"209620.0";"3.996296"
"209630.0";"3.947026"
"209640.0";"3.92998"
"209650.0";"3.930349"
"209660.0";"3.958312"
"209670.0";"3.977962"
"209680.0";"3.974249"
"209690.0";"3.948295"
"209700.0";"3.967736"
"209710.0";"3.966504"
"209720.0";"3.987887"
"209730.0";"3.904388"
"209740.0";"3.91486"
"209750.0";"3.84312"
"209760.0";"3.865795"
"209770.0";"3.939254"
"209780.0";"3.874504"
"209790.0";"3.981416"
"209800.0";"3.943737"
"209810.0";"3.95629"
"209820.0";"3.819352"
"209830.0";"3.940756"
"209840.0";"3.930223"
"209850.0";"3.94241"
"209860.0";"3.924198"
"209870.0";"3.966901"
"209880.0";"4.00621"
"209890.0";"3.945637"
"209900.0";"3.96011"
"209910.0";"3.9227"
"209920.0";"3.954121"
"209930.0";"3.95296"
"209940.0";"3.950575"
"209950.0";"3.949804"
"209960.0";"3.996046"
"209970.0";"3.937581"
"209980.0";"3.94651"
"209990.0";"3.950428"
"210000.0";"3.983088"
"210010.0";"4.014308"
"210020.0";"3.961458"
"210030.0";"3.947014"
"210040.0";"4.04677"
"210050.0";"3.941252"
"210060.0";"3.992955"
"210070.0";"4.060571"
"210080.0";"3.978306"
"210090.0";"3.933504"
"210100.0";"3.995512"
"210110.0";"3.948901"
"210120.0";"4.015265"
"210130.0";"3.967822"
"210140.0";"3.985237"
"210150.0";"3.964378"
"210160.0";"3.978608"
"210170.0";"3.957441"
"210180.0";"3.955793"
"210190.0";"3.935826"
"210200.0";"3.93757"
"210210.0";"3.971446"
"210220.0";"3.901726"
"210230.0";"3.873491"
"210240.0";"3.900205"
"210250.0";"3.967157"
"210260.0";"3.862686"
"210270.0";"3.951467"
"210280.0";"3.954814"
"210290.0";"3.882591"
"210300.0";"4.032868"
"210310.0";"3.955334"
"210320.0";"3.972142"
"210330.0";"4.020118"
"210340.0";"3.956236"
"210350.0";"3.916148"
"210360.0";"3.851825"
"210370.0";"3.937326"
"210380.0";"3.935702"
"210390.0";"3.939321"
"210400.0";"3.960292"
"210410.0";"4.104306"
"210420.0";"4.035538"
"210430.0";"4.045384"
"210440.0";"4.016119"
"210450.0";"3.965746"
"210460.0";"4.034094"
"210470.0";"4.11025"
"210480.0";"4.032463"
"210490.0";"4.056377"
"210500.0";"4.02491"
"210510.0";"4.02543"
"210520.0";"3.971882"
"210530.0";"4.12631"
"210540.0";"4.015032"
"210550.0";"4.030679"
"210560.0";"4.107229"
"210570.0";"4.073308"
"210580.0";"4.078221"
"210590.0";"4.078596"
"210600.0";"4.117281"
"210610.0";"4.09883"
"210620.0";"4.028918"
"210630.0";"4.096785"
"210640.0";"4.110279"
"210650.0";"4.104998"
"210660.0";"4.057639"
"210670.0";"4.130859"
"210680.0";"4.093554"
"210690.0";"4.045128"
"210700.0";"4.140771"
"210710.0";"4.030798"
"210720.0";"4.05634"
"210730.0";"4.027572"
"210740.0";"3.946881"
"210750.0";"3.985559"
"210760.0";"3.970178"
"210770.0";"3.981863"
"210780.0";"3.997099"
"210790.0";"3.915037"
"210800.0";"3.939487"
"210810.0";"3.960314"
"210820.0";"3.898844"
"210830.0";"3.985977"
"210840.0";"3.902194"
"210850.0";"3.91616"
"210860.0";"3.921093"
"210870.0";"3.988923"
"210880.0";"3.949378"
"210890.0";"3.827409"
"210900.0";"4.013577"
"210910.0";"3.923893"
"210920.0";"3.898902"
"210930.0";"3.908034"
"210940.0";"3.935623"
"210950.0";"3.893653"
"210960.0";"3.917132"
"210970.0";"3.902395"
"210980.0";"3.959245"
"210990.0";"3.90213"
"211000.0";"4.012109"
"211010.0";"4.019153"
"211020.0";"3.905905"
"211030.0";"3.838068"
"211040.0";"3.887216"
"211050.0";"3.910177"
"211060.0";"3.947294"
"211070.0";"3.992439"
"211080.0";"3.933105"
"211090.0";"3.969435"
"211100.0";"3.950035"
"211110.0";"4.014694"
"211120.0";"3.920865"
"211130.0";"3.973011"
"211140.0";"4.038069"
"211150.0";"4.013438"
"211160.0";"4.007842"
"211170.0";"4.02367"
"211180.0";"3.995991"
"211190.0";"3.946617"
"211200.0";"4.011282"
"211210.0";"4.004756"
"211220.0";"4.014789"
"211230.0";"4.000153"
"211240.0";"3.991059"
"211250.0";"3.937635"
"211260.0";"3.970534"
"211270.0";"3.923197"
"211280.0";"3.897775"
"211290.0";"3.922441"
"211300.0";"3.984399"
"211310.0";"3.909218"
"211320.0";"3.863638"
"211330.0";"4.055503"
"211340.0";"4.005859"
"211350.0";"3.964879"
"211360.0";"3.933398"
"211370.0";"3.974211"
"211380.0";"3.972673"
"211390.0";"3.995652"
"211400.0";"3.9732"
"211410.0";"3.925251"
"211420.0";"3.981639"
"211430.0";"3.951107"
"211440.0";"4.017011"
"211450.0";"3.983756"
"211460.0";"3.999098"
"211470.0";"3.903124"
"211480.0";"3.899629"
"211490.0";"3.963507"
"211500.0";"3.953667"
"211510.0";"4.045827"
"211520.0";"3.952134"
"211530.0";"3.903952"
"211540.0";"3.958643"
"211550.0";"3.913575"
"211560.0";"3.947742"
"211570.0";"3.954167"
"211580.0";"4.037272"
"211590.0";"3.962941"
"211600.0";"3.879964"
"211610.0";"3.964882"
"211620.0";"3.971584"
"211630.0";"3.943722"
"211640.0";"3.943058"
"211650.0";"3.954253"
"211660.0";"3.90432"
"211670.0";"4.001736"
"211680.0";"3.978397"
"211690.0";"4.007388"
"211700.0";"3.971336"
"211710.0";"4.016709"
"211720.0";"3.908844"
"211730.0";"3.960984"
"211740.0";"3.957108"
"211750.0";"3.915201"
"211760.0";"3.980888"
"211770.0";"3.989019"
"211780.0";"3.949121"
"211790.0";"3.974915"
"211800.0";"4.018264"
"211810.0";"3.959752"
"211820.0";"3.945541"
"211830.0";"3.925585"
"211840.0";"3.97004"
"211850.0";"3.993991"
"211860.0";"3.93785"
"211870.0";"3.932061"
"211880.0";"3.989967"
"211890.0";"3.980581"
"211900.0";"3.895324"
"211910.0";"3.986362"
"211920.0";"3.908756"
"211930.0";"4.036537"
"211940.0";"3.912248"
"211950.0";"3.923428"
"211960.0";"3.894547"
"211970.0";"3.866719"
"211980.0";"3.879587"
"211990.0";"3.80974"
"212000.0";"3.815959"
"212010.0";"3.886771"
"212020.0";"3.91819"
"212030.0";"3.871677"
"212040.0";"3.95499"
"212050.0";"3.849399"
"212060.0";"3.739508"
"212070.0";"3.929363"
"212080.0";"3.871379"
"212090.0";"3.969793"
"212100.0";"3.869437"
"212110.0";"3.838373"
"212120.0";"3.87016"
"212130.0";"3.880072"
"212140.0";"3.720178"
"212150.0";"3.926464"
"212160.0";"3.860538"
"212170.0";"3.846199"
"212180.0";"3.827533"
"212190.0";"3.791816"
"212200.0";"3.793925"
"212210.0";"3.816229"
"212220.0";"3.845943"
"212230.0";"3.96594"
"212240.0";"3.842541"
"212250.0";"3.873882"
"212260.0";"3.849661"
"212270.0";"3.905368"
"212280.0";"3.852792"
"212290.0";"4.024837"
"212300.0";"3.823901"
"212310.0";"3.826604"
"212320.0";"3.951811"
"212330.0";"3.860467"
"212340.0";"3.951754"
"212350.0";"3.890286"
"212360.0";"3.973351"
"212370.0";"3.959462"
"212380.0";"3.79495"
"212390.0";"3.939093"
"212400.0";"3.887692"
"212410.0";"3.980042"
"212420.0";"3.892962"
"212430.0";"3.92262"
"212440.0";"3.834101"
"212450.0";"3.886547"
"212460.0";"3.838904"
"212470.0";"3.888187"
"212480.0";"3.927598"
"212490.0";"3.89744"
"212500.0";"3.818735"
"212510.0";"3.931858"
"212520.0";"3.983303"
"212530.0";"3.840341"
"212540.0";"3.697911"
"212550.0";"3.867614"
"212560.0";"3.826116"
"212570.0";"3.993387"
"212580.0";"3.919791"
"212590.0";"3.86256"
"212600.0";"3.968594"
"212610.0";"3.830498"
"212620.0";"3.817724"
"212630.0";"3.806089"
"212640.0";"3.880545"
"212650.0";"3.856489"
"212660.0";"3.842727"
"212670.0";"3.868793"
"212680.0";"3.942225"
"212690.0";"3.888421"
"212700.0";"3.867402"
"212710.0";"3.888537"
"212720.0";"4.012135"
"212730.0";"3.976863"
"212740.0";"3.977594"
"212750.0";"3.950326"
"212760.0";"3.93927"
"212770.0";"3.876253"
"212780.0";"3.863189"
"212790.0";"3.873281"
"212800.0";"3.887723"
"212810.0";"3.826226"
"212820.0";"3.860209"
"212830.0";"3.920801"
"212840.0";"3.892755"
"212850.0";"3.882519"
"212860.0";"3.862149"
"212870.0";"3.907769"
"212880.0";"3.912681"
"212890.0";"3.880594"
"212900.0";"3.965156"
"212910.0";"3.928931"
"212920.0";"3.989477"
"212930.0";"3.958689"
"212940.0";"3.877538"
"212950.0";"3.935089"
"212960.0";"3.915037"
"212970.0";"3.944341"
"212980.0";"3.976546"
"212990.0";"3.865233"
"213000.0";"3.873286"
"213010.0";"3.888816"
"213020.0";"3.906039"
"213030.0";"3.814943"
"213040.0";"3.900377"
"213050.0";"3.832411"
"213060.0";"3.824448"
"213070.0";"3.891722"
"213080.0";"3.797879"
"213090.0";"3.908339"
"213100.0";"3.905879"
"213110.0";"3.911157"
"213120.0";"3.886502"
"213130.0";"3.865591"
"213140.0";"3.798197"
"213150.0";"3.792533"
"213160.0";"3.878803"
"213170.0";"3.90277"
"213180.0";"3.792845"
"213190.0";"3.931437"
"213200.0";"3.8588"
"213210.0";"3.902979"
"213220.0";"3.87178"
"213230.0";"3.933366"
"213240.0";"3.910912"
"213250.0";"3.828211"
"213260.0";"3.912087"
"213270.0";"3.859102"
"213280.0";"3.850266"
"213290.0";"3.869985"
"213300.0";"3.882869"
"213310.0";"3.889446"
"213320.0";"3.885094"
"213330.0";"3.932941"
"213340.0";"3.959161"
"213350.0";"3.978255"
"213360.0";"3.922346"
"213370.0";"3.949208"
"213380.0";"3.984256"
"213390.0";"3.874442"
"213400.0";"3.916975"
"213410.0";"3.878679"
"213420.0";"3.949296"
"213430.0";"3.909968"
"213440.0";"3.901358"
"213450.0";"3.977227"
"213460.0";"3.838383"
"213470.0";"3.966829"
"213480.0";"3.866334"
"213490.0";"3.937925"
"213500.0";"3.90197"
"213510.0";"3.9575"
"213520.0";"3.919377"
"213530.0";"3.956533"
"213540.0";"3.803152"
"213550.0";"3.951214"
"213560.0";"3.879704"
"213570.0";"3.943628"
"213580.0";"3.960037"
"213590.0";"3.939293"
"213600.0";"3.935387"
"213610.0";"3.977659"
"213620.0";"3.929954"
"213630.0";"3.952676"
"213640.0";"3.938566"
"213650.0";"3.889848"
"213660.0";"3.939117"
"213670.0";"3.926602"
"213680.0";"3.884986"
"213690.0";"3.901915"
"213700.0";"3.88088"
"213710.0";"3.894615"
"213720.0";"3.864396"
"213730.0";"3.947113"
"213740.0";"3.956164"
"213750.0";"3.936285"
"213760.0";"3.956667"
"213770.0";"3.926129"
"213780.0";"3.952094"
"213790.0";"3.950552"
"213800.0";"3.889482"
"213810.0";"4.018744"
"213820.0";"3.901632"
"213830.0";"3.995231"
"213840.0";"3.970245"
"213850.0";"3.987374"
"213860.0";"3.967973"
"213870.0";"3.975847"
"213880.0";"3.946042"
"213890.0";"3.915754"
"213900.0";"4.010337"
"213910.0";"3.939992"
"213920.0";"3.915371"
"213930.0";"3.92768"
"213940.0";"3.927655"
"213950.0";"3.970584"
"213960.0";"3.965134"
"213970.0";"3.99723"
"213980.0";"3.922744"
"213990.0";"3.924165"
"214000.0";"4.047912"
"214010.0";"3.957685"
"214020.0";"3.957805"
"214030.0";"4.045358"
"214040.0";"3.974651"
"214050.0";"3.980005"
"214060.0";"3.983727"
"214070.0";"3.949804"
"214080.0";"3.936433"
"214090.0";"3.94315"
"214100.0";"3.899845"
"214110.0";"3.914691"
"214120.0";"3.968905"
"214130.0";"3.986949"
"214140.0";"3.881612"
"214150.0";"3.913595"
"214160.0";"3.892832"
"214170.0";"4.011878"
"214180.0";"3.891055"
"214190.0";"3.954713"
"214200.0";"3.948248"
"214210.0";"3.908861"
"214220.0";"3.977629"
"214230.0";"3.956244"
"214240.0";"3.956489"
"214250.0";"3.931513"
"214260.0";"3.925655"
"214270.0";"3.91565"
"214280.0";"3.972855"
"214290.0";"3.989377"
"214300.0";"3.861127"
"214310.0";"4.028502"
"214320.0";"3.912665"
"214330.0";"3.931995"
"214340.0";"3.902904"
"214350.0";"3.897133"
"214360.0";"3.897505"
"214370.0";"3.97845"
"214380.0";"3.93896"
"214390.0";"4.016219"
"214400.0";"3.943588"
"214410.0";"3.953737"
"214420.0";"3.908787"
"214430.0";"3.899085"
"214440.0";"3.917682"
"214450.0";"3.947725"
"214460.0";"3.971195"
"214470.0";"3.935558"
"214480.0";"3.974818"
"214490.0";"3.919965"
"214500.0";"3.985075"
"214510.0";"3.969998"
"214520.0";"3.966514"
"214530.0";"3.896156"
"214540.0";"3.941086"
"214550.0";"3.992892"
"214560.0";"3.964524"
"214570.0";"3.975101"
"214580.0";"3.879895"
"214590.0";"3.941275"
"214600.0";"3.949649"
"214610.0";"3.938344"
"214620.0";"3.963936"
"214630.0";"3.948502"
"214640.0";"3.982316"
"214650.0";"3.939034"
"214660.0";"3.946596"
"214670.0";"4.000656"
"214680.0";"3.91464"
"214690.0";"3.986386"
"214700.0";"3.973412"
"214710.0";"3.920121"
"214720.0";"3.948658"
"214730.0";"3.959375"
"214740.0";"3.96325"
"214750.0";"4.000471"
"214760.0";"4.072897"
"214770.0";"4.015309"
"214780.0";"3.976473"
"214790.0";"3.955671"
"214800.0";"3.948707"
"214810.0";"3.981205"
"214820.0";"3.990261"
"214830.0";"4.00601"
"214840.0";"3.919813"
"214850.0";"3.965047"
"214860.0";"3.949573"
"214870.0";"3.978424"
"214880.0";"3.968703"
"214890.0";"3.983758"
"214900.0";"3.998079"
"214910.0";"4.016961"
"214920.0";"4.010919"
"214930.0";"3.925876"
"214940.0";"4.023757"
"214950.0";"3.983222"
"214960.0";"4.040995"
"214970.0";"3.930965"
"214980.0";"3.936014"
"214990.0";"4.014395"
"215000.0";"3.936855"
"215010.0";"3.909762"
"215020.0";"3.964244"
"215030.0";"3.952055"
"215040.0";"3.933943"
"215050.0";"3.9044"
"215060.0";"3.995852"
"215070.0";"4.032532"
"215080.0";"3.979934"
"215090.0";"3.964151"
"215100.0";"4.053439"
"215110.0";"3.972769"
"215120.0";"3.900389"
"215130.0";"3.957777"
"215140.0";"4.042282"
"215150.0";"4.068724"
"215160.0";"4.00506"
"215170.0";"4.041474"
"215180.0";"4.037329"
"215190.0";"4.044548"
"215200.0";"4.075084"
"215210.0";"4.038362"
"215220.0";"4.073476"
"215230.0";"4.009944"
"215240.0";"4.063312"
"215250.0";"4.014546"
"215260.0";"4.007257"
"215270.0";"3.968006"
"215280.0";"3.989672"
"215290.0";"3.998343"
"215300.0";"4.019915"
"215310.0";"3.974925"
"215320.0";"3.980933"
"215330.0";"4.022985"
"215340.0";"3.969239"
"215350.0";"4.052252"
"215360.0";"3.98085"
"215370.0";"4.000802"
"215380.0";"3.963653"
"215390.0";"4.023905"
"215400.0";"4.083847"
"215410.0";"3.945496"
"215420.0";"4.013697"
"215430.0";"3.96234"
"215440.0";"3.983775"
"215450.0";"4.094878"
"215460.0";"4.024931"
"215470.0";"4.082688"
"215480.0";"4.015288"
"215490.0";"4.008682"
"215500.0";"3.931133"
"215510.0";"3.985167"
"215520.0";"3.997697"
"215530.0";"3.996334"
"215540.0";"3.997374"
"215550.0";"3.951249"
"215560.0";"4.047812"
"215570.0";"3.982102"
"215580.0";"3.986802"
"215590.0";"3.941947"
"215600.0";"3.971791"
"215610.0";"3.970685"
"215620.0";"3.959436"
"215630.0";"4.093465"
"215640.0";"3.920305"
"215650.0";"3.982965"
"215660.0";"3.943392"
"215670.0";"3.954712"
"215680.0";"3.954784"
"215690.0";"3.970152"
"215700.0";"3.948739"
"215710.0";"4.00739"
"215720.0";"3.990103"
"215730.0";"4.032454"
"215740.0";"3.971481"
"215750.0";"3.999654"
"215760.0";"4.029689"
"215770.0";"3.99134"
"215780.0";"3.975027"
"215790.0";"3.903525"
"215800.0";"3.877593"
"215810.0";"3.939642"
"215820.0";"3.937566"
"215830.0";"3.941779"
"215840.0";"4.033846"
"215850.0";"3.960426"
"215860.0";"4.016235"
"215870.0";"4.000121"
"215880.0";"3.955367"
"215890.0";"3.978721"
"215900.0";"3.977941"
"215910.0";"3.992179"
"215920.0";"3.918622"
"215930.0";"3.990433"
"215940.0";"3.951717"
"215950.0";"3.915958"
"215960.0";"3.979628"
"215970.0";"3.905411"
"215980.0";"3.902481"
"215990.0";"3.970932"
"216000.0";"3.950862"
"216010.0";"3.943771"
"216020.0";"3.991176"
"216030.0";"4.025315"
"216040.0";"3.971792"
"216050.0";"3.949241"
"216060.0";"4.058065"
"216070.0";"3.994916"
"216080.0";"3.950219"
"216090.0";"3.980541"
"216100.0";"3.944329"
"216110.0";"3.993445"
"216120.0";"3.947682"
"216130.0";"3.952034"
"216140.0";"4.036663"
"216150.0";"3.948051"
"216160.0";"3.977672"
"216170.0";"3.96467"
"216180.0";"4.002995"
"216190.0";"4.011592"
"216200.0";"3.836028"
"216210.0";"3.959157"
"216220.0";"3.879549"
"216230.0";"3.803208"
"216240.0";"3.930902"
"216250.0";"3.924683"
"216260.0";"3.925091"
"216270.0";"3.998861"
"216280.0";"3.956354"
"216290.0";"4.019894"
"216300.0";"3.941628"
"216310.0";"3.945749"
"216320.0";"3.998853"
"216330.0";"4.046829"
"216340.0";"3.972988"
"216350.0";"3.942316"
"216360.0";"3.901421"
"216370.0";"3.972062"
"216380.0";"4.025461"
"216390.0";"3.952229"
"216400.0";"4.02723"
"216410.0";"4.050689"
"216420.0";"4.035662"
"216430.0";"3.991366"
"216440.0";"3.935457"
"216450.0";"4.064681"
"216460.0";"3.93596"
"216470.0";"4.006953"
"216480.0";"3.9625"
"216490.0";"3.854119"
"216500.0";"3.801779"
"216510.0";"4.002999"
"216520.0";"3.919453"
"216530.0";"3.998093"
"216540.0";"3.937065"
"216550.0";"3.899416"
"216560.0";"3.920873"
"216570.0";"3.976577"
"216580.0";"3.998139"
"216590.0";"3.929039"
"216600.0";"3.968877"
"216610.0";"3.971781"
"216620.0";"3.928105"
"216630.0";"3.923955"
"216640.0";"3.94271"
"216650.0";"3.946239"
"216660.0";"3.853112"
"216670.0";"3.891423"
"216680.0";"3.944231"
"216690.0";"3.91908"
"216700.0";"3.84498"
"216710.0";"3.954887"
"216720.0";"3.953307"
"216730.0";"3.883701"
"216740.0";"3.941934"
"216750.0";"4.027363"
"216760.0";"3.964218"
"216770.0";"3.871082"
"216780.0";"3.896041"
"216790.0";"3.961247"
"216800.0";"3.914068"
"216810.0";"3.929132"
"216820.0";"3.948301"
"216830.0";"3.957959"
"216840.0";"3.959287"
"216850.0";"4.043036"
"216860.0";"3.99904"
"216870.0";"3.971039"
"216880.0";"3.903259"
"216890.0";"3.919251"
"216900.0";"3.937323"
"216910.0";"3.963263"
"216920.0";"4.015476"
"216930.0";"3.90854"
"216940.0";"3.972074"
"216950.0";"4.059708"
"216960.0";"4.000035"
"216970.0";"3.90402"
"216980.0";"3.956068"
"216990.0";"4.055334"
"217000.0";"3.942866"
"217010.0";"3.873391"
"217020.0";"3.996304"
"217030.0";"3.83425"
"217040.0";"3.891132"
"217050.0";"3.940508"
"217060.0";"3.995283"
"217070.0";"3.926241"
"217080.0";"4.035685"
"217090.0";"4.071292"
"217100.0";"3.911936"
"217110.0";"3.979365"
"217120.0";"3.95918"
"217130.0";"3.981578"
"217140.0";"3.887576"
"217150.0";"3.96253"
"217160.0";"3.908245"
"217170.0";"3.949593"
"217180.0";"4.001878"
"217190.0";"3.942769"
"217200.0";"3.899768"
"217210.0";"3.941078"
"217220.0";"3.811066"
"217230.0";"3.932222"
"217240.0";"3.924909"
"217250.0";"3.932513"
"217260.0";"3.923809"
"217270.0";"3.881161"
"217280.0";"3.934745"
"217290.0";"3.895195"
"217300.0";"3.832167"
"217310.0";"3.946114"
"217320.0";"3.936193"
"217330.0";"3.939369"
"217340.0";"3.862768"
"217350.0";"3.823197"
"217360.0";"3.823818"
"217370.0";"3.880471"
"217380.0";"3.823484"
"217390.0";"3.893303"
"217400.0";"3.883587"
"217410.0";"3.896099"
"217420.0";"3.946782"
"217430.0";"3.90879"
"217440.0";"3.940048"
"217450.0";"4.016786"
"217460.0";"3.992811"
"217470.0";"3.988945"
"217480.0";"3.886854"
"217490.0";"3.935217"
"217500.0";"3.918928"
"217510.0";"3.944049"
"217520.0";"3.924467"
"217530.0";"3.978757"
"217540.0";"3.951707"
"217550.0";"4.005778"
"217560.0";"3.85159"
"217570.0";"3.862595"
"217580.0";"3.893028"
"217590.0";"3.96812"
"217600.0";"3.924569"
"217610.0";"3.963672"
"217620.0";"3.94354"
"217630.0";"3.838796"
"217640.0";"4.041238"
"217650.0";"3.875796"
"217660.0";"3.86165"
"217670.0";"3.863545"
"217680.0";"3.936393"
"217690.0";"3.935524"
"217700.0";"3.894833"
"217710.0";"3.941445"
"217720.0";"3.890214"
"217730.0";"3.898038"
"217740.0";"3.942943"
"217750.0";"3.934379"
"217760.0";"3.930647"
"217770.0";"3.965098"
"217780.0";"3.948088"
"217790.0";"3.937573"
"217800.0";"4.012213"
"217810.0";"3.939716"
"217820.0";"3.956537"
"217830.0";"3.981242"
"217840.0";"3.97578"
"217850.0";"3.919551"
"217860.0";"3.921233"
"217870.0";"3.985434"
"217880.0";"4.01364"
"217890.0";"3.979661"
"217900.0";"3.960223"
"217910.0";"3.952986"
"217920.0";"4.003212"
"217930.0";"3.93355"
"217940.0";"3.955699"
"217950.0";"3.843986"
"217960.0";"3.83634"
"217970.0";"3.960469"
"217980.0";"3.943491"
"217990.0";"3.967256"
"218000.0";"3.820927"
"218010.0";"3.790349"
"218020.0";"3.946098"
"218030.0";"3.900711"
"218040.0";"3.984977"
"218050.0";"3.87347"
"218060.0";"3.853312"
"218070.0";"3.814399"
"218080.0";"4.028543"
"218090.0";"3.970026"
"218100.0";"3.807082"
"218110.0";"3.901999"
"218120.0";"4.017105"
"218130.0";"3.923059"
"218140.0";"3.926341"
"218150.0";"3.886406"
"218160.0";"3.895746"
"218170.0";"3.771423"
"218180.0";"3.831679"
"218190.0";"3.837347"
"218200.0";"3.838103"
"218210.0";"3.865604"
"218220.0";"3.949843"
"218230.0";"3.945988"
"218240.0";"3.856275"
"218250.0";"3.885066"
"218260.0";"3.935342"
"218270.0";"3.947766"
"218280.0";"3.880645"
"218290.0";"3.966347"
"218300.0";"3.896768"
"218310.0";"3.926933"
"218320.0";"3.962744"
"218330.0";"3.926793"
"218340.0";"3.973791"
"218350.0";"3.901357"
"218360.0";"4.012552"
"218370.0";"3.880033"
"218380.0";"3.807636"
"218390.0";"3.79891"
"218400.0";"3.959704"
"218410.0";"3.933412"
"218420.0";"3.920353"
"218430.0";"3.90383"
"218440.0";"3.873864"
"218450.0";"3.931903"
"218460.0";"4.003664"
"218470.0";"3.95319"
"218480.0";"3.955996"
"218490.0";"3.996681"
"218500.0";"3.93944"
"218510.0";"3.9731"
"218520.0";"3.97047"
"218530.0";"4.008241"
"218540.0";"3.970884"
"218550.0";"3.981104"
"218560.0";"4.019739"
"218570.0";"3.968452"
"218580.0";"4.012996"
"218590.0";"4.008651"
"218600.0";"3.91918"
"218610.0";"3.873809"
"218620.0";"3.955835"
"218630.0";"3.889404"
"218640.0";"3.946641"
"218650.0";"3.952401"
"218660.0";"3.976784"
"218670.0";"3.9939"
"218680.0";"3.95468"
"218690.0";"3.876503"
"218700.0";"3.842501"
"218710.0";"3.88208"
"218720.0";"3.849013"
"218730.0";"3.890992"
"218740.0";"3.905527"
"218750.0";"3.957238"
"218760.0";"3.960816"
"218770.0";"3.946592"
"218780.0";"3.978403"
"218790.0";"4.000717"
"218800.0";"3.979688"
"218810.0";"3.908799"
"218820.0";"4.001298"
"218830.0";"3.966995"
"218840.0";"3.963248"
"218850.0";"3.904338"
"218860.0";"3.943397"
"218870.0";"4.02674"
"218880.0";"3.928345"
"218890.0";"3.948695"
"218900.0";"4.004666"
"218910.0";"3.903223"
"218920.0";"4.006677"
"218930.0";"3.975185"
"218940.0";"4.012535"
"218950.0";"4.053015"
"218960.0";"3.96393"
"218970.0";"4.044112"
"218980.0";"4.035089"
"218990.0";"4.013181"
"219000.0";"3.914258"
"219010.0";"3.990145"
"219020.0";"3.982991"
"219030.0";"4.072653"
"219040.0";"3.937029"
"219050.0";"3.943174"
"219060.0";"3.967147"
"219070.0";"3.890992"
"219080.0";"3.944781"
"219090.0";"3.963044"
"219100.0";"3.911181"
"219110.0";"3.996724"
"219120.0";"3.98345"
"219130.0";"3.958429"
"219140.0";"3.97789"
"219150.0";"3.898051"
"219160.0";"3.961632"
"219170.0";"3.977802"
"219180.0";"4.00476"
"219190.0";"3.996399"
"219200.0";"3.907321"
"219210.0";"3.972097"
"219220.0";"3.945594"
"219230.0";"3.947292"
"219240.0";"3.978228"
"219250.0";"4.017588"
"219260.0";"3.942504"
"219270.0";"3.991614"
"219280.0";"3.947618"
"219290.0";"3.977468"
"219300.0";"3.987951"
"219310.0";"3.909991"
"219320.0";"4.012026"
"219330.0";"3.940473"
"219340.0";"3.928156"
"219350.0";"4.005724"
"219360.0";"3.962793"
"219370.0";"3.899681"
"219380.0";"3.984972"
"219390.0";"3.906904"
"219400.0";"3.996668"
"219410.0";"3.982727"
"219420.0";"4.005488"
"219430.0";"3.974723"
"219440.0";"3.936805"
"219450.0";"3.999215"
"219460.0";"3.968225"
"219470.0";"3.905937"
"219480.0";"3.979989"
"219490.0";"3.999795"
"219500.0";"3.932229"
"219510.0";"3.994722"
"219520.0";"3.995327"
"219530.0";"3.918703"
"219540.0";"3.926455"
"219550.0";"4.053931"
"219560.0";"3.94508"
"219570.0";"3.938098"
"219580.0";"3.937863"
"219590.0";"4.026223"
"219600.0";"4.000921"
"219610.0";"3.936141"
"219620.0";"3.950483"
"219630.0";"3.9913"
"219640.0";"3.994628"
"219650.0";"3.950597"
"219660.0";"3.948322"
"219670.0";"4.006998"
"219680.0";"3.992224"
"219690.0";"3.991146"
"219700.0";"3.959919"
"219710.0";"3.937044"
"219720.0";"3.932945"
"219730.0";"3.877139"
"219740.0";"3.908212"
"219750.0";"3.992652"
"219760.0";"3.99116"
"219770.0";"3.983165"
"219780.0";"3.930854"
"219790.0";"3.972688"
"219800.0";"3.998791"
"219810.0";"3.911924"
"219820.0";"4.00737"
"219830.0";"3.856949"
"219840.0";"3.948384"
"219850.0";"3.918436"
"219860.0";"3.935141"
"219870.0";"3.920878"
"219880.0";"3.878085"
"219890.0";"3.949184"
"219900.0";"3.874151"
"219910.0";"3.851897"
"219920.0";"3.942744"
"219930.0";"3.953677"
"219940.0";"3.976177"
"219950.0";"3.954317"
"219960.0";"4.012864"
"219970.0";"3.997837"
"219980.0";"3.99697"
"219990.0";"4.026147"
"220000.0";"3.928193"
"220010.0";"3.937404"
"220020.0";"3.990684"
"220030.0";"4.015555"
"220040.0";"4.01279"
"220050.0";"4.00288"
"220060.0";"3.974473"
"220070.0";"3.978992"
"220080.0";"4.004037"
"220090.0";"3.958919"
"220100.0";"3.958874"
"220110.0";"3.983093"
"220120.0";"4.008374"
"220130.0";"3.949939"
"220140.0";"3.923102"
"220150.0";"3.961401"
"220160.0";"4.008154"
"220170.0";"3.96928"
"220180.0";"4.055699"
"220190.0";"4.004257"
"220200.0";"4.014741"
"220210.0";"3.973542"
"220220.0";"3.981859"
"220230.0";"3.920392"
"220240.0";"3.917153"
"220250.0";"3.917173"
"220260.0";"3.892588"
"220270.0";"3.952075"
"220280.0";"3.887075"
"220290.0";"3.855634"
"220300.0";"3.901544"
"220310.0";"3.930614"
"220320.0";"3.923642"
"220330.0";"3.946262"
"220340.0";"3.864611"
"220350.0";"3.881803"
"220360.0";"3.975982"
"220370.0";"3.965868"
"220380.0";"3.881608"
"220390.0";"3.825845"
"220400.0";"4.003262"
"220410.0";"3.993605"
"220420.0";"4.004603"
"220430.0";"3.977339"
"220440.0";"3.947132"
"220450.0";"3.933257"
"220460.0";"3.905937"
"220470.0";"3.974731"
"220480.0";"3.95842"
"220490.0";"3.97737"
"220500.0";"3.943959"
"220510.0";"3.968875"
"220520.0";"4.019349"
"220530.0";"3.983667"
"220540.0";"3.913986"
"220550.0";"3.996145"
"220560.0";"4.029001"
"220570.0";"4.005352"
"220580.0";"4.053294"
"220590.0";"3.943467"
"220600.0";"3.9785"
"220610.0";"3.964294"
"220620.0";"3.932287"
"220630.0";"3.863953"
"220640.0";"3.950544"
"220650.0";"3.908939"
"220660.0";"3.993413"
"220670.0";"3.953996"
"220680.0";"4.021325"
"220690.0";"3.911041"
"220700.0";"3.98097"
"220710.0";"3.893675"
"220720.0";"3.892272"
"220730.0";"3.974182"
"220740.0";"4.033987"
"220750.0";"4.066012"
"220760.0";"4.000142"
"220770.0";"3.963553"
"220780.0";"3.971099"
"220790.0";"4.006972"
"220800.0";"4.020863"
"220810.0";"4.039647"
"220820.0";"3.998376"
"220830.0";"3.965921"
"220840.0";"4.001527"
"220850.0";"3.985251"
"220860.0";"3.796505"
"220870.0";"3.968825"
"220880.0";"3.943904"
"220890.0";"4.020165"
"220900.0";"3.958941"
"220910.0";"4.042074"
"220920.0";"4.007655"
"220930.0";"3.975702"
"220940.0";"3.970721"
"220950.0";"4.011146"
"220960.0";"4.037317"
"220970.0";"4.078256"
"220980.0";"4.016939"
"220990.0";"4.024974"
"221000.0";"3.941727"
"221010.0";"4.033093"
"221020.0";"3.986944"
"221030.0";"3.96861"
"221040.0";"3.93615"
"221050.0";"3.963609"
"221060.0";"3.975078"
"221070.0";"3.960734"
"221080.0";"3.972958"
"221090.0";"3.942275"
"221100.0";"3.976383"
"221110.0";"3.955297"
"221120.0";"3.971962"
"221130.0";"4.017589"
"221140.0";"3.989987"
"221150.0";"4.032209"
"221160.0";"3.961548"
"221170.0";"3.916776"
"221180.0";"3.990934"
"221190.0";"3.995006"
"221200.0";"3.995929"
"221210.0";"3.987726"
"221220.0";"3.966769"
"221230.0";"4.007424"
"221240.0";"3.957933"
"221250.0";"4.005194"
"221260.0";"3.965982"
"221270.0";"3.955709"
"221280.0";"3.993636"
"221290.0";"3.986225"
"221300.0";"3.996958"
"221310.0";"3.997589"
"221320.0";"3.990067"
"221330.0";"3.991202"
"221340.0";"3.929938"
"221350.0";"3.962843"
"221360.0";"4.020766"
"221370.0";"3.96066"
"221380.0";"3.88445"
"221390.0";"3.901011"
"221400.0";"3.855703"
"221410.0";"3.857194"
"221420.0";"4.002105"
"221430.0";"3.944422"
"221440.0";"3.988216"
"221450.0";"4.006641"
"221460.0";"3.925054"
"221470.0";"4.026042"
"221480.0";"4.030055"
"221490.0";"4.014194"
"221500.0";"4.033597"
"221510.0";"4.047101"
"221520.0";"3.953965"
"221530.0";"3.980369"
"221540.0";"3.994456"
"221550.0";"3.974525"
"221560.0";"4.036794"
"221570.0";"3.946801"
"221580.0";"3.983057"
"221590.0";"4.016231"
"221600.0";"4.005586"
"221610.0";"4.009762"
"221620.0";"4.012434"
"221630.0";"4.087743"
"221640.0";"4.053848"
"221650.0";"4.067017"
"221660.0";"4.024191"
"221670.0";"4.079971"
"221680.0";"3.994435"
"221690.0";"4.013443"
"221700.0";"4.053186"
"221710.0";"3.996477"
"221720.0";"4.078043"
"221730.0";"4.085876"
"221740.0";"3.993453"
"221750.0";"4.009912"
"221760.0";"4.001843"
"221770.0";"3.986128"
"221780.0";"4.031085"
"221790.0";"3.981406"
"221800.0";"3.855235"
"221810.0";"3.949268"
"221820.0";"4.023521"
"221830.0";"4.017073"
"221840.0";"4.015924"
"221850.0";"4.030089"
"221860.0";"3.969341"
"221870.0";"3.93595"
"221880.0";"3.920037"
"221890.0";"4.019468"
"221900.0";"3.978023"
"221910.0";"3.980656"
"221920.0";"3.972037"
"221930.0";"4.071133"
"221940.0";"3.920786"
"221950.0";"3.980267"
"221960.0";"4.01239"
"221970.0";"4.052806"
"221980.0";"3.937032"
"221990.0";"3.980851"
"222000.0";"4.018823"
"222010.0";"4.006429"
"222020.0";"3.95017"
"222030.0";"4.037745"
"222040.0";"3.965989"
"222050.0";"4.042634"
"222060.0";"4.018799"
"222070.0";"4.054629"
"222080.0";"4.041389"
"222090.0";"3.998629"
"222100.0";"4.012658"
"222110.0";"3.978445"
"222120.0";"3.946163"
"222130.0";"3.943408"
"222140.0";"3.905179"
"222150.0";"3.934078"
"222160.0";"3.934337"
"222170.0";"3.865399"
"222180.0";"3.918515"
"222190.0";"3.936118"
"222200.0";"3.978237"
"222210.0";"4.002852"
"222220.0";"3.843558"
"222230.0";"3.86676"
"222240.0";"3.955892"
"222250.0";"3.989628"
"222260.0";"4.053897"
"222270.0";"4.033555"
"222280.0";"3.933029"
"222290.0";"4.060394"
"222300.0";"3.979214"
"222310.0";"3.867062"
"222320.0";"3.900091"
"222330.0";"3.826178"
"222340.0";"3.9247"
"222350.0";"3.880557"
"222360.0";"3.935917"
"222370.0";"3.901043"
"222380.0";"3.853894"
"222390.0";"3.881882"
"222400.0";"3.895335"
"222410.0";"3.985238"
"222420.0";"3.95663"
"222430.0";"3.999556"
"222440.0";"3.962422"
"222450.0";"3.983474"
"222460.0";"3.929049"
"222470.0";"4.050938"
"222480.0";"3.990487"
"222490.0";"4.019114"
"222500.0";"3.997566"
"222510.0";"3.897713"
"222520.0";"3.91159"
"222530.0";"3.964758"
"222540.0";"3.880217"
"222550.0";"3.784818"
"222560.0";"3.958369"
"222570.0";"3.860445"
"222580.0";"3.94314"
"222590.0";"3.951522"
"222600.0";"3.928685"
"222610.0";"3.973843"
"222620.0";"3.960237"
"222630.0";"4.044411"
"222640.0";"3.949787"
"222650.0";"3.955141"
"222660.0";"3.898474"
"222670.0";"3.963277"
"222680.0";"3.887276"
"222690.0";"3.848367"
"222700.0";"3.809288"
"222710.0";"3.859071"
"222720.0";"3.834841"
"222730.0";"3.944124"
"222740.0";"3.868513"
"222750.0";"3.976625"
"222760.0";"3.982054"
"222770.0";"3.993543"
"222780.0";"3.958218"
"222790.0";"3.924366"
"222800.0";"3.93407"
"222810.0";"3.897084"
"222820.0";"4.017211"
"222830.0";"3.873333"
"222840.0";"3.951551"
"222850.0";"3.917454"
"222860.0";"3.949582"
"222870.0";"3.883007"
"222880.0";"3.945134"
"222890.0";"3.845268"
"222900.0";"3.88877"
"222910.0";"3.921595"
"222920.0";"3.986188"
"222930.0";"3.943411"
"222940.0";"3.852561"
"222950.0";"3.84459"
"222960.0";"3.825404"
"222970.0";"3.8562"
"222980.0";"3.911669"
"222990.0";"3.991587"
"223000.0";"3.961621"
"223010.0";"3.9461"
"223020.0";"3.957476"
"223030.0";"3.950967"
"223040.0";"3.91197"
"223050.0";"3.967014"
"223060.0";"3.969649"
"223070.0";"3.924633"
"223080.0";"3.990934"
"223090.0";"3.959048"
"223100.0";"3.990337"
"223110.0";"3.943391"
"223120.0";"3.973109"
"223130.0";"3.970855"
"223140.0";"3.936432"
"223150.0";"3.973863"
"223160.0";"4.000883"
"223170.0";"4.007815"
"223180.0";"3.926191"
"223190.0";"4.008354"
"223200.0";"3.972403"
"223210.0";"3.946972"
"223220.0";"3.958162"
"223230.0";"3.974748"
"223240.0";"3.962726"
"223250.0";"3.953998"
"223260.0";"3.941399"
"223270.0";"3.877924"
"223280.0";"3.805934"
"223290.0";"3.863772"
"223300.0";"3.913812"
"223310.0";"3.909795"
"223320.0";"3.925027"
"223330.0";"4.010846"
"223340.0";"3.943007"
"223350.0";"3.906323"
"223360.0";"4.021894"
"223370.0";"3.825071"
"223380.0";"3.801946"
"223390.0";"3.890448"
"223400.0";"3.904749"
"223410.0";"3.952582"
"223420.0";"3.878175"
"223430.0";"3.999218"
"223440.0";"3.996946"
"223450.0";"4.007483"
"223460.0";"3.934547"
"223470.0";"3.91807"
"223480.0";"3.916951"
"223490.0";"3.993859"
"223500.0";"4.065959"
"223510.0";"4.037769"
"223520.0";"3.89576"
"223530.0";"3.945773"
"223540.0";"3.897487"
"223550.0";"3.900906"
"223560.0";"3.905927"
"223570.0";"3.980514"
"223580.0";"3.895054"
"223590.0";"3.919837"
"223600.0";"3.950589"
"223610.0";"3.905518"
"223620.0";"4.063929"
"223630.0";"3.972857"
"223640.0";"3.964248"
"223650.0";"3.913746"
"223660.0";"4.074781"
"223670.0";"3.884598"
"223680.0";"3.891785"
"223690.0";"3.791349"
"223700.0";"3.942616"
"223710.0";"3.870576"
"223720.0";"3.78245"
"223730.0";"3.993423"
"223740.0";"3.891375"
"223750.0";"3.83147"
"223760.0";"3.868598"
"223770.0";"3.909209"
"223780.0";"3.84494"
"223790.0";"3.993213"
"223800.0";"3.971255"
"223810.0";"3.89476"
"223820.0";"3.980638"
"223830.0";"4.040579"
"223840.0";"3.986149"
"223850.0";"3.982715"
"223860.0";"4.005265"
"223870.0";"3.941267"
"223880.0";"3.980498"
"223890.0";"4.059738"
"223900.0";"3.942357"
"223910.0";"3.990368"
"223920.0";"3.825323"
"223930.0";"3.945487"
"223940.0";"3.903918"
"223950.0";"3.990818"
"223960.0";"4.001593"
"223970.0";"3.937039"
"223980.0";"3.952549"
"223990.0";"3.853193"
"224000.0";"3.965233"
"224010.0";"3.925714"
"224020.0";"3.96592"
"224030.0";"3.831357"
"224040.0";"3.95595"
"224050.0";"3.975039"
"224060.0";"3.946262"
"224070.0";"3.988311"
"224080.0";"3.974757"
"224090.0";"3.985179"
"224100.0";"3.976159"
"224110.0";"4.021901"
"224120.0";"3.933945"
"224130.0";"3.918953"
"224140.0";"3.997131"
"224150.0";"3.859449"
"224160.0";"3.896497"
"224170.0";"3.976146"
"224180.0";"3.839547"
"224190.0";"3.941756"
"224200.0";"3.99345"
"224210.0";"4.049915"
"224220.0";"4.013864"
"224230.0";"3.922902"
"224240.0";"4.01368"
"224250.0";"4.005561"
"224260.0";"3.954427"
"224270.0";"3.952603"
"224280.0";"3.926143"
"224290.0";"3.973487"
"224300.0";"4.034452"
"224310.0";"4.07683"
"224320.0";"4.055187"
"224330.0";"3.953651"
"224340.0";"3.949196"
"224350.0";"4.055925"
"224360.0";"4.054211"
"224370.0";"3.953592"
"224380.0";"3.937807"
"224390.0";"3.896523"
"224400.0";"3.981484"
"224410.0";"3.896161"
"224420.0";"3.922583"
"224430.0";"3.973733"
"224440.0";"3.914936"
"224450.0";"3.903802"
"224460.0";"3.96157"
"224470.0";"3.951043"
"224480.0";"3.883974"
"224490.0";"3.919791"
"224500.0";"3.921309"
"224510.0";"3.866381"
"224520.0";"3.815552"
"224530.0";"3.890913"
"224540.0";"3.88781"
"224550.0";"3.858238"
"224560.0";"3.900433"
"224570.0";"3.789904"
"224580.0";"3.953043"
"224590.0";"3.926751"
"224600.0";"3.893058"
"224610.0";"3.860766"
"224620.0";"3.990563"
"224630.0";"3.966027"
"224640.0";"3.883682"
"224650.0";"3.932076"
"224660.0";"3.977701"
"224670.0";"4.031468"
"224680.0";"3.998571"
"224690.0";"3.933021"
"224700.0";"3.848882"
"224710.0";"3.836651"
"224720.0";"3.888503"
"224730.0";"3.876678"
"224740.0";"4.041908"
"224750.0";"4.025872"
"224760.0";"4.016288"
"224770.0";"3.91547"
"224780.0";"4.011939"
"224790.0";"3.914686"
"224800.0";"3.965277"
"224810.0";"3.926199"
"224820.0";"3.817134"
"224830.0";"3.919948"
"224840.0";"3.891952"
"224850.0";"4.044066"
"224860.0";"3.981614"
"224870.0";"4.005808"
"224880.0";"4.009313"
"224890.0";"3.962889"
"224900.0";"3.909402"
"224910.0";"3.958627"
"224920.0";"3.872022"
"224930.0";"3.95318"
"224940.0";"3.9295"
"224950.0";"4.001378"
"224960.0";"3.942768"
"224970.0";"3.990144"
"224980.0";"3.966234"
"224990.0";"3.982257"
"225000.0";"3.909131"
"225010.0";"3.987109"
"225020.0";"3.970868"
"225030.0";"4.02653"
"225040.0";"3.997988"
"225050.0";"4.053284"
"225060.0";"4.02409"
"225070.0";"4.000512"
"225080.0";"3.973417"
"225090.0";"3.975058"
"225100.0";"3.990704"
"225110.0";"3.953333"
"225120.0";"3.964043"
"225130.0";"3.892444"
"225140.0";"3.881566"
"225150.0";"3.890098"
"225160.0";"3.86132"
"225170.0";"3.982819"
"225180.0";"3.973787"
"225190.0";"3.975475"
"225200.0";"3.865911"
"225210.0";"3.921283"
"225220.0";"3.908561"
"225230.0";"3.92094"
"225240.0";"3.903763"
"225250.0";"3.876881"
"225260.0";"3.989119"
"225270.0";"3.952634"
"225280.0";"4.00063"
"225290.0";"3.990885"
"225300.0";"3.967697"
"225310.0";"3.976861"
"225320.0";"3.967833"
"225330.0";"3.872285"
"225340.0";"3.990313"
"225350.0";"4.014352"
"225360.0";"4.011158"
"225370.0";"4.047803"
"225380.0";"4.028553"
"225390.0";"4.00227"
"225400.0";"4.004872"
"225410.0";"4.067398"
"225420.0";"3.978022"
"225430.0";"3.926519"
"225440.0";"3.966648"
"225450.0";"3.966264"
"225460.0";"4.022416"
"225470.0";"3.907209"
"225480.0";"3.983688"
"225490.0";"3.863992"
"225500.0";"3.921581"
"225510.0";"3.941681"
"225520.0";"3.833543"
"225530.0";"3.989809"
"225540.0";"3.898078"
"225550.0";"3.925689"
"225560.0";"3.844049"
"225570.0";"3.894774"
"225580.0";"3.986124"
"225590.0";"3.963819"
"225600.0";"3.901914"
"225610.0";"4.043632"
"225620.0";"4.111913"
"225630.0";"4.060553"
"225640.0";"4.076749"
"225650.0";"4.050133"
"225660.0";"4.046835"
"225670.0";"4.017801"
"225680.0";"4.015955"
"225690.0";"4.013269"
"225700.0";"4.023222"
"225710.0";"4.12796"
"225720.0";"3.969932"
"225730.0";"3.925004"
"225740.0";"3.899816"
"225750.0";"3.981783"
"225760.0";"3.858964"
"225770.0";"3.95727"
"225780.0";"3.948151"
"225790.0";"3.903618"
"225800.0";"3.801099"
"225810.0";"3.857082"
"225820.0";"3.876041"
"225830.0";"3.810419"
"225840.0";"3.904097"
"225850.0";"3.861814"
"225860.0";"3.927068"
"225870.0";"3.853358"
"225880.0";"3.937219"
"225890.0";"3.951899"
"225900.0";"4.012069"
"225910.0";"3.988095"
"225920.0";"3.961135"
"225930.0";"3.970042"
"225940.0";"3.799944"
"225950.0";"3.85646"
"225960.0";"3.815039"
"225970.0";"3.757343"
"225980.0";"3.821936"
"225990.0";"3.990086"
"226000.0";"3.98996"
"226010.0";"3.952042"
"226020.0";"4.000866"
"226030.0";"3.922303"
"226040.0";"3.930627"
"226050.0";"3.94013"
"226060.0";"4.00054"
"226070.0";"3.931972"
"226080.0";"4.064157"
"226090.0";"3.935875"
"226100.0";"3.884175"
"226110.0";"3.880856"
"226120.0";"3.922078"
"226130.0";"3.910823"
"226140.0";"3.842614"
"226150.0";"3.908358"
"226160.0";"3.887192"
"226170.0";"3.971817"
"226180.0";"4.026388"
"226190.0";"4.007762"
"226200.0";"3.883632"
"226210.0";"3.901715"
"226220.0";"4.003472"
"226230.0";"4.03831"
"226240.0";"4.060716"
"226250.0";"4.055507"
"226260.0";"3.995999"
"226270.0";"3.90982"
"226280.0";"3.837416"
"226290.0";"3.951088"
"226300.0";"3.892987"
"226310.0";"3.893899"
"226320.0";"3.853317"
"226330.0";"3.982607"
"226340.0";"3.950556"
"226350.0";"3.781412"
"226360.0";"3.841136"
"226370.0";"3.78717"
"226380.0";"3.803447"
"226390.0";"3.713584"
"226400.0";"3.894439"
"226410.0";"3.773509"
"226420.0";"3.824132"
"226430.0";"3.804008"
"226440.0";"3.811381"
"226450.0";"3.84"
"226460.0";"3.844036"
"226470.0";"3.886401"
"226480.0";"3.831537"
"226490.0";"3.810464"
"226500.0";"3.847227"
"226510.0";"3.828723"
"226520.0";"3.816694"
"226530.0";"3.768793"
"226540.0";"3.941452"
"226550.0";"3.92283"
"226560.0";"3.95913"
"226570.0";"4.020434"
"226580.0";"3.974296"
"226590.0";"4.073043"
"226600.0";"3.897718"
"226610.0";"3.981205"
"226620.0";"3.948308"
"226630.0";"3.929601"
"226640.0";"3.969696"
"226650.0";"3.861892"
"226660.0";"3.972951"
"226670.0";"3.92857"
"226680.0";"3.892892"
"226690.0";"3.883282"
"226700.0";"3.96323"
"226710.0";"3.883077"
"226720.0";"3.950782"
"226730.0";"3.866098"
"226740.0";"3.790362"
"226750.0";"3.65521"
"226760.0";"3.738753"
"226770.0";"3.768787"
"226780.0";"3.758692"
"226790.0";"3.933153"
"226800.0";"3.75837"
"226810.0";"3.924769"
"226820.0";"3.78391"
"226830.0";"3.889397"
"226840.0";"3.796246"
"226850.0";"3.897163"
"226860.0";"3.816863"
"226870.0";"3.910223"
"226880.0";"3.897654"
"226890.0";"3.976968"
"226900.0";"3.829851"
"226910.0";"3.867911"
"226920.0";"3.878288"
"226930.0";"3.9191"
"226940.0";"3.931341"
"226950.0";"3.853999"
"226960.0";"3.848278"
"226970.0";"3.881334"
"226980.0";"3.905965"
"226990.0";"3.779387"
"227000.0";"3.777327"
"227010.0";"3.93534"
"227020.0";"3.888238"
"227030.0";"3.901482"
"227040.0";"3.841133"
"227050.0";"4.067192"
"227060.0";"3.959322"
"227070.0";"3.895577"
"227080.0";"3.898476"
"227090.0";"3.776837"
"227100.0";"3.895705"
"227110.0";"3.85895"
"227120.0";"3.881985"
"227130.0";"3.900966"
"227140.0";"3.913467"
"227150.0";"3.901083"
"227160.0";"3.741728"
"227170.0";"3.870985"
"227180.0";"3.891349"
"227190.0";"3.957469"
"227200.0";"3.961035"
"227210.0";"3.967668"
"227220.0";"3.980493"
"227230.0";"3.908766"
"227240.0";"3.989589"
"227250.0";"4.051866"
"227260.0";"3.952867"
"227270.0";"3.942262"
"227280.0";"3.872333"
"227290.0";"3.855714"
"227300.0";"3.923286"
"227310.0";"3.920734"
"227320.0";"3.937879"
"227330.0";"3.955624"
"227340.0";"3.983024"
"227350.0";"4.04618"
"227360.0";"4.033078"
"227370.0";"4.00517"
"227380.0";"4.09278"
"227390.0";"4.028712"
"227400.0";"3.998926"
"227410.0";"4.003429"
"227420.0";"3.93569"
"227430.0";"3.923944"
"227440.0";"3.889976"
"227450.0";"3.97587"
"227460.0";"3.997303"
"227470.0";"3.984884"
"227480.0";"3.993963"
"227490.0";"3.920277"
"227500.0";"3.950375"
"227510.0";"3.870706"
"227520.0";"3.929088"
"227530.0";"3.874547"
"227540.0";"3.97452"
"227550.0";"3.870628"
"227560.0";"4.004638"
"227570.0";"4.030168"
"227580.0";"3.93827"
"227590.0";"3.902127"
"227600.0";"3.930944"
"227610.0";"4.003853"
"227620.0";"3.971604"
"227630.0";"3.909716"
"227640.0";"3.900214"
"227650.0";"3.879656"
"227660.0";"3.970523"
"227670.0";"3.994937"
"227680.0";"3.962247"
"227690.0";"3.952569"
"227700.0";"4.007572"
"227710.0";"3.999326"
"227720.0";"3.891811"
"227730.0";"3.825298"
"227740.0";"3.993068"
"227750.0";"3.968454"
"227760.0";"3.928825"
"227770.0";"3.983228"
"227780.0";"4.001713"
"227790.0";"3.924636"
"227800.0";"4.016874"
"227810.0";"3.98489"
"227820.0";"4.052538"
"227830.0";"3.94883"
"227840.0";"3.941347"
"227850.0";"3.926881"
"227860.0";"3.957996"
"227870.0";"3.957035"
"227880.0";"3.937804"
"227890.0";"3.969912"
"227900.0";"3.856219"
"227910.0";"3.893889"
"227920.0";"3.90778"
"227930.0";"3.931996"
"227940.0";"3.948572"
"227950.0";"3.912041"
"227960.0";"3.910181"
"227970.0";"3.834627"
"227980.0";"3.910531"
"227990.0";"3.902824"
"228000.0";"3.960699"
"228010.0";"3.953943"
"228020.0";"3.855991"
"228030.0";"3.869206"
"228040.0";"3.938802"
"228050.0";"3.94686"
"228060.0";"4.022148"
"228070.0";"3.964861"
"228080.0";"3.948712"
"228090.0";"3.86291"
"228100.0";"3.92222"
"228110.0";"3.91488"
"228120.0";"3.86693"
"228130.0";"3.942667"
"228140.0";"3.998399"
"228150.0";"3.937555"
"228160.0";"3.966098"
"228170.0";"3.847874"
"228180.0";"4.001289"
"228190.0";"4.008789"
"228200.0";"3.997034"
"228210.0";"3.946197"
"228220.0";"3.988561"
"228230.0";"3.910317"
"228240.0";"3.988459"
"228250.0";"4.0563"
"228260.0";"3.958793"
"228270.0";"4.008013"
"228280.0";"3.944516"
"228290.0";"3.935739"
"228300.0";"4.002704"
"228310.0";"4.053982"
"228320.0";"3.992925"
"228330.0";"4.025168"
"228340.0";"3.998017"
"228350.0";"3.959649"
"228360.0";"3.91686"
"228370.0";"4.020558"
"228380.0";"3.974407"
"228390.0";"3.992626"
"228400.0";"3.943219"
"228410.0";"3.967884"
"228420.0";"3.94054"
"228430.0";"3.860788"
"228440.0";"3.85237"
"228450.0";"3.883257"
"228460.0";"3.87387"
"228470.0";"4.013279"
"228480.0";"3.95196"
"228490.0";"3.922082"
"228500.0";"3.919563"
"228510.0";"3.892697"
"228520.0";"3.957053"
"228530.0";"3.899423"
"228540.0";"3.955186"
"228550.0";"3.933923"
"228560.0";"3.783884"
"228570.0";"3.881343"
"228580.0";"3.969406"
"228590.0";"4.016486"
"228600.0";"4.030393"
"228610.0";"3.887799"
"228620.0";"3.937289"
"228630.0";"3.939691"
"228640.0";"4.012532"
"228650.0";"3.99451"
"228660.0";"3.968774"
"228670.0";"3.9129"
"228680.0";"3.885433"
"228690.0";"3.907515"
"228700.0";"3.961263"
"228710.0";"3.970749"
"228720.0";"3.996542"
"228730.0";"3.917922"
"228740.0";"3.941533"
"228750.0";"3.914416"
"228760.0";"3.955437"
"228770.0";"3.99044"
"228780.0";"3.962559"
"228790.0";"3.864261"
"228800.0";"4.005702"
"228810.0";"3.83585"
"228820.0";"3.877262"
"228830.0";"3.898085"
"228840.0";"3.942199"
"228850.0";"3.975994"
"228860.0";"3.979709"
"228870.0";"3.921372"
"228880.0";"3.958176"
"228890.0";"3.965187"
"228900.0";"3.939059"
"228910.0";"3.930271"
"228920.0";"3.957042"
"228930.0";"3.879485"
"228940.0";"3.978565"
"228950.0";"3.955236"
"228960.0";"3.968219"
"228970.0";"3.998012"
"228980.0";"3.994183"
"228990.0";"3.947666"
"229000.0";"3.880532"
"229010.0";"4.00112"
"229020.0";"3.976635"
"229030.0";"3.903287"
"229040.0";"3.943063"
"229050.0";"3.893222"
"229060.0";"3.882665"
"229070.0";"3.798009"
"229080.0";"3.905437"
"229090.0";"3.906457"
"229100.0";"3.915865"
"229110.0";"3.855532"
"229120.0";"3.983389"
"229130.0";"3.986791"
"229140.0";"3.992676"
"229150.0";"3.899916"
"229160.0";"4.020028"
"229170.0";"3.980301"
"229180.0";"4.040564"
"229190.0";"3.969367"
"229200.0";"4.00507"
"229210.0";"3.881275"
"229220.0";"3.950164"
"229230.0";"3.913181"
"229240.0";"4.026132"
"229250.0";"3.958857"
"229260.0";"3.9365"
"229270.0";"4.007429"
"229280.0";"3.896358"
"229290.0";"3.986746"
"229300.0";"3.931454"
"229310.0";"3.941562"
"229320.0";"3.835808"
"229330.0";"3.982712"
"229340.0";"3.904203"
"229350.0";"3.939921"
"229360.0";"3.94151"
"229370.0";"3.953431"
"229380.0";"3.98435"
"229390.0";"3.874576"
"229400.0";"3.953892"
"229410.0";"3.987943"
"229420.0";"3.979654"
"229430.0";"3.932149"
"229440.0";"3.851172"
"229450.0";"3.892817"
"229460.0";"3.959464"
"229470.0";"3.891347"
"229480.0";"3.907022"
"229490.0";"3.889042"
"229500.0";"3.9256"
"229510.0";"3.920874"
"229520.0";"3.924191"
"229530.0";"3.943432"
"229540.0";"3.906396"
"229550.0";"3.943561"
"229560.0";"4.002232"
"229570.0";"3.955144"
"229580.0";"3.939968"
"229590.0";"3.964661"
"229600.0";"3.883628"
"229610.0";"4.005615"
"229620.0";"3.948632"
"229630.0";"3.950934"
"229640.0";"3.991509"
"229650.0";"3.965529"
"229660.0";"3.909177"
"229670.0";"3.8792"
"229680.0";"3.879688"
"229690.0";"3.907655"
"229700.0";"3.994006"
"229710.0";"3.927606"
"229720.0";"3.976359"
"229730.0";"3.917521"
"229740.0";"3.90015"
"229750.0";"3.94692"
"229760.0";"3.982455"
"229770.0";"3.986035"
"229780.0";"4.018103"
"229790.0";"4.022141"
"229800.0";"4.035216"
"229810.0";"3.980295"
"229820.0";"3.917297"
"229830.0";"3.969802"
"229840.0";"3.974299"
"229850.0";"3.958378"
"229860.0";"4.010464"
"229870.0";"3.926032"
"229880.0";"3.962297"
"229890.0";"3.93013"
"229900.0";"3.996326"
"229910.0";"3.84503"
"229920.0";"3.917828"
"229930.0";"3.978989"
"229940.0";"4.027795"
"229950.0";"3.976589"
"229960.0";"3.897468"
"229970.0";"3.979467"
"229980.0";"3.962849"
"229990.0";"4.001267"
"230000.0";"3.944822"
"230010.0";"3.98116"
"230020.0";"3.965594"
"230030.0";"4.000994"
"230040.0";"3.990609"
"230050.0";"3.993214"
"230060.0";"3.939384"
"230070.0";"3.889701"
"230080.0";"3.970279"
"230090.0";"4.007598"
"230100.0";"3.99117"
"230110.0";"3.952178"
"230120.0";"3.880208"
"230130.0";"3.993674"
"230140.0";"3.945979"
"230150.0";"3.966299"
"230160.0";"3.96681"
"230170.0";"3.931275"
"230180.0";"3.914309"
"230190.0";"3.958188"
"230200.0";"4.032782"
"230210.0";"3.917173"
"230220.0";"3.938542"
"230230.0";"3.892085"
"230240.0";"3.894754"
"230250.0";"3.966783"
"230260.0";"3.988584"
"230270.0";"4.015019"
"230280.0";"3.968991"
"230290.0";"3.882591"
"230300.0";"3.866424"
"230310.0";"3.771108"
"230320.0";"3.97049"
"230330.0";"3.937822"
"230340.0";"4.020266"
"230350.0";"3.97905"
"230360.0";"3.949296"
"230370.0";"3.978504"
"230380.0";"4.03913"
"230390.0";"3.978059"
"230400.0";"3.976341"
"230410.0";"3.948537"
"230420.0";"3.984848"
"230430.0";"3.935977"
"230440.0";"3.899348"
"230450.0";"3.972509"
"230460.0";"3.99083"
"230470.0";"4.00669"
"230480.0";"3.967754"
"230490.0";"4.010004"
"230500.0";"4.088274"
"230510.0";"4.035439"
"230520.0";"3.970488"
"230530.0";"3.842857"
"230540.0";"3.952574"
"230550.0";"3.936598"
"230560.0";"4.003545"
"230570.0";"4.004824"
"230580.0";"4.031805"
"230590.0";"3.965991"
"230600.0";"3.952479"
"230610.0";"4.007981"
"230620.0";"4.008439"
"230630.0";"4.004882"
"230640.0";"3.963274"
"230650.0";"3.970186"
"230660.0";"3.884817"
"230670.0";"3.880742"
"230680.0";"3.909038"
"230690.0";"4.007847"
"230700.0";"3.994889"
"230710.0";"3.89148"
"230720.0";"4.022711"
"230730.0";"3.899677"
"230740.0";"4.005679"
"230750.0";"3.940353"
"230760.0";"4.00135"
"230770.0";"3.949344"
"230780.0";"3.970829"
"230790.0";"3.983071"
"230800.0";"4.033271"
"230810.0";"4.002434"
"230820.0";"4.047524"
"230830.0";"4.061382"
"230840.0";"4.000731"
"230850.0";"4.032498"
"230860.0";"3.956915"
"230870.0";"3.94807"
"230880.0";"3.963201"
"230890.0";"3.958393"
"230900.0";"3.985847"
"230910.0";"3.970485"
"230920.0";"3.987844"
"230930.0";"3.993644"
"230940.0";"4.034866"
"230950.0";"3.913146"
"230960.0";"3.985645"
"230970.0";"3.98244"
"230980.0";"3.973348"
"230990.0";"3.978613"
"231000.0";"3.959533"
"231010.0";"3.958726"
"231020.0";"4.013368"
"231030.0";"3.992235"
"231040.0";"3.935891"
"231050.0";"4.075051"
"231060.0";"3.996902"
"231070.0";"3.942704"
"231080.0";"3.966893"
"231090.0";"3.968082"
"231100.0";"3.971314"
"231110.0";"3.935962"
"231120.0";"4.037014"
"231130.0";"4.005055"
"231140.0";"4.015677"
"231150.0";"3.966053"
"231160.0";"3.947883"
"231170.0";"3.993171"
"231180.0";"3.94096"
"231190.0";"3.976815"
"231200.0";"3.983381"
"231210.0";"3.984171"
"231220.0";"4.008646"
"231230.0";"3.975239"
"231240.0";"3.993084"
"231250.0";"3.996186"
"231260.0";"3.985015"
"231270.0";"4.006952"
"231280.0";"3.954135"
"231290.0";"4.009927"
"231300.0";"3.97792"
"231310.0";"3.997272"
"231320.0";"4.04144"
"231330.0";"4.048413"
"231340.0";"3.98714"
"231350.0";"4.018714"
"231360.0";"3.976832"
"231370.0";"3.920863"
"231380.0";"3.970278"
"231390.0";"3.996099"
"231400.0";"3.986561"
"231410.0";"4.01303"
"231420.0";"4.029708"
"231430.0";"4.046514"
"231440.0";"3.926142"
"231450.0";"3.97192"
"231460.0";"3.950272"
"231470.0";"3.976031"
"231480.0";"3.995282"
"231490.0";"4.035908"
"231500.0";"4.023681"
"231510.0";"3.994462"
"231520.0";"3.997473"
"231530.0";"3.964223"
"231540.0";"3.98767"
"231550.0";"3.962962"
"231560.0";"3.96645"
"231570.0";"3.992677"
"231580.0";"3.961508"
"231590.0";"3.907883"
"231600.0";"3.855742"
"231610.0";"3.924637"
"231620.0";"3.923671"
"231630.0";"3.950312"
"231640.0";"3.912457"
"231650.0";"3.904818"
"231660.0";"3.963494"
"231670.0";"3.960951"
"231680.0";"3.915315"
"231690.0";"3.973411"
"231700.0";"3.990218"
"231710.0";"3.989111"
"231720.0";"4.041812"
"231730.0";"4.000768"
"231740.0";"4.012792"
"231750.0";"3.912877"
"231760.0";"3.953349"
"231770.0";"3.97178"
"231780.0";"3.938613"
"231790.0";"3.961604"
"231800.0";"3.933035"
"231810.0";"3.935143"
"231820.0";"3.883457"
"231830.0";"3.920304"
"231840.0";"3.943816"
"231850.0";"3.833589"
"231860.0";"3.811962"
"231870.0";"3.90847"
"231880.0";"3.967752"
"231890.0";"3.927159"
"231900.0";"3.935104"
"231910.0";"3.906725"
"231920.0";"3.977741"
"231930.0";"3.938019"
"231940.0";"4.002878"
"231950.0";"3.955455"
"231960.0";"3.981591"
"231970.0";"3.937439"
"231980.0";"3.986694"
"231990.0";"3.980419"
"232000.0";"3.945687"
"232010.0";"3.986852"
"232020.0";"3.933604"
"232030.0";"3.951907"
"232040.0";"3.994072"
"232050.0";"3.972174"
"232060.0";"3.961144"
"232070.0";"3.972166"
"232080.0";"3.934355"
"232090.0";"3.834071"
"232100.0";"3.914355"
"232110.0";"3.978329"
"232120.0";"3.979736"
"232130.0";"3.953345"
"232140.0";"3.978121"
"232150.0";"3.964598"
"232160.0";"3.991427"
"232170.0";"3.990693"
"232180.0";"3.964"
"232190.0";"3.933278"
"232200.0";"4.030656"
"232210.0";"4.018506"
"232220.0";"3.99137"
"232230.0";"4.061951"
"232240.0";"3.978085"
"232250.0";"3.928206"
"232260.0";"3.942302"
"232270.0";"3.885273"
"232280.0";"3.921583"
"232290.0";"3.979864"
"232300.0";"4.00953"
"232310.0";"3.972427"
"232320.0";"3.89597"
"232330.0";"3.914797"
"232340.0";"3.992544"
"232350.0";"4.016367"
"232360.0";"3.871708"
"232370.0";"3.97791"
"232380.0";"3.953334"
"232390.0";"3.929381"
"232400.0";"3.865485"
"232410.0";"3.890713"
"232420.0";"3.845176"
"232430.0";"3.892333"
"232440.0";"3.878735"
"232450.0";"3.881882"
"232460.0";"3.960868"
"232470.0";"3.909553"
"232480.0";"3.842987"
"232490.0";"3.834776"
"232500.0";"3.925105"
"232510.0";"3.859515"
"232520.0";"3.973261"
"232530.0";"3.846548"
"232540.0";"3.948246"
"232550.0";"3.884962"
"232560.0";"3.929882"
"232570.0";"3.975874"
"232580.0";"3.984224"
"232590.0";"3.973193"
"232600.0";"3.95971"
"232610.0";"3.972869"
"232620.0";"3.938783"
"232630.0";"3.921555"
"232640.0";"3.949058"
"232650.0";"3.942201"
"232660.0";"3.986874"
"232670.0";"3.903328"
"232680.0";"3.970282"
"232690.0";"4.0805"
"232700.0";"3.958919"
"232710.0";"3.917108"
"232720.0";"3.998746"
"232730.0";"4.054414"
"232740.0";"4.01304"
"232750.0";"4.000564"
"232760.0";"3.97606"
"232770.0";"3.990104"
"232780.0";"3.968608"
"232790.0";"4.010364"
"232800.0";"4.076351"
"232810.0";"3.940072"
"232820.0";"4.016577"
"232830.0";"3.997905"
"232840.0";"3.938033"
"232850.0";"4.060541"
"232860.0";"3.923567"
"232870.0";"3.902064"
"232880.0";"3.815047"
"232890.0";"3.956978"
"232900.0";"3.973247"
"232910.0";"3.985932"
"232920.0";"3.91461"
"232930.0";"3.859929"
"232940.0";"3.959164"
"232950.0";"3.943814"
"232960.0";"3.951186"
"232970.0";"3.99228"
"232980.0";"3.931021"
"232990.0";"3.984971"
"233000.0";"4.039003"
"233010.0";"3.977842"
"233020.0";"3.979391"
"233030.0";"3.978727"
"233040.0";"4.01721"
"233050.0";"4.022384"
"233060.0";"4.003447"
"233070.0";"3.922244"
"233080.0";"3.975065"
"233090.0";"3.99595"
"233100.0";"3.963756"
"233110.0";"3.978858"
"233120.0";"3.900723"
"233130.0";"3.934755"
"233140.0";"3.94517"
"233150.0";"3.920895"
"233160.0";"3.932197"
"233170.0";"3.868586"
"233180.0";"3.889742"
"233190.0";"3.904362"
"233200.0";"3.964878"
"233210.0";"3.906502"
"233220.0";"3.932031"
"233230.0";"4.016748"
"233240.0";"4.037484"
"233250.0";"4.04643"
"233260.0";"4.028498"
"233270.0";"4.001352"
"233280.0";"3.975055"
"233290.0";"3.95932"
"233300.0";"4.026805"
"233310.0";"3.983476"
"233320.0";"4.006529"
"233330.0";"4.023509"
"233340.0";"4.038344"
"233350.0";"4.038772"
"233360.0";"4.069242"
"233370.0";"4.036227"
"233380.0";"4.043347"
"233390.0";"4.047582"
"233400.0";"3.947077"
"233410.0";"3.949022"
"233420.0";"4.073286"
"233430.0";"4.06682"
"233440.0";"4.055479"
"233450.0";"4.032196"
"233460.0";"4.014483"
"233470.0";"4.026487"
"233480.0";"4.066532"
"233490.0";"3.991371"
"233500.0";"3.991457"
"233510.0";"3.93208"
"233520.0";"3.902077"
"233530.0";"3.96675"
"233540.0";"3.896858"
"233550.0";"4.031822"
"233560.0";"4.049933"
"233570.0";"3.999118"
"233580.0";"3.983506"
"233590.0";"3.922891"
"233600.0";"3.869906"
"233610.0";"4.015532"
"233620.0";"3.949594"
"233630.0";"3.957396"
"233640.0";"3.914599"
"233650.0";"4.012848"
"233660.0";"3.97494"
"233670.0";"3.957353"
"233680.0";"3.955722"
"233690.0";"3.918618"
"233700.0";"3.961362"
"233710.0";"4.01169"
"233720.0";"3.958289"
"233730.0";"3.958523"
"233740.0";"3.913052"
"233750.0";"3.963119"
"233760.0";"4.009117"
"233770.0";"3.940079"
"233780.0";"3.889496"
"233790.0";"3.864958"
"233800.0";"3.826143"
"233810.0";"3.816385"
"233820.0";"3.877296"
"233830.0";"3.904462"
"233840.0";"3.950644"
"233850.0";"3.87596"
"233860.0";"3.921363"
"233870.0";"3.890441"
"233880.0";"3.905131"
"233890.0";"4.012271"
"233900.0";"3.943102"
"233910.0";"3.969555"
"233920.0";"3.926202"
"233930.0";"3.97213"
"233940.0";"3.978368"
"233950.0";"4.031855"
"233960.0";"3.994011"
"233970.0";"4.052226"
"233980.0";"3.939653"
"233990.0";"3.95367"
"234000.0";"3.960772"
"234010.0";"3.925467"
"234020.0";"3.960192"
"234030.0";"3.969189"
"234040.0";"4.036277"
"234050.0";"4.001307"
"234060.0";"4.033477"
"234070.0";"4.013741"
"234080.0";"4.000312"
"234090.0";"4.001622"
"234100.0";"3.924049"
"234110.0";"4.023061"
"234120.0";"3.905885"
"234130.0";"3.965581"
"234140.0";"4.011675"
"234150.0";"3.956116"
"234160.0";"3.981522"
"234170.0";"3.985432"
"234180.0";"3.930056"
"234190.0";"3.919553"
"234200.0";"3.921507"
"234210.0";"3.914646"
"234220.0";"3.962876"
"234230.0";"3.972688"
"234240.0";"3.97509"
"234250.0";"3.988271"
"234260.0";"3.960181"
"234270.0";"3.956913"
"234280.0";"3.911716"
"234290.0";"3.945394"
"234300.0";"4.013608"
"234310.0";"3.969576"
"234320.0";"3.913441"
"234330.0";"3.873822"
"234340.0";"3.851907"
"234350.0";"3.835266"
"234360.0";"3.899734"
"234370.0";"3.849722"
"234380.0";"3.833102"
"234390.0";"3.854561"
"234400.0";"3.854256"
"234410.0";"3.859872"
"234420.0";"3.853737"
"234430.0";"3.922107"
"234440.0";"3.896544"
"234450.0";"3.893009"
"234460.0";"3.826624"
"234470.0";"3.853749"
"234480.0";"3.866528"
"234490.0";"3.916496"
"234500.0";"3.858605"
"234510.0";"3.857213"
"234520.0";"3.861323"
"234530.0";"3.944406"
"234540.0";"3.85434"
"234550.0";"3.919906"
"234560.0";"3.840777"
"234570.0";"3.83311"
"234580.0";"3.863882"
"234590.0";"3.954309"
"234600.0";"3.954607"
"234610.0";"3.991993"
"234620.0";"3.902758"
"234630.0";"3.963248"
"234640.0";"3.950972"
"234650.0";"4.026581"
"234660.0";"3.982992"
"234670.0";"4.053182"
"234680.0";"3.980206"
"234690.0";"3.992636"
"234700.0";"4.001143"
"234710.0";"4.014666"
"234720.0";"3.979184"
"234730.0";"3.989527"
"234740.0";"4.003868"
"234750.0";"4.01282"
"234760.0";"3.81066"
"234770.0";"3.954748"
"234780.0";"4.002484"
"234790.0";"3.917941"
"234800.0";"3.885873"
"234810.0";"3.919398"
"234820.0";"3.806425"
"234830.0";"3.877432"
"234840.0";"3.909658"
"234850.0";"3.969659"
"234860.0";"3.880162"
"234870.0";"3.963603"
"234880.0";"4.070499"
"234890.0";"4.031979"
"234900.0";"3.924443"
"234910.0";"4.062711"
"234920.0";"3.893309"
"234930.0";"4.027789"
"234940.0";"4.017466"
"234950.0";"3.824344"
"234960.0";"3.824771"
"234970.0";"3.821601"
"234980.0";"3.909993"
"234990.0";"3.910835"
"235000.0";"3.899859"
"235010.0";"3.927647"
"235020.0";"3.985214"
"235030.0";"3.975035"
"235040.0";"4.019429"
"235050.0";"3.976703"
"235060.0";"3.996569"
"235070.0";"3.92216"
"235080.0";"3.917328"
"235090.0";"3.95884"
"235100.0";"3.90158"
"235110.0";"3.927536"
"235120.0";"3.969146"
"235130.0";"3.921649"
"235140.0";"3.980456"
"235150.0";"3.936775"
"235160.0";"3.910684"
"235170.0";"3.872752"
"235180.0";"3.936053"
"235190.0";"3.852961"
"235200.0";"3.894648"
"235210.0";"4.023429"
"235220.0";"3.893875"
"235230.0";"3.873413"
"235240.0";"3.916964"
"235250.0";"3.896346"
"235260.0";"3.95874"
"235270.0";"4.041319"
"235280.0";"3.999713"
"235290.0";"4.031134"
"235300.0";"3.954434"
"235310.0";"4.099881"
"235320.0";"3.880913"
"235330.0";"3.828107"
"235340.0";"3.756668"
"235350.0";"3.832038"
"235360.0";"3.98612"
"235370.0";"3.993865"
"235380.0";"4.033368"
"235390.0";"3.946434"
"235400.0";"3.90936"
"235410.0";"3.901929"
"235420.0";"3.941056"
"235430.0";"3.896293"
"235440.0";"3.885177"
"235450.0";"3.993866"
"235460.0";"4.025691"
"235470.0";"3.960679"
"235480.0";"3.95242"
"235490.0";"3.915918"
"235500.0";"3.924479"
"235510.0";"3.982683"
"235520.0";"3.814049"
"235530.0";"3.840245"
"235540.0";"3.847935"
"235550.0";"3.974841"
"235560.0";"3.867644"
"235570.0";"3.924564"
"235580.0";"3.830068"
"235590.0";"3.970088"
"235600.0";"3.960095"
"235610.0";"3.916633"
"235620.0";"3.874499"
"235630.0";"3.905623"
"235640.0";"3.92669"
"235650.0";"3.947149"
"235660.0";"3.972521"
"235670.0";"4.00097"
"235680.0";"3.972993"
"235690.0";"3.998666"
"235700.0";"3.94716"
"235710.0";"3.96445"
"235720.0";"3.948756"
"235730.0";"3.889431"
"235740.0";"3.928428"
"235750.0";"4.001995"
"235760.0";"3.845265"
"235770.0";"3.896372"
"235780.0";"3.841001"
"235790.0";"3.831026"
"235800.0";"3.819148"
"235810.0";"3.832367"
"235820.0";"3.988364"
"235830.0";"3.964304"
"235840.0";"4.092582"
"235850.0";"4.011024"
"235860.0";"4.118574"
"235870.0";"4.079026"
"235880.0";"4.075312"
"235890.0";"4.096445"
"235900.0";"3.904217"
"235910.0";"4.010852"
"235920.0";"4.036357"
"235930.0";"4.071259"
"235940.0";"4.014663"
"235950.0";"4.027712"
"235960.0";"4.014384"
"235970.0";"4.006007"
"235980.0";"3.929731"
"235990.0";"4.019936"
"236000.0";"3.925053"
"236010.0";"4.024991"
"236020.0";"4.07695"
"236030.0";"3.977796"
"236040.0";"4.072201"
"236050.0";"3.964403"
"236060.0";"3.971155"
"236070.0";"4.002999"
"236080.0";"3.999302"
"236090.0";"3.919716"
"236100.0";"4.00341"
"236110.0";"3.96745"
"236120.0";"4.026181"
"236130.0";"3.991936"
"236140.0";"3.98262"
"236150.0";"4.050285"
"236160.0";"3.970614"
"236170.0";"4.065184"
"236180.0";"3.988224"
"236190.0";"4.06592"
"236200.0";"4.064335"
"236210.0";"3.992542"
"236220.0";"3.989291"
"236230.0";"4.002875"
"236240.0";"3.953995"
"236250.0";"4.083369"
"236260.0";"4.00638"
"236270.0";"4.026319"
"236280.0";"4.110615"
"236290.0";"4.112618"
"236300.0";"4.044037"
"236310.0";"4.131347"
"236320.0";"4.047293"
"236330.0";"4.036929"
"236340.0";"3.978738"
"236350.0";"4.058722"
"236360.0";"4.010052"
"236370.0";"4.148149"
"236380.0";"4.084774"
"236390.0";"4.133294"
"236400.0";"4.170204"
"236410.0";"4.094318"
"236420.0";"4.059498"
"236430.0";"4.087575"
"236440.0";"4.093929"
"236450.0";"4.118603"
"236460.0";"4.039241"
"236470.0";"3.999198"
"236480.0";"4.09901"
"236490.0";"4.050397"
"236500.0";"4.05017"
"236510.0";"4.077062"
"236520.0";"4.073355"
"236530.0";"4.049348"
"236540.0";"4.045458"
"236550.0";"4.10189"
"236560.0";"4.080134"
"236570.0";"4.031602"
"236580.0";"4.136802"
"236590.0";"4.086143"
"236600.0";"4.064369"
"236610.0";"4.09774"
"236620.0";"4.047975"
"236630.0";"4.060468"
"236640.0";"4.07488"
"236650.0";"4.093165"
"236660.0";"4.097941"
"236670.0";"4.094974"
"236680.0";"3.936049"
"236690.0";"4.022238"
"236700.0";"3.979299"
"236710.0";"4.033224"
"236720.0";"3.98427"
"236730.0";"4.070314"
"236740.0";"3.987162"
"236750.0";"3.932778"
"236760.0";"4.004786"
"236770.0";"4.000472"
"236780.0";"3.986241"
"236790.0";"4.011767"
"236800.0";"4.032228"
"236810.0";"4.042767"
"236820.0";"4.044298"
"236830.0";"3.875777"
"236840.0";"4.003437"
"236850.0";"3.989608"
"236860.0";"3.931121"
"236870.0";"4.046782"
"236880.0";"3.967699"
"236890.0";"4.032586"
"236900.0";"4.058896"
"236910.0";"4.000004"
"236920.0";"4.048116"
"236930.0";"4.038833"
"236940.0";"3.908581"
"236950.0";"4.016039"
"236960.0";"3.986921"
"236970.0";"4.064673"
"236980.0";"4.058615"
"236990.0";"4.014152"
"237000.0";"4.003664"
"237010.0";"3.975671"
"237020.0";"3.982042"
"237030.0";"3.989028"
"237040.0";"3.978095"
"237050.0";"3.970419"
"237060.0";"3.946891"
"237070.0";"4.016672"
"237080.0";"3.861641"
"237090.0";"3.846861"
"237100.0";"3.868402"
"237110.0";"3.968988"
"237120.0";"3.926992"
"237130.0";"3.960228"
"237140.0";"3.926943"
"237150.0";"3.883319"
"237160.0";"3.882705"
"237170.0";"3.948081"
"237180.0";"3.865395"
"237190.0";"3.920521"
"237200.0";"3.887516"
"237210.0";"3.969066"
"237220.0";"3.980752"
"237230.0";"3.979132"
"237240.0";"3.979097"
"237250.0";"4.037055"
"237260.0";"3.957103"
"237270.0";"4.038182"
"237280.0";"4.022398"
"237290.0";"3.983052"
"237300.0";"4.008425"
"237310.0";"4.02084"
"237320.0";"4.023875"
"237330.0";"4.052151"
"237340.0";"3.960814"
"237350.0";"4.075946"
"237360.0";"4.003675"
"237370.0";"3.938696"
"237380.0";"3.935964"
"237390.0";"3.81859"
"237400.0";"3.795247"
"237410.0";"3.93256"
"237420.0";"3.916167"
"237430.0";"3.908112"
"237440.0";"3.900637"
"237450.0";"3.935491"
"237460.0";"3.948041"
"237470.0";"3.950064"
"237480.0";"3.87536"
"237490.0";"3.949788"
"237500.0";"3.908256"
"237510.0";"3.990691"
"237520.0";"4.050762"
"237530.0";"4.01459"
"237540.0";"3.911517"
"237550.0";"3.947593"
"237560.0";"3.94089"
"237570.0";"3.953964"
"237580.0";"3.936872"
"237590.0";"3.936452"
"237600.0";"3.996742"
"237610.0";"3.980929"
"237620.0";"4.015774"
"237630.0";"3.98348"
"237640.0";"4.005806"
"237650.0";"4.015586"
"237660.0";"4.020895"
"237670.0";"3.997082"
"237680.0";"3.953043"
"237690.0";"3.97113"
"237700.0";"3.975613"
"237710.0";"3.898437"
"237720.0";"3.970374"
"237730.0";"4.005561"
"237740.0";"4.017444"
"237750.0";"4.007422"
"237760.0";"4.033431"
"237770.0";"4.042719"
"237780.0";"4.008855"
"237790.0";"3.960371"
"237800.0";"3.924289"
"237810.0";"3.907803"
"237820.0";"3.926307"
"237830.0";"3.916919"
"237840.0";"3.960073"
"237850.0";"4.027756"
"237860.0";"4.009653"
"237870.0";"3.940303"
"237880.0";"3.976433"
"237890.0";"3.85616"
"237900.0";"3.86823"
"237910.0";"3.923481"
"237920.0";"3.955678"
"237930.0";"3.992229"
"237940.0";"4.001891"
"237950.0";"4.024753"
"237960.0";"3.967274"
"237970.0";"3.92332"
"237980.0";"4.010436"
"237990.0";"3.978921"
"238000.0";"4.058324"
"238010.0";"3.959305"
"238020.0";"3.979146"
"238030.0";"4.006955"
"238040.0";"3.986977"
"238050.0";"4.007507"
"238060.0";"3.926734"
"238070.0";"3.979135"
"238080.0";"4.05508"
"238090.0";"4.035923"
"238100.0";"4.028253"
"238110.0";"4.036463"
"238120.0";"3.991219"
"238130.0";"3.864353"
"238140.0";"3.896893"
"238150.0";"3.931146"
"238160.0";"4.007469"
"238170.0";"4.031301"
"238180.0";"3.977693"
"238190.0";"3.924306"
"238200.0";"3.98362"
"238210.0";"3.986141"
"238220.0";"4.034987"
"238230.0";"3.997844"
"238240.0";"4.003661"
"238250.0";"3.913386"
"238260.0";"3.994345"
"238270.0";"3.95665"
"238280.0";"3.874252"
"238290.0";"4.003905"
"238300.0";"3.899481"
"238310.0";"3.912903"
"238320.0";"3.916349"
"238330.0";"3.961223"
"238340.0";"3.917579"
"238350.0";"3.879198"
"238360.0";"3.850853"
"238370.0";"3.918059"
"238380.0";"3.917271"
"238390.0";"3.85292"
"238400.0";"3.904182"
"238410.0";"3.894939"
"238420.0";"3.911527"
"238430.0";"3.933835"
"238440.0";"3.963701"
"238450.0";"3.911577"
"238460.0";"3.98567"
"238470.0";"3.752038"
"238480.0";"3.914679"
"238490.0";"3.839451"
"238500.0";"3.910314"
"238510.0";"4.018329"
"238520.0";"4.103843"
"238530.0";"4.028384"
"238540.0";"3.96688"
"238550.0";"3.976648"
"238560.0";"3.891249"
"238570.0";"3.970937"
"238580.0";"3.893236"
"238590.0";"3.884624"
"238600.0";"3.930629"
"238610.0";"3.996461"
"238620.0";"3.920024"
"238630.0";"4.02408"
"238640.0";"3.942017"
"238650.0";"3.90816"
"238660.0";"3.873451"
"238670.0";"3.941751"
"238680.0";"3.939032"
"238690.0";"3.909022"
"238700.0";"3.887229"
"238710.0";"3.924198"
"238720.0";"3.899574"
"238730.0";"3.921086"
"238740.0";"3.984483"
"238750.0";"3.935859"
"238760.0";"3.906336"
"238770.0";"3.873145"
"238780.0";"3.976504"
"238790.0";"3.94551"
"238800.0";"3.942047"
"238810.0";"3.950913"
"238820.0";"3.948616"
"238830.0";"3.967258"
"238840.0";"3.868137"
"238850.0";"3.949664"
"238860.0";"3.865655"
"238870.0";"3.866287"
"238880.0";"3.833633"
"238890.0";"3.842775"
"238900.0";"3.888638"
"238910.0";"3.837983"
"238920.0";"3.8978"
"238930.0";"3.946059"
"238940.0";"3.846483"
"238950.0";"3.889646"
"238960.0";"3.905152"
"238970.0";"4.010879"
"238980.0";"3.953464"
"238990.0";"4.01685"
"239000.0";"3.959475"
"239010.0";"3.911665"
"239020.0";"3.989132"
"239030.0";"4.01785"
"239040.0";"4.021487"
"239050.0";"3.972348"
"239060.0";"4.002512"
"239070.0";"4.029159"
"239080.0";"4.02565"
"239090.0";"3.987881"
"239100.0";"3.968389"
"239110.0";"3.978987"
"239120.0";"4.006424"
"239130.0";"3.999193"
"239140.0";"3.848906"
"239150.0";"3.954827"
"239160.0";"3.942047"
"239170.0";"3.951458"
"239180.0";"3.919519"
"239190.0";"3.976305"
"239200.0";"3.983922"
"239210.0";"4.019556"
"239220.0";"3.991493"
"239230.0";"4.052279"
"239240.0";"3.924672"
"239250.0";"3.947243"
"239260.0";"4.013762"
"239270.0";"3.939902"
"239280.0";"3.943698"
"239290.0";"3.956882"
"239300.0";"3.9772"
"239310.0";"3.949182"
"239320.0";"3.877975"
"239330.0";"3.919058"
"239340.0";"3.868783"
"239350.0";"3.803128"
"239360.0";"3.800576"
"239370.0";"3.831751"
"239380.0";"3.824936"
"239390.0";"3.921496"
"239400.0";"3.851104"
"239410.0";"3.917852"
"239420.0";"3.880142"
"239430.0";"3.857139"
"239440.0";"3.889517"
"239450.0";"3.897675"
"239460.0";"3.843182"
"239470.0";"3.901399"
"239480.0";"3.854194"
"239490.0";"3.806779"
"239500.0";"3.892754"
"239510.0";"3.795284"
"239520.0";"3.916131"
"239530.0";"3.945875"
"239540.0";"3.871826"
"239550.0";"3.781422"
"239560.0";"3.788985"
"239570.0";"3.758516"
"239580.0";"3.768039"
"239590.0";"3.878266"
"239600.0";"3.867718"
"239610.0";"3.946952"
"239620.0";"3.956532"
"239630.0";"3.931626"
"239640.0";"3.895606"
"239650.0";"3.900508"
"239660.0";"3.90463"
"239670.0";"3.924488"
"239680.0";"3.880223"
"239690.0";"3.918028"
"239700.0";"3.988143"
"239710.0";"3.878879"
"239720.0";"3.904058"
"239730.0";"3.915757"
"239740.0";"3.915781"
"239750.0";"4.019099"
"239760.0";"3.943155"
"239770.0";"3.910373"
"239780.0";"3.890015"
"239790.0";"3.923796"
"239800.0";"3.882122"
"239810.0";"3.866622"
"239820.0";"3.945996"
"239830.0";"4.000572"
"239840.0";"3.928404"
"239850.0";"3.985675"
"239860.0";"4.07108"
"239870.0";"4.006485"
"239880.0";"3.968377"
"239890.0";"3.935407"
"239900.0";"3.981766"
"239910.0";"3.855544"
"239920.0";"3.93159"
"239930.0";"3.882418"
"239940.0";"3.908061"
"239950.0";"3.953772"
"239960.0";"3.957019"
"239970.0";"3.96151"
"239980.0";"3.987953"
"239990.0";"4.034814"
"240000.0";"4.031162"
"240010.0";"3.99925"
"240020.0";"4.007753"
"240030.0";"3.999582"
"240040.0";"4.070863"
"240050.0";"4.019854"
"240060.0";"4.04033"
"240070.0";"4.027962"
"240080.0";"4.010341"
"240090.0";"4.007894"
"240100.0";"3.962376"
"240110.0";"3.982402"
"240120.0";"4.024092"
"240130.0";"4.015595"
"240140.0";"4.020907"
"240150.0";"3.980461"
"240160.0";"3.91768"
"240170.0";"3.961664"
"240180.0";"3.94497"
"240190.0";"4.044"
"240200.0";"3.977842"
"240210.0";"3.985451"
"240220.0";"4.037288"
"240230.0";"3.944226"
"240240.0";"3.972607"
"240250.0";"3.970127"
"240260.0";"3.960129"
"240270.0";"3.989741"
"240280.0";"3.975094"
"240290.0";"4.047144"
"240300.0";"4.067782"
"240310.0";"3.965342"
"240320.0";"4.01338"
"240330.0";"4.021106"
"240340.0";"3.999885"
"240350.0";"3.914955"
"240360.0";"3.950339"
"240370.0";"3.95191"
"240380.0";"3.931882"
"240390.0";"3.978767"
"240400.0";"3.99679"
"240410.0";"3.916536"
"240420.0";"3.943665"
"240430.0";"3.882957"
"240440.0";"3.814997"
"240450.0";"3.939946"
"240460.0";"4.008334"
"240470.0";"3.92007"
"240480.0";"3.954742"
"240490.0";"4.010124"
"240500.0";"3.95336"
"240510.0";"3.990093"
"240520.0";"3.830978"
"240530.0";"3.894402"
"240540.0";"3.847125"
"240550.0";"3.834242"
"240560.0";"3.843858"
"240570.0";"3.948008"
"240580.0";"3.857648"
"240590.0";"3.802583"
"240600.0";"3.865453"
"240610.0";"3.908863"
"240620.0";"3.933465"
"240630.0";"3.865229"
"240640.0";"4.005998"
"240650.0";"3.973569"
"240660.0";"3.985893"
"240670.0";"4.014655"
"240680.0";"4.054827"
"240690.0";"3.950717"
"240700.0";"4.031644"
"240710.0";"3.988334"
"240720.0";"4.010798"
"240730.0";"3.895686"
"240740.0";"3.968389"
"240750.0";"3.940417"
"240760.0";"3.987798"
"240770.0";"3.966534"
"240780.0";"4.005511"
"240790.0";"4.005957"
"240800.0";"4.054475"
"240810.0";"4.032624"
"240820.0";"3.988507"
"240830.0";"3.926968"
"240840.0";"3.877912"
"240850.0";"3.825642"
"240860.0";"3.953137"
"240870.0";"3.943284"
"240880.0";"3.928773"
"240890.0";"3.941901"
"240900.0";"3.955311"
"240910.0";"3.959239"
"240920.0";"3.974212"
"240930.0";"3.942456"
"240940.0";"3.997744"
"240950.0";"3.979313"
"240960.0";"3.984716"
"240970.0";"3.895754"
"240980.0";"3.913316"
"240990.0";"3.941587"
"241000.0";"3.931808"
"241010.0";"3.854734"
"241020.0";"3.822719"
"241030.0";"3.801967"
"241040.0";"3.812658"
"241050.0";"3.828335"
"241060.0";"3.873905"
"241070.0";"3.941289"
"241080.0";"3.962616"
"241090.0";"3.926456"
"241100.0";"3.903694"
"241110.0";"3.963577"
"241120.0";"3.96288"
"241130.0";"3.951263"
"241140.0";"3.956456"
"241150.0";"3.994055"
"241160.0";"3.96136"
"241170.0";"4.089242"
"241180.0";"3.978806"
"241190.0";"4.028006"
"241200.0";"3.886531"
"241210.0";"3.807529"
"241220.0";"3.909564"
"241230.0";"3.841149"
"241240.0";"3.97548"
"241250.0";"3.971609"
"241260.0";"3.957024"
"241270.0";"3.902214"
"241280.0";"3.994565"
"241290.0";"3.978904"
"241300.0";"4.001763"
"241310.0";"3.999113"
"241320.0";"3.990448"
"241330.0";"3.978856"
"241340.0";"3.962007"
"241350.0";"3.93917"
"241360.0";"3.851441"
"241370.0";"3.950143"
"241380.0";"3.919195"
"241390.0";"3.816477"
"241400.0";"3.878277"
"241410.0";"3.983001"
"241420.0";"3.955177"
"241430.0";"3.976326"
"241440.0";"3.993504"
"241450.0";"3.968162"
"241460.0";"3.903919"
"241470.0";"3.867996"
"241480.0";"4.063662"
"241490.0";"3.941379"
"241500.0";"4.041748"
"241510.0";"3.971809"
"241520.0";"3.980067"
"241530.0";"3.848138"
"241540.0";"3.918674"
"241550.0";"3.845988"
"241560.0";"3.932715"
"241570.0";"3.969708"
"241580.0";"3.961735"
"241590.0";"4.005154"
"241600.0";"3.955277"
"241610.0";"4.01317"
"241620.0";"4.03834"
"241630.0";"3.919298"
"241640.0";"3.965952"
"241650.0";"3.983003"
"241660.0";"4.008387"
"241670.0";"4.041414"
"241680.0";"3.985207"
"241690.0";"3.988965"
"241700.0";"4.016218"
"241710.0";"4.063531"
"241720.0";"3.968515"
"241730.0";"3.928449"
"241740.0";"4.000507"
"241750.0";"4.021937"
"241760.0";"3.960726"
"241770.0";"3.924827"
"241780.0";"3.950768"
"241790.0";"3.97416"
"241800.0";"3.958952"
"241810.0";"3.899946"
"241820.0";"3.921637"
"241830.0";"3.821541"
"241840.0";"3.924177"
"241850.0";"3.901092"
"241860.0";"3.95067"
"241870.0";"3.953645"
"241880.0";"3.983265"
"241890.0";"4.008396"
"241900.0";"3.902429"
"241910.0";"3.933697"
"241920.0";"3.909825"
"241930.0";"3.893314"
"241940.0";"3.894002"
"241950.0";"3.914609"
"241960.0";"3.89461"
"241970.0";"3.950413"
"241980.0";"3.910269"
"241990.0";"3.978354"
"242000.0";"3.965128"
"242010.0";"4.003401"
"242020.0";"4.036577"
"242030.0";"3.926462"
"242040.0";"3.916836"
"242050.0";"3.969979"
"242060.0";"3.915182"
"242070.0";"3.945052"
"242080.0";"3.990518"
"242090.0";"3.960036"
"242100.0";"3.974348"
"242110.0";"3.967708"
"242120.0";"4.032886"
"242130.0";"3.971464"
"242140.0";"3.851946"
"242150.0";"3.951067"
"242160.0";"3.971845"
"242170.0";"4.029891"
"242180.0";"3.987358"
"242190.0";"3.998189"
"242200.0";"3.947116"
"242210.0";"3.986675"
"242220.0";"3.942707"
"242230.0";"4.018932"
"242240.0";"3.942073"
"242250.0";"3.963285"
"242260.0";"3.953293"
"242270.0";"3.948956"
"242280.0";"3.944223"
"242290.0";"3.93033"
"242300.0";"4.008386"
"242310.0";"3.931518"
"242320.0";"3.964986"
"242330.0";"3.930426"
"242340.0";"3.904063"
"242350.0";"3.953553"
"242360.0";"3.853185"
"242370.0";"3.883626"
"242380.0";"3.915689"
"242390.0";"3.892804"
"242400.0";"3.850023"
"242410.0";"3.856256"
"242420.0";"3.876788"
"242430.0";"3.875608"
"242440.0";"3.941398"
"242450.0";"3.942281"
"242460.0";"3.971183"
"242470.0";"3.894472"
"242480.0";"3.976193"
"242490.0";"3.988568"
"242500.0";"3.990162"
"242510.0";"3.979719"
"242520.0";"3.874696"
"242530.0";"3.944566"
"242540.0";"3.848743"
"242550.0";"3.876586"
"242560.0";"3.926646"
"242570.0";"3.883591"
"242580.0";"3.792812"
"242590.0";"3.942229"
"242600.0";"3.943004"
"242610.0";"3.968457"
"242620.0";"3.942238"
"242630.0";"3.969528"
"242640.0";"3.963344"
"242650.0";"3.908892"
"242660.0";"3.924412"
"242670.0";"3.964375"
"242680.0";"3.948805"
"242690.0";"3.939195"
"242700.0";"3.852442"
"242710.0";"3.945124"
"242720.0";"3.874922"
"242730.0";"3.921196"
"242740.0";"3.898699"
"242750.0";"3.882262"
"242760.0";"3.845656"
"242770.0";"3.966409"
"242780.0";"3.926589"
"242790.0";"3.923605"
"242800.0";"3.935918"
"242810.0";"3.96122"
"242820.0";"3.962884"
"242830.0";"3.879703"
"242840.0";"3.904759"
"242850.0";"3.875172"
"242860.0";"3.948669"
"242870.0";"3.901478"
"242880.0";"3.962798"
"242890.0";"3.946279"
"242900.0";"3.980036"
"242910.0";"4.056467"
"242920.0";"3.946596"
"242930.0";"3.912401"
"242940.0";"4.009315"
"242950.0";"3.942847"
"242960.0";"3.942787"
"242970.0";"3.967963"
"242980.0";"3.990606"
"242990.0";"3.999724"
"243000.0";"4.001584"
"243010.0";"3.943664"
"243020.0";"3.995294"
"243030.0";"3.895461"
"243040.0";"3.940189"
"243050.0";"4.00319"
"243060.0";"3.908044"
"243070.0";"3.947752"
"243080.0";"3.948204"
"243090.0";"4.000264"
"243100.0";"3.965542"
"243110.0";"3.945626"
"243120.0";"3.949778"
"243130.0";"4.010785"
"243140.0";"3.937143"
"243150.0";"3.933846"
"243160.0";"3.966929"
"243170.0";"3.95225"
"243180.0";"3.885087"
"243190.0";"3.901177"
"243200.0";"3.90862"
"243210.0";"3.902253"
"243220.0";"3.884927"
"243230.0";"3.943716"
"243240.0";"3.960076"
"243250.0";"3.989154"
"243260.0";"3.913876"
"243270.0";"3.975238"
"243280.0";"3.914011"
"243290.0";"3.930741"
"243300.0";"4.061033"
"243310.0";"3.934972"
"243320.0";"4.000611"
"243330.0";"3.994185"
"243340.0";"3.992316"
"243350.0";"4.025797"
"243360.0";"3.988421"
"243370.0";"4.005013"
"243380.0";"3.982752"
"243390.0";"3.997467"
"243400.0";"3.965407"
"243410.0";"3.985283"
"243420.0";"3.974062"
"243430.0";"3.955559"
"243440.0";"3.958046"
"243450.0";"3.99425"
"243460.0";"3.893641"
"243470.0";"3.978277"
"243480.0";"4.029449"
"243490.0";"3.998168"
"243500.0";"3.975882"
"243510.0";"3.955312"
"243520.0";"4.008422"
"243530.0";"4.052402"
"243540.0";"3.941808"
"243550.0";"3.936895"
"243560.0";"3.993448"
"243570.0";"4.055931"
"243580.0";"4.039281"
"243590.0";"3.994216"
"243600.0";"3.900826"
"243610.0";"3.990198"
"243620.0";"3.946101"
"243630.0";"3.971369"
"243640.0";"3.995919"
"243650.0";"3.9543"
"243660.0";"3.998303"
"243670.0";"3.973576"
"243680.0";"3.990613"
"243690.0";"4.066596"
"243700.0";"4.07503"
"243710.0";"4.01264"
"243720.0";"3.984423"
"243730.0";"4.011016"
"243740.0";"3.983945"
"243750.0";"3.99273"
"243760.0";"4.024727"
"243770.0";"4.029414"
"243780.0";"3.99476"
"243790.0";"4.006741"
"243800.0";"4.029481"
"243810.0";"3.985495"
"243820.0";"4.028808"
"243830.0";"4.041592"
"243840.0";"4.054167"
"243850.0";"3.918697"
"243860.0";"3.836825"
"243870.0";"3.96926"
"243880.0";"3.971614"
"243890.0";"4.014819"
"243900.0";"3.845526"
"243910.0";"3.998376"
"243920.0";"3.873262"
"243930.0";"4.000691"
"243940.0";"3.909652"
"243950.0";"3.869259"
"243960.0";"4.001235"
"243970.0";"3.973288"
"243980.0";"3.918713"
"243990.0";"3.792297"
"244000.0";"4.011902"
"244010.0";"4.040956"
"244020.0";"4.004293"
"244030.0";"3.998112"
"244040.0";"4.036292"
"244050.0";"4.004409"
"244060.0";"3.990171"
"244070.0";"3.927382"
"244080.0";"4.004726"
"244090.0";"3.986975"
"244100.0";"3.993196"
"244110.0";"3.989423"
"244120.0";"3.97924"
"244130.0";"3.955165"
"244140.0";"3.924139"
"244150.0";"3.964934"
"244160.0";"3.980011"
"244170.0";"3.926815"
"244180.0";"3.957209"
"244190.0";"3.951073"
"244200.0";"3.814466"
"244210.0";"3.95909"
"244220.0";"4.011861"
"244230.0";"3.860293"
"244240.0";"3.75946"
"244250.0";"3.877203"
"244260.0";"4.014622"
"244270.0";"3.945166"
"244280.0";"3.977997"
"244290.0";"4.00057"
"244300.0";"3.984204"
"244310.0";"3.92301"
"244320.0";"3.997712"
"244330.0";"3.902157"
"244340.0";"4.01648"
"244350.0";"3.979137"
"244360.0";"4.01953"
"244370.0";"3.948195"
"244380.0";"3.894783"
"244390.0";"3.984981"
"244400.0";"3.975061"
"244410.0";"3.993465"
"244420.0";"3.952441"
"244430.0";"3.956221"
"244440.0";"3.905126"
"244450.0";"3.887403"
"244460.0";"3.839743"
"244470.0";"3.819558"
"244480.0";"3.852432"
"244490.0";"3.95784"
"244500.0";"3.903988"
"244510.0";"4.10422"
"244520.0";"3.988935"
"244530.0";"3.946536"
"244540.0";"3.985524"
"244550.0";"4.043576"
"244560.0";"4.036126"
"244570.0";"3.984726"
"244580.0";"4.034168"
"244590.0";"3.953918"
"244600.0";"4.016471"
"244610.0";"3.966456"
"244620.0";"4.023996"
"244630.0";"3.971718"
"244640.0";"3.990855"
"244650.0";"4.006376"
"244660.0";"3.999583"
"244670.0";"3.968135"
"244680.0";"3.992135"
"244690.0";"3.928712"
"244700.0";"3.918633"
"244710.0";"3.958178"
"244720.0";"3.983708"
"244730.0";"3.950929"
"244740.0";"3.944652"
"244750.0";"4.053802"
"244760.0";"3.936771"
"244770.0";"4.001896"
"244780.0";"3.961221"
"244790.0";"3.979322"
"244800.0";"3.983622"
"244810.0";"3.965847"
"244820.0";"4.014962"
"244830.0";"3.997861"
"244840.0";"3.981424"
"244850.0";"4.032976"
"244860.0";"3.947675"
"244870.0";"3.965642"
"244880.0";"4.044076"
"244890.0";"3.967118"
"244900.0";"3.941586"
"244910.0";"4.001195"
"244920.0";"4.00051"
"244930.0";"3.95976"
"244940.0";"3.939347"
"244950.0";"3.937098"
"244960.0";"4.001438"
"244970.0";"3.954394"
"244980.0";"3.964391"
"244990.0";"3.994053"
"245000.0";"4.018002"
"245010.0";"4.032412"
"245020.0";"3.960454"
"245030.0";"3.922741"
"245040.0";"3.941218"
"245050.0";"4.001515"
"245060.0";"3.923403"
"245070.0";"4.033489"
"245080.0";"3.945698"
"245090.0";"4.069141"
"245100.0";"4.012715"
"245110.0";"3.994719"
"245120.0";"3.984404"
"245130.0";"3.922944"
"245140.0";"3.954168"
"245150.0";"3.985988"
"245160.0";"3.892485"
"245170.0";"3.912097"
"245180.0";"3.853126"
"245190.0";"3.970699"
"245200.0";"3.909109"
"245210.0";"3.865926"
"245220.0";"3.918491"
"245230.0";"3.86622"
"245240.0";"3.910643"
"245250.0";"3.984589"
"245260.0";"3.979067"
"245270.0";"3.95591"
"245280.0";"3.994002"
"245290.0";"3.970001"
"245300.0";"4.008843"
"245310.0";"3.766558"
"245320.0";"3.850567"
"245330.0";"3.865795"
"245340.0";"3.898007"
"245350.0";"3.869384"
"245360.0";"3.915757"
"245370.0";"3.985579"
"245380.0";"4.007773"
"245390.0";"3.895717"
"245400.0";"4.002264"
"245410.0";"4.011578"
"245420.0";"4.012429"
"245430.0";"4.109013"
"245440.0";"4.008703"
"245450.0";"3.952311"
"245460.0";"3.935166"
"245470.0";"3.988534"
"245480.0";"3.884358"
"245490.0";"3.816296"
"245500.0";"3.953324"
"245510.0";"3.926342"
"245520.0";"4.010893"
"245530.0";"4.040787"
"245540.0";"4.044821"
"245550.0";"4.047642"
"245560.0";"3.923211"
"245570.0";"3.966051"
"245580.0";"3.966993"
"245590.0";"3.877033"
"245600.0";"3.812021"
"245610.0";"3.916718"
"245620.0";"3.894664"
"245630.0";"3.921709"
"245640.0";"3.974106"
"245650.0";"3.994095"
"245660.0";"4.004561"
"245670.0";"3.96876"
"245680.0";"3.918816"
"245690.0";"4.031988"
"245700.0";"3.896231"
"245710.0";"4.045475"
"245720.0";"4.070213"
"245730.0";"4.030864"
"245740.0";"4.031548"
"245750.0";"4.037505"
"245760.0";"4.055667"
"245770.0";"4.072958"
"245780.0";"3.95388"
"245790.0";"4.048489"
"245800.0";"4.127522"
"245810.0";"4.019293"
"245820.0";"3.975621"
"245830.0";"4.073517"
"245840.0";"4.081913"
"245850.0";"3.994613"
"245860.0";"4.042295"
"245870.0";"4.027023"
"245880.0";"4.077761"
"245890.0";"4.01275"
"245900.0";"4.14454"
"245910.0";"4.011697"
"245920.0";"3.883558"
"245930.0";"4.022656"
"245940.0";"3.983315"
"245950.0";"4.073282"
"245960.0";"3.991391"
"245970.0";"4.062833"
"245980.0";"3.966134"
"245990.0";"4.011933"
"246000.0";"3.975734"
"246010.0";"3.989202"
"246020.0";"3.96354"
"246030.0";"3.973567"
"246040.0";"4.015228"
"246050.0";"3.936889"
"246060.0";"4.032809"
"246070.0";"3.963413"
"246080.0";"4.00943"
"246090.0";"3.990181"
"246100.0";"4.050561"
"246110.0";"4.033146"
"246120.0";"4.020161"
"246130.0";"3.972062"
"246140.0";"4.00059"
"246150.0";"3.927072"
"246160.0";"3.992482"
"246170.0";"3.950261"
"246180.0";"3.904136"
"246190.0";"3.926347"
"246200.0";"4.064125"
"246210.0";"3.887787"
"246220.0";"3.933796"
"246230.0";"3.912336"
"246240.0";"3.966474"
"246250.0";"3.896518"
"246260.0";"3.894948"
"246270.0";"3.895195"
"246280.0";"3.92087"
"246290.0";"3.86633"
"246300.0";"3.860089"
"246310.0";"3.944538"
"246320.0";"3.957061"
"246330.0";"4.042033"
"246340.0";"4.019593"
"246350.0";"3.888097"
"246360.0";"3.969866"
"246370.0";"4.031055"
"246380.0";"3.960537"
"246390.0";"3.923026"
"246400.0";"3.942658"
"246410.0";"3.943514"
"246420.0";"3.946571"
"246430.0";"3.945317"
"246440.0";"3.980558"
"246450.0";"4.023132"
"246460.0";"3.97002"
"246470.0";"3.974532"
"246480.0";"3.993365"
"246490.0";"3.981337"
"246500.0";"3.8899"
"246510.0";"3.981398"
"246520.0";"4.005592"
"246530.0";"4.007792"
"246540.0";"3.997458"
"246550.0";"4.015426"
"246560.0";"3.923327"
"246570.0";"3.925473"
"246580.0";"3.938743"
"246590.0";"3.969535"
"246600.0";"3.960238"
"246610.0";"4.003245"
"246620.0";"4.007079"
"246630.0";"3.927058"
"246640.0";"3.948907"
"246650.0";"3.967964"
"246660.0";"4.013806"
"246670.0";"4.012738"
"246680.0";"3.984047"
"246690.0";"3.934316"
"246700.0";"3.827936"
"246710.0";"3.851044"
"246720.0";"3.967904"
"246730.0";"3.914677"
"246740.0";"3.923658"
"246750.0";"3.852281"
"246760.0";"3.952926"
"246770.0";"3.949341"
"246780.0";"3.951217"
"246790.0";"3.928106"
"246800.0";"3.913861"
"246810.0";"3.987993"
"246820.0";"3.907824"
"246830.0";"3.840406"
"246840.0";"3.966091"
"246850.0";"3.920747"
"246860.0";"3.981058"
"246870.0";"4.000689"
"246880.0";"3.967832"
"246890.0";"4.035502"
"246900.0";"3.922244"
"246910.0";"3.897872"
"246920.0";"3.896595"
"246930.0";"3.968391"
"246940.0";"3.91336"
"246950.0";"4.054113"
"246960.0";"3.994908"
"246970.0";"3.903684"
"246980.0";"3.899131"
"246990.0";"3.919533"
"247000.0";"3.863975"
"247010.0";"3.964445"
"247020.0";"3.917753"
"247030.0";"4.020519"
"247040.0";"4.012193"
"247050.0";"3.90475"
"247060.0";"3.991484"
"247070.0";"3.862548"
"247080.0";"3.945301"
"247090.0";"3.935797"
"247100.0";"4.005895"
"247110.0";"3.919136"
"247120.0";"4.019062"
"247130.0";"3.934797"
"247140.0";"3.9629"
"247150.0";"3.904012"
"247160.0";"3.938588"
"247170.0";"3.961313"
"247180.0";"3.961399"
"247190.0";"3.918333"
"247200.0";"3.910235"
"247210.0";"3.987373"
"247220.0";"3.951936"
"247230.0";"3.967346"
"247240.0";"3.842013"
"247250.0";"3.876606"
"247260.0";"3.861634"
"247270.0";"3.818086"
"247280.0";"3.948646"
"247290.0";"3.956817"
"247300.0";"4.015399"
"247310.0";"3.930573"
"247320.0";"3.998236"
"247330.0";"3.904831"
"247340.0";"3.951679"
"247350.0";"3.914468"
"247360.0";"3.962108"
"247370.0";"3.926508"
"247380.0";"3.918402"
"247390.0";"3.962482"
"247400.0";"4.038708"
"247410.0";"4.003653"
"247420.0";"3.997348"
"247430.0";"4.043648"
"247440.0";"3.920744"
"247450.0";"3.980199"
"247460.0";"4.048166"
"247470.0";"4.008093"
"247480.0";"3.904968"
"247490.0";"3.885103"
"247500.0";"3.822518"
"247510.0";"3.955501"
"247520.0";"3.967196"
"247530.0";"3.9219"
"247540.0";"4.016536"
"247550.0";"3.988414"
"247560.0";"3.907435"
"247570.0";"3.875981"
"247580.0";"3.9418"
"247590.0";"3.977369"
"247600.0";"4.018332"
"247610.0";"4.037845"
"247620.0";"3.922623"
"247630.0";"3.928386"
"247640.0";"3.948898"
"247650.0";"3.917229"
"247660.0";"3.899379"
"247670.0";"3.850312"
"247680.0";"3.903466"
"247690.0";"3.886486"
"247700.0";"3.949214"
"247710.0";"4.015651"
"247720.0";"3.966066"
"247730.0";"3.973355"
"247740.0";"3.901326"
"247750.0";"3.972632"
"247760.0";"3.995013"
"247770.0";"3.975526"
"247780.0";"4.019936"
"247790.0";"4.04345"
"247800.0";"4.046553"
"247810.0";"4.035721"
"247820.0";"3.96778"
"247830.0";"3.919631"
"247840.0";"3.977561"
"247850.0";"3.955938"
"247860.0";"3.890271"
"247870.0";"3.898241"
"247880.0";"3.881536"
"247890.0";"3.972886"
"247900.0";"3.954633"
"247910.0";"3.899482"
"247920.0";"3.939838"
"247930.0";"3.886615"
"247940.0";"3.834127"
"247950.0";"3.836089"
"247960.0";"3.867727"
"247970.0";"3.81205"
"247980.0";"3.824352"
"247990.0";"3.940604"
"248000.0";"3.934986"
"248010.0";"3.987178"
"248020.0";"3.998726"
"248030.0";"3.983154"
"248040.0";"4.010275"
"248050.0";"4.035436"
"248060.0";"4.024466"
"248070.0";"4.03388"
"248080.0";"3.959204"
"248090.0";"3.957875"
"248100.0";"3.962654"
"248110.0";"3.996275"
"248120.0";"3.95803"
"248130.0";"4.041099"
"248140.0";"4.05048"
"248150.0";"3.923907"
"248160.0";"3.979818"
"248170.0";"3.92562"
"248180.0";"3.908699"
"248190.0";"3.955756"
"248200.0";"3.903017"
"248210.0";"3.976608"
"248220.0";"3.903178"
"248230.0";"3.907455"
"248240.0";"3.922144"
"248250.0";"3.850171"
"248260.0";"3.95008"
"248270.0";"3.914497"
"248280.0";"3.939362"
"248290.0";"4.003705"
"248300.0";"3.848967"
"248310.0";"3.89706"
"248320.0";"3.90025"
"248330.0";"3.906312"
"248340.0";"3.865964"
"248350.0";"3.978346"
"248360.0";"3.992621"
"248370.0";"3.946769"
"248380.0";"3.905835"
"248390.0";"3.943222"
"248400.0";"3.999685"
"248410.0";"3.976145"
"248420.0";"3.990866"
"248430.0";"3.971397"
"248440.0";"3.935879"
"248450.0";"3.974954"
"248460.0";"4.025278"
"248470.0";"3.923593"
"248480.0";"4.067973"
"248490.0";"4.016513"
"248500.0";"3.928837"
"248510.0";"3.961488"
"248520.0";"3.967366"
"248530.0";"3.989494"
"248540.0";"3.940614"
"248550.0";"3.993886"
"248560.0";"3.9706"
"248570.0";"3.937658"
"248580.0";"3.994467"
"248590.0";"3.937906"
"248600.0";"3.997972"
"248610.0";"4.006052"
"248620.0";"4.020317"
"248630.0";"3.912363"
"248640.0";"3.993147"
"248650.0";"3.985313"
"248660.0";"3.956739"
"248670.0";"3.946926"
"248680.0";"3.991153"
"248690.0";"3.971633"
"248700.0";"3.918187"
"248710.0";"3.919609"
"248720.0";"3.877872"
"248730.0";"3.942845"
"248740.0";"3.957664"
"248750.0";"3.977528"
"248760.0";"3.94262"
"248770.0";"4.079708"
"248780.0";"3.952771"
"248790.0";"4.046483"
"248800.0";"4.031855"
"248810.0";"4.01173"
"248820.0";"4.017145"
"248830.0";"4.01793"
"248840.0";"4.133143"
"248850.0";"4.023222"
"248860.0";"3.956255"
"248870.0";"4.020258"
"248880.0";"3.961951"
"248890.0";"4.023202"
"248900.0";"3.982704"
"248910.0";"3.961894"
"248920.0";"4.034698"
"248930.0";"4.042699"
"248940.0";"3.946767"
"248950.0";"4.002981"
"248960.0";"3.945048"
"248970.0";"3.970792"
"248980.0";"3.973681"
"248990.0";"3.988219"
"249000.0";"3.992456"
"249010.0";"3.910278"
"249020.0";"4.058252"
"249030.0";"3.949144"
"249040.0";"3.961146"
"249050.0";"3.935385"
"249060.0";"4.034961"
"249070.0";"3.980991"
"249080.0";"3.966949"
"249090.0";"4.009439"
"249100.0";"3.995287"
"249110.0";"3.992952"
"249120.0";"4.032383"
"249130.0";"3.968812"
"249140.0";"3.943389"
"249150.0";"3.959552"
"249160.0";"3.982628"
"249170.0";"3.972009"
"249180.0";"3.96709"
"249190.0";"4.051875"
"249200.0";"4.023063"
"249210.0";"3.992024"
"249220.0";"3.967272"
"249230.0";"4.012596"
"249240.0";"4.017281"
"249250.0";"4.005476"
"249260.0";"4.052448"
"249270.0";"4.023167"
"249280.0";"4.008669"
"249290.0";"3.954463"
"249300.0";"3.976629"
"249310.0";"4.060809"
"249320.0";"4.034611"
"249330.0";"4.036215"
"249340.0";"4.101855"
"249350.0";"4.038564"
"249360.0";"4.048654"
"249370.0";"3.997689"
"249380.0";"3.97989"
"249390.0";"4.040781"
"249400.0";"3.906199"
"249410.0";"4.038804"
"249420.0";"4.057034"
"249430.0";"3.961209"
"249440.0";"4.121618"
"249450.0";"4.027767"
"249460.0";"3.961855"
"249470.0";"4.032401"
"249480.0";"4.07523"
"249490.0";"4.064262"
"249500.0";"4.080999"
"249510.0";"4.041008"
"249520.0";"4.071488"
"249530.0";"4.036345"
"249540.0";"3.99651"
"249550.0";"4.005875"
"249560.0";"4.01386"
"249570.0";"4.054148"
"249580.0";"4.087698"
"249590.0";"4.068893"
"249600.0";"4.002392"
"249610.0";"4.077776"
"249620.0";"4.033808"
"249630.0";"4.02013"
"249640.0";"4.029366"
"249650.0";"4.014557"
"249660.0";"4.044879"
"249670.0";"4.084922"
"249680.0";"4.118263"
"249690.0";"3.986756"
"249700.0";"4.039425"
"249710.0";"3.994226"
"249720.0";"3.956395"
"249730.0";"4.026887"
"249740.0";"3.964538"
"249750.0";"4.04104"
"249760.0";"4.043471"
"249770.0";"4.004309"
"249780.0";"3.986721"
"249790.0";"3.920384"
"249800.0";"3.951619"
"249810.0";"3.92066"
"249820.0";"3.911888"
"249830.0";"3.945815"
"249840.0";"3.93378"
"249850.0";"4.014202"
"249860.0";"3.950242"
"249870.0";"4.024405"
"249880.0";"3.958289"
"249890.0";"3.890107"
"249900.0";"3.926482"
"249910.0";"4.008006"
"249920.0";"4.073273"
"249930.0";"3.955362"
"249940.0";"4.082423"
"249950.0";"4.036887"
"249960.0";"3.9815"
"249970.0";"3.997303"
"249980.0";"3.974623"
"249990.0";"3.959493"
"250000.0";"4.041815"
"250010.0";"4.008891"
"250020.0";"3.92907"
"250030.0";"3.97473"
"250040.0";"3.992537"
"250050.0";"4.016851"
"250060.0";"3.992441"
"250070.0";"3.98454"
"250080.0";"4.007966"
"250090.0";"4.037387"
"250100.0";"3.996806"
"250110.0";"4.003685"
"250120.0";"4.053566"
"250130.0";"4.007943"
"250140.0";"3.950913"
"250150.0";"3.991189"
"250160.0";"4.001628"
"250170.0";"4.079276"
"250180.0";"4.010964"
"250190.0";"3.982514"
"250200.0";"4.001983"
"250210.0";"4.020649"
"250220.0";"3.975172"
"250230.0";"4.007834"
"250240.0";"4.044269"
"250250.0";"4.094362"
"250260.0";"4.001167"
"250270.0";"4.073896"
"250280.0";"4.047687"
"250290.0";"4.048494"
"250300.0";"4.05563"
"250310.0";"4.01722"
"250320.0";"3.990433"
"250330.0";"4.045608"
"250340.0";"4.027617"
"250350.0";"3.953396"
"250360.0";"4.000436"
"250370.0";"4.121641"
"250380.0";"4.024791"
"250390.0";"4.021876"
"250400.0";"4.056693"
"250410.0";"4.073417"
"250420.0";"4.071221"
"250430.0";"3.966672"
"250440.0";"4.027815"
"250450.0";"4.035322"
"250460.0";"3.996575"
"250470.0";"4.084669"
"250480.0";"4.009008"
"250490.0";"4.025734"
"250500.0";"4.027395"
"250510.0";"4.031643"
"250520.0";"3.99598"
"250530.0";"4.072158"
"250540.0";"3.977777"
"250550.0";"3.909821"
"250560.0";"3.89573"
"250570.0";"3.963383"
"250580.0";"3.997417"
"250590.0";"3.945991"
"250600.0";"3.93856"
"250610.0";"3.971001"
"250620.0";"4.011975"
"250630.0";"3.905117"
"250640.0";"3.931249"
"250650.0";"4.010222"
"250660.0";"3.999857"
"250670.0";"3.894671"
"250680.0";"4.051665"
"250690.0";"3.978993"
"250700.0";"3.930961"
"250710.0";"3.942883"
"250720.0";"3.994494"
"250730.0";"3.886379"
"250740.0";"3.979932"
"250750.0";"3.957516"
"250760.0";"4.009419"
"250770.0";"3.935293"
"250780.0";"3.943011"
"250790.0";"4.002032"
"250800.0";"4.00526"
"250810.0";"4.06926"
"250820.0";"4.068401"
"250830.0";"4.081426"
"250840.0";"4.038441"
"250850.0";"4.006895"
"250860.0";"4.000795"
"250870.0";"3.963244"
"250880.0";"3.956889"
"250890.0";"3.942735"
"250900.0";"3.923562"
"250910.0";"3.984047"
"250920.0";"3.967083"
"250930.0";"3.979816"
"250940.0";"3.987082"
"250950.0";"3.984566"
"250960.0";"3.94109"
"250970.0";"3.986856"
"250980.0";"3.998274"
"250990.0";"4.038898"
"251000.0";"4.02067"
"251010.0";"3.919718"
"251020.0";"4.046547"
"251030.0";"3.954874"
"251040.0";"3.991799"
"251050.0";"3.986042"
"251060.0";"4.031089"
"251070.0";"4.031188"
"251080.0";"3.948024"
"251090.0";"3.928073"
"251100.0";"3.957978"
"251110.0";"4.007725"
"251120.0";"4.045756"
"251130.0";"4.025491"
"251140.0";"3.946007"
"251150.0";"3.990969"
"251160.0";"3.957699"
"251170.0";"3.96945"
"251180.0";"3.90329"
"251190.0";"3.922738"
"251200.0";"3.803569"
"251210.0";"3.898044"
"251220.0";"3.940644"
"251230.0";"3.912223"
"251240.0";"3.916789"
"251250.0";"3.944573"
"251260.0";"3.941365"
"251270.0";"3.896299"
"251280.0";"3.996489"
"251290.0";"3.941261"
"251300.0";"3.91501"
"251310.0";"3.957803"
"251320.0";"3.93302"
"251330.0";"3.918539"
"251340.0";"3.932348"
"251350.0";"3.994908"
"251360.0";"3.925959"
"251370.0";"3.946658"
"251380.0";"3.95009"
"251390.0";"3.917391"
"251400.0";"3.885197"
"251410.0";"3.831105"
"251420.0";"3.886237"
"251430.0";"4.029542"
"251440.0";"3.896744"
"251450.0";"3.990294"
"251460.0";"4.069068"
"251470.0";"4.000568"
"251480.0";"3.952221"
"251490.0";"3.907564"
"251500.0";"3.932213"
"251510.0";"4.015103"
"251520.0";"3.962618"
"251530.0";"3.977428"
"251540.0";"3.952525"
"251550.0";"4.022092"
"251560.0";"4.009583"
"251570.0";"3.984509"
"251580.0";"3.976177"
"251590.0";"4.052555"
"251600.0";"4.041967"
"251610.0";"4.020696"
"251620.0";"4.017544"
"251630.0";"4.031585"
"251640.0";"3.946908"
"251650.0";"3.940056"
"251660.0";"3.948974"
"251670.0";"3.946555"
"251680.0";"4.008164"
"251690.0";"3.970975"
"251700.0";"3.925632"
"251710.0";"4.014541"
"251720.0";"3.996839"
"251730.0";"3.966033"
"251740.0";"3.977607"
"251750.0";"3.986877"
"251760.0";"3.989625"
"251770.0";"3.994848"
"251780.0";"3.918892"
"251790.0";"4.030751"
"251800.0";"4.032546"
"251810.0";"4.012612"
"251820.0";"3.955158"
"251830.0";"3.998454"
"251840.0";"3.97611"
"251850.0";"3.983037"
"251860.0";"3.939886"
"251870.0";"3.927585"
"251880.0";"3.944011"
"251890.0";"3.822855"
"251900.0";"3.843781"
"251910.0";"3.849722"
"251920.0";"3.961719"
"251930.0";"3.97348"
"251940.0";"4.027695"
"251950.0";"4.042495"
"251960.0";"4.020332"
"251970.0";"4.033984"
"251980.0";"3.918151"
"251990.0";"4.055465"
"252000.0";"4.051229"
"252010.0";"4.060911"
"252020.0";"4.049579"
"252030.0";"4.000549"
"252040.0";"3.994672"
"252050.0";"3.964893"
"252060.0";"3.943639"
"252070.0";"3.957775"
"252080.0";"3.952104"
"252090.0";"3.967287"
"252100.0";"4.00295"
"252110.0";"4.052032"
"252120.0";"4.013997"
"252130.0";"4.072698"
"252140.0";"4.066828"
"252150.0";"3.875793"
"252160.0";"3.955152"
"252170.0";"3.861047"
"252180.0";"3.945545"
"252190.0";"4.001104"
"252200.0";"4.020458"
"252210.0";"4.072388"
"252220.0";"3.998707"
"252230.0";"4.023261"
"252240.0";"3.975491"
"252250.0";"3.975493"
"252260.0";"3.962451"
"252270.0";"3.992806"
"252280.0";"3.99527"
"252290.0";"4.087339"
"252300.0";"3.988526"
"252310.0";"4.049444"
"252320.0";"4.043746"
"252330.0";"3.996083"
"252340.0";"3.944246"
"252350.0";"3.981486"
"252360.0";"3.941948"
"252370.0";"4.001605"
"252380.0";"3.962857"
"252390.0";"3.942264"
"252400.0";"3.932431"
"252410.0";"3.932148"
"252420.0";"3.84404"
"252430.0";"3.945539"
"252440.0";"3.951107"
"252450.0";"3.890823"
"252460.0";"3.933957"
"252470.0";"3.987774"
"252480.0";"3.947319"
"252490.0";"3.918939"
"252500.0";"3.994435"
"252510.0";"3.990348"
"252520.0";"3.906653"
"252530.0";"3.978846"
"252540.0";"3.910297"
"252550.0";"3.856238"
"252560.0";"3.844091"
"252570.0";"3.841038"
"252580.0";"3.758378"
"252590.0";"3.835092"
"252600.0";"3.891588"
"252610.0";"3.855311"
"252620.0";"3.958735"
"252630.0";"4.024491"
"252640.0";"3.87243"
"252650.0";"3.896538"
"252660.0";"3.818899"
"252670.0";"3.918013"
"252680.0";"3.902369"
"252690.0";"3.953412"
"252700.0";"3.985073"
"252710.0";"3.998836"
"252720.0";"3.823055"
"252730.0";"3.843715"
"252740.0";"3.917996"
"252750.0";"3.85825"
"252760.0";"3.806245"
"252770.0";"3.803557"
"252780.0";"3.799011"
"252790.0";"3.909885"
"252800.0";"3.836377"
"252810.0";"3.970342"
"252820.0";"3.96955"
"252830.0";"3.995793"
"252840.0";"4.066873"
"252850.0";"3.823369"
"252860.0";"3.871844"
"252870.0";"3.952718"
"252880.0";"3.930401"
"252890.0";"3.917033"
"252900.0";"4.017992"
"252910.0";"4.018665"
"252920.0";"4.064243"
"252930.0";"3.89522"
"252940.0";"3.939165"
"252950.0";"3.938461"
"252960.0";"3.962697"
"252970.0";"3.972828"
"252980.0";"4.053524"
"252990.0";"3.995556"
"253000.0";"4.037653"
"253010.0";"3.905182"
"253020.0";"3.834144"
"253030.0";"3.809023"
"253040.0";"3.799944"
"253050.0";"3.885291"
"253060.0";"3.850516"
"253070.0";"3.995555"
"253080.0";"3.968946"
"253090.0";"3.896191"
"253100.0";"3.89426"
"253110.0";"3.897183"
"253120.0";"3.846493"
"253130.0";"3.759254"
"253140.0";"3.873875"
"253150.0";"3.992782"
"253160.0";"4.020589"
"253170.0";"3.981015"
"253180.0";"3.963458"
"253190.0";"3.978445"
"253200.0";"3.928148"
"253210.0";"3.849847"
"253220.0";"3.94856"
"253230.0";"3.918769"
"253240.0";"3.937218"
"253250.0";"3.903066"
"253260.0";"3.863697"
"253270.0";"3.98624"
"253280.0";"3.923871"
"253290.0";"3.973182"
"253300.0";"3.849579"
"253310.0";"3.99566"
"253320.0";"3.908845"
"253330.0";"3.990417"
"253340.0";"3.966465"
"253350.0";"3.769688"
"253360.0";"4.012988"
"253370.0";"3.969347"
"253380.0";"3.869037"
"253390.0";"3.812716"
"253400.0";"3.855324"
"253410.0";"3.795649"
"253420.0";"3.699689"
"253430.0";"3.781669"
"253440.0";"3.833415"
"253450.0";"3.939008"
"253460.0";"3.875219"
"253470.0";"3.966093"
"253480.0";"3.878854"
"253490.0";"3.894778"
"253500.0";"3.729436"
"253510.0";"3.856677"
"253520.0";"3.829983"
"253530.0";"3.907124"
"253540.0";"3.91661"
"253550.0";"3.965866"
"253560.0";"3.804252"
"253570.0";"3.907996"
"253580.0";"3.870181"
"253590.0";"3.934879"
"253600.0";"3.889126"
"253610.0";"3.827327"
"253620.0";"3.880733"
"253630.0";"3.930764"
"253640.0";"3.96059"
"253650.0";"3.831167"
"253660.0";"3.9481"
"253670.0";"3.936676"
"253680.0";"3.943902"
"253690.0";"3.990643"
"253700.0";"3.947954"
"253710.0";"3.814315"
"253720.0";"3.954615"
"253730.0";"3.952893"
"253740.0";"3.853598"
"253750.0";"3.886281"
"253760.0";"3.885605"
"253770.0";"3.936736"
"253780.0";"3.979304"
"253790.0";"3.944967"
"253800.0";"3.942672"
"253810.0";"3.917691"
"253820.0";"3.924246"
"253830.0";"4.033106"
"253840.0";"3.998105"
"253850.0";"4.009839"
"253860.0";"3.943937"
"253870.0";"3.895399"
"253880.0";"3.906922"
"253890.0";"3.904109"
"253900.0";"3.95014"
"253910.0";"3.872627"
"253920.0";"3.956515"
"253930.0";"3.939308"
"253940.0";"4.031012"
"253950.0";"3.934055"
"253960.0";"3.933531"
"253970.0";"3.96323"
"253980.0";"4.009377"
"253990.0";"4.012165"
"254000.0";"3.999937"
"254010.0";"3.998045"
"254020.0";"4.047965"
"254030.0";"3.903596"
"254040.0";"3.922275"
"254050.0";"3.93966"
"254060.0";"3.825347"
"254070.0";"3.844042"
"254080.0";"3.987642"
"254090.0";"4.011751"
"254100.0";"4.008075"
"254110.0";"4.011182"
"254120.0";"3.978278"
"254130.0";"3.965776"
"254140.0";"3.927504"
"254150.0";"4.071003"
"254160.0";"4.029709"
"254170.0";"4.03165"
"254180.0";"4.022052"
"254190.0";"3.979911"
"254200.0";"4.04334"
"254210.0";"3.975611"
"254220.0";"3.914181"
"254230.0";"3.940094"
"254240.0";"3.918792"
"254250.0";"4.079972"
"254260.0";"3.895375"
"254270.0";"3.985207"
"254280.0";"3.970995"
"254290.0";"3.869147"
"254300.0";"3.867599"
"254310.0";"3.996081"
"254320.0";"3.972993"
"254330.0";"3.952201"
"254340.0";"3.905568"
"254350.0";"3.936667"
"254360.0";"3.916569"
"254370.0";"3.924091"
"254380.0";"3.929937"
"254390.0";"3.959003"
"254400.0";"3.924329"
"254410.0";"3.925563"
"254420.0";"3.873821"
"254430.0";"4.01075"
"254440.0";"3.965801"
"254450.0";"4.066596"
"254460.0";"3.984765"
"254470.0";"4.007698"
"254480.0";"4.030902"
"254490.0";"3.997772"
"254500.0";"3.958302"
"254510.0";"3.91122"
"254520.0";"4.008766"
"254530.0";"4.028934"
"254540.0";"3.980391"
"254550.0";"4.005105"
"254560.0";"4.002955"
"254570.0";"3.987877"
"254580.0";"3.961751"
"254590.0";"3.931195"
"254600.0";"3.944452"
"254610.0";"3.934872"
"254620.0";"3.891244"
"254630.0";"3.922607"
"254640.0";"4.032742"
"254650.0";"3.92036"
"254660.0";"3.992528"
"254670.0";"3.943904"
"254680.0";"4.056252"
"254690.0";"4.021596"
"254700.0";"4.017644"
"254710.0";"4.070135"
"254720.0";"4.007437"
"254730.0";"3.938611"
"254740.0";"4.055209"
"254750.0";"4.02672"
"254760.0";"3.963268"
"254770.0";"3.985422"
"254780.0";"4.030163"
"254790.0";"3.962306"
"254800.0";"4.002127"
"254810.0";"3.977187"
"254820.0";"3.947607"
"254830.0";"4.037255"
"254840.0";"4.025405"
"254850.0";"3.950442"
"254860.0";"3.989135"
"254870.0";"3.960736"
"254880.0";"4.036001"
"254890.0";"3.983602"
"254900.0";"4.00467"
"254910.0";"3.889907"
"254920.0";"3.941207"
"254930.0";"3.95726"
"254940.0";"3.909037"
"254950.0";"4.006825"
"254960.0";"3.955083"
"254970.0";"3.94023"
"254980.0";"3.95312"
"254990.0";"3.992753"
"255000.0";"4.001558"
"255010.0";"4.03653"
"255020.0";"4.032872"
"255030.0";"4.048888"
"255040.0";"4.034273"
"255050.0";"4.038902"
"255060.0";"4.048787"
"255070.0";"3.949375"
"255080.0";"4.038753"
"255090.0";"4.01376"
"255100.0";"4.001984"
"255110.0";"3.985255"
"255120.0";"3.954632"
"255130.0";"4.016176"
"255140.0";"3.935926"
"255150.0";"3.921846"
"255160.0";"3.955279"
"255170.0";"3.867024"
"255180.0";"4.050712"
"255190.0";"4.00372"
"255200.0";"3.904221"
"255210.0";"3.976694"
"255220.0";"3.947283"
"255230.0";"3.869885"
"255240.0";"3.898587"
"255250.0";"3.874961"
"255260.0";"3.924956"
"255270.0";"3.960155"
"255280.0";"3.973478"
"255290.0";"3.914704"
"255300.0";"3.929173"
"255310.0";"3.888171"
"255320.0";"3.947184"
"255330.0";"3.911196"
"255340.0";"3.916423"
"255350.0";"3.901399"
"255360.0";"3.914323"
"255370.0";"3.956099"
"255380.0";"3.932674"
"255390.0";"3.957041"
"255400.0";"3.994572"
"255410.0";"3.971355"
"255420.0";"3.984358"
"255430.0";"3.963614"
"255440.0";"3.976402"
"255450.0";"3.946761"
"255460.0";"4.038903"
"255470.0";"3.996338"
"255480.0";"3.973613"
"255490.0";"4.013088"
"255500.0";"4.045757"
"255510.0";"3.948292"
"255520.0";"4.031117"
"255530.0";"3.992213"
"255540.0";"4.054174"
"255550.0";"3.969459"
"255560.0";"4.00306"
"255570.0";"4.057897"
"255580.0";"4.035324"
"255590.0";"3.936453"
"255600.0";"3.955795"
"255610.0";"3.949306"
"255620.0";"3.898446"
"255630.0";"4.003688"
"255640.0";"3.968411"
"255650.0";"4.002308"
"255660.0";"4.001069"
"255670.0";"3.91105"
"255680.0";"3.892904"
"255690.0";"4.03423"
"255700.0";"3.989654"
"255710.0";"3.930355"
"255720.0";"3.948929"
"255730.0";"3.905373"
"255740.0";"4.045218"
"255750.0";"3.965449"
"255760.0";"4.002641"
"255770.0";"4.014441"
"255780.0";"3.958114"
"255790.0";"4.127348"
"255800.0";"4.005854"
"255810.0";"3.996118"
"255820.0";"4.073375"
"255830.0";"3.959731"
"255840.0";"4.01429"
"255850.0";"4.007747"
"255860.0";"4.051878"
"255870.0";"4.067746"
"255880.0";"4.034985"
"255890.0";"3.950459"
"255900.0";"4.025579"
"255910.0";"3.915944"
"255920.0";"4.053166"
"255930.0";"4.026015"
"255940.0";"3.952998"
"255950.0";"4.035625"
"255960.0";"3.997816"
"255970.0";"3.996057"
"255980.0";"4.01582"
"255990.0";"3.957149"
"256000.0";"3.974259"
"256010.0";"3.982963"
"256020.0";"3.998978"
"256030.0";"3.982915"
"256040.0";"3.98768"
"256050.0";"3.961915"
"256060.0";"3.998589"
"256070.0";"3.903195"
"256080.0";"3.981919"
"256090.0";"3.934123"
"256100.0";"3.873152"
"256110.0";"3.956393"
"256120.0";"3.859501"
"256130.0";"3.98105"
"256140.0";"4.035854"
"256150.0";"3.99154"
"256160.0";"3.996131"
"256170.0";"4.00306"
"256180.0";"4.044746"
"256190.0";"4.000136"
"256200.0";"3.976913"
"256210.0";"3.987693"
"256220.0";"3.949641"
"256230.0";"3.909303"
"256240.0";"4.002357"
"256250.0";"3.947693"
"256260.0";"4.007786"
"256270.0";"3.978528"
"256280.0";"3.968184"
"256290.0";"3.926756"
"256300.0";"4.030045"
"256310.0";"4.072141"
"256320.0";"3.964221"
"256330.0";"4.004576"
"256340.0";"3.917145"
"256350.0";"3.946343"
"256360.0";"4.014898"
"256370.0";"3.995703"
"256380.0";"3.957868"
"256390.0";"3.99861"
"256400.0";"3.959804"
"256410.0";"3.928939"
"256420.0";"4.004053"
"256430.0";"4.050278"
"256440.0";"4.080947"
"256450.0";"4.037757"
"256460.0";"4.028012"
"256470.0";"4.037161"
"256480.0";"4.000934"
"256490.0";"4.006966"
"256500.0";"3.984144"
"256510.0";"4.031676"
"256520.0";"3.977047"
"256530.0";"4.028125"
"256540.0";"3.991706"
"256550.0";"3.950431"
"256560.0";"3.98838"
"256570.0";"3.999197"
"256580.0";"3.990109"
"256590.0";"3.995171"
"256600.0";"4.00054"
"256610.0";"4.051853"
"256620.0";"4.083693"
"256630.0";"4.080719"
"256640.0";"3.95461"
"256650.0";"4.046031"
"256660.0";"3.974336"
"256670.0";"3.961765"
"256680.0";"3.925579"
"256690.0";"3.997869"
"256700.0";"4.002088"
"256710.0";"3.893463"
"256720.0";"3.93169"
"256730.0";"3.910437"
"256740.0";"3.956211"
"256750.0";"3.890867"
"256760.0";"3.964223"
"256770.0";"4.01768"
"256780.0";"3.986446"
"256790.0";"4.011754"
"256800.0";"3.933197"
"256810.0";"3.860287"
"256820.0";"3.882977"
"256830.0";"3.967828"
"256840.0";"3.945012"
"256850.0";"3.968965"
"256860.0";"3.850514"
"256870.0";"3.954981"
"256880.0";"3.828742"
"256890.0";"3.883404"
"256900.0";"3.936983"
"256910.0";"3.892908"
"256920.0";"3.901208"
"256930.0";"3.897801"
"256940.0";"3.97105"
"256950.0";"3.919119"
"256960.0";"3.985021"
"256970.0";"3.895184"
"256980.0";"3.902581"
"256990.0";"3.820368"
"257000.0";"3.886362"
"257010.0";"3.887188"
"257020.0";"3.967264"
"257030.0";"3.897832"
"257040.0";"3.852671"
"257050.0";"3.924845"
"257060.0";"3.797739"
"257070.0";"3.825309"
"257080.0";"3.811915"
"257090.0";"4.004497"
"257100.0";"3.917889"
"257110.0";"3.809868"
"257120.0";"3.905999"
"257130.0";"4.002025"
"257140.0";"3.922028"
"257150.0";"3.933427"
"257160.0";"3.979397"
"257170.0";"3.969438"
"257180.0";"3.942552"
"257190.0";"3.92218"
"257200.0";"4.004648"
"257210.0";"3.991353"
"257220.0";"3.921493"
"257230.0";"4.043239"
"257240.0";"3.988895"
"257250.0";"3.932728"
"257260.0";"3.992672"
"257270.0";"3.919626"
"257280.0";"3.945895"
"257290.0";"3.950453"
"257300.0";"3.83643"
"257310.0";"3.995664"
"257320.0";"4.010332"
"257330.0";"3.967273"
"257340.0";"3.911215"
"257350.0";"3.95264"
"257360.0";"3.984878"
"257370.0";"4.01822"
"257380.0";"3.906734"
"257390.0";"3.998179"
"257400.0";"3.903688"
"257410.0";"3.920345"
"257420.0";"3.881737"
"257430.0";"3.986674"
"257440.0";"3.94613"
"257450.0";"3.847099"
"257460.0";"3.839821"
"257470.0";"3.85392"
"257480.0";"3.884656"
"257490.0";"3.878255"
"257500.0";"3.907876"
"257510.0";"3.904047"
"257520.0";"3.887555"
"257530.0";"3.893491"
"257540.0";"3.889718"
"257550.0";"3.904098"
"257560.0";"3.909202"
"257570.0";"4.027215"
"257580.0";"3.992658"
"257590.0";"4.009186"
"257600.0";"3.94625"
"257610.0";"4.001219"
"257620.0";"4.047141"
"257630.0";"4.038681"
"257640.0";"3.844346"
"257650.0";"3.9663"
"257660.0";"3.913322"
"257670.0";"3.890179"
"257680.0";"3.883639"
"257690.0";"3.828035"
"257700.0";"3.836171"
"257710.0";"3.826376"
"257720.0";"3.882021"
"257730.0";"3.678839"
"257740.0";"3.818781"
"257750.0";"3.790097"
"257760.0";"3.945935"
"257770.0";"3.95392"
"257780.0";"3.957982"
"257790.0";"4.054142"
"257800.0";"3.913312"
"257810.0";"3.951958"
"257820.0";"3.992512"
"257830.0";"3.91933"
"257840.0";"3.960819"
"257850.0";"3.936299"
"257860.0";"3.845936"
"257870.0";"3.976695"
"257880.0";"3.989702"
"257890.0";"3.951149"
"257900.0";"4.020499"
"257910.0";"3.984725"
"257920.0";"3.987607"
"257930.0";"3.9986"
"257940.0";"4.046444"
"257950.0";"3.953822"
"257960.0";"4.010702"
"257970.0";"3.993871"
"257980.0";"3.966096"
"257990.0";"4.056457"
"258000.0";"3.949434"
"258010.0";"3.968033"
"258020.0";"3.991758"
"258030.0";"4.001431"
"258040.0";"3.97985"
"258050.0";"4.050482"
"258060.0";"4.032654"
"258070.0";"3.925462"
"258080.0";"4.002215"
"258090.0";"3.963881"
"258100.0";"4.002417"
"258110.0";"4.014132"
"258120.0";"4.041993"
"258130.0";"3.963258"
"258140.0";"4.01241"
"258150.0";"3.954986"
"258160.0";"3.964037"
"258170.0";"4.02639"
"258180.0";"4.002105"
"258190.0";"3.975818"
"258200.0";"3.925687"
"258210.0";"3.955843"
"258220.0";"3.965653"
"258230.0";"3.993248"
"258240.0";"3.954735"
"258250.0";"3.957537"
"258260.0";"4.01221"
"258270.0";"3.951845"
"258280.0";"3.944199"
"258290.0";"3.992497"
"258300.0";"3.946662"
"258310.0";"3.968129"
"258320.0";"3.868147"
"258330.0";"3.99257"
"258340.0";"4.027353"
"258350.0";"3.863285"
"258360.0";"3.935936"
"258370.0";"3.890699"
"258380.0";"3.930942"
"258390.0";"3.956396"
"258400.0";"4.017937"
"258410.0";"3.954295"
"258420.0";"4.00279"
"258430.0";"3.951179"
"258440.0";"3.981484"
"258450.0";"3.904157"
"258460.0";"3.994437"
"258470.0";"3.939338"
"258480.0";"3.871129"
"258490.0";"3.972356"
"258500.0";"3.951602"
"258510.0";"3.833218"
"258520.0";"3.862412"
"258530.0";"3.928712"
"258540.0";"3.924238"
"258550.0";"3.927756"
"258560.0";"3.979544"
"258570.0";"3.996295"
"258580.0";"3.996761"
"258590.0";"3.989429"
"258600.0";"3.907132"
"258610.0";"3.918037"
"258620.0";"3.956587"
"258630.0";"3.975732"
"258640.0";"3.912576"
"258650.0";"3.957197"
"258660.0";"4.029318"
"258670.0";"3.938158"
"258680.0";"4.031538"
"258690.0";"4.023447"
"258700.0";"4.027814"
"258710.0";"3.939835"
"258720.0";"3.953205"
"258730.0";"4.027304"
"258740.0";"4.013131"
"258750.0";"3.988917"
"258760.0";"4.007516"
"258770.0";"3.982794"
"258780.0";"4.004745"
"258790.0";"3.940989"
"258800.0";"4.037143"
"258810.0";"3.950459"
"258820.0";"3.961519"
"258830.0";"3.964191"
"258840.0";"3.957569"
"258850.0";"3.963683"
"258860.0";"3.98343"
"258870.0";"4.029002"
"258880.0";"4.052021"
"258890.0";"4.0231"
"258900.0";"3.965161"
"258910.0";"3.912921"
"258920.0";"3.982824"
"258930.0";"3.989619"
"258940.0";"3.951721"
"258950.0";"3.92861"
"258960.0";"3.9063"
"258970.0";"3.995746"
"258980.0";"3.914087"
"258990.0";"3.816516"
"259000.0";"3.984049"
"259010.0";"3.956317"
"259020.0";"3.914353"
"259030.0";"3.983654"
"259040.0";"3.952006"
"259050.0";"4.052072"
"259060.0";"4.015095"
"259070.0";"3.877485"
"259080.0";"3.927235"
"259090.0";"3.977636"
"259100.0";"4.000006"
"259110.0";"3.96721"
"259120.0";"3.945014"
"259130.0";"3.925144"
"259140.0";"3.971774"
"259150.0";"3.935494"
"259160.0";"3.954021"
"259170.0";"3.973465"
"259180.0";"3.924545"
"259190.0";"3.993647"
"259200.0";"4.004817"
"259210.0";"3.913635"
"259220.0";"3.939072"
"259230.0";"4.001393"
"259240.0";"3.945568"
"259250.0";"3.938805"
"259260.0";"3.988766"
"259270.0";"3.966263"
"259280.0";"4.05372"
"259290.0";"3.980629"
"259300.0";"4.033293"
"259310.0";"3.990963"
"259320.0";"3.904846"
"259330.0";"3.899688"
"259340.0";"3.837615"
"259350.0";"3.896916"
"259360.0";"3.781775"
"259370.0";"4.005952"
"259380.0";"3.948889"
"259390.0";"3.92526"
"259400.0";"3.882353"
"259410.0";"3.92873"
"259420.0";"4.032008"
"259430.0";"3.994946"
"259440.0";"3.963068"
"259450.0";"4.080525"
"259460.0";"3.95387"
"259470.0";"3.893763"
"259480.0";"3.901988"
"259490.0";"3.939451"
"259500.0";"3.767571"
"259510.0";"3.976612"
"259520.0";"3.939222"
"259530.0";"3.991052"
"259540.0";"3.924957"
"259550.0";"3.941901"
"259560.0";"3.970554"
"259570.0";"3.973688"
"259580.0";"3.959722"
"259590.0";"3.924112"
"259600.0";"3.85565"
"259610.0";"3.930139"
"259620.0";"4.017632"
"259630.0";"4.01819"
"259640.0";"3.94945"
"259650.0";"3.953666"
"259660.0";"3.954276"
"259670.0";"3.978357"
"259680.0";"3.907321"
"259690.0";"3.904418"
"259700.0";"3.924781"
"259710.0";"3.978616"
"259720.0";"4.007483"
"259730.0";"4.066121"
"259740.0";"3.932864"
"259750.0";"3.976107"
"259760.0";"4.076229"
"259770.0";"3.943549"
"259780.0";"3.963774"
"259790.0";"3.961449"
"259800.0";"3.918839"
"259810.0";"3.984688"
"259820.0";"3.915349"
"259830.0";"3.962723"
"259840.0";"3.885595"
"259850.0";"4.014974"
"259860.0";"3.94681"
"259870.0";"4.005667"
"259880.0";"3.97172"
"259890.0";"3.982362"
"259900.0";"3.915466"
"259910.0";"3.904936"
"259920.0";"3.97078"
"259930.0";"4.000635"
"259940.0";"3.932022"
"259950.0";"3.884848"
"259960.0";"3.878531"
"259970.0";"3.998345"
"259980.0";"3.939876"
"259990.0";"3.950799"
"260000.0";"3.932057"
"260010.0";"3.966676"
"260020.0";"3.994647"
"260030.0";"3.972735"
"260040.0";"3.93733"
"260050.0";"3.945396"
"260060.0";"3.96965"
"260070.0";"4.000924"
"260080.0";"3.94365"
"260090.0";"3.935258"
"260100.0";"3.891197"
"260110.0";"3.922857"
"260120.0";"3.94214"
"260130.0";"3.906811"
"260140.0";"4.010766"
"260150.0";"4.004506"
"260160.0";"4.017319"
"260170.0";"3.995266"
"260180.0";"3.948555"
"260190.0";"3.89374"
"260200.0";"3.959415"
"260210.0";"3.987042"
"260220.0";"4.00242"
"260230.0";"3.997924"
"260240.0";"3.956869"
"260250.0";"3.883528"
"260260.0";"3.940658"
"260270.0";"3.899525"
"260280.0";"3.944261"
"260290.0";"4.077715"
"260300.0";"4.02233"
"260310.0";"4.014708"
"260320.0";"3.94992"
"260330.0";"4.021854"
"260340.0";"4.028074"
"260350.0";"4.034416"
"260360.0";"3.944383"
"260370.0";"4.009882"
"260380.0";"3.956933"
"260390.0";"4.061851"
"260400.0";"3.961551"
"260410.0";"3.938453"
"260420.0";"3.94026"
"260430.0";"3.956002"
"260440.0";"3.983436"
"260450.0";"3.98869"
"260460.0";"3.933072"
"260470.0";"3.855568"
"260480.0";"3.903751"
"260490.0";"3.910806"
"260500.0";"3.899777"
"260510.0";"3.880192"
"260520.0";"3.904733"
"260530.0";"3.989184"
"260540.0";"3.91278"
"260550.0";"3.880492"
"260560.0";"3.860501"
"260570.0";"3.915576"
"260580.0";"3.947939"
"260590.0";"3.970099"
"260600.0";"3.987018"
"260610.0";"3.90517"
"260620.0";"3.961916"
"260630.0";"4.019768"
"260640.0";"4.00919"
"260650.0";"3.790617"
"260660.0";"3.819961"
"260670.0";"4.006969"
"260680.0";"3.850071"
"260690.0";"3.819952"
"260700.0";"3.815475"
"260710.0";"3.645373"
"260720.0";"3.654747"
"260730.0";"3.854683"
"260740.0";"3.969001"
"260750.0";"3.889229"
"260760.0";"3.820058"
"260770.0";"3.940704"
"260780.0";"3.828443"
"260790.0";"3.895523"
"260800.0";"3.84259"
"260810.0";"4.002148"
"260820.0";"3.78635"
"260830.0";"3.866379"
"260840.0";"3.936738"
"260850.0";"3.989795"
"260860.0";"3.942146"
"260870.0";"3.917237"
"260880.0";"4.071599"
"260890.0";"4.028716"
"260900.0";"3.988348"
"260910.0";"4.024057"
"260920.0";"4.013898"
"260930.0";"4.010725"
"260940.0";"3.954998"
"260950.0";"3.861809"
"260960.0";"3.980201"
"260970.0";"3.922956"
"260980.0";"4.024515"
"260990.0";"3.974006"
"261000.0";"3.867449"
"261010.0";"3.913622"
"261020.0";"3.976263"
"261030.0";"4.002959"
"261040.0";"3.967332"
"261050.0";"3.944713"
"261060.0";"3.921911"
"261070.0";"4.012475"
"261080.0";"3.974343"
"261090.0";"3.988528"
"261100.0";"4.049854"
"261110.0";"3.993416"
"261120.0";"3.970986"
"261130.0";"3.882144"
"261140.0";"3.99196"
"261150.0";"3.944314"
"261160.0";"3.903128"
"261170.0";"3.918671"
"261180.0";"3.857127"
"261190.0";"3.965625"
"261200.0";"4.02575"
"261210.0";"4.003161"
"261220.0";"3.843127"
"261230.0";"3.884275"
"261240.0";"3.976193"
"261250.0";"3.943002"
"261260.0";"3.808645"
"261270.0";"3.777637"
"261280.0";"3.771571"
"261290.0";"3.759768"
"261300.0";"4.004011"
"261310.0";"3.886256"
"261320.0";"3.947229"
"261330.0";"3.860254"
"261340.0";"3.966943"
"261350.0";"3.932415"
"261360.0";"3.927572"
"261370.0";"3.901842"
"261380.0";"3.943918"
"261390.0";"3.977453"
"261400.0";"3.855529"
"261410.0";"3.91063"
"261420.0";"3.942167"
"261430.0";"3.923212"
"261440.0";"3.89986"
"261450.0";"3.997622"
"261460.0";"3.909562"
"261470.0";"3.97693"
"261480.0";"3.981404"
"261490.0";"3.852261"
"261500.0";"3.842273"
"261510.0";"3.930813"
"261520.0";"3.879588"
"261530.0";"3.960631"
"261540.0";"3.894471"
"261550.0";"3.898942"
"261560.0";"3.89029"
"261570.0";"3.915853"
"261580.0";"3.907329"
"261590.0";"3.919402"
"261600.0";"3.894789"
"261610.0";"3.945051"
"261620.0";"3.974397"
"261630.0";"3.942131"
"261640.0";"3.963704"
"261650.0";"3.968762"
"261660.0";"3.949656"
"261670.0";"4.005321"
"261680.0";"3.926553"
"261690.0";"3.927714"
"261700.0";"3.994466"
"261710.0";"3.86033"
"261720.0";"3.936211"
"261730.0";"3.906934"
"261740.0";"3.902469"
"261750.0";"3.936064"
"261760.0";"3.939395"
"261770.0";"3.942516"
"261780.0";"3.920997"
"261790.0";"3.896964"
"261800.0";"3.980759"
"261810.0";"3.965902"
"261820.0";"3.945398"
"261830.0";"3.949677"
"261840.0";"3.890067"
"261850.0";"3.905483"
"261860.0";"3.956446"
"261870.0";"3.897309"
"261880.0";"3.959435"
"261890.0";"3.9166"
"261900.0";"3.83573"
"261910.0";"3.948218"
"261920.0";"3.941457"
"261930.0";"4.028984"
"261940.0";"4.021814"
"261950.0";"3.949589"
"261960.0";"3.964824"
"261970.0";"3.919654"
"261980.0";"3.853648"
"261990.0";"3.960405"
"262000.0";"3.880462"
"262010.0";"4.001601"
"262020.0";"3.963624"
"262030.0";"3.953364"
"262040.0";"3.911108"
"262050.0";"3.868233"
"262060.0";"3.964366"
"262070.0";"3.901566"
"262080.0";"3.950481"
"262090.0";"4.006947"
"262100.0";"3.878328"
"262110.0";"3.882975"
"262120.0";"3.896999"
"262130.0";"3.931338"
"262140.0";"3.956866"
"262150.0";"3.995046"
"262160.0";"4.074405"
"262170.0";"3.909069"
"262180.0";"3.920026"
"262190.0";"4.054832"
"262200.0";"3.950365"
"262210.0";"3.933124"
"262220.0";"4.076061"
"262230.0";"3.934185"
"262240.0";"3.938258"
"262250.0";"3.915125"
"262260.0";"3.91348"
"262270.0";"3.91081"
"262280.0";"3.900466"
"262290.0";"3.914463"
"262300.0";"3.846808"
"262310.0";"3.957449"
"262320.0";"4.006108"
"262330.0";"3.874806"
"262340.0";"4.011799"
"262350.0";"3.786379"
"262360.0";"3.919882"
"262370.0";"3.92675"
"262380.0";"3.944726"
"262390.0";"3.865226"
"262400.0";"3.978234"
"262410.0";"3.895282"
"262420.0";"3.965739"
"262430.0";"3.974542"
"262440.0";"3.940286"
"262450.0";"3.905326"
"262460.0";"3.992321"
"262470.0";"4.007707"
"262480.0";"3.992597"
"262490.0";"3.971826"
"262500.0";"3.94597"
"262510.0";"3.965333"
"262520.0";"3.914773"
"262530.0";"3.990365"
"262540.0";"3.937976"
"262550.0";"3.895786"
"262560.0";"3.926021"
"262570.0";"3.937104"
"262580.0";"4.074599"
"262590.0";"4.01709"
"262600.0";"3.948732"
"262610.0";"3.956239"
"262620.0";"3.991407"
"262630.0";"3.975476"
"262640.0";"3.957397"
"262650.0";"3.927309"
"262660.0";"4.000197"
"262670.0";"3.946348"
"262680.0";"3.943152"
"262690.0";"3.909931"
"262700.0";"3.974067"
"262710.0";"3.984296"
"262720.0";"4.015101"
"262730.0";"4.029616"
"262740.0";"3.970499"
"262750.0";"4.037672"
"262760.0";"3.956469"
"262770.0";"4.004547"
"262780.0";"4.008733"
"262790.0";"4.001308"
"262800.0";"3.978254"
"262810.0";"3.994034"
"262820.0";"4.045705"
"262830.0";"4.001188"
"262840.0";"3.979933"
"262850.0";"3.973686"
"262860.0";"4.005509"
"262870.0";"4.030013"
"262880.0";"3.989584"
"262890.0";"3.958566"
"262900.0";"3.908574"
"262910.0";"3.93065"
"262920.0";"3.942944"
"262930.0";"3.895765"
"262940.0";"3.866076"
"262950.0";"3.948839"
"262960.0";"3.977901"
"262970.0";"3.95567"
"262980.0";"3.986909"
"262990.0";"3.983894"
"263000.0";"4.024957"
"263010.0";"3.991025"
"263020.0";"4.020401"
"263030.0";"4.017612"
"263040.0";"4.034577"
"263050.0";"3.969439"
"263060.0";"4.014414"
"263070.0";"3.974586"
"263080.0";"4.026046"
"263090.0";"4.096047"
"263100.0";"4.078572"
"263110.0";"4.055562"
"263120.0";"4.040205"
"263130.0";"3.996556"
"263140.0";"4.029932"
"263150.0";"3.96298"
"263160.0";"4.061832"
"263170.0";"4.002767"
"263180.0";"4.105526"
"263190.0";"4.005583"
"263200.0";"4.014402"
"263210.0";"3.951488"
"263220.0";"4.039403"
"263230.0";"3.977108"
"263240.0";"4.064088"
"263250.0";"4.024259"
"263260.0";"4.001461"
"263270.0";"4.026614"
"263280.0";"3.987451"
"263290.0";"4.017379"
"263300.0";"4.059229"
"263310.0";"4.066329"
"263320.0";"3.998154"
"263330.0";"4.111794"
"263340.0";"3.987594"
"263350.0";"3.927683"
"263360.0";"3.91976"
"263370.0";"3.969285"
"263380.0";"3.981834"
"263390.0";"3.963794"
"263400.0";"4.036492"
"263410.0";"3.918926"
"263420.0";"3.959969"
"263430.0";"3.961295"
"263440.0";"3.974439"
"263450.0";"3.961683"
"263460.0";"4.034504"
"263470.0";"3.837081"
"263480.0";"3.863793"
"263490.0";"3.934159"
"263500.0";"3.942134"
"263510.0";"3.992871"
"263520.0";"3.888946"
"263530.0";"4.014194"
"263540.0";"3.963746"
"263550.0";"3.91085"
"263560.0";"3.957367"
"263570.0";"4.014912"
"263580.0";"3.993844"
"263590.0";"4.007305"
"263600.0";"3.891695"
"263610.0";"3.923659"
"263620.0";"3.91894"
"263630.0";"3.905518"
"263640.0";"4.003415"
"263650.0";"4.025436"
"263660.0";"3.847551"
"263670.0";"3.989806"
"263680.0";"3.934371"
"263690.0";"3.951418"
"263700.0";"3.944569"
"263710.0";"4.03121"
"263720.0";"3.972617"
"263730.0";"4.031269"
"263740.0";"3.983521"
"263750.0";"3.983872"
"263760.0";"4.027197"
"263770.0";"3.981604"
"263780.0";"3.995059"
"263790.0";"4.034387"
"263800.0";"4.0425"
"263810.0";"4.006302"
"263820.0";"4.003438"
"263830.0";"4.055251"
"263840.0";"4.005009"
"263850.0";"3.984738"
"263860.0";"3.979175"
"263870.0";"3.965275"
"263880.0";"4.019157"
"263890.0";"3.932061"
"263900.0";"3.88945"
"263910.0";"4.048451"
"263920.0";"3.893724"
"263930.0";"3.925719"
"263940.0";"3.968534"
"263950.0";"3.953605"
"263960.0";"3.916898"
"263970.0";"3.939046"
"263980.0";"3.984148"
"263990.0";"3.985794"
"264000.0";"3.97518"
"264010.0";"3.987707"
"264020.0";"4.001256"
"264030.0";"4.096077"
"264040.0";"3.991239"
"264050.0";"3.965199"
"264060.0";"3.991482"
"264070.0";"3.893587"
"264080.0";"3.872509"
"264090.0";"3.947462"
"264100.0";"3.955122"
"264110.0";"3.896556"
"264120.0";"3.992901"
"264130.0";"3.951237"
"264140.0";"4.022361"
"264150.0";"4.005059"
"264160.0";"3.98284"
"264170.0";"3.97882"
"264180.0";"4.034629"
"264190.0";"4.053534"
"264200.0";"4.033193"
"264210.0";"4.051743"
"264220.0";"4.007106"
"264230.0";"3.925589"
"264240.0";"3.98027"
"264250.0";"3.990798"
"264260.0";"4.037003"
"264270.0";"3.934243"
"264280.0";"3.968489"
"264290.0";"3.958229"
"264300.0";"4.046031"
"264310.0";"3.990602"
"264320.0";"4.013966"
"264330.0";"3.964483"
"264340.0";"4.048784"
"264350.0";"3.998791"
"264360.0";"3.983835"
"264370.0";"3.99965"
"264380.0";"3.969185"
"264390.0";"4.044129"
"264400.0";"4.015897"
"264410.0";"3.973242"
"264420.0";"3.967608"
"264430.0";"4.033229"
"264440.0";"3.971673"
"264450.0";"3.969734"
"264460.0";"4.041289"
"264470.0";"3.943982"
"264480.0";"3.974294"
"264490.0";"3.984312"
"264500.0";"3.996015"
"264510.0";"4.030174"
"264520.0";"3.980282"
"264530.0";"4.053204"
"264540.0";"4.040491"
"264550.0";"4.035738"
"264560.0";"4.118281"
"264570.0";"4.059614"
"264580.0";"3.99694"
"264590.0";"4.05322"
"264600.0";"4.019502"
"264610.0";"3.972215"
"264620.0";"4.021114"
"264630.0";"4.033856"
"264640.0";"4.046552"
"264650.0";"4.05383"
"264660.0";"4.085907"
"264670.0";"4.074073"
"264680.0";"4.021016"
"264690.0";"4.039348"
"264700.0";"4.067083"
"264710.0";"4.051998"
"264720.0";"4.035622"
"264730.0";"4.107851"
"264740.0";"4.032073"
"264750.0";"4.084633"
"264760.0";"4.047158"
"264770.0";"3.99242"
"264780.0";"4.046491"
"264790.0";"4.05805"
"264800.0";"4.052508"
"264810.0";"4.112055"
"264820.0";"4.120004"
"264830.0";"4.086186"
"264840.0";"4.035609"
"264850.0";"4.070865"
"264860.0";"3.899304"
"264870.0";"3.879318"
"264880.0";"3.950985"
"264890.0";"3.927841"
"264900.0";"3.974266"
"264910.0";"3.922498"
"264920.0";"3.865043"
"264930.0";"3.770062"
"264940.0";"3.749149"
"264950.0";"3.881511"
"264960.0";"3.883301"
"264970.0";"3.882835"
"264980.0";"3.948191"
"264990.0";"3.897902"
"265000.0";"4.022774"
"265010.0";"3.977059"
"265020.0";"3.871247"
"265030.0";"3.888098"
"265040.0";"3.953483"
"265050.0";"3.983003"
"265060.0";"3.880377"
"265070.0";"3.880184"
"265080.0";"3.937208"
"265090.0";"3.88535"
"265100.0";"3.95633"
"265110.0";"3.857682"
"265120.0";"3.791214"
"265130.0";"3.929086"
"265140.0";"3.901623"
"265150.0";"3.97307"
"265160.0";"3.907122"
"265170.0";"3.974849"
"265180.0";"3.894101"
"265190.0";"3.960805"
"265200.0";"3.981433"
"265210.0";"3.926284"
"265220.0";"3.89792"
"265230.0";"3.814945"
"265240.0";"3.858731"
"265250.0";"3.862795"
"265260.0";"3.970107"
"265270.0";"3.93644"
"265280.0";"3.9544"
"265290.0";"3.946746"
"265300.0";"4.00504"
"265310.0";"3.886125"
"265320.0";"3.935655"
"265330.0";"3.967973"
"265340.0";"4.012293"
"265350.0";"3.969148"
"265360.0";"3.936395"
"265370.0";"3.939094"
"265380.0";"3.936263"
"265390.0";"3.948439"
"265400.0";"3.87771"
"265410.0";"4.028206"
"265420.0";"3.976879"
"265430.0";"3.997446"
"265440.0";"4.012061"
"265450.0";"3.999016"
"265460.0";"3.922659"
"265470.0";"3.914371"
"265480.0";"3.983108"
"265490.0";"3.970177"
"265500.0";"4.015606"
"265510.0";"4.033486"
"265520.0";"4.004913"
"265530.0";"3.973983"
"265540.0";"3.936585"
"265550.0";"4.0278"
"265560.0";"3.887952"
"265570.0";"3.960877"
"265580.0";"3.95912"
"265590.0";"4.080667"
"265600.0";"3.997683"
"265610.0";"3.967131"
"265620.0";"3.965061"
"265630.0";"3.974083"
"265640.0";"3.951761"
"265650.0";"4.005188"
"265660.0";"3.953564"
"265670.0";"4.026816"
"265680.0";"3.998548"
"265690.0";"4.084333"
"265700.0";"4.039917"
"265710.0";"4.043447"
"265720.0";"4.045557"
"265730.0";"4.011968"
"265740.0";"4.036167"
"265750.0";"3.977275"
"265760.0";"4.08331"
"265770.0";"4.052694"
"265780.0";"4.083091"
"265790.0";"4.044179"
"265800.0";"4.027858"
"265810.0";"4.102381"
"265820.0";"4.021468"
"265830.0";"4.081409"
"265840.0";"4.082746"
"265850.0";"4.072634"
"265860.0";"3.988545"
"265870.0";"4.005476"
"265880.0";"4.087933"
"265890.0";"4.152912"
"265900.0";"4.068744"
"265910.0";"4.16159"
"265920.0";"3.95878"
"265930.0";"3.976025"
"265940.0";"4.061162"
"265950.0";"4.018538"
"265960.0";"4.048382"
"265970.0";"4.069598"
"265980.0";"4.092745"
"265990.0";"4.100167"
"266000.0";"4.083102"
"266010.0";"4.099105"
"266020.0";"4.081295"
"266030.0";"4.077857"
"266040.0";"4.08657"
"266050.0";"4.112687"
"266060.0";"4.029669"
"266070.0";"4.124973"
"266080.0";"4.108767"
"266090.0";"4.187993"
"266100.0";"4.172005"
"266110.0";"4.082972"
"266120.0";"4.187667"
"266130.0";"4.066504"
"266140.0";"4.114308"
"266150.0";"4.055984"
"266160.0";"4.108329"
"266170.0";"4.106681"
"266180.0";"4.074189"
"266190.0";"4.002066"
"266200.0";"4.025891"
"266210.0";"4.044631"
"266220.0";"3.987584"
"266230.0";"4.056376"
"266240.0";"4.024787"
"266250.0";"4.04987"
"266260.0";"4.052227"
"266270.0";"3.9778"
"266280.0";"4.011777"
"266290.0";"4.014009"
"266300.0";"3.986485"
"266310.0";"4.013231"
"266320.0";"4.044605"
"266330.0";"4.07585"
"266340.0";"4.018818"
"266350.0";"3.967726"
"266360.0";"4.045161"
"266370.0";"3.99633"
"266380.0";"3.989487"
"266390.0";"4.013775"
"266400.0";"3.982703"
"266410.0";"4.076286"
"266420.0";"4.006681"
"266430.0";"3.989128"
"266440.0";"3.951132"
"266450.0";"4.067134"
"266460.0";"3.983222"
"266470.0";"3.984696"
"266480.0";"3.956327"
"266490.0";"3.983478"
"266500.0";"3.904163"
"266510.0";"4.000979"
"266520.0";"4.005242"
"266530.0";"3.938866"
"266540.0";"3.86199"
"266550.0";"3.79022"
"266560.0";"3.837478"
"266570.0";"3.770176"
"266580.0";"3.898751"
"266590.0";"3.834077"
"266600.0";"3.85386"
"266610.0";"3.863486"
"266620.0";"4.02622"
"266630.0";"3.923901"
"266640.0";"3.946876"
"266650.0";"3.964572"
"266660.0";"4.004505"
"266670.0";"3.942219"
"266680.0";"3.968402"
"266690.0";"3.988144"
"266700.0";"4.017748"
"266710.0";"3.970487"
"266720.0";"4.074611"
"266730.0";"3.919543"
"266740.0";"3.922817"
"266750.0";"3.982304"
"266760.0";"3.957845"
"266770.0";"3.98576"
"266780.0";"4.038108"
"266790.0";"4.005139"
"266800.0";"4.019956"
"266810.0";"4.004761"
"266820.0";"4.047719"
"266830.0";"4.040583"
"266840.0";"3.929514"
"266850.0";"4.066908"
"266860.0";"3.976625"
"266870.0";"3.919517"
"266880.0";"3.950386"
"266890.0";"3.901468"
"266900.0";"4.024168"
"266910.0";"3.980617"
"266920.0";"3.941329"
"266930.0";"3.949516"
"266940.0";"3.830008"
"266950.0";"3.869611"
"266960.0";"3.84287"
"266970.0";"3.836208"
"266980.0";"3.964026"
"266990.0";"3.932219"
"267000.0";"3.89157"
"267010.0";"3.958963"
"267020.0";"3.910425"
"267030.0";"3.812665"
"267040.0";"3.807278"
"267050.0";"3.898848"
"267060.0";"3.973109"
"267070.0";"3.903495"
"267080.0";"3.794219"
"267090.0";"3.757949"
"267100.0";"3.743323"
"267110.0";"3.771173"
"267120.0";"3.739092"
"267130.0";"3.7906"
"267140.0";"3.835925"
"267150.0";"3.778565"
"267160.0";"3.75562"
"267170.0";"3.853731"
"267180.0";"3.873618"
"267190.0";"3.847076"
"267200.0";"3.797193"
"267210.0";"3.757971"
"267220.0";"3.898736"
"267230.0";"3.803997"
"267240.0";"3.994666"
"267250.0";"3.896897"
"267260.0";"3.933325"
"267270.0";"4.018935"
"267280.0";"3.793397"
"267290.0";"3.879739"
"267300.0";"3.820401"
"267310.0";"3.870129"
"267320.0";"3.994419"
"267330.0";"3.951604"
"267340.0";"3.950206"
"267350.0";"3.946728"
"267360.0";"3.940386"
"267370.0";"3.888393"
"267380.0";"3.877825"
"267390.0";"3.849796"
"267400.0";"3.879238"
"267410.0";"3.91362"
"267420.0";"3.805676"
"267430.0";"3.857638"
"267440.0";"3.854303"
"267450.0";"3.86822"
"267460.0";"3.751271"
"267470.0";"3.876214"
"267480.0";"3.968043"
"267490.0";"3.888719"
"267500.0";"3.90786"
"267510.0";"3.782383"
"267520.0";"3.759576"
"267530.0";"3.791715"
"267540.0";"3.889444"
"267550.0";"3.934004"
"267560.0";"3.863828"
"267570.0";"3.861226"
"267580.0";"3.838166"
"267590.0";"3.869995"
"267600.0";"3.877138"
"267610.0";"3.77923"
"267620.0";"3.901504"
"267630.0";"3.914124"
"267640.0";"3.826823"
"267650.0";"3.995137"
"267660.0";"3.961026"
"267670.0";"3.917215"
"267680.0";"3.869452"
"267690.0";"3.9859"
"267700.0";"4.055595"
"267710.0";"3.93421"
"267720.0";"3.908544"
"267730.0";"3.931884"
"267740.0";"3.690169"
"267750.0";"3.708912"
"267760.0";"3.69108"
"267770.0";"3.673509"
"267780.0";"3.665033"
"267790.0";"3.739423"
"267800.0";"3.68961"
"267810.0";"3.824924"
"267820.0";"3.869167"
"267830.0";"3.83372"
"267840.0";"3.847753"
"267850.0";"3.94893"
"267860.0";"3.940919"
"267870.0";"4.004353"
"267880.0";"3.927552"
"267890.0";"3.891709"
"267900.0";"3.971838"
"267910.0";"3.855441"
"267920.0";"3.868894"
"267930.0";"3.90359"
"267940.0";"3.999326"
"267950.0";"3.970155"
"267960.0";"3.99168"
"267970.0";"4.00435"
"267980.0";"4.019143"
"267990.0";"3.983195"
"268000.0";"3.991826"
"268010.0";"3.89554"
"268020.0";"3.927066"
"268030.0";"3.995403"
"268040.0";"4.069675"
"268050.0";"4.088553"
"268060.0";"4.165447"
"268070.0";"4.039668"
"268080.0";"4.062484"
"268090.0";"4.198961"
"268100.0";"4.197321"
"268110.0";"4.22122"
"268120.0";"4.19058"
"268130.0";"4.256782"
"268140.0";"4.135386"
"268150.0";"4.16025"
"268160.0";"4.15471"
"268170.0";"4.150574"
"268180.0";"4.096435"
"268190.0";"4.150763"
"268200.0";"4.157553"
"268210.0";"4.193409"
"268220.0";"4.109159"
"268230.0";"4.12696"
"268240.0";"4.15736"
"268250.0";"4.147371"
"268260.0";"4.183396"
"268270.0";"4.146609"
"268280.0";"4.140526"
"268290.0";"4.130966"
"268300.0";"4.119157"
"268310.0";"4.146718"
"268320.0";"4.240413"
"268330.0";"4.22432"
"268340.0";"4.19992"
"268350.0";"4.132751"
"268360.0";"4.208359"
"268370.0";"4.083944"
"268380.0";"4.142402"
"268390.0";"4.119708"
"268400.0";"4.129032"
"268410.0";"4.106311"
"268420.0";"4.151904"
"268430.0";"4.113795"
"268440.0";"4.09415"
"268450.0";"4.003585"
"268460.0";"4.082714"
"268470.0";"3.993245"
"268480.0";"4.199334"
"268490.0";"4.133984"
"268500.0";"4.029583"
"268510.0";"4.059455"
"268520.0";"4.037984"
"268530.0";"3.996789"
"268540.0";"4.050246"
"268550.0";"4.104598"
"268560.0";"4.102818"
"268570.0";"4.066316"
"268580.0";"4.111679"
"268590.0";"4.149973"
"268600.0";"4.098685"
"268610.0";"4.159836"
"268620.0";"4.077141"
"268630.0";"4.165399"
"268640.0";"4.05509"
"268650.0";"4.153846"
"268660.0";"4.096658"
"268670.0";"4.082185"
"268680.0";"4.082761"
"268690.0";"4.070195"
"268700.0";"4.106033"
"268710.0";"4.09394"
"268720.0";"4.086914"
"268730.0";"4.10352"
"268740.0";"3.98846"
"268750.0";"3.992652"
"268760.0";"4.03143"
"268770.0";"4.036032"
"268780.0";"4.068328"
"268790.0";"4.14317"
"268800.0";"4.015141"
"268810.0";"4.176161"
"268820.0";"4.141952"
"268830.0";"4.137016"
"268840.0";"4.16153"
"268850.0";"4.188572"
"268860.0";"4.125383"
"268870.0";"4.217593"
"268880.0";"4.162832"
"268890.0";"4.116956"
"268900.0";"4.157079"
"268910.0";"4.161653"
"268920.0";"4.108727"
"268930.0";"4.015141"
"268940.0";"4.107847"
"268950.0";"4.208496"
"268960.0";"4.143676"
"268970.0";"4.114825"
"268980.0";"4.101196"
"268990.0";"4.091454"
"269000.0";"4.079852"
"269010.0";"4.054091"
"269020.0";"4.078607"
"269030.0";"4.146537"
"269040.0";"4.172841"
"269050.0";"4.059526"
"269060.0";"4.10957"
"269070.0";"4.137293"
"269080.0";"4.14334"
"269090.0";"4.082613"
"269100.0";"4.143372"
"269110.0";"4.103963"
"269120.0";"4.14843"
"269130.0";"4.089827"
"269140.0";"4.071602"
"269150.0";"4.19524"
"269160.0";"4.129566"
"269170.0";"4.197014"
"269180.0";"4.153785"
"269190.0";"4.116163"
"269200.0";"4.145746"
"269210.0";"4.230204"
"269220.0";"4.220409"
"269230.0";"4.145641"
"269240.0";"4.141815"
"269250.0";"4.129262"
"269260.0";"4.17802"
"269270.0";"4.129393"
"269280.0";"4.112998"
"269290.0";"4.241549"
"269300.0";"4.195084"
"269310.0";"4.110182"
"269320.0";"4.084125"
"269330.0";"4.152074"
"269340.0";"4.205939"
"269350.0";"4.098807"
"269360.0";"4.094494"
"269370.0";"4.038824"
"269380.0";"4.041671"
"269390.0";"4.218636"
"269400.0";"4.110388"
"269410.0";"4.131767"
"269420.0";"4.120676"
"269430.0";"4.08965"
"269440.0";"4.073882"
"269450.0";"4.120027"
"269460.0";"4.113793"
"269470.0";"4.084442"
"269480.0";"4.206473"
"269490.0";"4.07884"
"269500.0";"3.936703"
"269510.0";"4.109082"
"269520.0";"4.022869"
"269530.0";"4.037917"
"269540.0";"4.005314"
"269550.0";"4.017403"
"269560.0";"3.99534"
"269570.0";"4.001097"
"269580.0";"3.97083"
"269590.0";"4.001765"
"269600.0";"3.883101"
"269610.0";"4.002981"
"269620.0";"4.054484"
"269630.0";"4.019917"
"269640.0";"3.952699"
"269650.0";"3.99263"
"269660.0";"4.106975"
"269670.0";"3.983965"
"269680.0";"3.972273"
"269690.0";"3.950107"
"269700.0";"3.980416"
"269710.0";"3.95795"
"269720.0";"3.959658"
"269730.0";"3.919756"
"269740.0";"3.93251"
"269750.0";"3.949938"
"269760.0";"3.951879"
"269770.0";"4.027603"
"269780.0";"3.949719"
"269790.0";"4.040451"
"269800.0";"4.037197"
"269810.0";"3.948188"
"269820.0";"3.980261"
"269830.0";"3.984125"
"269840.0";"4.032544"
"269850.0";"4.060748"
"269860.0";"4.048585"
"269870.0";"4.020602"
"269880.0";"4.036736"
"269890.0";"4.021412"
"269900.0";"4.06779"
"269910.0";"3.89107"
"269920.0";"3.908947"
"269930.0";"3.862077"
"269940.0";"3.922016"
"269950.0";"4.005791"
"269960.0";"4.010845"
"269970.0";"3.99158"
"269980.0";"4.068907"
"269990.0";"4.03671"
"270000.0";"4.110335"
"270010.0";"4.059762"
"270020.0";"4.095627"
"270030.0";"4.028269"
"270040.0";"4.040067"
"270050.0";"3.998474"
"270060.0";"4.020626"
"270070.0";"4.089036"
"270080.0";"4.086454"
"270090.0";"4.040787"
"270100.0";"4.056283"
"270110.0";"4.083247"
"270120.0";"4.093357"
"270130.0";"4.114482"
"270140.0";"4.079207"
"270150.0";"4.089939"
"270160.0";"4.051201"
"270170.0";"4.056437"
"270180.0";"4.163697"
"270190.0";"4.168282"
"270200.0";"3.992701"
"270210.0";"4.038949"
"270220.0";"4.00264"
"270230.0";"4.057835"
"270240.0";"4.125204"
"270250.0";"4.120315"
"270260.0";"4.02758"
"270270.0";"4.047362"
"270280.0";"4.068776"
"270290.0";"4.041643"
"270300.0";"3.981932"
"270310.0";"4.020685"
"270320.0";"4.084491"
"270330.0";"4.081709"
"270340.0";"4.062018"
"270350.0";"4.033521"
"270360.0";"4.038334"
"270370.0";"4.05983"
"270380.0";"4.011817"
"270390.0";"4.05117"
"270400.0";"4.031464"
"270410.0";"4.011895"
"270420.0";"4.022116"
"270430.0";"4.009869"
"270440.0";"4.072731"
"270450.0";"4.094042"
"270460.0";"4.072536"
"270470.0";"4.083303"
"270480.0";"4.00308"
"270490.0";"4.094643"
"270500.0";"4.041259"
"270510.0";"4.132523"
"270520.0";"4.052962"
"270530.0";"4.053747"
"270540.0";"4.070552"
"270550.0";"4.058476"
"270560.0";"4.054595"
"270570.0";"4.095207"
"270580.0";"4.061684"
"270590.0";"3.960492"
"270600.0";"3.946779"
"270610.0";"4.029223"
"270620.0";"3.979991"
"270630.0";"4.108263"
"270640.0";"4.070104"
"270650.0";"4.048476"
"270660.0";"4.044828"
"270670.0";"3.93225"
"270680.0";"3.90598"
"270690.0";"3.892319"
"270700.0";"3.902139"
"270710.0";"3.989442"
"270720.0";"4.00754"
"270730.0";"3.931289"
"270740.0";"3.8799"
"270750.0";"3.833807"
"270760.0";"3.954686"
"270770.0";"3.836428"
"270780.0";"3.857889"
"270790.0";"4.02783"
"270800.0";"3.995681"
"270810.0";"4.026327"
"270820.0";"4.040262"
"270830.0";"3.956836"
"270840.0";"3.944615"
"270850.0";"4.082551"
"270860.0";"4.062787"
"270870.0";"4.023119"
"270880.0";"4.047818"
"270890.0";"3.813904"
"270900.0";"3.877258"
"270910.0";"3.914878"
"270920.0";"3.9287"
"270930.0";"3.95105"
"270940.0";"3.922774"
"270950.0";"4.094738"
"270960.0";"4.104134"
"270970.0";"4.053448"
"270980.0";"4.055647"
"270990.0";"4.011663"
"271000.0";"4.095387"
"271010.0";"4.08634"
"271020.0";"4.032826"
"271030.0";"4.046355"
"271040.0";"4.021695"
"271050.0";"4.074694"
"271060.0";"4.002172"
"271070.0";"4.110702"
"271080.0";"4.052605"
"271090.0";"4.046867"
"271100.0";"4.061405"
"271110.0";"4.062445"
"271120.0";"4.027365"
"271130.0";"3.96765"
"271140.0";"3.796545"
"271150.0";"3.811687"
"271160.0";"3.80742"
"271170.0";"3.869005"
"271180.0";"3.947059"
"271190.0";"3.985067"
"271200.0";"4.034387"
"271210.0";"3.980514"
"271220.0";"3.899748"
"271230.0";"3.945518"
"271240.0";"4.026939"
"271250.0";"4.065687"
"271260.0";"3.918134"
"271270.0";"3.992681"
"271280.0";"4.057643"
"271290.0";"3.981855"
"271300.0";"3.985479"
"271310.0";"3.971615"
"271320.0";"3.945036"
"271330.0";"3.888577"
"271340.0";"3.855138"
"271350.0";"3.936612"
"271360.0";"3.81527"
"271370.0";"3.907458"
"271380.0";"3.944236"
"271390.0";"4.050877"
"271400.0";"4.033396"
"271410.0";"4.055713"
"271420.0";"3.966803"
"271430.0";"3.866432"
"271440.0";"3.856524"
"271450.0";"3.948276"
"271460.0";"3.968195"
"271470.0";"3.879896"
"271480.0";"4.006709"
"271490.0";"4.043022"
"271500.0";"3.964796"
"271510.0";"4.002389"
"271520.0";"3.999406"
"271530.0";"3.883431"
"271540.0";"4.030801"
"271550.0";"3.994948"
"271560.0";"4.005764"
"271570.0";"3.992372"
"271580.0";"4.108557"
"271590.0";"4.024049"
"271600.0";"3.995895"
"271610.0";"3.961594"
"271620.0";"3.950242"
"271630.0";"4.025106"
"271640.0";"3.989414"
"271650.0";"4.076289"
"271660.0";"4.120972"
"271670.0";"4.023645"
"271680.0";"4.029171"
"271690.0";"4.002638"
"271700.0";"4.156497"
"271710.0";"4.068396"
"271720.0";"4.07606"
"271730.0";"4.219062"
"271740.0";"4.225495"
"271750.0";"4.230192"
"271760.0";"4.157737"
"271770.0";"4.064437"
"271780.0";"4.156988"
"271790.0";"4.067804"
"271800.0";"4.112452"
"271810.0";"4.104608"
"271820.0";"4.114187"
"271830.0";"4.108231"
"271840.0";"4.041428"
"271850.0";"4.147676"
"271860.0";"4.109848"
"271870.0";"4.148526"
"271880.0";"4.171269"
"271890.0";"4.21136"
"271900.0";"4.241209"
"271910.0";"4.108087"
"271920.0";"4.168739"
"271930.0";"4.194269"
"271940.0";"4.076189"
"271950.0";"4.074884"
"271960.0";"3.952668"
"271970.0";"4.050724"
"271980.0";"4.119185"
"271990.0";"4.041656"
"272000.0";"4.098444"
"272010.0";"4.20223"
"272020.0";"4.243473"
"272030.0";"4.11198"
"272040.0";"4.18462"
"272050.0";"4.167883"
"272060.0";"4.216125"
"272070.0";"4.17846"
"272080.0";"4.192912"
"272090.0";"4.246913"
"272100.0";"4.141342"
"272110.0";"4.155457"
"272120.0";"4.162866"
"272130.0";"4.17645"
"272140.0";"4.187378"
"272150.0";"4.144411"
"272160.0";"4.281385"
"272170.0";"4.275283"
"272180.0";"4.271451"
"272190.0";"4.232227"
"272200.0";"4.328707"
"272210.0";"4.271686"
"272220.0";"4.199923"
"272230.0";"4.079969"
"272240.0";"3.974795"
"272250.0";"4.246075"
"272260.0";"4.253833"
"272270.0";"4.148989"
"272280.0";"4.247147"
"272290.0";"4.239172"
"272300.0";"4.258093"
"272310.0";"4.233611"
"272320.0";"4.141447"
"272330.0";"4.1984"
"272340.0";"4.272003"
"272350.0";"4.232986"
"272360.0";"4.240404"
"272370.0";"4.231761"
"272380.0";"4.074972"
"272390.0";"4.130062"
"272400.0";"4.178317"
"272410.0";"4.202051"
"272420.0";"4.21189"
"272430.0";"4.188295"
"272440.0";"4.23651"
"272450.0";"4.172724"
"272460.0";"4.27362"
"272470.0";"4.18391"
"272480.0";"4.242887"
"272490.0";"4.194377"
"272500.0";"4.199096"
"272510.0";"4.217892"
"272520.0";"4.214477"
"272530.0";"4.188567"
"272540.0";"4.245681"
"272550.0";"4.158191"
"272560.0";"4.098005"
"272570.0";"4.099966"
"272580.0";"4.1497"
"272590.0";"4.102778"
"272600.0";"4.170171"
"272610.0";"4.065933"
"272620.0";"3.984953"
"272630.0";"3.987823"
"272640.0";"3.962967"
"272650.0";"4.17923"
"272660.0";"4.186056"
"272670.0";"4.161086"
"272680.0";"4.162949"
"272690.0";"4.091287"
"272700.0";"4.164207"
"272710.0";"4.286837"
"272720.0";"4.14063"
"272730.0";"4.046497"
"272740.0";"4.049222"
"272750.0";"4.173191"
"272760.0";"4.12892"
"272770.0";"4.131101"
"272780.0";"4.195815"
"272790.0";"4.104775"
"272800.0";"4.181499"
"272810.0";"4.190717"
"272820.0";"4.232363"
"272830.0";"4.19818"
"272840.0";"4.168802"
"272850.0";"4.245051"
"272860.0";"4.196855"
"272870.0";"4.188461"
"272880.0";"4.285402"
"272890.0";"4.246714"
"272900.0";"4.223846"
"272910.0";"4.251288"
"272920.0";"4.192165"
"272930.0";"4.19815"
"272940.0";"4.163917"
"272950.0";"4.197733"
"272960.0";"4.239124"
"272970.0";"4.131229"
"272980.0";"4.127223"
"272990.0";"4.153936"
"273000.0";"4.199852"
"273010.0";"4.232245"
"273020.0";"4.241265"
"273030.0";"4.193152"
"273040.0";"4.220006"
"273050.0";"4.219019"
"273060.0";"4.267168"
"273070.0";"4.273784"
"273080.0";"4.234397"
"273090.0";"4.069037"
"273100.0";"4.0814"
"273110.0";"4.096703"
"273120.0";"4.089021"
"273130.0";"4.095662"
"273140.0";"4.050859"
"273150.0";"4.128562"
"273160.0";"4.102355"
"273170.0";"4.126455"
"273180.0";"4.092307"
"273190.0";"4.131181"
"273200.0";"4.142848"
"273210.0";"4.151544"
"273220.0";"4.104619"
"273230.0";"4.125029"
"273240.0";"4.113219"
"273250.0";"4.075311"
"273260.0";"4.137655"
"273270.0";"4.102943"
"273280.0";"4.13787"
"273290.0";"4.116795"
"273300.0";"4.021709"
"273310.0";"4.1082"
"273320.0";"4.146034"
"273330.0";"4.15264"
"273340.0";"4.21225"
"273350.0";"4.166203"
"273360.0";"4.163656"
"273370.0";"4.149127"
"273380.0";"4.135938"
"273390.0";"4.332724"
"273400.0";"4.266588"
"273410.0";"4.134625"
"273420.0";"4.232096"
"273430.0";"4.184698"
"273440.0";"4.185145"
"273450.0";"4.200055"
"273460.0";"4.117635"
"273470.0";"4.14637"
"273480.0";"4.094614"
"273490.0";"4.159741"
"273500.0";"4.106216"
"273510.0";"4.035707"
"273520.0";"4.171569"
"273530.0";"4.08171"
"273540.0";"4.111141"
"273550.0";"4.078355"
"273560.0";"4.006147"
"273570.0";"4.011885"
"273580.0";"4.127075"
"273590.0";"4.092403"
"273600.0";"4.006934"
"273610.0";"4.089901"
"273620.0";"4.071818"
"273630.0";"4.063101"
"273640.0";"4.085005"
"273650.0";"4.070582"
"273660.0";"4.08351"
"273670.0";"4.072252"
"273680.0";"4.092721"
"273690.0";"4.052956"
"273700.0";"4.049664"
"273710.0";"4.016968"
"273720.0";"4.027332"
"273730.0";"4.070889"
"273740.0";"4.006227"
"273750.0";"4.040732"
"273760.0";"4.035853"
"273770.0";"4.095237"
"273780.0";"4.127896"
"273790.0";"3.985814"
"273800.0";"4.04916"
"273810.0";"4.00389"
"273820.0";"4.046092"
"273830.0";"4.062161"
"273840.0";"4.060538"
"273850.0";"4.127198"
"273860.0";"4.127465"
"273870.0";"4.075093"
"273880.0";"4.074139"
"273890.0";"4.118005"
"273900.0";"4.095675"
"273910.0";"4.128446"
"273920.0";"4.018933"
"273930.0";"4.076695"
"273940.0";"4.126685"
"273950.0";"4.140421"
"273960.0";"4.221471"
"273970.0";"4.14136"
"273980.0";"4.18964"
"273990.0";"4.19276"
"274000.0";"4.215177"
"274010.0";"4.105741"
"274020.0";"4.219512"
"274030.0";"4.245823"
"274040.0";"4.205276"
"274050.0";"4.27319"
"274060.0";"4.188423"
"274070.0";"4.029523"
"274080.0";"4.082038"
"274090.0";"4.166316"
"274100.0";"4.051053"
"274110.0";"4.187684"
"274120.0";"4.148348"
"274130.0";"4.19433"
"274140.0";"4.110086"
"274150.0";"4.002396"
"274160.0";"4.066017"
"274170.0";"4.114446"
"274180.0";"4.077093"
"274190.0";"4.001501"
"274200.0";"3.95396"
"274210.0";"3.979061"
"274220.0";"3.954235"
"274230.0";"3.978879"
"274240.0";"4.034862"
"274250.0";"3.961689"
"274260.0";"3.988044"
"274270.0";"4.057337"
"274280.0";"3.957299"
"274290.0";"3.983993"
"274300.0";"3.990645"
"274310.0";"3.989018"
"274320.0";"3.931328"
"274330.0";"3.990717"
"274340.0";"4.02482"
"274350.0";"4.007919"
"274360.0";"3.922624"
"274370.0";"3.967002"
"274380.0";"3.982659"
"274390.0";"3.925682"
"274400.0";"3.958524"
"274410.0";"3.94001"
"274420.0";"4.000278"
"274430.0";"3.887897"
"274440.0";"3.937776"
"274450.0";"3.987823"
"274460.0";"3.986853"
"274470.0";"4.012082"
"274480.0";"3.993589"
"274490.0";"3.924906"
"274500.0";"3.98865"
"274510.0";"4.052856"
"274520.0";"3.922494"
"274530.0";"4.049209"
"274540.0";"3.963112"
"274550.0";"3.951012"
"274560.0";"3.947164"
"274570.0";"3.946776"
"274580.0";"3.944332"
"274590.0";"3.897137"
"274600.0";"3.96846"
"274610.0";"3.922441"
"274620.0";"3.926714"
"274630.0";"3.912826"
"274640.0";"3.829613"
"274650.0";"3.912081"
"274660.0";"3.941702"
"274670.0";"3.979485"
"274680.0";"3.943901"
"274690.0";"3.934654"
"274700.0";"3.906594"
"274710.0";"3.924572"
"274720.0";"3.931478"
"274730.0";"3.870264"
"274740.0";"3.91726"
"274750.0";"3.93387"
"274760.0";"3.934726"
"274770.0";"3.926776"
"274780.0";"3.938628"
"274790.0";"3.876555"
"274800.0";"3.935942"
"274810.0";"3.877393"
"274820.0";"3.902181"
"274830.0";"3.899705"
"274840.0";"3.957619"
"274850.0";"3.910166"
"274860.0";"3.916182"
"274870.0";"3.946076"
"274880.0";"3.829786"
"274890.0";"3.89536"
"274900.0";"4.000481"
"274910.0";"3.906657"
"274920.0";"3.873055"
"274930.0";"4.034048"
"274940.0";"4.076307"
"274950.0";"4.056652"
"274960.0";"4.014157"
"274970.0";"4.055024"
"274980.0";"4.052323"
"274990.0";"4.082949"
"275000.0";"4.040762"
"275010.0";"4.103093"
"275020.0";"4.121388"
"275030.0";"4.077167"
"275040.0";"4.132038"
"275050.0";"4.044806"
"275060.0";"4.03753"
"275070.0";"4.041358"
"275080.0";"4.064029"
"275090.0";"4.065794"
"275100.0";"4.006237"
"275110.0";"3.991002"
"275120.0";"4.056803"
"275130.0";"4.087564"
"275140.0";"3.997644"
"275150.0";"4.068645"
"275160.0";"4.058918"
"275170.0";"3.942423"
"275180.0";"4.059747"
"275190.0";"4.116712"
"275200.0";"4.105071"
"275210.0";"4.118049"
"275220.0";"3.985403"
"275230.0";"4.076618"
"275240.0";"4.056693"
"275250.0";"4.043142"
"275260.0";"4.050599"
"275270.0";"4.124198"
"275280.0";"4.092925"
"275290.0";"4.076475"
"275300.0";"4.068391"
"275310.0";"4.083348"
"275320.0";"4.073612"
"275330.0";"4.02699"
"275340.0";"4.030136"
"275350.0";"4.095047"
"275360.0";"4.154976"
"275370.0";"4.098791"
"275380.0";"4.07751"
"275390.0";"4.14472"
"275400.0";"4.086558"
"275410.0";"4.062734"
"275420.0";"4.061641"
"275430.0";"4.011786"
"275440.0";"4.042772"
"275450.0";"4.012158"
"275460.0";"4.012849"
"275470.0";"4.076171"
"275480.0";"4.003221"
"275490.0";"4.123694"
"275500.0";"3.994492"
"275510.0";"3.974721"
"275520.0";"4.016421"
"275530.0";"4.00648"
"275540.0";"3.973465"
"275550.0";"4.119244"
"275560.0";"4.09381"
"275570.0";"4.063707"
"275580.0";"4.061253"
"275590.0";"3.987525"
"275600.0";"4.06737"
"275610.0";"4.009205"
"275620.0";"4.010098"
"275630.0";"3.942834"
"275640.0";"3.988603"
"275650.0";"3.98498"
"275660.0";"4.031552"
"275670.0";"4.08727"
"275680.0";"4.055058"
"275690.0";"4.096611"
"275700.0";"4.040737"
"275710.0";"4.032062"
"275720.0";"4.039675"
"275730.0";"4.073568"
"275740.0";"4.025881"
"275750.0";"4.114842"
"275760.0";"4.011296"
"275770.0";"4.116922"
"275780.0";"4.083058"
"275790.0";"4.098387"
"275800.0";"4.074396"
"275810.0";"4.124063"
"275820.0";"4.057638"
"275830.0";"4.083325"
"275840.0";"4.003438"
"275850.0";"4.059569"
"275860.0";"4.01319"
"275870.0";"4.064876"
"275880.0";"4.034212"
"275890.0";"4.081678"
"275900.0";"4.074442"
"275910.0";"4.048768"
"275920.0";"4.084951"
"275930.0";"4.00522"
"275940.0";"3.9496"
"275950.0";"4.062089"
"275960.0";"4.009688"
"275970.0";"4.012577"
"275980.0";"3.987897"
"275990.0";"3.959863"
"276000.0";"3.895004"
"276010.0";"4.013444"
"276020.0";"3.954859"
"276030.0";"3.949396"
"276040.0";"3.964283"
"276050.0";"3.979458"
"276060.0";"3.959493"
"276070.0";"3.932692"
"276080.0";"3.945502"
"276090.0";"3.913833"
"276100.0";"3.980144"
"276110.0";"3.891613"
"276120.0";"3.915528"
"276130.0";"3.978636"
"276140.0";"4.077295"
"276150.0";"4.036949"
"276160.0";"3.958229"
"276170.0";"3.958436"
"276180.0";"3.980505"
"276190.0";"3.902874"
"276200.0";"3.980342"
"276210.0";"4.061007"
"276220.0";"3.99894"
"276230.0";"4.027776"
"276240.0";"4.00624"
"276250.0";"3.93716"
"276260.0";"3.90114"
"276270.0";"3.964515"
"276280.0";"3.903554"
"276290.0";"3.992976"
"276300.0";"4.039149"
"276310.0";"3.936935"
"276320.0";"3.984117"
"276330.0";"4.007156"
"276340.0";"3.933815"
"276350.0";"3.952023"
"276360.0";"4.14223"
"276370.0";"4.0446"
"276380.0";"4.041454"
"276390.0";"4.076576"
"276400.0";"4.057348"
"276410.0";"4.037665"
"276420.0";"4.098801"
"276430.0";"4.038355"
"276440.0";"4.112377"
"276450.0";"4.114686"
"276460.0";"4.144464"
"276470.0";"4.141558"
"276480.0";"4.128335"
"276490.0";"4.132252"
"276500.0";"4.104599"
"276510.0";"4.142472"
"276520.0";"4.148492"
"276530.0";"4.141774"
"276540.0";"4.156724"
"276550.0";"4.109847"
"276560.0";"4.145572"
"276570.0";"4.182386"
"276580.0";"4.146871"
"276590.0";"4.162531"
"276600.0";"4.166151"
"276610.0";"4.222241"
"276620.0";"4.142321"
"276630.0";"4.146199"
"276640.0";"4.175523"
"276650.0";"4.14967"
"276660.0";"4.15331"
"276670.0";"4.136763"
"276680.0";"4.174092"
"276690.0";"4.14837"
"276700.0";"4.116374"
"276710.0";"4.182508"
"276720.0";"4.1288"
"276730.0";"4.142054"
"276740.0";"4.132629"
"276750.0";"4.118253"
"276760.0";"4.140985"
"276770.0";"4.140166"
"276780.0";"4.122844"
"276790.0";"4.177353"
"276800.0";"4.143921"
"276810.0";"4.154837"
"276820.0";"4.119646"
"276830.0";"4.115496"
"276840.0";"4.170094"
"276850.0";"4.075284"
"276860.0";"4.083355"
"276870.0";"4.078283"
"276880.0";"4.133575"
"276890.0";"4.099334"
"276900.0";"4.181984"
"276910.0";"4.118543"
"276920.0";"4.081366"
"276930.0";"4.112306"
"276940.0";"4.19815"
"276950.0";"4.107692"
"276960.0";"4.111403"
"276970.0";"4.107088"
"276980.0";"4.086618"
"276990.0";"4.079813"
"277000.0";"4.066225"
"277010.0";"4.086149"
"277020.0";"4.075867"
"277030.0";"4.11147"
"277040.0";"4.103709"
"277050.0";"4.045226"
"277060.0";"4.0677"
"277070.0";"4.080934"
"277080.0";"4.100047"
"277090.0";"4.152536"
"277100.0";"4.133832"
"277110.0";"4.108422"
"277120.0";"4.162452"
"277130.0";"4.145017"
"277140.0";"4.205383"
"277150.0";"4.058754"
"277160.0";"4.12723"
"277170.0";"4.125558"
"277180.0";"4.071244"
"277190.0";"4.114407"
"277200.0";"4.062074"
"277210.0";"4.120888"
"277220.0";"4.072011"
"277230.0";"4.161074"
"277240.0";"4.132209"
"277250.0";"4.121997"
"277260.0";"4.128141"
"277270.0";"4.084301"
"277280.0";"4.139064"
"277290.0";"4.121613"
"277300.0";"4.12341"
"277310.0";"4.160888"
"277320.0";"4.110814"
"277330.0";"4.158957"
"277340.0";"4.13125"
"277350.0";"4.191907"
"277360.0";"4.053719"
"277370.0";"4.091755"
"277380.0";"4.196467"
"277390.0";"4.155651"
"277400.0";"4.169686"
"277410.0";"4.131564"
"277420.0";"4.140848"
"277430.0";"4.146295"
"277440.0";"4.078012"
"277450.0";"4.117499"
"277460.0";"4.10452"
"277470.0";"4.181551"
"277480.0";"4.135248"
"277490.0";"4.132193"
"277500.0";"4.232436"
"277510.0";"4.267316"
"277520.0";"4.125315"
"277530.0";"4.17671"
"277540.0";"4.156835"
"277550.0";"4.091028"
"277560.0";"4.110948"
"277570.0";"4.122327"
"277580.0";"4.14887"
"277590.0";"4.169585"
"277600.0";"4.080638"
"277610.0";"4.100998"
"277620.0";"4.104409"
"277630.0";"4.12868"
"277640.0";"4.138187"
"277650.0";"4.055812"
"277660.0";"4.144097"
"277670.0";"4.086154"
"277680.0";"4.118668"
"277690.0";"4.17433"
"277700.0";"4.080849"
"277710.0";"4.114368"
"277720.0";"4.019713"
"277730.0";"4.061495"
"277740.0";"4.097223"
"277750.0";"4.088083"
"277760.0";"4.069599"
"277770.0";"4.078505"
"277780.0";"4.109997"
"277790.0";"4.077459"
"277800.0";"3.998387"
"277810.0";"4.088752"
"277820.0";"4.119998"
"277830.0";"4.083539"
"277840.0";"4.147668"
"277850.0";"4.12048"
"277860.0";"4.049246"
"277870.0";"4.126425"
"277880.0";"4.064827"
"277890.0";"4.125282"
"277900.0";"4.166531"
"277910.0";"4.097168"
"277920.0";"4.119098"
"277930.0";"4.110804"
"277940.0";"4.1961"
"277950.0";"4.022987"
"277960.0";"4.068134"
"277970.0";"4.09135"
"277980.0";"4.058301"
"277990.0";"4.089844"
"278000.0";"4.091606"
"278010.0";"4.029781"
"278020.0";"4.048306"
"278030.0";"4.009951"
"278040.0";"4.076345"
"278050.0";"4.105205"
"278060.0";"4.145531"
"278070.0";"4.072659"
"278080.0";"4.039704"
"278090.0";"4.077716"
"278100.0";"4.073969"
"278110.0";"4.136191"
"278120.0";"4.130703"
"278130.0";"4.131268"
"278140.0";"4.083107"
"278150.0";"4.069925"
"278160.0";"4.145249"
"278170.0";"4.090629"
"278180.0";"4.103884"
"278190.0";"4.054449"
"278200.0";"4.075126"
"278210.0";"4.114444"
"278220.0";"4.179002"
"278230.0";"4.133674"
"278240.0";"4.104805"
"278250.0";"4.126903"
"278260.0";"4.104416"
"278270.0";"4.093369"
"278280.0";"4.090333"
"278290.0";"4.048649"
"278300.0";"4.025712"
"278310.0";"4.125624"
"278320.0";"4.125029"
"278330.0";"4.099762"
"278340.0";"4.13946"
"278350.0";"4.126654"
"278360.0";"4.071591"
"278370.0";"4.108656"
"278380.0";"4.077484"
"278390.0";"4.089237"
"278400.0";"4.039967"
"278410.0";"3.980949"
"278420.0";"4.082019"
"278430.0";"4.172013"
"278440.0";"4.086609"
"278450.0";"4.150736"
"278460.0";"4.0762"
"278470.0";"4.055402"
"278480.0";"4.114188"
"278490.0";"4.168972"
"278500.0";"4.126169"
"278510.0";"4.153425"
"278520.0";"4.052462"
"278530.0";"4.038605"
"278540.0";"4.120199"
"278550.0";"4.10631"
"278560.0";"4.127076"
"278570.0";"4.135156"
"278580.0";"4.101895"
"278590.0";"4.096128"
"278600.0";"4.121827"
"278610.0";"4.11165"
"278620.0";"4.153799"
"278630.0";"4.116174"
"278640.0";"4.169567"
"278650.0";"4.154678"
"278660.0";"4.167243"
"278670.0";"4.106596"
"278680.0";"4.081377"
"278690.0";"4.086844"
"278700.0";"4.209278"
"278710.0";"4.10737"
"278720.0";"4.047482"
"278730.0";"4.07969"
"278740.0";"4.133542"
"278750.0";"4.115901"
"278760.0";"4.156254"
"278770.0";"4.114886"
"278780.0";"4.167665"
"278790.0";"4.102668"
"278800.0";"4.046759"
"278810.0";"4.159068"
"278820.0";"4.057991"
"278830.0";"4.088864"
"278840.0";"4.123269"
"278850.0";"4.083225"
"278860.0";"4.108559"
"278870.0";"4.101985"
"278880.0";"4.079443"
"278890.0";"4.123522"
"278900.0";"4.130069"
"278910.0";"4.022746"
"278920.0";"4.113724"
"278930.0";"4.082517"
"278940.0";"4.133265"
"278950.0";"4.048807"
"278960.0";"4.139376"
"278970.0";"4.116129"
"278980.0";"4.127274"
"278990.0";"4.07857"
"279000.0";"4.171412"
"279010.0";"4.148813"
"279020.0";"4.144292"
"279030.0";"4.104192"
"279040.0";"4.080309"
"279050.0";"4.113877"
"279060.0";"4.080091"
"279070.0";"4.107999"
"279080.0";"4.107691"
"279090.0";"4.08488"
"279100.0";"4.035807"
"279110.0";"4.077227"
"279120.0";"4.127943"
"279130.0";"4.098182"
"279140.0";"4.077425"
"279150.0";"4.014203"
"279160.0";"4.115202"
"279170.0";"4.001405"
"279180.0";"4.093832"
"279190.0";"4.143787"
"279200.0";"4.139692"
"279210.0";"4.057999"
"279220.0";"4.105799"
"279230.0";"4.035218"
"279240.0";"4.045035"
"279250.0";"4.094557"
"279260.0";"4.09526"
"279270.0";"4.059083"
"279280.0";"4.135938"
"279290.0";"4.074854"
"279300.0";"4.146934"
"279310.0";"4.094062"
"279320.0";"4.142126"
"279330.0";"4.06915"
"279340.0";"4.043964"
"279350.0";"4.072515"
"279360.0";"4.170405"
"279370.0";"4.038842"
"279380.0";"4.071757"
"279390.0";"4.086996"
"279400.0";"4.042824"
"279410.0";"4.061532"
"279420.0";"4.130088"
"279430.0";"4.102242"
"279440.0";"4.057316"
"279450.0";"4.178941"
"279460.0";"4.123709"
"279470.0";"4.117474"
"279480.0";"4.113424"
"279490.0";"4.112514"
"279500.0";"4.16683"
"279510.0";"4.087573"
"279520.0";"4.100971"
"279530.0";"4.100676"
"279540.0";"4.134252"
"279550.0";"4.082949"
"279560.0";"4.073148"
"279570.0";"4.089142"
"279580.0";"4.083622"
"279590.0";"4.108009"
"279600.0";"4.103223"
"279610.0";"4.192624"
"279620.0";"4.155182"
"279630.0";"4.129871"
"279640.0";"4.023622"
"279650.0";"4.071401"
"279660.0";"4.050255"
"279670.0";"4.132757"
"279680.0";"4.174359"
"279690.0";"4.093985"
"279700.0";"4.082034"
"279710.0";"4.043449"
"279720.0";"4.005198"
"279730.0";"4.037438"
"279740.0";"4.029078"
"279750.0";"4.112721"
"279760.0";"4.153061"
"279770.0";"4.177829"
"279780.0";"4.068485"
"279790.0";"4.025"
"279800.0";"4.121035"
"279810.0";"4.083571"
"279820.0";"4.047385"
"279830.0";"4.068237"
"279840.0";"4.026379"
"279850.0";"4.126543"
"279860.0";"4.12557"
"279870.0";"4.016878"
"279880.0";"4.058256"
"279890.0";"4.097684"
"279900.0";"3.984689"
"279910.0";"4.072074"
"279920.0";"4.099482"
"279930.0";"4.049959"
"279940.0";"4.07368"
"279950.0";"4.064234"
"279960.0";"4.057888"
"279970.0";"4.100533"
"279980.0";"4.127655"
"279990.0";"4.096026"
"280000.0";"4.113281"
"280010.0";"4.079218"
"280020.0";"4.127734"
"280030.0";"4.133924"
"280040.0";"4.096678"
"280050.0";"4.079329"
"280060.0";"4.067908"
"280070.0";"4.093069"
"280080.0";"4.109766"
"280090.0";"4.065044"
"280100.0";"4.181206"
"280110.0";"4.018923"
"280120.0";"4.098332"
"280130.0";"4.070764"
"280140.0";"4.046027"
"280150.0";"4.026207"
"280160.0";"4.081789"
"280170.0";"4.184657"
"280180.0";"4.138185"
"280190.0";"4.100553"
"280200.0";"4.053405"
"280210.0";"3.99716"
"280220.0";"4.041412"
"280230.0";"4.233332"
"280240.0";"4.111561"
"280250.0";"4.108209"
"280260.0";"4.062523"
"280270.0";"4.133608"
"280280.0";"3.988838"
"280290.0";"4.116692"
"280300.0";"4.018614"
"280310.0";"4.117363"
"280320.0";"4.15247"
"280330.0";"4.121622"
"280340.0";"4.120374"
"280350.0";"4.145596"
"280360.0";"4.124069"
"280370.0";"4.060432"
"280380.0";"4.071076"
"280390.0";"4.073739"
"280400.0";"3.998078"
"280410.0";"4.075467"
"280420.0";"4.037094"
"280430.0";"4.053067"
"280440.0";"4.053551"
"280450.0";"4.102535"
"280460.0";"4.129018"
"280470.0";"4.113608"
"280480.0";"4.091988"
"280490.0";"4.125712"
"280500.0";"4.11005"
"280510.0";"4.090558"
"280520.0";"4.088588"
"280530.0";"4.092234"
"280540.0";"4.10135"
"280550.0";"4.125823"
"280560.0";"4.108366"
"280570.0";"4.110597"
"280580.0";"4.06409"
"280590.0";"4.077711"
"280600.0";"4.024252"
"280610.0";"4.027407"
"280620.0";"4.094634"
"280630.0";"4.059758"
"280640.0";"4.037314"
"280650.0";"4.061124"
"280660.0";"4.096605"
"280670.0";"4.079097"
"280680.0";"4.044108"
"280690.0";"4.133649"
"280700.0";"4.076024"
"280710.0";"4.082061"
"280720.0";"4.006737"
"280730.0";"4.102703"
"280740.0";"4.099138"
"280750.0";"4.074585"
"280760.0";"4.017228"
"280770.0";"4.063042"
"280780.0";"4.077638"
"280790.0";"4.068578"
"280800.0";"3.985922"
"280810.0";"4.03578"
"280820.0";"4.042089"
"280830.0";"4.029407"
"280840.0";"4.097992"
"280850.0";"4.081179"
"280860.0";"3.994616"
"280870.0";"4.022538"
"280880.0";"3.95163"
"280890.0";"4.039207"
"280900.0";"4.065138"
"280910.0";"4.012018"
"280920.0";"3.987292"
"280930.0";"4.021757"
"280940.0";"4.072604"
"280950.0";"3.975191"
"280960.0";"4.080795"
"280970.0";"4.082842"
"280980.0";"4.058234"
"280990.0";"4.017509"
"281000.0";"4.067112"
"281010.0";"3.96347"
"281020.0";"3.997902"
"281030.0";"4.068983"
"281040.0";"4.026402"
"281050.0";"3.996443"
"281060.0";"4.056448"
"281070.0";"4.003094"
"281080.0";"4.053493"
"281090.0";"4.044657"
"281100.0";"3.962509"
"281110.0";"4.026334"
"281120.0";"4.020591"
"281130.0";"3.910373"
"281140.0";"3.980327"
"281150.0";"4.03582"
"281160.0";"4.09634"
"281170.0";"4.086666"
"281180.0";"4.088796"
"281190.0";"4.030495"
"281200.0";"4.005164"
"281210.0";"4.008007"
"281220.0";"3.995528"
"281230.0";"4.059671"
"281240.0";"3.939152"
"281250.0";"4.053828"
"281260.0";"4.054467"
"281270.0";"4.024969"
"281280.0";"4.010379"
"281290.0";"4.068625"
"281300.0";"4.00004"
"281310.0";"4.041508"
"281320.0";"4.003627"
"281330.0";"4.002074"
"281340.0";"4.024847"
"281350.0";"4.047725"
"281360.0";"4.10966"
"281370.0";"4.051623"
"281380.0";"3.984604"
"281390.0";"4.022914"
"281400.0";"4.103104"
"281410.0";"4.099252"
"281420.0";"4.013426"
"281430.0";"4.046567"
"281440.0";"4.014287"
"281450.0";"4.059245"
"281460.0";"4.004911"
"281470.0";"3.994407"
"281480.0";"4.017217"
"281490.0";"4.032175"
"281500.0";"4.019292"
"281510.0";"4.011474"
"281520.0";"4.022247"
"281530.0";"4.040027"
"281540.0";"3.99498"
"281550.0";"3.999227"
"281560.0";"3.975485"
"281570.0";"4.020939"
"281580.0";"4.047161"
"281590.0";"4.053434"
"281600.0";"4.085747"
"281610.0";"4.051477"
"281620.0";"3.994633"
"281630.0";"4.047863"
"281640.0";"4.055643"
"281650.0";"4.09998"
"281660.0";"4.137842"
"281670.0";"4.129648"
"281680.0";"4.081365"
"281690.0";"4.03335"
"281700.0";"4.122272"
"281710.0";"4.124718"
"281720.0";"4.094863"
"281730.0";"4.02693"
"281740.0";"4.067896"
"281750.0";"4.027658"
"281760.0";"4.127078"
"281770.0";"4.016427"
"281780.0";"4.021043"
"281790.0";"4.193437"
"281800.0";"4.162642"
"281810.0";"3.979615"
"281820.0";"4.076722"
"281830.0";"4.030406"
"281840.0";"3.94342"
"281850.0";"4.071043"
"281860.0";"4.003993"
"281870.0";"4.007156"
"281880.0";"4.029171"
"281890.0";"3.951277"
"281900.0";"4.063533"
"281910.0";"4.030735"
"281920.0";"4.071934"
"281930.0";"4.150884"
"281940.0";"3.950434"
"281950.0";"3.946189"
"281960.0";"4.10595"
"281970.0";"4.152096"
"281980.0";"4.136505"
"281990.0";"4.076432"
"282000.0";"4.038006"
"282010.0";"3.961702"
"282020.0";"4.015944"
"282030.0";"3.945056"
"282040.0";"4.031558"
"282050.0";"4.030277"
"282060.0";"4.024482"
"282070.0";"4.029377"
"282080.0";"4.018467"
"282090.0";"4.048151"
"282100.0";"4.012288"
"282110.0";"4.019143"
"282120.0";"4.053529"
"282130.0";"4.037306"
"282140.0";"4.114077"
"282150.0";"3.962459"
"282160.0";"4.001554"
"282170.0";"4.008668"
"282180.0";"4.001725"
"282190.0";"4.108851"
"282200.0";"4.018033"
"282210.0";"4.041041"
"282220.0";"4.031902"
"282230.0";"3.999557"
"282240.0";"3.967515"
"282250.0";"4.034877"
"282260.0";"3.997655"
"282270.0";"3.986234"
"282280.0";"4.044163"
"282290.0";"3.941679"
"282300.0";"3.988143"
"282310.0";"4.092716"
"282320.0";"4.055042"
"282330.0";"4.000049"
"282340.0";"4.059784"
"282350.0";"3.968967"
"282360.0";"3.927741"
"282370.0";"4.054554"
"282380.0";"4.094228"
"282390.0";"3.98551"
"282400.0";"4.026804"
"282410.0";"4.057186"
"282420.0";"4.030649"
"282430.0";"4.01514"
"282440.0";"4.048938"
"282450.0";"4.109695"
"282460.0";"4.049195"
"282470.0";"4.074039"
"282480.0";"3.976827"
"282490.0";"4.048157"
"282500.0";"4.031697"
"282510.0";"3.992477"
"282520.0";"4.009707"
"282530.0";"3.984563"
"282540.0";"4.013315"
"282550.0";"3.988357"
"282560.0";"4.042243"
"282570.0";"4.021168"
"282580.0";"4.01309"
"282590.0";"4.053119"
"282600.0";"4.047731"
"282610.0";"4.004498"
"282620.0";"3.936477"
"282630.0";"3.977482"
"282640.0";"3.904443"
"282650.0";"3.970061"
"282660.0";"3.952424"
"282670.0";"3.839633"
"282680.0";"3.880184"
"282690.0";"3.877605"
"282700.0";"3.928853"
"282710.0";"3.841706"
"282720.0";"3.92957"
"282730.0";"3.900752"
"282740.0";"3.944836"
"282750.0";"3.899035"
"282760.0";"3.910523"
"282770.0";"3.923936"
"282780.0";"3.88563"
"282790.0";"3.838866"
"282800.0";"3.966782"
"282810.0";"3.976276"
"282820.0";"3.928485"
"282830.0";"3.994884"
"282840.0";"3.801198"
"282850.0";"3.744838"
"282860.0";"3.94077"
"282870.0";"3.895741"
"282880.0";"3.877949"
"282890.0";"3.632192"
"282900.0";"3.898054"
"282910.0";"3.987071"
"282920.0";"3.832851"
"282930.0";"3.984165"
"282940.0";"3.994018"
"282950.0";"3.940664"
"282960.0";"4.016334"
"282970.0";"3.920824"
"282980.0";"3.650111"
"282990.0";"3.644614"
"283000.0";"3.663029"
"283010.0";"3.71272"
"283020.0";"3.719053"
"283030.0";"3.797333"
"283040.0";"3.997136"
"283050.0";"3.943678"
"283060.0";"3.958097"
"283070.0";"3.961953"
"283080.0";"3.91677"
"283090.0";"3.944983"
"283100.0";"4.015536"
"283110.0";"3.974503"
"283120.0";"3.974128"
"283130.0";"3.94176"
"283140.0";"4.019483"
"283150.0";"3.930614"
"283160.0";"3.833097"
"283170.0";"3.899426"
"283180.0";"3.956631"
"283190.0";"3.99043"
"283200.0";"3.986831"
"283210.0";"3.822881"
"283220.0";"3.820483"
"283230.0";"3.978488"
"283240.0";"3.936038"
"283250.0";"3.903346"
"283260.0";"3.863758"
"283270.0";"3.942605"
"283280.0";"3.911188"
"283290.0";"3.915803"
"283300.0";"3.911275"
"283310.0";"3.90604"
"283320.0";"3.823743"
"283330.0";"4.008719"
"283340.0";"4.002834"
"283350.0";"3.992646"
"283360.0";"3.973735"
"283370.0";"4.105877"
"283380.0";"4.028356"
"283390.0";"3.98146"
"283400.0";"3.937353"
"283410.0";"4.072613"
"283420.0";"3.90185"
"283430.0";"3.97408"
"283440.0";"3.987067"
"283450.0";"3.994952"
"283460.0";"3.930906"
"283470.0";"3.899929"
"283480.0";"3.840085"
"283490.0";"3.883623"
"283500.0";"3.904475"
"283510.0";"3.898438"
"283520.0";"3.931593"
"283530.0";"3.873824"
"283540.0";"3.925556"
"283550.0";"3.921819"
"283560.0";"3.843594"
"283570.0";"3.913039"
"283580.0";"3.952328"
"283590.0";"3.943101"
"283600.0";"3.918899"
"283610.0";"3.952497"
"283620.0";"3.945995"
"283630.0";"3.866265"
"283640.0";"3.933328"
"283650.0";"3.955116"
"283660.0";"3.977756"
"283670.0";"3.969"
"283680.0";"3.927301"
"283690.0";"4.046051"
"283700.0";"4.015739"
"283710.0";"3.900083"
"283720.0";"3.983544"
"283730.0";"3.934343"
"283740.0";"3.90681"
"283750.0";"4.000814"
"283760.0";"4.055089"
"283770.0";"3.945577"
"283780.0";"3.983872"
"283790.0";"3.976517"
"283800.0";"3.943312"
"283810.0";"3.946624"
"283820.0";"3.928095"
"283830.0";"3.947458"
"283840.0";"3.945181"
"283850.0";"3.960418"
"283860.0";"3.916309"
"283870.0";"3.873864"
"283880.0";"3.967872"
"283890.0";"3.918009"
"283900.0";"3.931863"
"283910.0";"3.968789"
"283920.0";"3.97169"
"283930.0";"4.001243"
"283940.0";"4.014424"
"283950.0";"4.017897"
"283960.0";"4.05142"
"283970.0";"3.998586"
"283980.0";"4.020426"
"283990.0";"3.947172"
"284000.0";"4.009033"
"284010.0";"3.916301"
"284020.0";"3.986655"
"284030.0";"3.947167"
"284040.0";"3.946727"
"284050.0";"3.931077"
"284060.0";"3.935437"
"284070.0";"3.997195"
"284080.0";"3.976318"
"284090.0";"3.92923"
"284100.0";"3.892723"
"284110.0";"3.984307"
"284120.0";"3.909281"
"284130.0";"3.969094"
"284140.0";"3.957072"
"284150.0";"3.94802"
"284160.0";"3.986308"
"284170.0";"3.8968"
"284180.0";"3.842522"
"284190.0";"3.868002"
"284200.0";"3.906642"
"284210.0";"3.931346"
"284220.0";"3.98999"
"284230.0";"3.983103"
"284240.0";"4.042938"
"284250.0";"3.985358"
"284260.0";"3.912909"
"284270.0";"3.900586"
"284280.0";"3.98843"
"284290.0";"3.980528"
"284300.0";"4.036242"
"284310.0";"3.927871"
"284320.0";"3.918564"
"284330.0";"4.007761"
"284340.0";"4.028611"
"284350.0";"3.957753"
"284360.0";"3.950579"
"284370.0";"3.946212"
"284380.0";"3.945884"
"284390.0";"4.015926"
"284400.0";"3.992692"
"284410.0";"3.959623"
"284420.0";"3.867841"
"284430.0";"3.987443"
"284440.0";"4.005785"
"284450.0";"3.944065"
"284460.0";"3.971312"
"284470.0";"3.953272"
"284480.0";"3.982085"
"284490.0";"3.976633"
"284500.0";"3.94173"
"284510.0";"3.994631"
"284520.0";"3.922722"
"284530.0";"3.997771"
"284540.0";"4.007195"
"284550.0";"3.972531"
"284560.0";"3.994706"
"284570.0";"3.949829"
"284580.0";"3.950396"
"284590.0";"3.939411"
"284600.0";"3.979933"
"284610.0";"4.001625"
"284620.0";"3.944431"
"284630.0";"3.99948"
"284640.0";"3.947264"
"284650.0";"3.94827"
"284660.0";"3.996816"
"284670.0";"3.885447"
"284680.0";"3.915405"
"284690.0";"4.003366"
"284700.0";"4.024877"
"284710.0";"3.97906"
"284720.0";"4.010727"
"284730.0";"3.967829"
"284740.0";"3.992877"
"284750.0";"3.866731"
"284760.0";"3.965129"
"284770.0";"3.956371"
"284780.0";"3.960574"
"284790.0";"3.960585"
"284800.0";"3.989327"
"284810.0";"4.041605"
"284820.0";"4.0109"
"284830.0";"3.879462"
"284840.0";"3.958535"
"284850.0";"3.841844"
"284860.0";"3.842962"
"284870.0";"3.962998"
"284880.0";"3.922052"
"284890.0";"3.914472"
"284900.0";"4.025139"
"284910.0";"3.992484"
"284920.0";"3.941849"
"284930.0";"4.024303"
"284940.0";"3.969689"
"284950.0";"3.824114"
"284960.0";"4.017484"
"284970.0";"3.946423"
"284980.0";"3.95726"
"284990.0";"4.032236"
"285000.0";"4.010479"
"285010.0";"4.00316"
"285020.0";"4.025883"
"285030.0";"4.020187"
"285040.0";"4.028723"
"285050.0";"4.009451"
"285060.0";"3.98027"
"285070.0";"4.006502"
"285080.0";"4.076551"
"285090.0";"4.055976"
"285100.0";"3.973181"
"285110.0";"3.970841"
"285120.0";"3.901426"
"285130.0";"3.981961"
"285140.0";"4.022085"
"285150.0";"3.988386"
"285160.0";"4.007866"
"285170.0";"3.941169"
"285180.0";"3.972044"
"285190.0";"3.937451"
"285200.0";"3.921276"
"285210.0";"3.930232"
"285220.0";"3.943734"
"285230.0";"3.814834"
"285240.0";"3.840984"
"285250.0";"4.025667"
"285260.0";"4.024893"
"285270.0";"4.082469"
"285280.0";"4.038125"
"285290.0";"4.054256"
"285300.0";"4.001838"
"285310.0";"3.986248"
"285320.0";"3.960458"
"285330.0";"3.949817"
"285340.0";"3.999098"
"285350.0";"4.011557"
"285360.0";"3.917831"
"285370.0";"3.985647"
"285380.0";"4.021585"
"285390.0";"3.930694"
"285400.0";"3.944799"
"285410.0";"3.952086"
"285420.0";"4.004334"
"285430.0";"4.005883"
"285440.0";"3.925897"
"285450.0";"3.901452"
"285460.0";"3.887057"
"285470.0";"3.906441"
"285480.0";"3.863384"
"285490.0";"3.933177"
"285500.0";"3.869097"
"285510.0";"3.876301"
"285520.0";"3.981146"
"285530.0";"3.884746"
"285540.0";"3.973561"
"285550.0";"3.92845"
"285560.0";"3.982546"
"285570.0";"3.938291"
"285580.0";"3.927053"
"285590.0";"3.907428"
"285600.0";"3.885477"
"285610.0";"3.972393"
"285620.0";"3.94058"
"285630.0";"3.992821"
"285640.0";"4.033589"
"285650.0";"4.034355"
"285660.0";"4.022454"
"285670.0";"4.012988"
"285680.0";"4.005251"
"285690.0";"3.939614"
"285700.0";"4.091598"
"285710.0";"4.073406"
"285720.0";"4.041749"
"285730.0";"3.995282"
"285740.0";"3.940074"
"285750.0";"3.846649"
"285760.0";"3.986099"
"285770.0";"3.91661"
"285780.0";"3.79314"
"285790.0";"3.79915"
"285800.0";"3.742531"
"285810.0";"3.770041"
"285820.0";"3.769313"
"285830.0";"3.808828"
"285840.0";"3.767518"
"285850.0";"3.682653"
"285860.0";"3.772746"
"285870.0";"4.040919"
"285880.0";"3.908163"
"285890.0";"4.0014"
"285900.0";"3.957192"
"285910.0";"3.994029"
"285920.0";"3.962397"
"285930.0";"3.954722"
"285940.0";"3.923949"
"285950.0";"3.93922"
"285960.0";"3.981156"
"285970.0";"3.949883"
"285980.0";"3.917055"
"285990.0";"3.914707"
"286000.0";"3.973959"
"286010.0";"3.973771"
"286020.0";"3.889515"
"286030.0";"4.0487"
"286040.0";"3.955125"
"286050.0";"3.947804"
"286060.0";"3.975089"
"286070.0";"3.974326"
"286080.0";"3.97014"
"286090.0";"3.909463"
"286100.0";"3.948452"
"286110.0";"3.886971"
"286120.0";"4.028472"
"286130.0";"4.05441"
"286140.0";"3.969751"
"286150.0";"3.97394"
"286160.0";"3.891347"
"286170.0";"4.006913"
"286180.0";"3.961444"
"286190.0";"4.022053"
"286200.0";"3.963107"
"286210.0";"4.04974"
"286220.0";"3.970502"
"286230.0";"3.959017"
"286240.0";"4.001745"
"286250.0";"3.948247"
"286260.0";"4.035731"
"286270.0";"4.053284"
"286280.0";"4.007715"
"286290.0";"3.936615"
"286300.0";"4.052535"
"286310.0";"3.942346"
"286320.0";"3.99156"
"286330.0";"3.994575"
"286340.0";"4.0628"
"286350.0";"4.060752"
"286360.0";"4.041409"
"286370.0";"4.048136"
"286380.0";"4.005616"
"286390.0";"4.053502"
"286400.0";"3.976562"
"286410.0";"4.058719"
"286420.0";"3.976263"
"286430.0";"3.925917"
"286440.0";"4.037006"
"286450.0";"4.070014"
"286460.0";"3.95428"
"286470.0";"3.943656"
"286480.0";"3.964666"
"286490.0";"3.896755"
"286500.0";"4.000086"
"286510.0";"4.050246"
"286520.0";"3.999091"
"286530.0";"3.954799"
"286540.0";"3.965727"
"286550.0";"4.009115"
"286560.0";"3.983962"
"286570.0";"4.070859"
"286580.0";"4.047514"
"286590.0";"4.032247"
"286600.0";"3.982298"
"286610.0";"4.00029"
"286620.0";"3.995954"
"286630.0";"3.973194"
"286640.0";"4.02396"
"286650.0";"3.97318"
"286660.0";"3.977833"
"286670.0";"3.979987"
"286680.0";"3.998591"
"286690.0";"3.986335"
"286700.0";"3.989003"
"286710.0";"4.051745"
"286720.0";"3.898356"
"286730.0";"3.954243"
"286740.0";"3.906654"
"286750.0";"4.058831"
"286760.0";"3.992624"
"286770.0";"4.005501"
"286780.0";"3.878888"
"286790.0";"3.86644"
"286800.0";"3.963111"
"286810.0";"4.019607"
"286820.0";"3.943056"
"286830.0";"4.031237"
"286840.0";"3.978081"
"286850.0";"4.024313"
"286860.0";"3.920592"
"286870.0";"3.954652"
"286880.0";"3.925519"
"286890.0";"4.006001"
"286900.0";"4.058311"
"286910.0";"4.023406"
"286920.0";"3.989578"
"286930.0";"4.020586"
"286940.0";"4.0024"
"286950.0";"4.074413"
"286960.0";"3.979934"
"286970.0";"4.016173"
"286980.0";"3.958151"
"286990.0";"3.944443"
"287000.0";"3.99032"
"287010.0";"3.957132"
"287020.0";"3.891824"
"287030.0";"3.831538"
"287040.0";"3.930139"
"287050.0";"3.993408"
"287060.0";"4.018091"
"287070.0";"3.945164"
"287080.0";"3.966101"
"287090.0";"3.984019"
"287100.0";"3.955043"
"287110.0";"3.988776"
"287120.0";"3.938245"
"287130.0";"3.980849"
"287140.0";"3.973167"
"287150.0";"3.991418"
"287160.0";"4.010561"
"287170.0";"3.987809"
"287180.0";"4.000669"
"287190.0";"3.95575"
"287200.0";"4.058208"
"287210.0";"3.952686"
"287220.0";"4.044601"
"287230.0";"3.997455"
"287240.0";"3.96731"
"287250.0";"4.034632"
"287260.0";"4.017006"
"287270.0";"4.008544"
"287280.0";"4.003482"
"287290.0";"4.051764"
"287300.0";"4.011268"
"287310.0";"3.996578"
"287320.0";"4.027619"
"287330.0";"4.098582"
"287340.0";"4.090992"
"287350.0";"4.0165"
"287360.0";"4.060851"
"287370.0";"4.040478"
"287380.0";"4.029141"
"287390.0";"4.040652"
"287400.0";"4.026121"
"287410.0";"4.00327"
"287420.0";"4.039214"
"287430.0";"4.085543"
"287440.0";"4.036809"
"287450.0";"3.988863"
"287460.0";"4.060922"
"287470.0";"4.016927"
"287480.0";"4.034543"
"287490.0";"4.03668"
"287500.0";"3.988074"
"287510.0";"3.997998"
"287520.0";"3.994724"
"287530.0";"4.016048"
"287540.0";"4.115057"
"287550.0";"4.077994"
"287560.0";"4.033877"
"287570.0";"4.044323"
"287580.0";"3.989999"
"287590.0";"3.991789"
"287600.0";"4.026536"
"287610.0";"3.969122"
"287620.0";"4.075324"
"287630.0";"4.019273"
"287640.0";"4.046361"
"287650.0";"4.018836"
"287660.0";"4.093456"
"287670.0";"4.064965"
"287680.0";"4.048655"
"287690.0";"4.053191"
"287700.0";"4.088415"
"287710.0";"4.065481"
"287720.0";"4.039133"
"287730.0";"4.116282"
"287740.0";"4.056835"
"287750.0";"3.945293"
"287760.0";"4.019711"
"287770.0";"3.991358"
"287780.0";"4.010768"
"287790.0";"4.03082"
"287800.0";"3.971021"
"287810.0";"4.102301"
"287820.0";"4.034072"
"287830.0";"4.001364"
"287840.0";"4.08698"
"287850.0";"4.017318"
"287860.0";"3.993757"
"287870.0";"4.024084"
"287880.0";"3.973373"
"287890.0";"4.078001"
"287900.0";"4.074514"
"287910.0";"4.082768"
"287920.0";"4.012695"
"287930.0";"3.982666"
"287940.0";"4.007575"
"287950.0";"3.933522"
"287960.0";"4.104992"
"287970.0";"4.028985"
"287980.0";"3.990138"
"287990.0";"3.998815"
"288000.0";"4.064842"
"288010.0";"4.059864"
"288020.0";"4.058868"
"288030.0";"4.065869"
"288040.0";"4.003646"
"288050.0";"4.021757"
"288060.0";"3.995835"
"288070.0";"4.096919"
"288080.0";"3.948399"
"288090.0";"4.026744"
"288100.0";"4.046268"
"288110.0";"4.078942"
"288120.0";"3.990233"
"288130.0";"4.066086"
"288140.0";"4.008712"
"288150.0";"4.036465"
"288160.0";"4.00211"
"288170.0";"4.039892"
"288180.0";"3.965697"
"288190.0";"4.056114"
"288200.0";"3.959469"
"288210.0";"4.04194"
"288220.0";"3.931769"
"288230.0";"3.985911"
"288240.0";"4.032162"
"288250.0";"3.979123"
"288260.0";"3.971501"
"288270.0";"3.987741"
"288280.0";"4.111718"
"288290.0";"4.082675"
"288300.0";"4.053058"
"288310.0";"4.003933"
"288320.0";"3.999403"
"288330.0";"3.995672"
"288340.0";"4.027516"
"288350.0";"4.10193"
"288360.0";"4.070007"
"288370.0";"4.073768"
"288380.0";"4.039423"
"288390.0";"4.15165"
"288400.0";"4.096512"
"288410.0";"4.093606"
"288420.0";"4.096057"
"288430.0";"4.089402"
"288440.0";"4.063281"
"288450.0";"4.03995"
"288460.0";"4.032132"
"288470.0";"3.956176"
"288480.0";"3.982637"
"288490.0";"4.025525"
"288500.0";"4.127616"
"288510.0";"3.996657"
"288520.0";"4.02252"
"288530.0";"3.97487"
"288540.0";"4.047918"
"288550.0";"4.051143"
"288560.0";"3.997206"
"288570.0";"4.042243"
"288580.0";"4.01394"
"288590.0";"4.037727"
"288600.0";"4.064655"
"288610.0";"4.007629"
"288620.0";"4.079668"
"288630.0";"4.081011"
"288640.0";"4.034794"
"288650.0";"3.968538"
"288660.0";"4.029051"
"288670.0";"4.104759"
"288680.0";"4.036241"
"288690.0";"3.957259"
"288700.0";"4.03669"
"288710.0";"3.996037"
"288720.0";"4.079134"
"288730.0";"4.007356"
"288740.0";"4.022438"
"288750.0";"3.997008"
"288760.0";"4.004083"
"288770.0";"3.98226"
"288780.0";"4.056537"
"288790.0";"4.015325"
"288800.0";"4.090604"
"288810.0";"4.043442"
"288820.0";"4.037936"
"288830.0";"4.023541"
"288840.0";"4.004318"
"288850.0";"3.983324"
"288860.0";"4.030917"
"288870.0";"3.989017"
"288880.0";"3.958337"
"288890.0";"3.971363"
"288900.0";"4.091978"
"288910.0";"3.969548"
"288920.0";"4.010331"
"288930.0";"4.002863"
"288940.0";"3.974565"
"288950.0";"3.929841"
"288960.0";"4.024979"
"288970.0";"3.976219"
"288980.0";"3.99765"
"288990.0";"3.988781"
"289000.0";"4.089176"
"289010.0";"3.968602"
"289020.0";"4.050543"
"289030.0";"4.047114"
"289040.0";"4.0625"
"289050.0";"4.019588"
"289060.0";"3.977673"
"289070.0";"4.044159"
"289080.0";"3.978054"
"289090.0";"3.982689"
"289100.0";"4.026724"
"289110.0";"4.066053"
"289120.0";"4.033095"
"289130.0";"3.975502"
"289140.0";"4.022354"
"289150.0";"3.924499"
"289160.0";"3.969895"
"289170.0";"3.95521"
"289180.0";"4.003368"
"289190.0";"3.981087"
"289200.0";"3.985757"
"289210.0";"4.011719"
"289220.0";"4.062917"
"289230.0";"4.034503"
"289240.0";"3.970994"
"289250.0";"4.00589"
"289260.0";"4.03014"
"289270.0";"4.01476"
"289280.0";"4.043745"
"289290.0";"3.996114"
"289300.0";"4.085093"
"289310.0";"4.086189"
"289320.0";"4.066987"
"289330.0";"4.060267"
"289340.0";"4.121554"
"289350.0";"4.050516"
"289360.0";"4.066694"
"289370.0";"4.101249"
"289380.0";"3.999585"
"289390.0";"4.0014"
"289400.0";"4.118943"
"289410.0";"4.015671"
"289420.0";"4.01963"
"289430.0";"4.081547"
"289440.0";"4.010705"
"289450.0";"4.055585"
"289460.0";"4.009039"
"289470.0";"4.001656"
"289480.0";"4.053095"
"289490.0";"4.015282"
"289500.0";"4.10408"
"289510.0";"4.087901"
"289520.0";"3.987543"
"289530.0";"4.016146"
"289540.0";"4.031348"
"289550.0";"3.974234"
"289560.0";"4.047715"
"289570.0";"3.96514"
"289580.0";"4.042047"
"289590.0";"4.05866"
"289600.0";"4.09395"
"289610.0";"4.01389"
"289620.0";"4.054707"
"289630.0";"4.049463"
"289640.0";"4.045185"
"289650.0";"4.050891"
"289660.0";"4.006942"
"289670.0";"4.059268"
"289680.0";"4.019699"
"289690.0";"4.090815"
"289700.0";"4.137403"
"289710.0";"4.066207"
"289720.0";"4.057421"
"289730.0";"4.06579"
"289740.0";"4.060942"
"289750.0";"3.994931"
"289760.0";"4.119446"
"289770.0";"4.023386"
"289780.0";"4.036462"
"289790.0";"4.015464"
"289800.0";"4.045138"
"289810.0";"4.037217"
"289820.0";"4.116831"
"289830.0";"4.046137"
"289840.0";"4.042442"
"289850.0";"4.012663"
"289860.0";"4.043316"
"289870.0";"4.019204"
"289880.0";"4.078742"
"289890.0";"4.064401"
"289900.0";"4.014905"
"289910.0";"4.020712"
"289920.0";"4.03295"
"289930.0";"3.992319"
"289940.0";"3.999962"
"289950.0";"4.035242"
"289960.0";"4.057714"
"289970.0";"4.06029"
"289980.0";"4.019994"
"289990.0";"4.044544"
"290000.0";"4.022512"
"290010.0";"3.972481"
"290020.0";"3.964398"
"290030.0";"4.03316"
"290040.0";"3.977169"
"290050.0";"4.061839"
"290060.0";"4.024851"
"290070.0";"4.004986"
"290080.0";"4.048933"
"290090.0";"4.072582"
"290100.0";"4.035048"
"290110.0";"3.913566"
"290120.0";"4.005875"
"290130.0";"3.964335"
"290140.0";"3.976818"
"290150.0";"3.903454"
"290160.0";"3.913623"
"290170.0";"3.999559"
"290180.0";"4.022625"
"290190.0";"3.994082"
"290200.0";"3.983181"
"290210.0";"3.976351"
"290220.0";"4.023608"
"290230.0";"3.971736"
"290240.0";"4.040481"
"290250.0";"4.098225"
"290260.0";"4.051224"
"290270.0";"3.938248"
"290280.0";"3.986427"
"290290.0";"3.942604"
"290300.0";"3.988171"
"290310.0";"4.015178"
"290320.0";"4.046547"
"290330.0";"3.994264"
"290340.0";"3.933904"
"290350.0";"4.042029"
"290360.0";"4.008953"
"290370.0";"4.043858"
"290380.0";"3.979488"
"290390.0";"3.979152"
"290400.0";"3.910307"
"290410.0";"4.006679"
"290420.0";"4.064387"
"290430.0";"3.969413"
"290440.0";"4.018593"
"290450.0";"4.016872"
"290460.0";"3.995302"
"290470.0";"3.96867"
"290480.0";"4.054739"
"290490.0";"3.994905"
"290500.0";"3.962033"
"290510.0";"4.088751"
"290520.0";"4.002045"
"290530.0";"3.986289"
"290540.0";"4.029346"
"290550.0";"4.094887"
"290560.0";"4.067855"
"290570.0";"3.921913"
"290580.0";"3.996183"
"290590.0";"3.969052"
"290600.0";"3.929187"
"290610.0";"3.97944"
"290620.0";"3.949824"
"290630.0";"3.984251"
"290640.0";"4.018838"
"290650.0";"3.997259"
"290660.0";"4.035752"
"290670.0";"3.974927"
"290680.0";"4.039749"
"290690.0";"3.991365"
"290700.0";"4.051742"
"290710.0";"4.067997"
"290720.0";"4.109132"
"290730.0";"4.025847"
"290740.0";"4.035279"
"290750.0";"3.999798"
"290760.0";"4.017195"
"290770.0";"4.072365"
"290780.0";"4.12687"
"290790.0";"4.04479"
"290800.0";"4.058298"
"290810.0";"4.019676"
"290820.0";"4.046534"
"290830.0";"4.002698"
"290840.0";"3.944417"
"290850.0";"3.986152"
"290860.0";"4.021582"
"290870.0";"4.065799"
"290880.0";"3.99737"
"290890.0";"4.032535"
"290900.0";"4.035728"
"290910.0";"3.95454"
"290920.0";"4.02035"
"290930.0";"4.003297"
"290940.0";"3.975579"
"290950.0";"3.868719"
"290960.0";"4.00299"
"290970.0";"3.953001"
"290980.0";"3.985366"
"290990.0";"3.978672"
"291000.0";"4.027276"
"291010.0";"3.983744"
"291020.0";"3.967896"
"291030.0";"3.950649"
"291040.0";"3.983288"
"291050.0";"4.035436"
"291060.0";"3.991307"
"291070.0";"3.972126"
"291080.0";"4.043867"
"291090.0";"4.023291"
"291100.0";"4.026025"
"291110.0";"4.004042"
"291120.0";"4.018002"
"291130.0";"4.013264"
"291140.0";"3.928331"
"291150.0";"3.981026"
"291160.0";"3.965741"
"291170.0";"4.02856"
"291180.0";"3.948941"
"291190.0";"4.03363"
"291200.0";"3.977024"
"291210.0";"4.020881"
"291220.0";"4.039481"
"291230.0";"3.95501"
"291240.0";"4.004268"
"291250.0";"3.960459"
"291260.0";"4.014057"
"291270.0";"4.02027"
"291280.0";"3.94546"
"291290.0";"3.952283"
"291300.0";"3.9601"
"291310.0";"4.006145"
"291320.0";"4.009959"
"291330.0";"3.982965"
"291340.0";"3.942818"
"291350.0";"4.008895"
"291360.0";"3.90582"
"291370.0";"3.973625"
"291380.0";"4.086451"
"291390.0";"3.98727"
"291400.0";"4.023311"
"291410.0";"4.02008"
"291420.0";"4.016399"
"291430.0";"3.954378"
"291440.0";"4.035497"
"291450.0";"4.038291"
"291460.0";"3.887555"
"291470.0";"3.987947"
"291480.0";"3.997303"
"291490.0";"4.018516"
"291500.0";"3.977998"
"291510.0";"3.990706"
"291520.0";"3.971887"
"291530.0";"4.028723"
"291540.0";"3.97226"
"291550.0";"4.004062"
"291560.0";"3.966134"
"291570.0";"3.929325"
"291580.0";"4.071884"
"291590.0";"3.902651"
"291600.0";"4.040849"
"291610.0";"4.011102"
"291620.0";"4.00513"
"291630.0";"3.987511"
"291640.0";"4.082944"
"291650.0";"4.042767"
"291660.0";"3.999431"
"291670.0";"4.064817"
"291680.0";"4.055805"
"291690.0";"4.006333"
"291700.0";"4.006605"
"291710.0";"4.00582"
"291720.0";"3.942766"
"291730.0";"3.972213"
"291740.0";"4.031786"
"291750.0";"4.023326"
"291760.0";"4.030489"
"291770.0";"3.966771"
"291780.0";"3.97323"
"291790.0";"4.012838"
"291800.0";"3.877483"
"291810.0";"3.955727"
"291820.0";"3.933646"
"291830.0";"4.036297"
"291840.0";"3.915142"
"291850.0";"4.004832"
"291860.0";"3.954033"
"291870.0";"3.947555"
"291880.0";"3.987359"
"291890.0";"3.974023"
"291900.0";"3.984485"
"291910.0";"4.000306"
"291920.0";"3.957112"
"291930.0";"3.981152"
"291940.0";"3.955412"
"291950.0";"4.023104"
"291960.0";"4.056225"
"291970.0";"4.000413"
"291980.0";"3.867463"
"291990.0";"3.885629"
"292000.0";"3.958137"
"292010.0";"4.049749"
"292020.0";"4.012599"
"292030.0";"4.018599"
"292040.0";"3.959157"
"292050.0";"3.962174"
"292060.0";"3.939014"
"292070.0";"3.97147"
"292080.0";"3.967295"
"292090.0";"4.007409"
"292100.0";"4.026141"
"292110.0";"3.955037"
"292120.0";"3.948242"
"292130.0";"4.038854"
"292140.0";"3.908975"
"292150.0";"3.978077"
"292160.0";"3.835508"
"292170.0";"3.971738"
"292180.0";"3.992498"
"292190.0";"3.919959"
"292200.0";"4.017412"
"292210.0";"3.943836"
"292220.0";"3.961209"
"292230.0";"3.97935"
"292240.0";"3.926389"
"292250.0";"4.016113"
"292260.0";"3.985082"
"292270.0";"4.003513"
"292280.0";"3.918352"
"292290.0";"3.874485"
"292300.0";"3.96414"
"292310.0";"4.016702"
"292320.0";"3.966867"
"292330.0";"3.971371"
"292340.0";"4.007134"
"292350.0";"4.013376"
"292360.0";"3.986641"
"292370.0";"4.006792"
"292380.0";"3.926864"
"292390.0";"4.006643"
"292400.0";"4.04108"
"292410.0";"3.98467"
"292420.0";"3.993465"
"292430.0";"4.03727"
"292440.0";"3.988524"
"292450.0";"4.029665"
"292460.0";"3.994668"
"292470.0";"3.978307"
"292480.0";"3.968705"
"292490.0";"4.044151"
"292500.0";"4.001861"
"292510.0";"4.011287"
"292520.0";"3.960976"
"292530.0";"3.966202"
"292540.0";"3.969212"
"292550.0";"3.960963"
"292560.0";"4.019904"
"292570.0";"4.05194"
"292580.0";"3.998641"
"292590.0";"3.952855"
"292600.0";"3.986936"
"292610.0";"3.94539"
"292620.0";"3.99476"
"292630.0";"3.962982"
"292640.0";"3.933709"
"292650.0";"4.003534"
"292660.0";"3.923341"
"292670.0";"3.981843"
"292680.0";"4.109766"
"292690.0";"3.96721"
"292700.0";"4.088009"
"292710.0";"3.947017"
"292720.0";"3.971519"
"292730.0";"3.973611"
"292740.0";"3.954118"
"292750.0";"4.000507"
"292760.0";"3.970218"
"292770.0";"3.945638"
"292780.0";"3.988126"
"292790.0";"3.975835"
"292800.0";"4.041677"
"292810.0";"4.017159"
"292820.0";"3.953691"
"292830.0";"4.016433"
"292840.0";"4.009648"
"292850.0";"4.046452"
"292860.0";"4.041539"
"292870.0";"4.03923"
"292880.0";"4.011443"
"292890.0";"4.024051"
"292900.0";"4.040771"
"292910.0";"4.025411"
"292920.0";"4.02627"
"292930.0";"3.966678"
"292940.0";"3.996554"
"292950.0";"4.040669"
"292960.0";"3.996565"
"292970.0";"4.036909"
"292980.0";"4.032841"
"292990.0";"3.999874"
"293000.0";"4.056786"
"293010.0";"3.966713"
"293020.0";"4.003329"
"293030.0";"3.998701"
"293040.0";"3.988789"
"293050.0";"4.096359"
"293060.0";"4.032452"
"293070.0";"4.003242"
"293080.0";"3.999179"
"293090.0";"4.026087"
"293100.0";"4.062636"
"293110.0";"3.97803"
"293120.0";"3.953895"
"293130.0";"3.923896"
"293140.0";"3.924639"
"293150.0";"4.023689"
"293160.0";"3.996885"
"293170.0";"4.005213"
"293180.0";"3.985786"
"293190.0";"4.046714"
"293200.0";"4.050813"
"293210.0";"4.069644"
"293220.0";"4.032276"
"293230.0";"4.029461"
"293240.0";"4.001397"
"293250.0";"4.04823"
"293260.0";"4.022358"
"293270.0";"3.963675"
"293280.0";"4.094099"
"293290.0";"3.99339"
"293300.0";"4.042504"
"293310.0";"4.069205"
"293320.0";"4.0342"
"293330.0";"4.052662"
"293340.0";"4.036714"
"293350.0";"4.028632"
"293360.0";"4.059575"
"293370.0";"4.058775"
"293380.0";"4.04723"
"293390.0";"4.045121"
"293400.0";"3.989223"
"293410.0";"4.027271"
"293420.0";"3.98578"
"293430.0";"3.993994"
"293440.0";"4.012311"
"293450.0";"4.010381"
"293460.0";"4.05168"
"293470.0";"4.058994"
"293480.0";"4.060682"
"293490.0";"3.996816"
"293500.0";"4.078526"
"293510.0";"4.078402"
"293520.0";"4.045997"
"293530.0";"4.041188"
"293540.0";"4.071742"
"293550.0";"3.957096"
"293560.0";"4.044042"
"293570.0";"3.981625"
"293580.0";"4.012538"
"293590.0";"4.050722"
"293600.0";"4.013466"
"293610.0";"3.987261"
"293620.0";"4.04722"
"293630.0";"3.98499"
"293640.0";"3.960098"
"293650.0";"4.031713"
"293660.0";"4.015969"
"293670.0";"4.006477"
"293680.0";"4.012407"
"293690.0";"4.010866"
"293700.0";"4.040745"
"293710.0";"4.129235"
"293720.0";"4.012792"
"293730.0";"4.015932"
"293740.0";"3.982175"
"293750.0";"3.96917"
"293760.0";"4.069837"
"293770.0";"4.070868"
"293780.0";"4.044107"
"293790.0";"4.014516"
"293800.0";"3.984636"
"293810.0";"3.982279"
"293820.0";"4.003211"
"293830.0";"4.004381"
"293840.0";"3.985344"
"293850.0";"4.029113"
"293860.0";"4.027431"
"293870.0";"4.078289"
"293880.0";"4.079419"
"293890.0";"4.010044"
"293900.0";"3.95803"
"293910.0";"3.984231"
"293920.0";"3.973658"
"293930.0";"3.932652"
"293940.0";"4.021836"
"293950.0";"3.966113"
"293960.0";"4.114792"
"293970.0";"3.995628"
"293980.0";"4.018606"
"293990.0";"3.995061"
"294000.0";"4.009845"
"294010.0";"3.962652"
"294020.0";"4.001373"
"294030.0";"3.9985"
"294040.0";"4.031981"
"294050.0";"3.942599"
"294060.0";"4.023649"
"294070.0";"4.025616"
"294080.0";"4.054747"
"294090.0";"4.039214"
"294100.0";"4.01277"
"294110.0";"3.972855"
"294120.0";"3.998768"
"294130.0";"3.991705"
"294140.0";"4.003819"
"294150.0";"4.001254"
"294160.0";"3.969172"
"294170.0";"3.885005"
"294180.0";"3.988431"
"294190.0";"3.962142"
"294200.0";"3.962913"
"294210.0";"4.027489"
"294220.0";"3.947545"
"294230.0";"3.963909"
"294240.0";"3.960992"
"294250.0";"3.964421"
"294260.0";"3.916772"
"294270.0";"4.05193"
"294280.0";"3.930054"
"294290.0";"3.992057"
"294300.0";"3.992547"
"294310.0";"4.030904"
"294320.0";"3.962756"
"294330.0";"4.013313"
"294340.0";"3.955082"
"294350.0";"3.982924"
"294360.0";"3.988745"
"294370.0";"4.002775"
"294380.0";"3.998461"
"294390.0";"3.983704"
"294400.0";"4.002174"
"294410.0";"4.008791"
"294420.0";"3.988183"
"294430.0";"4.04496"
"294440.0";"3.987867"
"294450.0";"4.057766"
"294460.0";"4.029394"
"294470.0";"4.101486"
"294480.0";"4.069432"
"294490.0";"4.030968"
"294500.0";"4.045619"
"294510.0";"4.056585"
"294520.0";"3.998565"
"294530.0";"4.019703"
"294540.0";"4.024519"
"294550.0";"4.015736"
"294560.0";"3.940828"
"294570.0";"4.102763"
"294580.0";"4.038676"
"294590.0";"3.976535"
"294600.0";"4.059696"
"294610.0";"4.021413"
"294620.0";"4.039269"
"294630.0";"4.028978"
"294640.0";"4.023552"
"294650.0";"4.003273"
"294660.0";"4.077335"
"294670.0";"3.964065"
"294680.0";"3.985887"
"294690.0";"4.039641"
"294700.0";"3.983613"
"294710.0";"4.008083"
"294720.0";"4.020267"
"294730.0";"3.976669"
"294740.0";"3.983803"
"294750.0";"4.074217"
"294760.0";"4.019592"
"294770.0";"4.007531"
"294780.0";"4.009656"
"294790.0";"4.004519"
"294800.0";"4.01238"
"294810.0";"3.969879"
"294820.0";"3.995452"
"294830.0";"4.004593"
"294840.0";"3.985881"
"294850.0";"3.94915"
"294860.0";"4.00799"
"294870.0";"4.060565"
"294880.0";"4.044506"
"294890.0";"4.048223"
"294900.0";"3.936083"
"294910.0";"3.86727"
"294920.0";"4.013391"
"294930.0";"3.927212"
"294940.0";"4.027013"
"294950.0";"4.059516"
"294960.0";"4.054366"
"294970.0";"4.080485"
"294980.0";"4.05736"
"294990.0";"4.031854"
"295000.0";"4.027851"
"295010.0";"4.104925"
"295020.0";"4.084172"
"295030.0";"4.050762"
"295040.0";"4.015347"
"295050.0";"4.004232"
"295060.0";"4.07761"
"295070.0";"4.007638"
"295080.0";"3.993948"
"295090.0";"4.049448"
"295100.0";"4.076517"
"295110.0";"3.971942"
"295120.0";"4.053487"
"295130.0";"4.000758"
"295140.0";"4.026445"
"295150.0";"4.017727"
"295160.0";"3.922247"
"295170.0";"3.94746"
"295180.0";"4.025285"
"295190.0";"3.852265"
"295200.0";"3.959531"
"295210.0";"4.021526"
"295220.0";"4.032855"
"295230.0";"4.026807"
"295240.0";"4.104453"
"295250.0";"4.022347"
"295260.0";"4.005825"
"295270.0";"3.950714"
"295280.0";"4.050259"
"295290.0";"4.043247"
"295300.0";"4.096497"
"295310.0";"4.112022"
"295320.0";"4.081322"
"295330.0";"4.113997"
"295340.0";"4.144909"
"295350.0";"4.130429"
"295360.0";"4.015987"
"295370.0";"4.113885"
"295380.0";"4.007677"
"295390.0";"4.087204"
"295400.0";"4.036036"
"295410.0";"4.061648"
"295420.0";"4.056126"
"295430.0";"4.125869"
"295440.0";"4.086139"
"295450.0";"4.008655"
"295460.0";"4.042914"
"295470.0";"4.037631"
"295480.0";"4.126282"
"295490.0";"4.046344"
"295500.0";"4.103833"
"295510.0";"4.042369"
"295520.0";"4.072363"
"295530.0";"4.06141"
"295540.0";"4.137796"
"295550.0";"4.083735"
"295560.0";"4.114188"
"295570.0";"4.000644"
"295580.0";"4.057259"
"295590.0";"3.994076"
"295600.0";"3.895663"
"295610.0";"3.972016"
"295620.0";"3.968604"
"295630.0";"4.034689"
"295640.0";"3.97827"
"295650.0";"4.012091"
"295660.0";"3.979641"
"295670.0";"3.905899"
"295680.0";"3.954464"
"295690.0";"3.935952"
"295700.0";"4.0274"
"295710.0";"3.969557"
"295720.0";"3.969598"
"295730.0";"4.025617"
"295740.0";"3.988178"
"295750.0";"3.959822"
"295760.0";"3.980583"
"295770.0";"4.000067"
"295780.0";"3.976174"
"295790.0";"3.993503"
"295800.0";"3.974447"
"295810.0";"3.913521"
"295820.0";"4.032318"
"295830.0";"4.019926"
"295840.0";"3.98704"
"295850.0";"3.983308"
"295860.0";"3.995646"
"295870.0";"4.081115"
"295880.0";"4.040739"
"295890.0";"3.994036"
"295900.0";"3.991743"
"295910.0";"4.01596"
"295920.0";"3.975494"
"295930.0";"3.913513"
"295940.0";"3.936697"
"295950.0";"4.022785"
"295960.0";"3.973491"
"295970.0";"4.003101"
"295980.0";"3.958646"
"295990.0";"3.950772"
"296000.0";"4.022476"
"296010.0";"3.929833"
"296020.0";"3.946797"
"296030.0";"3.95834"
"296040.0";"3.937827"
"296050.0";"4.061033"
"296060.0";"4.015227"
"296070.0";"4.028267"
"296080.0";"4.007501"
"296090.0";"3.976599"
"296100.0";"3.996439"
"296110.0";"4.043583"
"296120.0";"4.025716"
"296130.0";"3.966098"
"296140.0";"4.03316"
"296150.0";"3.963044"
"296160.0";"4.018897"
"296170.0";"3.907603"
"296180.0";"4.017507"
"296190.0";"3.987126"
"296200.0";"3.981335"
"296210.0";"4.011999"
"296220.0";"4.027647"
"296230.0";"4.028764"
"296240.0";"4.053439"
"296250.0";"4.008539"
"296260.0";"4.00623"
"296270.0";"4.069483"
"296280.0";"4.057125"
"296290.0";"4.053205"
"296300.0";"4.08269"
"296310.0";"4.022042"
"296320.0";"4.072348"
"296330.0";"4.00221"
"296340.0";"4.00785"
"296350.0";"4.042717"
"296360.0";"4.028607"
"296370.0";"4.040527"
"296380.0";"4.054739"
"296390.0";"3.992463"
"296400.0";"4.011839"
"296410.0";"4.023374"
"296420.0";"4.055501"
"296430.0";"4.037976"
"296440.0";"4.066843"
"296450.0";"4.026855"
"296460.0";"4.006763"
"296470.0";"4.020506"
"296480.0";"3.978524"
"296490.0";"4.016593"
"296500.0";"3.978522"
"296510.0";"3.938618"
"296520.0";"3.997124"
"296530.0";"3.948328"
"296540.0";"3.947892"
"296550.0";"3.958866"
"296560.0";"3.979043"
"296570.0";"3.97978"
"296580.0";"4.009442"
"296590.0";"3.971019"
"296600.0";"3.870109"
"296610.0";"3.927929"
"296620.0";"3.907397"
"296630.0";"3.935215"
"296640.0";"3.908636"
"296650.0";"3.926786"
"296660.0";"3.987942"
"296670.0";"4.004066"
"296680.0";"4.003554"
"296690.0";"4.003812"
"296700.0";"4.021533"
"296710.0";"3.955649"
"296720.0";"3.975137"
"296730.0";"3.985733"
"296740.0";"4.002113"
"296750.0";"4.105093"
"296760.0";"4.006899"
"296770.0";"4.086283"
"296780.0";"3.969275"
"296790.0";"4.058534"
"296800.0";"4.12885"
"296810.0";"4.078765"
"296820.0";"4.030197"
"296830.0";"4.028892"
"296840.0";"3.968228"
"296850.0";"3.976875"
"296860.0";"4.024103"
"296870.0";"4.020306"
"296880.0";"4.032283"
"296890.0";"3.939061"
"296900.0";"4.01058"
"296910.0";"4.012913"
"296920.0";"4.001007"
"296930.0";"3.973626"
"296940.0";"4.002791"
"296950.0";"3.988531"
"296960.0";"4.036876"
"296970.0";"4.021472"
"296980.0";"3.999903"
"296990.0";"4.034894"
"297000.0";"3.932993"
"297010.0";"3.983495"
"297020.0";"3.949403"
"297030.0";"3.931746"
"297040.0";"3.999924"
"297050.0";"3.889298"
"297060.0";"3.965358"
"297070.0";"3.996355"
"297080.0";"3.911551"
"297090.0";"3.933766"
"297100.0";"3.916388"
"297110.0";"3.987998"
"297120.0";"4.003404"
"297130.0";"3.991885"
"297140.0";"3.905769"
"297150.0";"3.960822"
"297160.0";"3.909296"
"297170.0";"3.947018"
"297180.0";"3.943022"
"297190.0";"3.974973"
"297200.0";"3.941931"
"297210.0";"3.925629"
"297220.0";"3.892092"
"297230.0";"4.048255"
"297240.0";"4.007084"
"297250.0";"4.017159"
"297260.0";"3.988727"
"297270.0";"3.917894"
"297280.0";"4.011361"
"297290.0";"3.973472"
"297300.0";"4.017809"
"297310.0";"3.991545"
"297320.0";"4.090856"
"297330.0";"3.991284"
"297340.0";"3.988755"
"297350.0";"3.998929"
"297360.0";"4.055982"
"297370.0";"4.003943"
"297380.0";"4.010266"
"297390.0";"3.955593"
"297400.0";"4.026677"
"297410.0";"3.954907"
"297420.0";"4.067252"
"297430.0";"4.089221"
"297440.0";"4.069972"
"297450.0";"4.02327"
"297460.0";"4.05415"
"297470.0";"3.978751"
"297480.0";"4.041486"
"297490.0";"4.036539"
"297500.0";"4.060115"
"297510.0";"3.977398"
"297520.0";"3.992438"
"297530.0";"3.940967"
"297540.0";"3.973731"
"297550.0";"4.053008"
"297560.0";"3.977836"
"297570.0";"3.985747"
"297580.0";"4.007887"
"297590.0";"4.027328"
"297600.0";"3.987476"
"297610.0";"3.998507"
"297620.0";"4.071029"
"297630.0";"4.014262"
"297640.0";"3.948649"
"297650.0";"3.937184"
"297660.0";"3.988083"
"297670.0";"3.957571"
"297680.0";"3.950023"
"297690.0";"3.965502"
"297700.0";"3.990409"
"297710.0";"4.012595"
"297720.0";"3.933531"
"297730.0";"4.008173"
"297740.0";"4.018342"
"297750.0";"3.942499"
"297760.0";"3.99349"
"297770.0";"4.018727"
"297780.0";"4.033315"
"297790.0";"3.947542"
"297800.0";"3.9646"
"297810.0";"3.963431"
"297820.0";"3.969165"
"297830.0";"3.983719"
"297840.0";"3.981727"
"297850.0";"3.957729"
"297860.0";"3.991748"
"297870.0";"3.991933"
"297880.0";"4.016763"
"297890.0";"4.013901"
"297900.0";"3.969807"
"297910.0";"4.000313"
"297920.0";"3.97797"
"297930.0";"3.983426"
"297940.0";"4.01986"
"297950.0";"3.975009"
"297960.0";"4.018361"
"297970.0";"3.983095"
"297980.0";"3.930665"
"297990.0";"3.956621"
"298000.0";"3.982492"
"298010.0";"3.93097"
"298020.0";"3.937196"
"298030.0";"4.061962"
"298040.0";"3.963366"
"298050.0";"3.98414"
"298060.0";"4.021601"
"298070.0";"3.968443"
"298080.0";"3.972095"
"298090.0";"3.889344"
"298100.0";"3.94492"
"298110.0";"3.944025"
"298120.0";"3.996327"
"298130.0";"4.042002"
"298140.0";"3.972128"
"298150.0";"3.967207"
"298160.0";"3.983842"
"298170.0";"3.978435"
"298180.0";"3.980431"
"298190.0";"3.885225"
"298200.0";"3.933725"
"298210.0";"4.021535"
"298220.0";"3.95463"
"298230.0";"3.957999"
"298240.0";"3.93511"
"298250.0";"4.046499"
"298260.0";"3.913816"
"298270.0";"3.950322"
"298280.0";"4.041927"
"298290.0";"3.964937"
"298300.0";"4.023983"
"298310.0";"3.995294"
"298320.0";"3.999055"
"298330.0";"3.925793"
"298340.0";"4.033384"
"298350.0";"4.008152"
"298360.0";"3.970657"
"298370.0";"4.063679"
"298380.0";"3.999105"
"298390.0";"3.955032"
"298400.0";"4.013047"
"298410.0";"4.031955"
"298420.0";"4.021334"
"298430.0";"3.9434"
"298440.0";"3.962076"
"298450.0";"3.95627"
"298460.0";"3.951924"
"298470.0";"4.000418"
"298480.0";"4.000685"
"298490.0";"3.973438"
"298500.0";"4.01117"
"298510.0";"3.942047"
"298520.0";"4.049237"
"298530.0";"4.008965"
"298540.0";"3.962541"
"298550.0";"3.960848"
"298560.0";"4.003919"
"298570.0";"4.03879"
"298580.0";"3.980422"
"298590.0";"3.993547"
"298600.0";"3.964917"
"298610.0";"3.991765"
"298620.0";"3.990078"
"298630.0";"4.028809"
"298640.0";"3.94522"
"298650.0";"4.026781"
"298660.0";"4.046746"
"298670.0";"3.842105"
"298680.0";"3.934138"
"298690.0";"3.981665"
"298700.0";"3.911583"
"298710.0";"3.923313"
"298720.0";"3.977246"
"298730.0";"3.920807"
"298740.0";"3.927909"
"298750.0";"3.915986"
"298760.0";"3.938304"
"298770.0";"4.043415"
"298780.0";"3.976699"
"298790.0";"3.96034"
"298800.0";"3.917878"
"298810.0";"3.895742"
"298820.0";"3.966254"
"298830.0";"3.936556"
"298840.0";"3.940506"
"298850.0";"3.971162"
"298860.0";"3.937099"
"298870.0";"3.940509"
"298880.0";"3.993001"
"298890.0";"4.010198"
"298900.0";"3.978269"
"298910.0";"3.906427"
"298920.0";"4.01322"
"298930.0";"4.015436"
"298940.0";"3.890557"
"298950.0";"3.954343"
"298960.0";"3.885702"
"298970.0";"3.94626"
"298980.0";"3.952568"
"298990.0";"3.902882"
"299000.0";"3.920894"
"299010.0";"3.946846"
"299020.0";"3.957719"
"299030.0";"3.926152"
"299040.0";"3.938306"
"299050.0";"3.931662"
"299060.0";"4.030045"
"299070.0";"3.882806"
"299080.0";"3.894497"
"299090.0";"3.911904"
"299100.0";"3.985233"
"299110.0";"3.923113"
"299120.0";"3.962128"
"299130.0";"3.935178"
"299140.0";"3.919662"
"299150.0";"3.923856"
"299160.0";"3.923316"
"299170.0";"3.958591"
"299180.0";"3.96288"
"299190.0";"3.923678"
"299200.0";"3.973328"
"299210.0";"3.925795"
"299220.0";"3.927271"
"299230.0";"3.993847"
"299240.0";"4.001155"
"299250.0";"3.920592"
"299260.0";"3.899646"
"299270.0";"3.942123"
"299280.0";"3.94503"
"299290.0";"3.974269"
"299300.0";"3.958615"
"299310.0";"3.925244"
"299320.0";"3.943127"
"299330.0";"3.975114"
"299340.0";"3.952688"
"299350.0";"3.924143"
"299360.0";"3.956476"
"299370.0";"3.92639"
"299380.0";"3.92934"
"299390.0";"3.91316"
"299400.0";"3.920468"
"299410.0";"4.014182"
"299420.0";"3.947926"
"299430.0";"4.055119"
"299440.0";"3.960478"
"299450.0";"3.902689"
"299460.0";"3.990164"
"299470.0";"3.918753"
"299480.0";"4.019096"
"299490.0";"3.931477"
"299500.0";"3.993881"
"299510.0";"3.931586"
"299520.0";"4.013949"
"299530.0";"3.948245"
"299540.0";"3.962118"
"299550.0";"4.003142"
"299560.0";"3.975749"
"299570.0";"3.955948"
"299580.0";"3.982595"
"299590.0";"3.971159"
"299600.0";"3.988931"
"299610.0";"4.004659"
"299620.0";"4.031389"
"299630.0";"3.91452"
"299640.0";"3.94621"
"299650.0";"3.992715"
"299660.0";"3.984895"
"299670.0";"4.014737"
"299680.0";"4.062078"
"299690.0";"3.95795"
"299700.0";"3.990415"
"299710.0";"4.06516"
"299720.0";"4.016963"
"299730.0";"3.984169"
"299740.0";"3.95901"
"299750.0";"3.950089"
"299760.0";"3.934809"
"299770.0";"3.980264"
"299780.0";"4.003155"
"299790.0";"4.007938"
"299800.0";"3.91886"
"299810.0";"3.871738"
"299820.0";"3.942632"
"299830.0";"3.908191"
"299840.0";"3.942639"
"299850.0";"3.959371"
"299860.0";"3.972564"
"299870.0";"3.990674"
"299880.0";"4.002181"
"299890.0";"4.029871"
"299900.0";"3.970779"
"299910.0";"3.866388"
"299920.0";"3.8947"
"299930.0";"3.963768"
"299940.0";"3.981371"
"299950.0";"3.904479"
"299960.0";"4.033247"
"299970.0";"3.978829"
"299980.0";"3.994082"
"299990.0";"4.011103"
"300000.0";"3.981304"
