# This .csv file was created 12.10.2024 14:33
# extracted out of file prod_mindistres_mol16_55.xvg in working dir /media/ron/DiplArbeit1/neue simulationen/6FXb/LIGAND/CAD/6fxb_cad_2
# Original file was created by command :
"Minimum Distance"
"Residue (#)";"Protein-MOL16"
"1.0";"0.843078"
"2.0";"1.25567"
"3.0";"1.46301"
"4.0";"1.35417"
"5.0";"1.3912"
"6.0";"1.14766"
"7.0";"1.09605"
"8.0";"0.712242"
"9.0";"0.685152"
"10.0";"0.996247"
"11.0";"1.03066"
"12.0";"1.34148"
"13.0";"0.814065"
"14.0";"0.869353"
"15.0";"1.22531"
"16.0";"1.08991"
"17.0";"1.09797"
"18.0";"0.803332"
"19.0";"1.14233"
"20.0";"0.932379"
"21.0";"1.56656"
"22.0";"1.65287"
"23.0";"1.81509"
"24.0";"1.48712"
"25.0";"1.39626"
"26.0";"1.0187"
"27.0";"0.83024"
"28.0";"0.365846"
"29.0";"0.532711"
"30.0";"0.206097"
"31.0";"0.516145"
"32.0";"0.770265"
"33.0";"0.520913"
"34.0";"0.715289"
"35.0";"1.08826"
"36.0";"0.706567"
"37.0";"0.592717"
"38.0";"0.338149"
"39.0";"0.724195"
"40.0";"0.977291"
"41.0";"1.16187"
"42.0";"1.49248"
"43.0";"1.40659"
"44.0";"0.947306"
"45.0";"0.8646"
"46.0";"1.12372"
"47.0";"0.618802"
"48.0";"0.940282"
"49.0";"0.714128"
"50.0";"0.741744"
"51.0";"0.90121"
"52.0";"1.29352"
"53.0";"1.06697"
"54.0";"1.06272"
"55.0";"0.476552"
"56.0";"0.979464"
"57.0";"0.561025"
"58.0";"1.10759"
"59.0";"1.10296"
"60.0";"0.772718"
"61.0";"1.05814"
"62.0";"0.945722"
"63.0";"0.868782"
"64.0";"1.17907"
"65.0";"1.15452"
"66.0";"1.13743"
"67.0";"1.10563"
"68.0";"0.654884"
"69.0";"0.835972"
"70.0";"0.317082"
"71.0";"0.941659"
"72.0";"0.649417"
"73.0";"1.16862"
"74.0";"1.04872"
"75.0";"1.01934"
"76.0";"1.1165"
"77.0";"0.895128"
"78.0";"0.921072"
"79.0";"0.76674"
"80.0";"1.20544"
"81.0";"1.2536"
"82.0";"1.25269"
"83.0";"0.694169"
"84.0";"0.865255"
"85.0";"0.608034"
"86.0";"0.941601"
"87.0";"0.669427"
"88.0";"0.489152"
"89.0";"0.777692"
"90.0";"0.47906"
"91.0";"0.955254"
"92.0";"1.30583"
"93.0";"1.451"
"94.0";"1.58679"
"95.0";"1.57677"
"96.0";"1.65743"
"97.0";"1.52462"
"98.0";"1.18551"
"99.0";"0.91236"
"100.0";"0.837886"
"101.0";"1.28723"
"102.0";"1.50718"
"103.0";"1.69963"
"104.0";"2.00879"
"105.0";"1.62952"
"106.0";"1.56891"
"107.0";"1.17695"
"108.0";"1.10252"
"109.0";"0.536938"
"110.0";"0.491696"
"111.0";"0.497583"
"112.0";"0.398706"
"113.0";"0.853305"
"114.0";"0.697477"
"115.0";"0.166655"
"116.0";"0.566715"
"117.0";"0.852641"
"118.0";"1.13945"
"119.0";"1.50716"
"120.0";"1.55388"
"121.0";"1.96442"
"122.0";"1.72518"
"123.0";"1.51836"
"124.0";"1.06389"
"125.0";"1.35839"
"126.0";"1.1782"
"127.0";"1.44278"
"128.0";"1.29799"
"129.0";"1.47372"
"130.0";"1.04483"
"131.0";"1.32531"
"132.0";"1.63428"
"133.0";"1.31565"
"134.0";"1.17044"
"135.0";"1.63322"
"136.0";"1.77842"
"137.0";"1.34743"
"138.0";"1.40844"
"139.0";"2.03125"
"140.0";"1.74182"
"141.0";"1.31794"
"142.0";"1.84415"
"143.0";"1.536"
"144.0";"1.1485"
"145.0";"1.27565"
"146.0";"0.860914"
"147.0";"0.915968"
"148.0";"1.38328"
"149.0";"1.24898"
"150.0";"1.46225"
"151.0";"1.64165"
"152.0";"1.15902"
"153.0";"1.2415"
"154.0";"0.963776"
"155.0";"1.49037"
"156.0";"1.38332"
"157.0";"1.06331"
"158.0";"0.971525"
"159.0";"0.67913"
"160.0";"1.32042"
"161.0";"1.43949"
"162.0";"1.35822"
"163.0";"0.156489"
"164.0";"0.212438"
"165.0";"0.158764"
"166.0";"0.158073"
"167.0";"0.186083"
"168.0";"0.159633"
"169.0";"0.251318"
"170.0";"0.162092"
"171.0";"0.529277"
"172.0";"0.709927"
"173.0";"0.360161"
"174.0";"0.555384"
"175.0";"0.173012"
"176.0";"0.193476"
"177.0";"0.856933"
"178.0";"0.691601"
"179.0";"0.743582"
"180.0";"1.00012"
"181.0";"1.17559"
"182.0";"1.3311"
"183.0";"1.29744"
"184.0";"1.22215"
"185.0";"1.3815"
"186.0";"1.16682"
"187.0";"1.30525"
"188.0";"1.40116"
"189.0";"1.04862"
"190.0";"1.29216"
"191.0";"1.37827"
"192.0";"1.48528"
"193.0";"1.07389"
"194.0";"1.02562"
"195.0";"0.782784"
"196.0";"0.698887"
"197.0";"0.462716"
"198.0";"0.850177"
"199.0";"1.0724"
"200.0";"1.20063"
"201.0";"0.914767"
"202.0";"0.635625"
"203.0";"1.35572"
"204.0";"0.748239"
"205.0";"1.50363"
"206.0";"1.30659"
"207.0";"0.653156"
"208.0";"0.818236"
"209.0";"0.190475"
"210.0";"0.303594"
"211.0";"0.446045"
"212.0";"0.234618"
"213.0";"0.431158"
"214.0";"0.584961"
"215.0";"0.377584"
"216.0";"0.748645"
"217.0";"0.550307"
"218.0";"1.09854"
"219.0";"0.743126"
"220.0";"1.39842"
"221.0";"1.1591"
"222.0";"1.25046"
"223.0";"0.439725"
"224.0";"1.07778"
"225.0";"0.873495"
"226.0";"0.580228"
"227.0";"0.488626"
"228.0";"0.675685"
"229.0";"1.08949"
"230.0";"1.27237"
"231.0";"1.38921"
"232.0";"0.752033"
"233.0";"0.983698"
"234.0";"0.805934"
"235.0";"0.659707"
"236.0";"0.157182"
"237.0";"0.143116"
"238.0";"0.181066"
"239.0";"0.166544"
"240.0";"0.161815"
"241.0";"0.369198"
"242.0";"0.414614"
"243.0";"0.288867"
"244.0";"0.4095"
"245.0";"0.156224"
"246.0";"0.375055"
"247.0";"0.168911"
"248.0";"0.586605"
"249.0";"0.712846"
"250.0";"0.284157"
"251.0";"0.29507"
"252.0";"0.157232"
"253.0";"0.159176"
"254.0";"0.50706"
"255.0";"0.38031"
"256.0";"0.587205"
"257.0";"0.309607"
"258.0";"0.398682"
"259.0";"0.639448"
"260.0";"0.979313"
"261.0";"0.762515"
"262.0";"1.00458"
"263.0";"1.33704"
"264.0";"0.752077"
"265.0";"1.0037"
"266.0";"0.686257"
"267.0";"0.959986"
"268.0";"0.773875"
"269.0";"0.742257"
"270.0";"0.278392"
"271.0";"0.149846"
"272.0";"0.17396"
"273.0";"0.169552"
"274.0";"0.355395"
"275.0";"0.372865"
"276.0";"0.797746"
"277.0";"0.702699"
"278.0";"0.580802"
"279.0";"0.751914"
"280.0";"1.00129"
"281.0";"1.03282"
"282.0";"1.22347"
"283.0";"1.27371"
"284.0";"1.35463"
"285.0";"1.6142"
"286.0";"0.877602"
"287.0";"1.58769"
"288.0";"1.20332"
"289.0";"1.29895"
"290.0";"1.30366"
"291.0";"1.62274"
"292.0";"1.6736"
"293.0";"1.33305"
"294.0";"1.24792"
"295.0";"1.36284"
"296.0";"1.11905"
"297.0";"0.792588"
"298.0";"0.935041"
"299.0";"0.839008"
"300.0";"0.506141"
"301.0";"0.464829"
"302.0";"0.684982"
"303.0";"0.492378"
"304.0";"0.218991"
"305.0";"0.459971"
"306.0";"0.571215"
"307.0";"0.986365"
"308.0";"1.20734"
"309.0";"1.16486"
"310.0";"1.20219"
"311.0";"0.884745"
"312.0";"1.02414"
"313.0";"0.778103"
"314.0";"0.530421"
"315.0";"0.8472"
"316.0";"0.478043"
"317.0";"0.206197"
"318.0";"0.80876"
"319.0";"0.904604"
"320.0";"0.49369"
"321.0";"0.727863"
"322.0";"0.720362"
"323.0";"0.519658"
"324.0";"0.207203"
