# This .csv file was created 12.10.2024 14:32
# extracted out of file prod_mindist_neg2_mol3_55.xvg in working dir /media/ron/DiplArbeit1/neue simulationen/6FXb/LIGAND/CAD/6fxb_cad_1
# Original file was created by command :
"Minimum Distance"
"Time (ps)";"Protein_neg2-MOL3"
"0.0";"1.592243"
"10.0";"1.718105"
"20.0";"1.690895"
"30.0";"1.824166"
"40.0";"1.868888"
"50.0";"2.11841"
"60.0";"2.25335"
"70.0";"2.424787"
"80.0";"2.667272"
"90.0";"2.721537"
"100.0";"2.648103"
"110.0";"2.619387"
"120.0";"2.793438"
"130.0";"2.806512"
"140.0";"2.759442"
"150.0";"2.744263"
"160.0";"2.742954"
"170.0";"2.716965"
"180.0";"2.849866"
"190.0";"2.412784"
"200.0";"2.076098"
"210.0";"2.012419"
"220.0";"2.158368"
"230.0";"2.40494"
"240.0";"2.346175"
"250.0";"2.255203"
"260.0";"2.230793"
"270.0";"2.308699"
"280.0";"2.268832"
"290.0";"2.114573"
"300.0";"2.183109"
"310.0";"2.00369"
"320.0";"1.921247"
"330.0";"1.808861"
"340.0";"1.878132"
"350.0";"1.939461"
"360.0";"1.764429"
"370.0";"1.73378"
"380.0";"1.770954"
"390.0";"1.50275"
"400.0";"1.632538"
"410.0";"1.372744"
"420.0";"1.291712"
"430.0";"1.252285"
"440.0";"1.30084"
"450.0";"1.231345"
"460.0";"1.151214"
"470.0";"1.029171"
"480.0";"1.014298"
"490.0";"0.9098158"
"500.0";"0.9271018"
"510.0";"0.9003473"
"520.0";"0.9082429"
"530.0";"1.194071"
"540.0";"1.046111"
"550.0";"0.9357232"
"560.0";"1.145468"
"570.0";"1.412901"
"580.0";"1.329098"
"590.0";"1.210095"
"600.0";"1.3429"
"610.0";"1.191927"
"620.0";"1.003795"
"630.0";"1.218029"
"640.0";"1.402944"
"650.0";"1.543856"
"660.0";"1.733153"
"670.0";"1.887954"
"680.0";"1.928654"
"690.0";"2.057212"
"700.0";"2.128314"
"710.0";"2.027743"
"720.0";"2.179917"
"730.0";"1.950396"
"740.0";"1.859131"
"750.0";"1.920853"
"760.0";"1.688502"
"770.0";"1.774936"
"780.0";"1.739062"
"790.0";"1.642721"
"800.0";"1.606864"
"810.0";"1.380212"
"820.0";"1.299519"
"830.0";"1.352472"
"840.0";"1.553913"
"850.0";"1.702817"
"860.0";"1.723053"
"870.0";"1.642538"
"880.0";"1.31591"
"890.0";"1.251501"
"900.0";"1.004142"
"910.0";"1.133817"
"920.0";"0.9378315"
"930.0";"1.052569"
"940.0";"1.259374"
"950.0";"1.32246"
"960.0";"1.292287"
"970.0";"1.522568"
"980.0";"1.453468"
"990.0";"1.268802"
"1000.0";"1.319998"
"1010.0";"1.220695"
"1020.0";"1.226814"
"1030.0";"1.296535"
"1040.0";"1.198772"
"1050.0";"1.323775"
"1060.0";"1.196992"
"1070.0";"1.276296"
"1080.0";"1.320992"
"1090.0";"1.500843"
"1100.0";"1.369105"
"1110.0";"1.492285"
"1120.0";"1.709647"
"1130.0";"1.758648"
"1140.0";"1.534925"
"1150.0";"1.538263"
"1160.0";"1.389965"
"1170.0";"1.397391"
"1180.0";"1.388413"
"1190.0";"1.413043"
"1200.0";"1.476575"
"1210.0";"1.646534"
"1220.0";"1.645494"
"1230.0";"1.845794"
"1240.0";"1.963311"
"1250.0";"2.065666"
"1260.0";"2.176381"
"1270.0";"2.051419"
"1280.0";"2.233821"
"1290.0";"2.473248"
"1300.0";"2.243215"
"1310.0";"2.284081"
"1320.0";"2.382856"
"1330.0";"2.253374"
"1340.0";"2.429876"
"1350.0";"2.379429"
"1360.0";"2.359679"
"1370.0";"2.418798"
"1380.0";"2.595789"
"1390.0";"2.657665"
"1400.0";"2.766233"
"1410.0";"2.713879"
"1420.0";"2.774936"
"1430.0";"2.469763"
"1440.0";"2.67104"
"1450.0";"2.961354"
"1460.0";"2.90274"
"1470.0";"3.014938"
"1480.0";"2.837431"
"1490.0";"2.822532"
"1500.0";"2.731015"
"1510.0";"2.817006"
"1520.0";"2.775041"
"1530.0";"2.46337"
"1540.0";"2.698452"
"1550.0";"2.616186"
"1560.0";"2.701873"
"1570.0";"2.886127"
"1580.0";"2.827506"
"1590.0";"2.80167"
"1600.0";"2.802302"
"1610.0";"2.996198"
"1620.0";"3.080317"
"1630.0";"3.200866"
"1640.0";"3.271165"
"1650.0";"3.364405"
"1660.0";"3.475041"
"1670.0";"3.576628"
"1680.0";"3.64662"
"1690.0";"3.846217"
"1700.0";"3.893489"
"1710.0";"3.927455"
"1720.0";"3.970562"
"1730.0";"3.893325"
"1740.0";"3.767835"
"1750.0";"3.956707"
"1760.0";"3.887803"
"1770.0";"4.025327"
"1780.0";"3.859304"
"1790.0";"3.815582"
"1800.0";"3.733814"
"1810.0";"3.460547"
"1820.0";"3.442491"
"1830.0";"3.555918"
"1840.0";"3.50749"
"1850.0";"3.1378"
"1860.0";"3.17858"
"1870.0";"3.178959"
"1880.0";"3.305142"
"1890.0";"3.557043"
"1900.0";"3.374636"
"1910.0";"3.156389"
"1920.0";"3.182215"
"1930.0";"3.423451"
"1940.0";"3.268461"
"1950.0";"3.338238"
"1960.0";"3.333989"
"1970.0";"3.501663"
"1980.0";"3.590265"
"1990.0";"3.401603"
"2000.0";"3.134779"
"2010.0";"3.018469"
"2020.0";"2.938411"
"2030.0";"3.159097"
"2040.0";"3.146724"
"2050.0";"3.05841"
"2060.0";"2.950583"
"2070.0";"2.748192"
"2080.0";"2.901498"
"2090.0";"2.964162"
"2100.0";"3.071527"
"2110.0";"2.988803"
"2120.0";"2.832092"
"2130.0";"2.870692"
"2140.0";"3.093382"
"2150.0";"3.249642"
"2160.0";"3.363143"
"2170.0";"3.617509"
"2180.0";"3.46344"
"2190.0";"3.307023"
"2200.0";"3.445144"
"2210.0";"3.423634"
"2220.0";"3.248561"
"2230.0";"3.386862"
"2240.0";"3.589396"
"2250.0";"3.47107"
"2260.0";"3.525242"
"2270.0";"3.486776"
"2280.0";"3.245988"
"2290.0";"3.219285"
"2300.0";"3.145945"
"2310.0";"3.060322"
"2320.0";"3.012984"
"2330.0";"3.514046"
"2340.0";"3.47779"
"2350.0";"3.124991"
"2360.0";"3.028117"
"2370.0";"3.024929"
"2380.0";"3.013997"
"2390.0";"2.938656"
"2400.0";"2.917032"
"2410.0";"2.588711"
"2420.0";"2.644867"
"2430.0";"2.559229"
"2440.0";"2.515424"
"2450.0";"2.651879"
"2460.0";"2.664128"
"2470.0";"2.768008"
"2480.0";"2.608993"
"2490.0";"2.833235"
"2500.0";"2.752558"
"2510.0";"2.56634"
"2520.0";"2.770023"
"2530.0";"2.622478"
"2540.0";"2.56528"
"2550.0";"2.424523"
"2560.0";"2.537258"
"2570.0";"2.516546"
"2580.0";"2.402779"
"2590.0";"2.49313"
"2600.0";"2.412063"
"2610.0";"2.194288"
"2620.0";"2.258261"
"2630.0";"2.124202"
"2640.0";"1.878367"
"2650.0";"1.552196"
"2660.0";"1.665513"
"2670.0";"1.608361"
"2680.0";"1.717157"
"2690.0";"1.710499"
"2700.0";"1.353915"
"2710.0";"1.494913"
"2720.0";"1.501363"
"2730.0";"1.48911"
"2740.0";"1.438832"
"2750.0";"1.569626"
"2760.0";"1.615998"
"2770.0";"1.863963"
"2780.0";"1.89618"
"2790.0";"1.93971"
"2800.0";"1.876493"
"2810.0";"2.088095"
"2820.0";"2.167129"
"2830.0";"2.301145"
"2840.0";"2.197742"
"2850.0";"2.215832"
"2860.0";"2.332691"
"2870.0";"2.390225"
"2880.0";"2.334015"
"2890.0";"2.137744"
"2900.0";"2.226531"
"2910.0";"2.501251"
"2920.0";"2.716716"
"2930.0";"2.843397"
"2940.0";"2.460721"
"2950.0";"2.366262"
"2960.0";"2.411898"
"2970.0";"2.351494"
"2980.0";"2.174725"
"2990.0";"2.218308"
"3000.0";"2.159737"
"3010.0";"1.91904"
"3020.0";"2.054445"
"3030.0";"1.966687"
"3040.0";"2.088104"
"3050.0";"2.287701"
"3060.0";"2.204563"
"3070.0";"2.110011"
"3080.0";"2.222909"
"3090.0";"2.340539"
"3100.0";"2.242129"
"3110.0";"2.123976"
"3120.0";"1.983648"
"3130.0";"1.874126"
"3140.0";"2.156376"
"3150.0";"2.347378"
"3160.0";"2.117603"
"3170.0";"2.176172"
"3180.0";"2.17701"
"3190.0";"2.20063"
"3200.0";"2.087207"
"3210.0";"2.192974"
"3220.0";"2.465296"
"3230.0";"2.327364"
"3240.0";"2.232684"
"3250.0";"2.275458"
"3260.0";"2.358699"
"3270.0";"2.462917"
"3280.0";"2.540007"
"3290.0";"2.368341"
"3300.0";"2.516868"
"3310.0";"2.438391"
"3320.0";"2.418828"
"3330.0";"2.369274"
"3340.0";"2.560182"
"3350.0";"2.194377"
"3360.0";"2.256863"
"3370.0";"2.47109"
"3380.0";"2.605984"
"3390.0";"2.950348"
"3400.0";"3.060904"
"3410.0";"3.29199"
"3420.0";"3.395696"
"3430.0";"3.354654"
"3440.0";"3.332137"
"3450.0";"3.483775"
"3460.0";"3.389479"
"3470.0";"3.127772"
"3480.0";"3.270215"
"3490.0";"3.402739"
"3500.0";"3.510938"
"3510.0";"3.318242"
"3520.0";"3.357425"
"3530.0";"3.333295"
"3540.0";"3.481404"
"3550.0";"3.352314"
"3560.0";"3.318442"
"3570.0";"3.64397"
"3580.0";"3.772516"
"3590.0";"3.652907"
"3600.0";"3.646271"
"3610.0";"3.557544"
"3620.0";"3.695735"
"3630.0";"3.572673"
"3640.0";"3.768539"
"3650.0";"4.079738"
"3660.0";"3.964393"
"3670.0";"4.011902"
"3680.0";"3.99123"
"3690.0";"4.205683"
"3700.0";"4.367991"
"3710.0";"4.339347"
"3720.0";"4.44297"
"3730.0";"4.436034"
"3740.0";"4.421305"
"3750.0";"4.609069"
"3760.0";"4.663737"
"3770.0";"4.839953"
"3780.0";"4.810267"
"3790.0";"4.705038"
"3800.0";"4.869415"
"3810.0";"5.123113"
"3820.0";"5.210251"
"3830.0";"5.128343"
"3840.0";"5.225075"
"3850.0";"5.198822"
"3860.0";"5.180441"
"3870.0";"5.153743"
"3880.0";"5.101511"
"3890.0";"4.779003"
"3900.0";"4.699059"
"3910.0";"4.606452"
"3920.0";"4.66272"
"3930.0";"4.525888"
"3940.0";"4.43723"
"3950.0";"4.507811"
"3960.0";"4.248981"
"3970.0";"4.162428"
"3980.0";"4.430787"
"3990.0";"4.264277"
"4000.0";"4.289516"
"4010.0";"4.308254"
"4020.0";"4.105866"
"4030.0";"4.143777"
"4040.0";"4.277117"
"4050.0";"4.451798"
"4060.0";"4.308546"
"4070.0";"4.227876"
"4080.0";"4.373234"
"4090.0";"4.412024"
"4100.0";"4.52378"
"4110.0";"4.826591"
"4120.0";"4.790977"
"4130.0";"4.919368"
"4140.0";"4.905247"
"4150.0";"4.904387"
"4160.0";"5.01344"
"4170.0";"4.895279"
"4180.0";"4.778975"
"4190.0";"4.737597"
"4200.0";"4.739898"
"4210.0";"4.754448"
"4220.0";"4.465499"
"4230.0";"4.342366"
"4240.0";"4.330975"
"4250.0";"4.412621"
"4260.0";"4.426824"
"4270.0";"4.306274"
"4280.0";"4.203179"
"4290.0";"4.315001"
"4300.0";"4.210109"
"4310.0";"4.189449"
"4320.0";"4.061544"
"4330.0";"4.443374"
"4340.0";"4.288783"
"4350.0";"4.171357"
"4360.0";"4.250219"
"4370.0";"4.429404"
"4380.0";"4.328372"
"4390.0";"4.371747"
"4400.0";"4.331089"
"4410.0";"4.348031"
"4420.0";"4.20648"
"4430.0";"4.055642"
"4440.0";"4.14927"
"4450.0";"4.268931"
"4460.0";"4.29915"
"4470.0";"4.316556"
"4480.0";"4.238053"
"4490.0";"4.198481"
"4500.0";"4.21858"
"4510.0";"4.108141"
"4520.0";"3.87134"
"4530.0";"3.935672"
"4540.0";"3.793532"
"4550.0";"4.00065"
"4560.0";"4.193321"
"4570.0";"4.298867"
"4580.0";"4.14187"
"4590.0";"3.850097"
"4600.0";"3.822873"
"4610.0";"3.756422"
"4620.0";"3.33741"
"4630.0";"3.245705"
"4640.0";"3.169793"
"4650.0";"2.905672"
"4660.0";"3.069688"
"4670.0";"3.336641"
"4680.0";"3.494622"
"4690.0";"3.57246"
"4700.0";"3.666645"
"4710.0";"3.547541"
"4720.0";"3.576019"
"4730.0";"3.565667"
"4740.0";"3.596952"
"4750.0";"3.576144"
"4760.0";"3.535714"
"4770.0";"3.80252"
"4780.0";"4.005381"
"4790.0";"4.146563"
"4800.0";"4.282162"
"4810.0";"4.41197"
"4820.0";"4.59377"
"4830.0";"4.670133"
"4840.0";"4.734653"
"4850.0";"4.875692"
"4860.0";"4.836723"
"4870.0";"5.014632"
"4880.0";"4.850248"
"4890.0";"5.248949"
"4900.0";"5.235138"
"4910.0";"5.213737"
"4920.0";"5.06747"
"4930.0";"4.888521"
"4940.0";"4.674912"
"4950.0";"4.517797"
"4960.0";"4.513492"
"4970.0";"4.778834"
"4980.0";"4.749009"
"4990.0";"4.550711"
"5000.0";"4.551049"
"5010.0";"4.493715"
"5020.0";"4.878986"
"5030.0";"4.98282"
"5040.0";"4.875767"
"5050.0";"5.254648"
"5060.0";"5.471458"
"5070.0";"5.39106"
"5080.0";"5.647153"
"5090.0";"5.800717"
"5100.0";"5.782078"
"5110.0";"5.920873"
"5120.0";"5.923134"
"5130.0";"5.83208"
"5140.0";"5.870302"
"5150.0";"5.733109"
"5160.0";"5.803987"
"5170.0";"5.817697"
"5180.0";"5.965023"
"5190.0";"5.858927"
"5200.0";"6.057646"
"5210.0";"5.951962"
"5220.0";"5.866675"
"5230.0";"5.723451"
"5240.0";"5.66855"
"5250.0";"5.893924"
"5260.0";"5.780499"
"5270.0";"5.670946"
"5280.0";"5.507625"
"5290.0";"5.252627"
"5300.0";"5.349395"
"5310.0";"5.14151"
"5320.0";"4.759591"
"5330.0";"4.708723"
"5340.0";"4.76808"
"5350.0";"4.690349"
"5360.0";"4.880326"
"5370.0";"4.897521"
"5380.0";"4.944649"
"5390.0";"5.168119"
"5400.0";"5.173636"
"5410.0";"5.214775"
"5420.0";"5.279103"
"5430.0";"5.176391"
"5440.0";"5.13225"
"5450.0";"5.2404"
"5460.0";"5.200142"
"5470.0";"5.328161"
"5480.0";"5.218327"
"5490.0";"5.27428"
"5500.0";"5.141427"
"5510.0";"5.159829"
"5520.0";"5.270352"
"5530.0";"5.036993"
"5540.0";"5.318383"
"5550.0";"5.228074"
"5560.0";"5.192348"
"5570.0";"5.317336"
"5580.0";"5.179031"
"5590.0";"5.34773"
"5600.0";"5.414732"
"5610.0";"5.368112"
"5620.0";"5.22699"
"5630.0";"5.130924"
"5640.0";"4.814164"
"5650.0";"4.830194"
"5660.0";"4.991462"
"5670.0";"5.098966"
"5680.0";"4.995452"
"5690.0";"5.161378"
"5700.0";"5.253902"
"5710.0";"5.313607"
"5720.0";"5.728971"
"5730.0";"5.629042"
"5740.0";"5.504351"
"5750.0";"5.711293"
"5760.0";"5.617988"
"5770.0";"5.710282"
"5780.0";"5.56458"
"5790.0";"5.600722"
"5800.0";"5.670599"
"5810.0";"5.725444"
"5820.0";"5.686961"
"5830.0";"5.701257"
"5840.0";"5.648893"
"5850.0";"5.694033"
"5860.0";"5.634196"
"5870.0";"5.562815"
"5880.0";"5.398278"
"5890.0";"5.390148"
"5900.0";"5.379092"
"5910.0";"5.25692"
"5920.0";"5.245233"
"5930.0";"5.271625"
"5940.0";"5.383417"
"5950.0";"5.351041"
"5960.0";"5.523187"
"5970.0";"5.30253"
"5980.0";"5.308666"
"5990.0";"5.272259"
"6000.0";"5.322147"
"6010.0";"5.190072"
"6020.0";"5.302341"
"6030.0";"5.440561"
"6040.0";"5.315185"
"6050.0";"5.431321"
"6060.0";"5.290157"
"6070.0";"5.186212"
"6080.0";"5.117949"
"6090.0";"5.112607"
"6100.0";"5.085309"
"6110.0";"5.048208"
"6120.0";"5.0402"
"6130.0";"5.138664"
"6140.0";"4.868808"
"6150.0";"4.788815"
"6160.0";"4.684334"
"6170.0";"4.696501"
"6180.0";"4.592846"
"6190.0";"4.474702"
"6200.0";"4.599101"
"6210.0";"4.524787"
"6220.0";"4.74509"
"6230.0";"4.637591"
"6240.0";"4.491412"
"6250.0";"4.459196"
"6260.0";"4.201025"
"6270.0";"4.128993"
"6280.0";"4.264086"
"6290.0";"4.384949"
"6300.0";"4.276821"
"6310.0";"4.331979"
"6320.0";"4.192645"
"6330.0";"4.046814"
"6340.0";"3.823682"
"6350.0";"3.80106"
"6360.0";"4.080036"
"6370.0";"3.957415"
"6380.0";"3.878626"
"6390.0";"3.825403"
"6400.0";"4.019241"
"6410.0";"4.133458"
"6420.0";"3.640403"
"6430.0";"3.638556"
"6440.0";"3.659486"
"6450.0";"3.774956"
"6460.0";"3.934904"
"6470.0";"4.00825"
"6480.0";"4.178093"
"6490.0";"4.277909"
"6500.0";"4.505409"
"6510.0";"4.583277"
"6520.0";"4.608138"
"6530.0";"4.667338"
"6540.0";"4.362938"
"6550.0";"4.476693"
"6560.0";"4.554859"
"6570.0";"4.558857"
"6580.0";"4.653783"
"6590.0";"4.566297"
"6600.0";"4.582149"
"6610.0";"4.456866"
"6620.0";"4.602572"
"6630.0";"4.57062"
"6640.0";"4.687888"
"6650.0";"4.524659"
"6660.0";"4.283412"
"6670.0";"4.602046"
"6680.0";"4.487793"
"6690.0";"4.304385"
"6700.0";"4.23361"
"6710.0";"4.552699"
"6720.0";"4.516335"
"6730.0";"4.345212"
"6740.0";"4.361862"
"6750.0";"4.49531"
"6760.0";"4.392326"
"6770.0";"4.197092"
"6780.0";"4.273134"
"6790.0";"4.398943"
"6800.0";"4.335219"
"6810.0";"4.186662"
"6820.0";"4.258862"
"6830.0";"4.181945"
"6840.0";"4.238667"
"6850.0";"4.034371"
"6860.0";"4.217108"
"6870.0";"4.273454"
"6880.0";"4.248197"
"6890.0";"4.103934"
"6900.0";"4.330679"
"6910.0";"4.270915"
"6920.0";"4.330485"
"6930.0";"4.469313"
"6940.0";"4.576731"
"6950.0";"4.781616"
"6960.0";"4.941343"
"6970.0";"4.893582"
"6980.0";"5.040481"
"6990.0";"5.150794"
"7000.0";"5.032141"
"7010.0";"5.195539"
"7020.0";"4.955529"
"7030.0";"4.964427"
"7040.0";"4.96828"
"7050.0";"5.137831"
"7060.0";"5.185807"
"7070.0";"5.321788"
"7080.0";"5.389363"
"7090.0";"5.161194"
"7100.0";"5.161174"
"7110.0";"5.190102"
"7120.0";"5.268758"
"7130.0";"5.462872"
"7140.0";"5.475265"
"7150.0";"5.751153"
"7160.0";"5.627668"
"7170.0";"5.604928"
"7180.0";"5.495795"
"7190.0";"5.580912"
"7200.0";"5.527103"
"7210.0";"5.529601"
"7220.0";"5.505749"
"7230.0";"5.378185"
"7240.0";"5.32012"
"7250.0";"5.383364"
"7260.0";"5.542583"
"7270.0";"5.507758"
"7280.0";"5.458007"
"7290.0";"5.687067"
"7300.0";"5.608222"
"7310.0";"5.797268"
"7320.0";"5.943115"
"7330.0";"6.073459"
"7340.0";"6.198123"
"7350.0";"6.217023"
"7360.0";"6.346099"
"7370.0";"6.629257"
"7380.0";"6.615765"
"7390.0";"6.682837"
"7400.0";"6.512213"
"7410.0";"6.74648"
"7420.0";"6.81321"
"7430.0";"6.909157"
"7440.0";"6.713631"
"7450.0";"6.590723"
"7460.0";"6.71622"
"7470.0";"6.732888"
"7480.0";"6.791479"
"7490.0";"6.77184"
"7500.0";"6.450951"
"7510.0";"6.423922"
"7520.0";"6.302493"
"7530.0";"6.599866"
"7540.0";"6.865008"
"7550.0";"6.776045"
"7560.0";"6.980264"
"7570.0";"7.055213"
"7580.0";"7.050074"
"7590.0";"6.756807"
"7600.0";"6.974183"
"7610.0";"6.935328"
"7620.0";"7.026068"
"7630.0";"7.061383"
"7640.0";"6.94432"
"7650.0";"7.024156"
"7660.0";"7.025119"
"7670.0";"6.880936"
"7680.0";"6.648851"
"7690.0";"6.696801"
"7700.0";"6.538121"
"7710.0";"6.540719"
"7720.0";"6.335803"
"7730.0";"6.326396"
"7740.0";"6.23404"
"7750.0";"5.970016"
"7760.0";"6.170015"
"7770.0";"6.248176"
"7780.0";"6.077267"
"7790.0";"6.217798"
"7800.0";"6.223066"
"7810.0";"6.305838"
"7820.0";"6.236758"
"7830.0";"6.372681"
"7840.0";"6.070323"
"7850.0";"6.078317"
"7860.0";"6.259984"
"7870.0";"6.358131"
"7880.0";"6.363371"
"7890.0";"6.524048"
"7900.0";"6.361773"
"7910.0";"6.210651"
"7920.0";"6.37754"
"7930.0";"6.283764"
"7940.0";"6.26053"
"7950.0";"6.20078"
"7960.0";"6.20974"
"7970.0";"6.224922"
"7980.0";"6.264285"
"7990.0";"6.300425"
"8000.0";"6.340662"
"8010.0";"6.313598"
"8020.0";"6.199171"
"8030.0";"6.060785"
"8040.0";"5.975958"
"8050.0";"6.009648"
"8060.0";"6.085751"
"8070.0";"6.014403"
"8080.0";"5.943019"
"8090.0";"6.037358"
"8100.0";"5.900455"
"8110.0";"6.085557"
"8120.0";"6.131897"
"8130.0";"6.143142"
"8140.0";"6.205447"
"8150.0";"6.335307"
"8160.0";"6.117657"
"8170.0";"6.256407"
"8180.0";"6.393423"
"8190.0";"6.483542"
"8200.0";"6.369174"
"8210.0";"6.503738"
"8220.0";"6.457132"
"8230.0";"6.375784"
"8240.0";"6.343719"
"8250.0";"6.378018"
"8260.0";"6.240541"
"8270.0";"6.399906"
"8280.0";"6.476007"
"8290.0";"6.627736"
"8300.0";"6.763633"
"8310.0";"6.730655"
"8320.0";"6.559602"
"8330.0";"6.654291"
"8340.0";"6.291254"
"8350.0";"6.270777"
"8360.0";"6.234286"
"8370.0";"6.102809"
"8380.0";"6.426133"
"8390.0";"6.364172"
"8400.0";"6.556734"
"8410.0";"6.484195"
"8420.0";"6.402048"
"8430.0";"6.259934"
"8440.0";"6.22006"
"8450.0";"6.273739"
"8460.0";"6.390825"
"8470.0";"6.48652"
"8480.0";"6.519256"
"8490.0";"6.63009"
"8500.0";"6.731708"
"8510.0";"6.627294"
"8520.0";"6.42156"
"8530.0";"6.341444"
"8540.0";"6.109343"
"8550.0";"5.919995"
"8560.0";"5.845389"
"8570.0";"5.937071"
"8580.0";"5.906747"
"8590.0";"5.968076"
"8600.0";"5.707523"
"8610.0";"5.825605"
"8620.0";"5.620506"
"8630.0";"5.638703"
"8640.0";"5.527147"
"8650.0";"5.446939"
"8660.0";"5.560916"
"8670.0";"5.422548"
"8680.0";"5.454966"
"8690.0";"5.426596"
"8700.0";"5.376282"
"8710.0";"5.496907"
"8720.0";"5.51776"
"8730.0";"5.504488"
"8740.0";"5.562649"
"8750.0";"5.618513"
"8760.0";"5.939473"
"8770.0";"6.043023"
"8780.0";"6.176533"
"8790.0";"6.264883"
"8800.0";"6.357533"
"8810.0";"6.442523"
"8820.0";"6.16498"
"8830.0";"6.118748"
"8840.0";"6.165955"
"8850.0";"6.087227"
"8860.0";"6.110409"
"8870.0";"5.853123"
"8880.0";"5.733836"
"8890.0";"5.756461"
"8900.0";"5.699819"
"8910.0";"5.696714"
"8920.0";"5.954033"
"8930.0";"5.86355"
"8940.0";"5.93256"
"8950.0";"5.863331"
"8960.0";"5.651729"
"8970.0";"5.511973"
"8980.0";"5.722652"
"8990.0";"5.699099"
"9000.0";"5.87658"
"9010.0";"5.776374"
"9020.0";"5.630223"
"9030.0";"5.612274"
"9040.0";"5.659418"
"9050.0";"5.457277"
"9060.0";"5.521739"
"9070.0";"5.619914"
"9080.0";"5.545334"
"9090.0";"5.377788"
"9100.0";"5.383293"
"9110.0";"5.322737"
"9120.0";"5.322303"
"9130.0";"5.441007"
"9140.0";"5.34885"
"9150.0";"5.176596"
"9160.0";"5.154141"
"9170.0";"5.226017"
"9180.0";"5.244255"
"9190.0";"5.173633"
"9200.0";"5.215106"
"9210.0";"5.173639"
"9220.0";"5.236887"
"9230.0";"5.238019"
"9240.0";"5.303187"
"9250.0";"5.338867"
"9260.0";"5.414028"
"9270.0";"5.186121"
"9280.0";"5.073572"
"9290.0";"5.472476"
"9300.0";"5.665116"
"9310.0";"5.681036"
"9320.0";"5.657356"
"9330.0";"5.484812"
"9340.0";"5.306836"
"9350.0";"5.440628"
"9360.0";"5.605364"
"9370.0";"5.727964"
"9380.0";"5.42877"
"9390.0";"5.321224"
"9400.0";"5.311239"
"9410.0";"5.306643"
"9420.0";"5.398011"
"9430.0";"5.643549"
"9440.0";"5.767752"
"9450.0";"5.735403"
"9460.0";"5.539539"
"9470.0";"5.718307"
"9480.0";"5.383199"
"9490.0";"5.455307"
"9500.0";"5.548801"
"9510.0";"5.659089"
"9520.0";"5.45197"
"9530.0";"5.348747"
"9540.0";"5.473608"
"9550.0";"5.22044"
"9560.0";"5.205165"
"9570.0";"5.281274"
"9580.0";"5.528408"
"9590.0";"5.83346"
"9600.0";"6.056981"
"9610.0";"5.81959"
"9620.0";"5.795694"
"9630.0";"5.664895"
"9640.0";"5.468156"
"9650.0";"5.519592"
"9660.0";"5.23963"
"9670.0";"5.099745"
"9680.0";"5.27995"
"9690.0";"5.401975"
"9700.0";"5.519337"
"9710.0";"5.485734"
"9720.0";"5.468621"
"9730.0";"5.50314"
"9740.0";"5.424624"
"9750.0";"5.413456"
"9760.0";"5.431899"
"9770.0";"5.360223"
"9780.0";"5.690103"
"9790.0";"5.712482"
"9800.0";"5.64959"
"9810.0";"5.580251"
"9820.0";"5.375661"
"9830.0";"5.676745"
"9840.0";"5.769103"
"9850.0";"5.784953"
"9860.0";"5.714605"
"9870.0";"5.843463"
"9880.0";"6.098225"
"9890.0";"6.115075"
"9900.0";"6.083905"
"9910.0";"5.970963"
"9920.0";"6.077498"
"9930.0";"6.157078"
"9940.0";"6.336318"
"9950.0";"6.346058"
"9960.0";"6.324259"
"9970.0";"6.550972"
"9980.0";"6.457979"
"9990.0";"6.509513"
"10000.0";"6.416822"
"10010.0";"6.286136"
"10020.0";"6.272371"
"10030.0";"6.275775"
"10040.0";"6.170133"
"10050.0";"6.356703"
"10060.0";"6.365313"
"10070.0";"6.372825"
"10080.0";"6.530085"
"10090.0";"6.434771"
"10100.0";"6.271694"
"10110.0";"6.139706"
"10120.0";"6.062177"
"10130.0";"5.859055"
"10140.0";"5.467954"
"10150.0";"5.512036"
"10160.0";"5.659724"
"10170.0";"5.827252"
"10180.0";"5.643798"
"10190.0";"5.57319"
"10200.0";"5.8616"
"10210.0";"5.853805"
"10220.0";"5.910069"
"10230.0";"5.947731"
"10240.0";"5.834911"
"10250.0";"5.826673"
"10260.0";"6.082655"
"10270.0";"6.16437"
"10280.0";"6.129032"
"10290.0";"6.357641"
"10300.0";"6.3526"
"10310.0";"6.458452"
"10320.0";"6.240894"
"10330.0";"6.105832"
"10340.0";"6.234058"
"10350.0";"6.365242"
"10360.0";"6.23209"
"10370.0";"6.086973"
"10380.0";"6.010383"
"10390.0";"5.879202"
"10400.0";"5.9546"
"10410.0";"6.019565"
"10420.0";"6.001861"
"10430.0";"5.858871"
"10440.0";"5.888167"
"10450.0";"6.082085"
"10460.0";"6.190477"
"10470.0";"6.070718"
"10480.0";"5.941452"
"10490.0";"5.844637"
"10500.0";"6.038301"
"10510.0";"5.764923"
"10520.0";"5.748962"
"10530.0";"5.893292"
"10540.0";"6.028738"
"10550.0";"6.211482"
"10560.0";"6.262042"
"10570.0";"6.040435"
"10580.0";"6.358122"
"10590.0";"6.221401"
"10600.0";"6.047747"
"10610.0";"6.162793"
"10620.0";"6.036443"
"10630.0";"6.078508"
"10640.0";"6.259073"
"10650.0";"6.248935"
"10660.0";"6.093448"
"10670.0";"5.964291"
"10680.0";"5.840761"
"10690.0";"6.047385"
"10700.0";"5.787769"
"10710.0";"5.643362"
"10720.0";"5.867752"
"10730.0";"5.755372"
"10740.0";"5.745204"
"10750.0";"5.717472"
"10760.0";"5.771353"
"10770.0";"5.873229"
"10780.0";"5.835917"
"10790.0";"5.986977"
"10800.0";"6.0338"
"10810.0";"5.952375"
"10820.0";"5.985319"
"10830.0";"5.722926"
"10840.0";"5.714217"
"10850.0";"5.414683"
"10860.0";"5.512989"
"10870.0";"5.795641"
"10880.0";"5.635818"
"10890.0";"5.594013"
"10900.0";"5.880925"
"10910.0";"5.966618"
"10920.0";"6.075628"
"10930.0";"6.246288"
"10940.0";"6.162221"
"10950.0";"6.086164"
"10960.0";"6.063822"
"10970.0";"6.024269"
"10980.0";"5.919151"
"10990.0";"6.043509"
"11000.0";"6.100544"
"11010.0";"6.065366"
"11020.0";"5.965594"
"11030.0";"5.874377"
"11040.0";"5.841762"
"11050.0";"6.085459"
"11060.0";"5.903521"
"11070.0";"5.984591"
"11080.0";"5.917139"
"11090.0";"5.916396"
"11100.0";"5.584952"
"11110.0";"5.98831"
"11120.0";"5.937432"
"11130.0";"5.901026"
"11140.0";"5.786286"
"11150.0";"5.885151"
"11160.0";"5.892768"
"11170.0";"5.918658"
"11180.0";"5.82254"
"11190.0";"5.897865"
"11200.0";"5.777622"
"11210.0";"5.676497"
"11220.0";"5.825671"
"11230.0";"5.822544"
"11240.0";"5.734737"
"11250.0";"5.896247"
"11260.0";"5.749519"
"11270.0";"5.65226"
"11280.0";"5.66417"
"11290.0";"5.574449"
"11300.0";"5.659325"
"11310.0";"5.467079"
"11320.0";"5.513612"
"11330.0";"5.494695"
"11340.0";"5.682906"
"11350.0";"5.163162"
"11360.0";"5.268334"
"11370.0";"4.980221"
"11380.0";"4.702343"
"11390.0";"4.811874"
"11400.0";"4.88364"
"11410.0";"4.55486"
"11420.0";"4.828498"
"11430.0";"4.704388"
"11440.0";"4.82328"
"11450.0";"4.794719"
"11460.0";"4.88457"
"11470.0";"4.860133"
"11480.0";"4.796085"
"11490.0";"4.815471"
"11500.0";"4.963559"
"11510.0";"5.056996"
"11520.0";"4.821565"
"11530.0";"4.821564"
"11540.0";"4.715279"
"11550.0";"4.580839"
"11560.0";"4.690609"
"11570.0";"4.63218"
"11580.0";"4.678947"
"11590.0";"4.697557"
"11600.0";"4.687622"
"11610.0";"4.706053"
"11620.0";"4.870234"
"11630.0";"4.971663"
"11640.0";"5.333766"
"11650.0";"5.445703"
"11660.0";"5.607068"
"11670.0";"5.640248"
"11680.0";"5.664833"
"11690.0";"5.514456"
"11700.0";"5.490563"
"11710.0";"5.466076"
"11720.0";"5.434462"
"11730.0";"5.338098"
"11740.0";"5.440739"
"11750.0";"5.163086"
"11760.0";"5.332561"
"11770.0";"5.357933"
"11780.0";"5.26374"
"11790.0";"5.262674"
"11800.0";"5.548858"
"11810.0";"5.393978"
"11820.0";"5.285047"
"11830.0";"5.133528"
"11840.0";"5.2469"
"11850.0";"5.042229"
"11860.0";"5.057102"
"11870.0";"5.154942"
"11880.0";"5.146387"
"11890.0";"5.275537"
"11900.0";"5.151423"
"11910.0";"5.085988"
"11920.0";"5.06576"
"11930.0";"5.037486"
"11940.0";"5.279656"
"11950.0";"5.333223"
"11960.0";"5.362578"
"11970.0";"5.278745"
"11980.0";"5.172755"
"11990.0";"5.463904"
"12000.0";"5.537627"
"12010.0";"5.479961"
"12020.0";"5.276505"
"12030.0";"5.340261"
"12040.0";"5.222475"
"12050.0";"5.364841"
"12060.0";"5.438399"
"12070.0";"5.308071"
"12080.0";"5.213586"
"12090.0";"5.274109"
"12100.0";"5.242224"
"12110.0";"5.237306"
"12120.0";"5.373836"
"12130.0";"5.482589"
"12140.0";"5.168709"
"12150.0";"5.100221"
"12160.0";"5.064695"
"12170.0";"5.144933"
"12180.0";"5.283277"
"12190.0";"5.03648"
"12200.0";"5.015326"
"12210.0";"5.182202"
"12220.0";"5.171811"
"12230.0";"5.258757"
"12240.0";"5.045983"
"12250.0";"5.305886"
"12260.0";"5.354456"
"12270.0";"5.21143"
"12280.0";"5.176356"
"12290.0";"5.275679"
"12300.0";"5.329699"
"12310.0";"5.274583"
"12320.0";"5.095389"
"12330.0";"5.166152"
"12340.0";"5.510021"
"12350.0";"5.604654"
"12360.0";"5.751931"
"12370.0";"5.839491"
"12380.0";"6.11793"
"12390.0";"5.915059"
"12400.0";"6.080721"
"12410.0";"5.895584"
"12420.0";"5.829471"
"12430.0";"5.90504"
"12440.0";"5.598843"
"12450.0";"5.637361"
"12460.0";"5.340437"
"12470.0";"5.420061"
"12480.0";"5.646216"
"12490.0";"5.537331"
"12500.0";"5.500471"
"12510.0";"5.480101"
"12520.0";"5.508959"
"12530.0";"5.661364"
"12540.0";"5.830209"
"12550.0";"5.486362"
"12560.0";"5.800386"
"12570.0";"5.830838"
"12580.0";"5.915792"
"12590.0";"6.080149"
"12600.0";"5.967574"
"12610.0";"5.680677"
"12620.0";"5.529327"
"12630.0";"5.432102"
"12640.0";"5.436938"
"12650.0";"5.61499"
"12660.0";"5.819353"
"12670.0";"5.888176"
"12680.0";"5.664323"
"12690.0";"5.522362"
"12700.0";"5.67522"
"12710.0";"5.73615"
"12720.0";"5.443378"
"12730.0";"5.663045"
"12740.0";"5.517009"
"12750.0";"5.403258"
"12760.0";"5.420099"
"12770.0";"5.373526"
"12780.0";"5.561725"
"12790.0";"5.620111"
"12800.0";"5.467764"
"12810.0";"5.422373"
"12820.0";"5.584898"
"12830.0";"5.904005"
"12840.0";"6.0207"
"12850.0";"5.99572"
"12860.0";"5.929295"
"12870.0";"5.871115"
"12880.0";"5.97054"
"12890.0";"5.83087"
"12900.0";"5.866523"
"12910.0";"5.955873"
"12920.0";"5.921353"
"12930.0";"6.05584"
"12940.0";"5.876338"
"12950.0";"6.100712"
"12960.0";"5.943401"
"12970.0";"5.908835"
"12980.0";"5.870532"
"12990.0";"5.746407"
"13000.0";"5.923711"
"13010.0";"5.658707"
"13020.0";"5.796038"
"13030.0";"6.106624"
"13040.0";"5.904905"
"13050.0";"6.172079"
"13060.0";"6.186396"
"13070.0";"6.230155"
"13080.0";"6.38996"
"13090.0";"6.527426"
"13100.0";"6.572882"
"13110.0";"6.611204"
"13120.0";"6.442502"
"13130.0";"6.321333"
"13140.0";"6.322341"
"13150.0";"6.103681"
"13160.0";"6.119406"
"13170.0";"6.002136"
"13180.0";"5.924805"
"13190.0";"6.111593"
"13200.0";"6.354632"
"13210.0";"6.211613"
"13220.0";"6.076219"
"13230.0";"6.116102"
"13240.0";"6.036611"
"13250.0";"6.107072"
"13260.0";"6.203079"
"13270.0";"6.353181"
"13280.0";"6.458863"
"13290.0";"6.415227"
"13300.0";"6.356015"
"13310.0";"6.270018"
"13320.0";"6.324153"
"13330.0";"6.365557"
"13340.0";"6.433377"
"13350.0";"6.332551"
"13360.0";"6.447196"
"13370.0";"6.408681"
"13380.0";"6.378476"
"13390.0";"6.234622"
"13400.0";"6.40141"
"13410.0";"6.294799"
"13420.0";"6.046878"
"13430.0";"6.002924"
"13440.0";"6.048944"
"13450.0";"5.890367"
"13460.0";"5.677547"
"13470.0";"5.554437"
"13480.0";"5.453386"
"13490.0";"5.692197"
"13500.0";"5.735238"
"13510.0";"5.612098"
"13520.0";"5.818572"
"13530.0";"5.686903"
"13540.0";"5.890638"
"13550.0";"5.890233"
"13560.0";"5.84059"
"13570.0";"5.86429"
"13580.0";"5.578351"
"13590.0";"5.750685"
"13600.0";"5.770784"
"13610.0";"5.709445"
"13620.0";"5.729244"
"13630.0";"5.813778"
"13640.0";"6.078565"
"13650.0";"5.94812"
"13660.0";"5.660072"
"13670.0";"5.661686"
"13680.0";"5.450793"
"13690.0";"5.488762"
"13700.0";"5.539243"
"13710.0";"5.58485"
"13720.0";"5.457406"
"13730.0";"5.820335"
"13740.0";"5.954343"
"13750.0";"6.014135"
"13760.0";"6.185232"
"13770.0";"6.190284"
"13780.0";"6.225408"
"13790.0";"6.489731"
"13800.0";"6.532882"
"13810.0";"6.394931"
"13820.0";"6.401693"
"13830.0";"6.331557"
"13840.0";"6.463041"
"13850.0";"6.488849"
"13860.0";"6.442445"
"13870.0";"6.495986"
"13880.0";"6.256072"
"13890.0";"6.100069"
"13900.0";"6.290922"
"13910.0";"6.08856"
"13920.0";"6.226876"
"13930.0";"6.082438"
"13940.0";"6.102527"
"13950.0";"6.140234"
"13960.0";"6.1639"
"13970.0";"6.015341"
"13980.0";"6.191718"
"13990.0";"6.310472"
"14000.0";"6.185375"
"14010.0";"6.450664"
"14020.0";"6.537059"
"14030.0";"6.540232"
"14040.0";"6.341237"
"14050.0";"6.594525"
"14060.0";"6.282147"
"14070.0";"6.301844"
"14080.0";"6.438097"
"14090.0";"6.482439"
"14100.0";"6.419491"
"14110.0";"6.676397"
"14120.0";"6.486533"
"14130.0";"6.481262"
"14140.0";"6.405135"
"14150.0";"6.33131"
"14160.0";"6.415308"
"14170.0";"6.365885"
"14180.0";"6.24723"
"14190.0";"6.356732"
"14200.0";"6.351593"
"14210.0";"6.505634"
"14220.0";"6.460866"
"14230.0";"6.538409"
"14240.0";"6.732959"
"14250.0";"6.604247"
"14260.0";"6.716052"
"14270.0";"6.636497"
"14280.0";"6.45841"
"14290.0";"6.388708"
"14300.0";"6.567218"
"14310.0";"6.537615"
"14320.0";"6.564517"
"14330.0";"6.489207"
"14340.0";"6.538826"
"14350.0";"6.336051"
"14360.0";"6.45325"
"14370.0";"6.542131"
"14380.0";"6.699867"
"14390.0";"6.747547"
"14400.0";"6.712409"
"14410.0";"6.596076"
"14420.0";"6.495759"
"14430.0";"6.599712"
"14440.0";"6.541805"
"14450.0";"6.355097"
"14460.0";"6.240339"
"14470.0";"6.276002"
"14480.0";"5.95032"
"14490.0";"5.949778"
"14500.0";"5.964057"
"14510.0";"5.975258"
"14520.0";"5.833994"
"14530.0";"5.730546"
"14540.0";"5.598504"
"14550.0";"5.527885"
"14560.0";"5.4243"
"14570.0";"5.489089"
"14580.0";"5.612633"
"14590.0";"5.410113"
"14600.0";"5.358224"
"14610.0";"5.25169"
"14620.0";"5.41075"
"14630.0";"5.458481"
"14640.0";"5.414162"
"14650.0";"5.399996"
"14660.0";"5.364413"
"14670.0";"5.347042"
"14680.0";"5.364664"
"14690.0";"5.67934"
"14700.0";"5.681624"
"14710.0";"5.433525"
"14720.0";"5.511787"
"14730.0";"5.808789"
"14740.0";"5.852736"
"14750.0";"5.931049"
"14760.0";"6.037394"
"14770.0";"5.790682"
"14780.0";"5.650336"
"14790.0";"5.77364"
"14800.0";"5.951784"
"14810.0";"5.894669"
"14820.0";"5.959549"
"14830.0";"5.810015"
"14840.0";"5.812834"
"14850.0";"5.941651"
"14860.0";"5.927097"
"14870.0";"6.027349"
"14880.0";"5.997778"
"14890.0";"5.766438"
"14900.0";"5.741171"
"14910.0";"5.850781"
"14920.0";"6.012893"
"14930.0";"5.899"
"14940.0";"5.810292"
"14950.0";"5.910984"
"14960.0";"6.162414"
"14970.0";"6.04198"
"14980.0";"5.946176"
"14990.0";"6.114855"
"15000.0";"6.104591"
"15010.0";"6.02506"
"15020.0";"6.059791"
"15030.0";"6.044262"
"15040.0";"5.960708"
"15050.0";"5.870698"
"15060.0";"5.592766"
"15070.0";"5.858561"
"15080.0";"6.055592"
"15090.0";"6.003027"
"15100.0";"5.928025"
"15110.0";"5.970844"
"15120.0";"5.809021"
"15130.0";"6.002326"
"15140.0";"5.992098"
"15150.0";"6.054961"
"15160.0";"6.076478"
"15170.0";"6.059432"
"15180.0";"5.770874"
"15190.0";"5.708705"
"15200.0";"5.60496"
"15210.0";"5.576996"
"15220.0";"5.651417"
"15230.0";"5.676964"
"15240.0";"5.63246"
"15250.0";"5.787624"
"15260.0";"5.786006"
"15270.0";"5.680083"
"15280.0";"5.752755"
"15290.0";"5.629038"
"15300.0";"5.528997"
"15310.0";"5.387598"
"15320.0";"5.305892"
"15330.0";"5.4"
"15340.0";"5.426649"
"15350.0";"5.522799"
"15360.0";"5.560692"
"15370.0";"5.672197"
"15380.0";"5.645072"
"15390.0";"5.577497"
"15400.0";"5.631778"
"15410.0";"5.672894"
"15420.0";"5.669167"
"15430.0";"5.548382"
"15440.0";"5.758138"
"15450.0";"5.879354"
"15460.0";"5.630057"
"15470.0";"5.715245"
"15480.0";"5.345894"
"15490.0";"5.409428"
"15500.0";"5.343358"
"15510.0";"5.210486"
"15520.0";"5.212261"
"15530.0";"5.282291"
"15540.0";"5.281593"
"15550.0";"5.225401"
"15560.0";"5.425242"
"15570.0";"5.259336"
"15580.0";"5.211795"
"15590.0";"5.130781"
"15600.0";"5.276988"
"15610.0";"5.296572"
"15620.0";"5.239325"
"15630.0";"5.334879"
"15640.0";"5.14945"
"15650.0";"4.959239"
"15660.0";"5.012259"
"15670.0";"4.860207"
"15680.0";"4.936055"
"15690.0";"4.89489"
"15700.0";"4.664189"
"15710.0";"4.942381"
"15720.0";"4.938791"
"15730.0";"4.824227"
"15740.0";"4.780727"
"15750.0";"4.633363"
"15760.0";"4.553013"
"15770.0";"4.444911"
"15780.0";"4.485461"
"15790.0";"4.53796"
"15800.0";"4.540163"
"15810.0";"4.545135"
"15820.0";"4.272333"
"15830.0";"4.499977"
"15840.0";"4.318295"
"15850.0";"4.23447"
"15860.0";"4.406481"
"15870.0";"4.260923"
"15880.0";"4.320899"
"15890.0";"4.120661"
"15900.0";"4.004903"
"15910.0";"4.253116"
"15920.0";"4.300321"
"15930.0";"4.19926"
"15940.0";"4.643456"
"15950.0";"4.487997"
"15960.0";"4.513715"
"15970.0";"4.313687"
"15980.0";"4.464537"
"15990.0";"4.411181"
"16000.0";"4.283544"
"16010.0";"4.36693"
"16020.0";"4.191014"
"16030.0";"4.28673"
"16040.0";"4.167143"
"16050.0";"4.018099"
"16060.0";"4.204191"
"16070.0";"4.204571"
"16080.0";"4.037615"
"16090.0";"3.945928"
"16100.0";"3.73085"
"16110.0";"3.713872"
"16120.0";"3.591358"
"16130.0";"3.305885"
"16140.0";"3.496227"
"16150.0";"3.289992"
"16160.0";"3.398659"
"16170.0";"3.385476"
"16180.0";"3.35594"
"16190.0";"3.556356"
"16200.0";"3.463535"
"16210.0";"3.312302"
"16220.0";"3.314837"
"16230.0";"3.235252"
"16240.0";"3.026429"
"16250.0";"3.100926"
"16260.0";"3.088635"
"16270.0";"3.099512"
"16280.0";"2.98855"
"16290.0";"2.836695"
"16300.0";"2.787976"
"16310.0";"2.814419"
"16320.0";"2.916672"
"16330.0";"2.880421"
"16340.0";"2.974027"
"16350.0";"3.064751"
"16360.0";"3.0781"
"16370.0";"2.911424"
"16380.0";"3.168564"
"16390.0";"2.803052"
"16400.0";"2.575244"
"16410.0";"2.440049"
"16420.0";"2.444663"
"16430.0";"2.625815"
"16440.0";"2.874169"
"16450.0";"2.974577"
"16460.0";"2.917345"
"16470.0";"2.818098"
"16480.0";"2.815008"
"16490.0";"2.744019"
"16500.0";"2.90592"
"16510.0";"3.014217"
"16520.0";"3.167453"
"16530.0";"3.187092"
"16540.0";"3.08547"
"16550.0";"3.011547"
"16560.0";"2.736866"
"16570.0";"2.974374"
"16580.0";"3.123149"
"16590.0";"3.290021"
"16600.0";"3.457151"
"16610.0";"3.473712"
"16620.0";"3.626724"
"16630.0";"3.720425"
"16640.0";"3.999196"
"16650.0";"4.018137"
"16660.0";"4.023566"
"16670.0";"4.044086"
"16680.0";"4.003926"
"16690.0";"3.768936"
"16700.0";"3.860882"
"16710.0";"3.689655"
"16720.0";"3.766073"
"16730.0";"3.639775"
"16740.0";"3.939152"
"16750.0";"3.927074"
"16760.0";"3.598962"
"16770.0";"3.767057"
"16780.0";"3.997413"
"16790.0";"4.066271"
"16800.0";"4.328074"
"16810.0";"4.494896"
"16820.0";"4.464587"
"16830.0";"4.09928"
"16840.0";"4.511413"
"16850.0";"4.469887"
"16860.0";"4.679535"
"16870.0";"4.585236"
"16880.0";"4.462825"
"16890.0";"4.230424"
"16900.0";"4.311948"
"16910.0";"4.265478"
"16920.0";"4.494959"
"16930.0";"4.420935"
"16940.0";"4.29884"
"16950.0";"4.562343"
"16960.0";"4.690117"
"16970.0";"4.686496"
"16980.0";"4.757687"
"16990.0";"4.708665"
"17000.0";"4.800532"
"17010.0";"5.033785"
"17020.0";"5.004834"
"17030.0";"5.195315"
"17040.0";"5.242545"
"17050.0";"5.147891"
"17060.0";"5.161221"
"17070.0";"5.067175"
"17080.0";"4.996572"
"17090.0";"5.018562"
"17100.0";"4.898783"
"17110.0";"5.000359"
"17120.0";"5.06708"
"17130.0";"4.803726"
"17140.0";"4.580951"
"17150.0";"4.531401"
"17160.0";"4.359212"
"17170.0";"4.051735"
"17180.0";"4.035578"
"17190.0";"4.058245"
"17200.0";"4.021904"
"17210.0";"4.007492"
"17220.0";"4.019907"
"17230.0";"4.040287"
"17240.0";"3.803643"
"17250.0";"3.752786"
"17260.0";"3.958203"
"17270.0";"4.21059"
"17280.0";"4.02246"
"17290.0";"4.014244"
"17300.0";"4.073392"
"17310.0";"4.135017"
"17320.0";"3.958273"
"17330.0";"3.999164"
"17340.0";"4.137821"
"17350.0";"3.983497"
"17360.0";"4.035288"
"17370.0";"4.015402"
"17380.0";"3.953049"
"17390.0";"3.887804"
"17400.0";"3.670516"
"17410.0";"3.560632"
"17420.0";"3.393894"
"17430.0";"3.432688"
"17440.0";"3.313098"
"17450.0";"3.260599"
"17460.0";"3.159097"
"17470.0";"3.089741"
"17480.0";"3.478554"
"17490.0";"3.591805"
"17500.0";"3.642168"
"17510.0";"3.842258"
"17520.0";"3.673354"
"17530.0";"3.572681"
"17540.0";"3.478084"
"17550.0";"3.346798"
"17560.0";"3.381892"
"17570.0";"3.500791"
"17580.0";"3.458566"
"17590.0";"3.574278"
"17600.0";"3.451955"
"17610.0";"3.115488"
"17620.0";"3.023994"
"17630.0";"2.726948"
"17640.0";"2.645129"
"17650.0";"2.388191"
"17660.0";"2.350013"
"17670.0";"2.568716"
"17680.0";"2.722656"
"17690.0";"2.77518"
"17700.0";"2.674855"
"17710.0";"3.00339"
"17720.0";"2.860371"
"17730.0";"3.193145"
"17740.0";"3.27591"
"17750.0";"3.453523"
"17760.0";"3.468237"
"17770.0";"3.390795"
"17780.0";"3.378055"
"17790.0";"3.169732"
"17800.0";"3.13377"
"17810.0";"3.263162"
"17820.0";"2.968847"
"17830.0";"3.067614"
"17840.0";"2.892532"
"17850.0";"3.094513"
"17860.0";"3.092659"
"17870.0";"2.800806"
"17880.0";"2.899274"
"17890.0";"3.02299"
"17900.0";"2.86044"
"17910.0";"2.876616"
"17920.0";"2.859679"
"17930.0";"2.883983"
"17940.0";"3.126418"
"17950.0";"3.438676"
"17960.0";"3.412461"
"17970.0";"3.402338"
"17980.0";"3.083215"
"17990.0";"2.947554"
"18000.0";"2.849679"
"18010.0";"2.965022"
"18020.0";"3.15286"
"18030.0";"3.439632"
"18040.0";"3.014337"
"18050.0";"3.124998"
"18060.0";"3.306787"
"18070.0";"3.301155"
"18080.0";"3.17933"
"18090.0";"3.104613"
"18100.0";"3.223316"
"18110.0";"3.445304"
"18120.0";"3.629876"
"18130.0";"3.468658"
"18140.0";"3.256399"
"18150.0";"3.225596"
"18160.0";"3.241299"
"18170.0";"3.250079"
"18180.0";"3.203883"
"18190.0";"3.140859"
"18200.0";"2.682261"
"18210.0";"2.565362"
"18220.0";"2.72446"
"18230.0";"2.844034"
"18240.0";"2.871923"
"18250.0";"2.974801"
"18260.0";"2.743271"
"18270.0";"2.564978"
"18280.0";"2.826091"
"18290.0";"2.841839"
"18300.0";"2.865803"
"18310.0";"3.107525"
"18320.0";"2.852236"
"18330.0";"2.670022"
"18340.0";"2.492349"
"18350.0";"2.467728"
"18360.0";"2.457125"
"18370.0";"2.339673"
"18380.0";"2.384114"
"18390.0";"2.368447"
"18400.0";"2.518113"
"18410.0";"2.511408"
"18420.0";"2.363424"
"18430.0";"2.430259"
"18440.0";"2.493684"
"18450.0";"2.186151"
"18460.0";"2.274691"
"18470.0";"2.239677"
"18480.0";"2.359958"
"18490.0";"2.385743"
"18500.0";"2.450231"
"18510.0";"2.756387"
"18520.0";"2.813535"
"18530.0";"2.896278"
"18540.0";"2.80568"
"18550.0";"2.967816"
"18560.0";"2.858124"
"18570.0";"2.742619"
"18580.0";"3.011673"
"18590.0";"3.009598"
"18600.0";"3.097662"
"18610.0";"3.1031"
"18620.0";"2.875805"
"18630.0";"2.638747"
"18640.0";"2.780305"
"18650.0";"2.72623"
"18660.0";"2.968616"
"18670.0";"2.808568"
"18680.0";"2.728356"
"18690.0";"2.721536"
"18700.0";"2.700205"
"18710.0";"2.722613"
"18720.0";"2.67328"
"18730.0";"2.565177"
"18740.0";"2.668418"
"18750.0";"2.697822"
"18760.0";"2.917825"
"18770.0";"2.936965"
"18780.0";"2.846975"
"18790.0";"2.837349"
"18800.0";"3.055521"
"18810.0";"2.887295"
"18820.0";"2.910138"
"18830.0";"2.93778"
"18840.0";"3.090321"
"18850.0";"2.907604"
"18860.0";"2.948012"
"18870.0";"2.940187"
"18880.0";"3.109134"
"18890.0";"3.126756"
"18900.0";"3.021588"
"18910.0";"2.950592"
"18920.0";"3.051375"
"18930.0";"3.125676"
"18940.0";"2.97301"
"18950.0";"3.112031"
"18960.0";"3.004866"
"18970.0";"3.005687"
"18980.0";"2.894128"
"18990.0";"2.726397"
"19000.0";"2.682512"
"19010.0";"2.907591"
"19020.0";"3.337219"
"19030.0";"3.084003"
"19040.0";"3.010041"
"19050.0";"3.016587"
"19060.0";"3.008734"
"19070.0";"2.993708"
"19080.0";"2.813378"
"19090.0";"2.630405"
"19100.0";"2.692406"
"19110.0";"2.610989"
"19120.0";"2.580024"
"19130.0";"2.521715"
"19140.0";"2.590873"
"19150.0";"2.642829"
"19160.0";"2.736905"
"19170.0";"2.727673"
"19180.0";"2.828365"
"19190.0";"2.730665"
"19200.0";"2.621036"
"19210.0";"2.763347"
"19220.0";"2.841231"
"19230.0";"2.934958"
"19240.0";"2.977132"
"19250.0";"2.854408"
"19260.0";"2.791648"
"19270.0";"3.027087"
"19280.0";"2.907885"
"19290.0";"2.891024"
"19300.0";"2.568272"
"19310.0";"2.587706"
"19320.0";"2.313516"
"19330.0";"2.393619"
"19340.0";"2.620307"
"19350.0";"2.666662"
"19360.0";"2.761905"
"19370.0";"2.81428"
"19380.0";"2.823232"
"19390.0";"2.705803"
"19400.0";"2.510893"
"19410.0";"2.518617"
"19420.0";"2.442945"
"19430.0";"2.282185"
"19440.0";"2.202014"
"19450.0";"2.349482"
"19460.0";"2.006517"
"19470.0";"2.180204"
"19480.0";"1.850492"
"19490.0";"1.924317"
"19500.0";"2.065772"
"19510.0";"2.227988"
"19520.0";"2.17833"
"19530.0";"2.080905"
"19540.0";"2.133647"
"19550.0";"2.011441"
"19560.0";"1.988337"
"19570.0";"2.142772"
"19580.0";"1.923915"
"19590.0";"1.783624"
"19600.0";"1.822248"
"19610.0";"1.805132"
"19620.0";"1.602593"
"19630.0";"1.607212"
"19640.0";"1.829252"
"19650.0";"1.770464"
"19660.0";"1.883367"
"19670.0";"1.819653"
"19680.0";"1.919458"
"19690.0";"1.925369"
"19700.0";"2.083055"
"19710.0";"2.110476"
"19720.0";"2.032701"
"19730.0";"1.968524"
"19740.0";"2.257554"
"19750.0";"2.435861"
"19760.0";"2.577243"
"19770.0";"2.355127"
"19780.0";"2.501197"
"19790.0";"2.56782"
"19800.0";"2.542693"
"19810.0";"2.606454"
"19820.0";"2.740948"
"19830.0";"2.654959"
"19840.0";"2.644084"
"19850.0";"2.962831"
"19860.0";"3.040566"
"19870.0";"3.214723"
"19880.0";"3.353686"
"19890.0";"3.433521"
"19900.0";"3.498527"
"19910.0";"3.612003"
"19920.0";"3.943838"
"19930.0";"4.021238"
"19940.0";"3.817058"
"19950.0";"3.587276"
"19960.0";"3.475801"
"19970.0";"3.222513"
"19980.0";"3.278715"
"19990.0";"3.267675"
"20000.0";"3.334759"
"20010.0";"3.161444"
"20020.0";"3.140378"
"20030.0";"3.051301"
"20040.0";"3.386175"
"20050.0";"3.312279"
"20060.0";"3.220809"
"20070.0";"3.479509"
"20080.0";"3.005985"
"20090.0";"2.772306"
"20100.0";"2.85093"
"20110.0";"2.745553"
"20120.0";"2.479448"
"20130.0";"2.412992"
"20140.0";"2.451222"
"20150.0";"2.453148"
"20160.0";"2.31272"
"20170.0";"2.252076"
"20180.0";"2.058657"
"20190.0";"2.042957"
"20200.0";"1.794532"
"20210.0";"1.784423"
"20220.0";"1.921467"
"20230.0";"1.974141"
"20240.0";"1.940981"
"20250.0";"2.101608"
"20260.0";"2.18965"
"20270.0";"2.102681"
"20280.0";"2.253333"
"20290.0";"2.306627"
"20300.0";"2.228016"
"20310.0";"2.094052"
"20320.0";"2.130501"
"20330.0";"2.275674"
"20340.0";"2.361927"
"20350.0";"2.379537"
"20360.0";"2.341239"
"20370.0";"2.174322"
"20380.0";"2.482985"
"20390.0";"2.502382"
"20400.0";"2.335987"
"20410.0";"2.336263"
"20420.0";"2.408575"
"20430.0";"2.143275"
"20440.0";"2.438931"
"20450.0";"2.584389"
"20460.0";"2.766832"
"20470.0";"2.592488"
"20480.0";"2.682618"
"20490.0";"2.230607"
"20500.0";"2.104035"
"20510.0";"2.001166"
"20520.0";"2.074885"
"20530.0";"2.255845"
"20540.0";"2.24012"
"20550.0";"2.144031"
"20560.0";"2.264712"
"20570.0";"2.104153"
"20580.0";"1.993511"
"20590.0";"1.984171"
"20600.0";"2.142448"
"20610.0";"2.263846"
"20620.0";"2.496927"
"20630.0";"2.356081"
"20640.0";"2.47211"
"20650.0";"2.714565"
"20660.0";"2.64731"
"20670.0";"2.780038"
"20680.0";"2.795635"
"20690.0";"3.033441"
"20700.0";"2.873693"
"20710.0";"3.041052"
"20720.0";"3.180735"
"20730.0";"2.974293"
"20740.0";"3.224086"
"20750.0";"3.414171"
"20760.0";"3.558265"
"20770.0";"3.376276"
"20780.0";"2.961748"
"20790.0";"3.048058"
"20800.0";"2.803655"
"20810.0";"3.134133"
"20820.0";"3.166281"
"20830.0";"2.982259"
"20840.0";"2.970656"
"20850.0";"2.854068"
"20860.0";"2.916585"
"20870.0";"2.739727"
"20880.0";"2.465271"
"20890.0";"2.3174"
"20900.0";"2.359466"
"20910.0";"2.522734"
"20920.0";"2.329038"
"20930.0";"2.427643"
"20940.0";"2.771123"
"20950.0";"2.76198"
"20960.0";"2.974061"
"20970.0";"2.764148"
"20980.0";"2.599528"
"20990.0";"2.656028"
"21000.0";"2.653375"
"21010.0";"2.662575"
"21020.0";"2.629423"
"21030.0";"2.644127"
"21040.0";"2.58658"
"21050.0";"2.657302"
"21060.0";"2.896001"
"21070.0";"3.036818"
"21080.0";"2.908999"
"21090.0";"2.911655"
"21100.0";"2.904941"
"21110.0";"2.880708"
"21120.0";"2.972673"
"21130.0";"3.141141"
"21140.0";"2.885372"
"21150.0";"3.150074"
"21160.0";"3.154141"
"21170.0";"3.452338"
"21180.0";"3.61303"
"21190.0";"3.695382"
"21200.0";"3.897671"
"21210.0";"3.999567"
"21220.0";"3.910416"
"21230.0";"4.084048"
"21240.0";"3.970003"
"21250.0";"3.991017"
"21260.0";"4.24231"
"21270.0";"4.080735"
"21280.0";"4.218064"
"21290.0";"4.011134"
"21300.0";"3.893828"
"21310.0";"3.796534"
"21320.0";"3.766764"
"21330.0";"3.722471"
"21340.0";"3.715491"
"21350.0";"3.514127"
"21360.0";"3.738625"
"21370.0";"3.320943"
"21380.0";"3.34499"
"21390.0";"3.434284"
"21400.0";"3.43388"
"21410.0";"3.555262"
"21420.0";"3.49641"
"21430.0";"3.525847"
"21440.0";"3.85094"
"21450.0";"3.821993"
"21460.0";"3.734834"
"21470.0";"3.754975"
"21480.0";"3.572754"
"21490.0";"3.427013"
"21500.0";"3.392115"
"21510.0";"3.240355"
"21520.0";"3.151452"
"21530.0";"3.546534"
"21540.0";"3.345094"
"21550.0";"3.444394"
"21560.0";"3.226073"
"21570.0";"3.075161"
"21580.0";"3.451793"
"21590.0";"3.396023"
"21600.0";"3.561193"
"21610.0";"3.533001"
"21620.0";"3.454491"
"21630.0";"3.631883"
"21640.0";"3.784512"
"21650.0";"3.692437"
"21660.0";"3.554027"
"21670.0";"3.524728"
"21680.0";"3.383066"
"21690.0";"3.457419"
"21700.0";"3.59962"
"21710.0";"3.86051"
"21720.0";"3.67227"
"21730.0";"3.781968"
"21740.0";"3.806113"
"21750.0";"3.961335"
"21760.0";"3.982054"
"21770.0";"4.054356"
"21780.0";"4.078749"
"21790.0";"4.148499"
"21800.0";"4.066263"
"21810.0";"3.877672"
"21820.0";"4.154654"
"21830.0";"4.237164"
"21840.0";"4.361348"
"21850.0";"4.266174"
"21860.0";"4.106614"
"21870.0";"4.182108"
"21880.0";"4.306207"
"21890.0";"4.430573"
"21900.0";"4.438288"
"21910.0";"4.604416"
"21920.0";"4.506137"
"21930.0";"4.37252"
"21940.0";"4.342947"
"21950.0";"4.426607"
"21960.0";"4.541827"
"21970.0";"4.187901"
"21980.0";"4.460639"
"21990.0";"4.461879"
"22000.0";"4.461859"
"22010.0";"4.595543"
"22020.0";"4.529365"
"22030.0";"4.491554"
"22040.0";"4.222056"
"22050.0";"4.148324"
"22060.0";"4.227865"
"22070.0";"4.266798"
"22080.0";"4.385714"
"22090.0";"4.366777"
"22100.0";"4.088436"
"22110.0";"4.405436"
"22120.0";"4.327951"
"22130.0";"4.171915"
"22140.0";"4.241489"
"22150.0";"3.923062"
"22160.0";"4.015842"
"22170.0";"4.122852"
"22180.0";"4.027559"
"22190.0";"3.94468"
"22200.0";"3.970479"
"22210.0";"3.756533"
"22220.0";"3.896441"
"22230.0";"4.026633"
"22240.0";"4.034028"
"22250.0";"3.997375"
"22260.0";"3.91069"
"22270.0";"3.815958"
"22280.0";"3.91558"
"22290.0";"3.757291"
"22300.0";"3.845791"
"22310.0";"3.796154"
"22320.0";"4.188184"
"22330.0";"4.149691"
"22340.0";"4.161956"
"22350.0";"4.061914"
"22360.0";"4.007675"
"22370.0";"3.783332"
"22380.0";"3.74002"
"22390.0";"3.655751"
"22400.0";"3.666436"
"22410.0";"3.818716"
"22420.0";"3.574482"
"22430.0";"3.591971"
"22440.0";"3.50478"
"22450.0";"3.519567"
"22460.0";"3.54329"
"22470.0";"3.69768"
"22480.0";"3.825656"
"22490.0";"3.904986"
"22500.0";"3.886383"
"22510.0";"3.743248"
"22520.0";"3.825958"
"22530.0";"3.59398"
"22540.0";"3.608203"
"22550.0";"3.750356"
"22560.0";"3.881264"
"22570.0";"3.739601"
"22580.0";"3.874625"
"22590.0";"3.630826"
"22600.0";"3.651839"
"22610.0";"3.444604"
"22620.0";"3.37681"
"22630.0";"3.304995"
"22640.0";"3.478494"
"22650.0";"3.564076"
"22660.0";"3.445881"
"22670.0";"3.861048"
"22680.0";"3.727204"
"22690.0";"3.619023"
"22700.0";"3.555492"
"22710.0";"3.754888"
"22720.0";"3.536707"
"22730.0";"3.733467"
"22740.0";"3.660907"
"22750.0";"4.029506"
"22760.0";"4.213297"
"22770.0";"4.288101"
"22780.0";"4.348282"
"22790.0";"4.415081"
"22800.0";"4.315987"
"22810.0";"4.280193"
"22820.0";"4.327642"
"22830.0";"4.211485"
"22840.0";"4.247402"
"22850.0";"4.277246"
"22860.0";"4.38003"
"22870.0";"4.403122"
"22880.0";"4.284662"
"22890.0";"4.255949"
"22900.0";"4.20669"
"22910.0";"4.416081"
"22920.0";"4.347351"
"22930.0";"4.376185"
"22940.0";"4.488184"
"22950.0";"4.471056"
"22960.0";"4.630916"
"22970.0";"4.540101"
"22980.0";"4.491138"
"22990.0";"4.446807"
"23000.0";"4.257107"
"23010.0";"4.29211"
"23020.0";"4.344414"
"23030.0";"4.306781"
"23040.0";"4.320585"
"23050.0";"4.299493"
"23060.0";"4.274107"
"23070.0";"4.524078"
"23080.0";"4.441931"
"23090.0";"4.275283"
"23100.0";"4.370948"
"23110.0";"4.297094"
"23120.0";"4.252125"
"23130.0";"4.001112"
"23140.0";"4.015982"
"23150.0";"3.954785"
"23160.0";"3.99464"
"23170.0";"3.685104"
"23180.0";"3.766323"
"23190.0";"3.777545"
"23200.0";"3.8568"
"23210.0";"3.834065"
"23220.0";"3.785273"
"23230.0";"3.727589"
"23240.0";"3.667999"
"23250.0";"3.690252"
"23260.0";"3.730427"
"23270.0";"3.538742"
"23280.0";"3.359759"
"23290.0";"3.48977"
"23300.0";"3.398346"
"23310.0";"3.221286"
"23320.0";"3.059534"
"23330.0";"3.211598"
"23340.0";"3.35244"
"23350.0";"3.396971"
"23360.0";"3.312986"
"23370.0";"3.687541"
"23380.0";"3.489558"
"23390.0";"3.387284"
"23400.0";"3.347151"
"23410.0";"3.534363"
"23420.0";"3.583261"
"23430.0";"3.326606"
"23440.0";"3.226165"
"23450.0";"3.293237"
"23460.0";"3.363028"
"23470.0";"3.431326"
"23480.0";"3.306859"
"23490.0";"3.186746"
"23500.0";"2.960428"
"23510.0";"3.086058"
"23520.0";"2.967503"
"23530.0";"2.597951"
"23540.0";"2.761057"
"23550.0";"2.702528"
"23560.0";"2.855625"
"23570.0";"2.88309"
"23580.0";"2.757202"
"23590.0";"2.758332"
"23600.0";"2.82065"
"23610.0";"2.791856"
"23620.0";"2.74662"
"23630.0";"3.048696"
"23640.0";"2.955744"
"23650.0";"2.950571"
"23660.0";"3.141176"
"23670.0";"3.10555"
"23680.0";"3.260082"
"23690.0";"3.20064"
"23700.0";"3.150734"
"23710.0";"3.13668"
"23720.0";"2.862139"
"23730.0";"2.838359"
"23740.0";"2.689929"
"23750.0";"2.926338"
"23760.0";"2.806104"
"23770.0";"2.757792"
"23780.0";"2.819332"
"23790.0";"2.756795"
"23800.0";"2.992238"
"23810.0";"2.88969"
"23820.0";"2.872832"
"23830.0";"2.61203"
"23840.0";"2.673131"
"23850.0";"2.766158"
"23860.0";"2.627551"
"23870.0";"2.685076"
"23880.0";"2.884896"
"23890.0";"2.807905"
"23900.0";"3.126544"
"23910.0";"3.01324"
"23920.0";"2.938342"
"23930.0";"2.675115"
"23940.0";"2.378084"
"23950.0";"2.558442"
"23960.0";"2.745198"
"23970.0";"2.866829"
"23980.0";"2.709207"
"23990.0";"2.766662"
"24000.0";"2.949265"
"24010.0";"3.114653"
"24020.0";"3.29516"
"24030.0";"3.079213"
"24040.0";"2.963731"
"24050.0";"3.187698"
"24060.0";"3.132788"
"24070.0";"3.231796"
"24080.0";"2.896089"
"24090.0";"2.945153"
"24100.0";"2.671276"
"24110.0";"2.632436"
"24120.0";"2.302719"
"24130.0";"2.132432"
"24140.0";"2.320324"
"24150.0";"2.225961"
"24160.0";"2.111018"
"24170.0";"1.819376"
"24180.0";"1.685972"
"24190.0";"1.754447"
"24200.0";"1.787416"
"24210.0";"1.723701"
"24220.0";"1.865303"
"24230.0";"1.597535"
"24240.0";"1.508967"
"24250.0";"1.627298"
"24260.0";"1.827619"
"24270.0";"1.868047"
"24280.0";"1.779342"
"24290.0";"1.81468"
"24300.0";"1.67367"
"24310.0";"1.53126"
"24320.0";"1.566052"
"24330.0";"1.574926"
"24340.0";"1.603757"
"24350.0";"1.646089"
"24360.0";"1.489551"
"24370.0";"1.474235"
"24380.0";"1.338162"
"24390.0";"1.40438"
"24400.0";"1.399879"
"24410.0";"1.554537"
"24420.0";"1.627087"
"24430.0";"1.951944"
"24440.0";"1.38248"
"24450.0";"1.548246"
"24460.0";"1.480427"
"24470.0";"1.350806"
"24480.0";"1.730223"
"24490.0";"1.824947"
"24500.0";"1.901492"
"24510.0";"2.105039"
"24520.0";"1.832382"
"24530.0";"1.668868"
"24540.0";"1.904542"
"24550.0";"2.024477"
"24560.0";"1.853024"
"24570.0";"1.898417"
"24580.0";"2.080181"
"24590.0";"2.022236"
"24600.0";"2.0763"
"24610.0";"2.04207"
"24620.0";"1.877628"
"24630.0";"1.974458"
"24640.0";"1.954563"
"24650.0";"2.04133"
"24660.0";"2.313674"
"24670.0";"2.456375"
"24680.0";"2.447324"
"24690.0";"2.485352"
"24700.0";"2.699968"
"24710.0";"2.764886"
"24720.0";"2.633136"
"24730.0";"2.690208"
"24740.0";"2.733085"
"24750.0";"2.771135"
"24760.0";"2.781115"
"24770.0";"2.884001"
"24780.0";"2.710602"
"24790.0";"2.498739"
"24800.0";"2.605636"
"24810.0";"2.777503"
"24820.0";"2.413352"
"24830.0";"2.395597"
"24840.0";"2.269503"
"24850.0";"2.17437"
"24860.0";"2.238553"
"24870.0";"2.295567"
"24880.0";"2.31795"
"24890.0";"2.289737"
"24900.0";"2.389455"
"24910.0";"2.492907"
"24920.0";"2.43154"
"24930.0";"2.501521"
"24940.0";"2.530083"
"24950.0";"2.592632"
"24960.0";"2.437458"
"24970.0";"2.335813"
"24980.0";"2.312285"
"24990.0";"2.305427"
"25000.0";"2.346668"
"25010.0";"2.225694"
"25020.0";"2.196914"
"25030.0";"2.2893"
"25040.0";"2.10967"
"25050.0";"2.340703"
"25060.0";"2.396295"
"25070.0";"2.353845"
"25080.0";"2.533245"
"25090.0";"2.535275"
"25100.0";"2.653132"
"25110.0";"2.500005"
"25120.0";"2.548062"
"25130.0";"2.62219"
"25140.0";"2.753337"
"25150.0";"2.71921"
"25160.0";"2.888952"
"25170.0";"2.764796"
"25180.0";"2.768523"
"25190.0";"2.829619"
"25200.0";"2.883934"
"25210.0";"2.991742"
"25220.0";"2.748514"
"25230.0";"2.701622"
"25240.0";"2.78693"
"25250.0";"2.689107"
"25260.0";"2.955042"
"25270.0";"2.856997"
"25280.0";"2.878151"
"25290.0";"2.876648"
"25300.0";"3.21453"
"25310.0";"3.03352"
"25320.0";"3.135881"
"25330.0";"3.254833"
"25340.0";"3.173139"
"25350.0";"2.935477"
"25360.0";"2.844902"
"25370.0";"2.757679"
"25380.0";"3.153568"
"25390.0";"3.273248"
"25400.0";"3.359812"
"25410.0";"3.271441"
"25420.0";"2.994252"
"25430.0";"2.983625"
"25440.0";"2.835222"
"25450.0";"3.304641"
"25460.0";"3.164652"
"25470.0";"3.13174"
"25480.0";"3.268298"
"25490.0";"3.580724"
"25500.0";"3.547809"
"25510.0";"3.669399"
"25520.0";"3.818279"
"25530.0";"3.973787"
"25540.0";"4.233855"
"25550.0";"4.287473"
"25560.0";"4.211123"
"25570.0";"4.105324"
"25580.0";"4.062937"
"25590.0";"4.144201"
"25600.0";"3.711094"
"25610.0";"3.889727"
"25620.0";"3.791068"
"25630.0";"3.68442"
"25640.0";"3.603233"
"25650.0";"3.669061"
"25660.0";"3.625651"
"25670.0";"3.480723"
"25680.0";"3.145455"
"25690.0";"3.498165"
"25700.0";"3.730349"
"25710.0";"3.638067"
"25720.0";"3.773169"
"25730.0";"3.803775"
"25740.0";"3.873661"
"25750.0";"3.710295"
"25760.0";"3.944694"
"25770.0";"3.781637"
"25780.0";"3.555265"
"25790.0";"3.529658"
"25800.0";"3.773433"
"25810.0";"3.868837"
"25820.0";"3.846256"
"25830.0";"4.085355"
"25840.0";"4.093634"
"25850.0";"3.846896"
"25860.0";"3.817933"
"25870.0";"3.800481"
"25880.0";"3.700492"
"25890.0";"3.468581"
"25900.0";"3.4998"
"25910.0";"3.531119"
"25920.0";"3.482016"
"25930.0";"3.416075"
"25940.0";"3.48448"
"25950.0";"3.41047"
"25960.0";"3.365171"
"25970.0";"3.549444"
"25980.0";"3.485238"
"25990.0";"3.421702"
"26000.0";"3.170196"
"26010.0";"2.858238"
"26020.0";"2.781435"
"26030.0";"2.835738"
"26040.0";"2.661273"
"26050.0";"2.531792"
"26060.0";"2.598022"
"26070.0";"2.754573"
"26080.0";"2.831456"
"26090.0";"2.836263"
"26100.0";"3.119852"
"26110.0";"3.079282"
"26120.0";"3.289961"
"26130.0";"3.281175"
"26140.0";"3.141329"
"26150.0";"3.354083"
"26160.0";"3.627505"
"26170.0";"3.417568"
"26180.0";"3.573581"
"26190.0";"3.571814"
"26200.0";"3.236339"
"26210.0";"3.180051"
"26220.0";"3.183885"
"26230.0";"3.2602"
"26240.0";"3.54775"
"26250.0";"3.451648"
"26260.0";"3.769768"
"26270.0";"4.02996"
"26280.0";"3.735902"
"26290.0";"3.731306"
"26300.0";"3.849193"
"26310.0";"3.976479"
"26320.0";"4.132345"
"26330.0";"4.293516"
"26340.0";"4.30733"
"26350.0";"4.207888"
"26360.0";"4.204917"
"26370.0";"4.219747"
"26380.0";"4.431226"
"26390.0";"4.605217"
"26400.0";"4.417267"
"26410.0";"4.467902"
"26420.0";"4.563568"
"26430.0";"4.616493"
"26440.0";"4.803106"
"26450.0";"4.503348"
"26460.0";"4.669966"
"26470.0";"4.418014"
"26480.0";"4.432513"
"26490.0";"4.450178"
"26500.0";"4.593001"
"26510.0";"4.699691"
"26520.0";"4.568323"
"26530.0";"4.695761"
"26540.0";"4.400263"
"26550.0";"4.429799"
"26560.0";"4.726804"
"26570.0";"4.867504"
"26580.0";"4.578832"
"26590.0";"4.575866"
"26600.0";"4.78486"
"26610.0";"4.778447"
"26620.0";"4.599719"
"26630.0";"4.746829"
"26640.0";"4.775522"
"26650.0";"4.767859"
"26660.0";"4.667612"
"26670.0";"4.637332"
"26680.0";"4.601966"
"26690.0";"4.589149"
"26700.0";"4.5971"
"26710.0";"4.503576"
"26720.0";"4.352076"
"26730.0";"4.31335"
"26740.0";"4.333397"
"26750.0";"4.363251"
"26760.0";"4.390907"
"26770.0";"4.231347"
"26780.0";"4.331167"
"26790.0";"4.537289"
"26800.0";"4.940616"
"26810.0";"4.947812"
"26820.0";"5.04953"
"26830.0";"4.932835"
"26840.0";"4.828914"
"26850.0";"4.791177"
"26860.0";"5.034451"
"26870.0";"4.929849"
"26880.0";"4.873205"
"26890.0";"4.803334"
"26900.0";"4.944614"
"26910.0";"4.881787"
"26920.0";"5.039839"
"26930.0";"5.042324"
"26940.0";"5.107914"
"26950.0";"5.14007"
"26960.0";"5.078333"
"26970.0";"5.052057"
"26980.0";"4.834385"
"26990.0";"5.064304"
"27000.0";"5.051646"
"27010.0";"5.010657"
"27020.0";"4.98064"
"27030.0";"4.969113"
"27040.0";"4.847099"
"27050.0";"4.654715"
"27060.0";"4.850451"
"27070.0";"4.786721"
"27080.0";"4.767339"
"27090.0";"4.966707"
"27100.0";"4.921653"
"27110.0";"4.977608"
"27120.0";"4.913665"
"27130.0";"4.877904"
"27140.0";"4.794214"
"27150.0";"4.736282"
"27160.0";"4.750375"
"27170.0";"4.851112"
"27180.0";"4.864232"
"27190.0";"4.877364"
"27200.0";"4.890775"
"27210.0";"5.286255"
"27220.0";"5.260982"
"27230.0";"5.2569"
"27240.0";"5.369829"
"27250.0";"5.542973"
"27260.0";"5.6966"
"27270.0";"5.667698"
"27280.0";"5.794823"
"27290.0";"5.833227"
"27300.0";"5.846579"
"27310.0";"5.678119"
"27320.0";"5.802509"
"27330.0";"5.732052"
"27340.0";"5.64484"
"27350.0";"5.850973"
"27360.0";"5.943789"
"27370.0";"5.940915"
"27380.0";"5.610683"
"27390.0";"5.704587"
"27400.0";"5.931912"
"27410.0";"5.956057"
"27420.0";"5.955791"
"27430.0";"5.983237"
"27440.0";"6.132845"
"27450.0";"6.023664"
"27460.0";"6.090432"
"27470.0";"6.061368"
"27480.0";"6.146463"
"27490.0";"6.28186"
"27500.0";"6.020731"
"27510.0";"6.132233"
"27520.0";"6.260415"
"27530.0";"6.344271"
"27540.0";"6.356574"
"27550.0";"6.442556"
"27560.0";"6.289948"
"27570.0";"6.26267"
"27580.0";"6.267025"
"27590.0";"6.302401"
"27600.0";"6.359318"
"27610.0";"6.497818"
"27620.0";"6.582357"
"27630.0";"6.489008"
"27640.0";"6.210458"
"27650.0";"6.2706"
"27660.0";"6.142886"
"27670.0";"6.157655"
"27680.0";"6.158398"
"27690.0";"6.235448"
"27700.0";"6.334166"
"27710.0";"6.277619"
"27720.0";"6.366705"
"27730.0";"6.419711"
"27740.0";"6.455124"
"27750.0";"6.54638"
"27760.0";"6.434767"
"27770.0";"6.168383"
"27780.0";"6.090877"
"27790.0";"6.101104"
"27800.0";"6.365039"
"27810.0";"6.29786"
"27820.0";"6.351445"
"27830.0";"6.289015"
"27840.0";"6.027586"
"27850.0";"5.944211"
"27860.0";"5.742449"
"27870.0";"5.842566"
"27880.0";"5.643367"
"27890.0";"5.845061"
"27900.0";"5.979021"
"27910.0";"5.871054"
"27920.0";"5.800904"
"27930.0";"5.765783"
"27940.0";"6.317914"
"27950.0";"6.260283"
"27960.0";"6.340969"
"27970.0";"6.246455"
"27980.0";"6.14622"
"27990.0";"6.131738"
"28000.0";"6.212919"
"28010.0";"6.14395"
"28020.0";"6.213624"
"28030.0";"6.271554"
"28040.0";"6.102362"
"28050.0";"6.048895"
"28060.0";"6.024134"
"28070.0";"6.114033"
"28080.0";"6.143137"
"28090.0";"6.076008"
"28100.0";"6.313745"
"28110.0";"6.149606"
"28120.0";"6.181849"
"28130.0";"6.129714"
"28140.0";"5.979134"
"28150.0";"6.145208"
"28160.0";"5.948926"
"28170.0";"5.863979"
"28180.0";"5.849125"
"28190.0";"5.852822"
"28200.0";"5.866745"
"28210.0";"6.044392"
"28220.0";"6.046423"
"28230.0";"6.078175"
"28240.0";"6.209725"
"28250.0";"6.359841"
"28260.0";"6.520851"
"28270.0";"6.374682"
"28280.0";"6.265594"
"28290.0";"6.304202"
"28300.0";"6.56251"
"28310.0";"6.314134"
"28320.0";"6.197539"
"28330.0";"6.266523"
"28340.0";"6.28656"
"28350.0";"6.279881"
"28360.0";"6.069708"
"28370.0";"5.837914"
"28380.0";"5.604226"
"28390.0";"5.693772"
"28400.0";"5.537573"
"28410.0";"5.350644"
"28420.0";"5.391638"
"28430.0";"5.506336"
"28440.0";"5.372683"
"28450.0";"5.482706"
"28460.0";"5.563185"
"28470.0";"5.664818"
"28480.0";"5.70941"
"28490.0";"5.581325"
"28500.0";"5.682427"
"28510.0";"5.700618"
"28520.0";"5.507991"
"28530.0";"5.511688"
"28540.0";"5.518286"
"28550.0";"5.556504"
"28560.0";"5.61336"
"28570.0";"5.551402"
"28580.0";"5.819858"
"28590.0";"5.804483"
"28600.0";"5.791874"
"28610.0";"5.924829"
"28620.0";"5.985118"
"28630.0";"5.85293"
"28640.0";"5.965191"
"28650.0";"5.973559"
"28660.0";"5.933149"
"28670.0";"5.917036"
"28680.0";"5.971401"
"28690.0";"6.030695"
"28700.0";"6.112319"
"28710.0";"6.199323"
"28720.0";"6.068784"
"28730.0";"6.008998"
"28740.0";"5.701687"
"28750.0";"5.465717"
"28760.0";"5.512559"
"28770.0";"5.404469"
"28780.0";"5.546823"
"28790.0";"5.763097"
"28800.0";"5.584175"
"28810.0";"5.593893"
"28820.0";"5.663684"
"28830.0";"5.695442"
"28840.0";"5.600278"
"28850.0";"5.412622"
"28860.0";"5.523351"
"28870.0";"5.443111"
"28880.0";"5.377541"
"28890.0";"5.500006"
"28900.0";"5.387836"
"28910.0";"5.319451"
"28920.0";"5.554392"
"28930.0";"5.626755"
"28940.0";"5.508122"
"28950.0";"5.443162"
"28960.0";"5.553015"
"28970.0";"5.547554"
"28980.0";"5.601094"
"28990.0";"5.442626"
"29000.0";"5.411122"
"29010.0";"5.64922"
"29020.0";"5.448772"
"29030.0";"5.536684"
"29040.0";"5.640532"
"29050.0";"5.578847"
"29060.0";"5.530026"
"29070.0";"5.381035"
"29080.0";"5.580884"
"29090.0";"5.482261"
"29100.0";"5.467018"
"29110.0";"5.133144"
"29120.0";"5.066553"
"29130.0";"4.727681"
"29140.0";"4.966168"
"29150.0";"4.925385"
"29160.0";"4.970231"
"29170.0";"4.753745"
"29180.0";"4.720155"
"29190.0";"4.753836"
"29200.0";"4.744189"
"29210.0";"4.873957"
"29220.0";"4.92778"
"29230.0";"4.896439"
"29240.0";"4.950652"
"29250.0";"5.023026"
"29260.0";"5.122762"
"29270.0";"5.001145"
"29280.0";"4.973206"
"29290.0";"4.86176"
"29300.0";"4.809322"
"29310.0";"4.86605"
"29320.0";"4.921391"
"29330.0";"4.752856"
"29340.0";"4.657394"
"29350.0";"5.046613"
"29360.0";"4.883176"
"29370.0";"4.990451"
"29380.0";"4.98593"
"29390.0";"4.936106"
"29400.0";"4.906225"
"29410.0";"4.962947"
"29420.0";"4.773886"
"29430.0";"4.635264"
"29440.0";"4.84374"
"29450.0";"4.715498"
"29460.0";"4.626297"
"29470.0";"4.564965"
"29480.0";"4.34552"
"29490.0";"4.111844"
"29500.0";"4.115582"
"29510.0";"4.138613"
"29520.0";"3.981863"
"29530.0";"4.021185"
"29540.0";"3.930599"
"29550.0";"4.031898"
"29560.0";"3.836823"
"29570.0";"3.919614"
"29580.0";"4.186737"
"29590.0";"4.233726"
"29600.0";"4.094998"
"29610.0";"4.127379"
"29620.0";"3.902099"
"29630.0";"3.949894"
"29640.0";"3.885211"
"29650.0";"3.936718"
"29660.0";"3.882654"
"29670.0";"3.79909"
"29680.0";"3.853625"
"29690.0";"3.869762"
"29700.0";"3.876074"
"29710.0";"3.975008"
"29720.0";"4.063684"
"29730.0";"3.851081"
"29740.0";"3.896075"
"29750.0";"4.223069"
"29760.0";"4.184638"
"29770.0";"3.977606"
"29780.0";"3.976933"
"29790.0";"3.976745"
"29800.0";"3.805925"
"29810.0";"3.853951"
"29820.0";"3.72845"
"29830.0";"3.658178"
"29840.0";"3.797945"
"29850.0";"3.836247"
"29860.0";"3.871086"
"29870.0";"4.050425"
"29880.0";"4.020983"
"29890.0";"3.883591"
"29900.0";"4.044887"
"29910.0";"3.828165"
"29920.0";"3.82354"
"29930.0";"3.634933"
"29940.0";"3.624445"
"29950.0";"3.675708"
"29960.0";"3.689359"
"29970.0";"3.88928"
"29980.0";"3.749502"
"29990.0";"3.798875"
"30000.0";"3.826938"
"30010.0";"3.889398"
"30020.0";"4.061202"
"30030.0";"4.142865"
"30040.0";"4.08857"
"30050.0";"4.288188"
"30060.0";"4.307906"
"30070.0";"4.366936"
"30080.0";"4.380618"
"30090.0";"4.380331"
"30100.0";"4.467165"
"30110.0";"4.211507"
"30120.0";"4.212716"
"30130.0";"4.278085"
"30140.0";"4.144082"
"30150.0";"4.337853"
"30160.0";"4.336947"
"30170.0";"4.055507"
"30180.0";"3.761653"
"30190.0";"3.982926"
"30200.0";"3.831593"
"30210.0";"4.03511"
"30220.0";"3.968521"
"30230.0";"3.924614"
"30240.0";"3.965291"
"30250.0";"3.709759"
"30260.0";"3.818529"
"30270.0";"3.897264"
"30280.0";"3.622018"
"30290.0";"3.814509"
"30300.0";"3.838918"
"30310.0";"3.752902"
"30320.0";"3.648751"
"30330.0";"3.428446"
"30340.0";"3.338985"
"30350.0";"3.303213"
"30360.0";"3.380617"
"30370.0";"3.07115"
"30380.0";"2.944454"
"30390.0";"2.996006"
"30400.0";"2.984772"
"30410.0";"2.798554"
"30420.0";"2.708073"
"30430.0";"2.614666"
"30440.0";"2.554716"
"30450.0";"2.312302"
"30460.0";"2.23427"
"30470.0";"2.350114"
"30480.0";"2.582472"
"30490.0";"2.610551"
"30500.0";"2.678078"
"30510.0";"2.578423"
"30520.0";"2.502469"
"30530.0";"2.351481"
"30540.0";"2.465826"
"30550.0";"2.51178"
"30560.0";"2.58522"
"30570.0";"2.776918"
"30580.0";"2.830308"
"30590.0";"2.692216"
"30600.0";"2.772331"
"30610.0";"2.934911"
"30620.0";"2.858976"
"30630.0";"2.923225"
"30640.0";"2.895945"
"30650.0";"3.025388"
"30660.0";"2.98292"
"30670.0";"2.942502"
"30680.0";"2.866087"
"30690.0";"2.941784"
"30700.0";"2.980319"
"30710.0";"2.940136"
"30720.0";"2.971634"
"30730.0";"2.896363"
"30740.0";"2.587007"
"30750.0";"2.793467"
"30760.0";"2.679795"
"30770.0";"2.667274"
"30780.0";"2.548386"
"30790.0";"2.523211"
"30800.0";"2.384847"
"30810.0";"2.212793"
"30820.0";"2.115009"
"30830.0";"2.161751"
"30840.0";"2.028606"
"30850.0";"1.951009"
"30860.0";"1.869597"
"30870.0";"1.686847"
"30880.0";"1.722348"
"30890.0";"1.670429"
"30900.0";"1.72667"
"30910.0";"1.850175"
"30920.0";"1.934646"
"30930.0";"1.85876"
"30940.0";"1.861931"
"30950.0";"1.947221"
"30960.0";"2.002818"
"30970.0";"1.893114"
"30980.0";"1.805042"
"30990.0";"1.945997"
"31000.0";"2.040637"
"31010.0";"2.032144"
"31020.0";"2.308265"
"31030.0";"2.304545"
"31040.0";"2.307591"
"31050.0";"2.117293"
"31060.0";"1.860413"
"31070.0";"1.829547"
"31080.0";"1.844633"
"31090.0";"2.17928"
"31100.0";"2.146061"
"31110.0";"1.989076"
"31120.0";"1.962862"
"31130.0";"2.209079"
"31140.0";"2.405176"
"31150.0";"2.438344"
"31160.0";"2.380855"
"31170.0";"2.406452"
"31180.0";"2.585462"
"31190.0";"2.514166"
"31200.0";"2.645625"
"31210.0";"2.616051"
"31220.0";"2.657341"
"31230.0";"2.688756"
"31240.0";"2.901016"
"31250.0";"3.025008"
"31260.0";"2.756192"
"31270.0";"2.666187"
"31280.0";"2.628156"
"31290.0";"2.404051"
"31300.0";"2.350693"
"31310.0";"2.373045"
"31320.0";"2.294279"
"31330.0";"2.507625"
"31340.0";"2.38593"
"31350.0";"2.473371"
"31360.0";"2.456757"
"31370.0";"2.376463"
"31380.0";"2.242653"
"31390.0";"2.234172"
"31400.0";"2.296216"
"31410.0";"2.188261"
"31420.0";"2.332606"
"31430.0";"2.260348"
"31440.0";"2.046901"
"31450.0";"2.363363"
"31460.0";"2.36455"
"31470.0";"2.170372"
"31480.0";"2.110864"
"31490.0";"2.257308"
"31500.0";"2.331197"
"31510.0";"2.445927"
"31520.0";"2.380631"
"31530.0";"2.269129"
"31540.0";"2.262072"
"31550.0";"2.211638"
"31560.0";"2.222971"
"31570.0";"2.034915"
"31580.0";"1.893757"
"31590.0";"1.804938"
"31600.0";"1.874349"
"31610.0";"2.177022"
"31620.0";"2.267012"
"31630.0";"2.299122"
"31640.0";"2.477585"
"31650.0";"2.342388"
"31660.0";"2.354694"
"31670.0";"2.348095"
"31680.0";"2.391058"
"31690.0";"2.470024"
"31700.0";"2.511415"
"31710.0";"2.454623"
"31720.0";"2.357162"
"31730.0";"2.513915"
"31740.0";"2.445697"
"31750.0";"2.571592"
"31760.0";"2.599027"
"31770.0";"2.414494"
"31780.0";"2.381123"
"31790.0";"2.726581"
"31800.0";"2.845439"
"31810.0";"2.815862"
"31820.0";"2.861498"
"31830.0";"2.472311"
"31840.0";"2.299541"
"31850.0";"2.494437"
"31860.0";"2.34938"
"31870.0";"2.238566"
"31880.0";"2.210207"
"31890.0";"2.284054"
"31900.0";"2.323835"
"31910.0";"2.194288"
"31920.0";"2.311065"
"31930.0";"2.206509"
"31940.0";"2.192738"
"31950.0";"2.190492"
"31960.0";"2.2302"
"31970.0";"2.155871"
"31980.0";"2.140312"
"31990.0";"2.096693"
"32000.0";"1.940918"
"32010.0";"2.14199"
"32020.0";"2.06135"
"32030.0";"2.156535"
"32040.0";"2.060845"
"32050.0";"2.027382"
"32060.0";"2.248736"
"32070.0";"2.102504"
"32080.0";"2.048563"
"32090.0";"2.297042"
"32100.0";"2.330542"
"32110.0";"2.294636"
"32120.0";"2.267588"
"32130.0";"2.393987"
"32140.0";"2.496175"
"32150.0";"2.449697"
"32160.0";"2.471769"
"32170.0";"2.506636"
"32180.0";"2.364872"
"32190.0";"2.52045"
"32200.0";"2.381109"
"32210.0";"2.293291"
"32220.0";"2.165684"
"32230.0";"2.075662"
"32240.0";"2.044213"
"32250.0";"2.120286"
"32260.0";"2.220425"
"32270.0";"2.133039"
"32280.0";"2.290335"
"32290.0";"2.085491"
"32300.0";"2.174475"
"32310.0";"2.112284"
"32320.0";"2.346826"
"32330.0";"2.374542"
"32340.0";"2.196539"
"32350.0";"2.279108"
"32360.0";"2.139837"
"32370.0";"2.17821"
"32380.0";"1.868585"
"32390.0";"1.927839"
"32400.0";"1.99113"
"32410.0";"1.944295"
"32420.0";"1.948309"
"32430.0";"2.027222"
"32440.0";"1.947501"
"32450.0";"1.975632"
"32460.0";"2.062472"
"32470.0";"2.100717"
"32480.0";"2.080818"
"32490.0";"1.854391"
"32500.0";"1.697828"
"32510.0";"1.624731"
"32520.0";"1.508407"
"32530.0";"1.614224"
"32540.0";"1.560737"
"32550.0";"1.608148"
"32560.0";"1.785939"
"32570.0";"1.607933"
"32580.0";"1.708614"
"32590.0";"1.783686"
"32600.0";"1.775825"
"32610.0";"1.895341"
"32620.0";"1.860751"
"32630.0";"1.746389"
"32640.0";"1.78445"
"32650.0";"1.831689"
"32660.0";"2.107098"
"32670.0";"2.097265"
"32680.0";"2.034484"
"32690.0";"2.338686"
"32700.0";"2.271924"
"32710.0";"2.382307"
"32720.0";"2.380084"
"32730.0";"2.456756"
"32740.0";"2.453951"
"32750.0";"2.416375"
"32760.0";"2.520072"
"32770.0";"2.740065"
"32780.0";"2.625113"
"32790.0";"2.525173"
"32800.0";"2.252842"
"32810.0";"2.362867"
"32820.0";"2.163524"
"32830.0";"2.101142"
"32840.0";"2.270891"
"32850.0";"2.089981"
"32860.0";"2.009061"
"32870.0";"1.81699"
"32880.0";"1.746125"
"32890.0";"1.669552"
"32900.0";"1.674879"
"32910.0";"1.541157"
"32920.0";"1.443127"
"32930.0";"1.388058"
"32940.0";"1.391775"
"32950.0";"1.264167"
"32960.0";"1.343535"
"32970.0";"1.230727"
"32980.0";"1.421744"
"32990.0";"1.385064"
"33000.0";"1.418769"
"33010.0";"1.428561"
"33020.0";"1.341118"
"33030.0";"1.343453"
"33040.0";"1.450402"
"33050.0";"1.085997"
"33060.0";"1.31329"
"33070.0";"1.274114"
"33080.0";"1.136768"
"33090.0";"1.203718"
"33100.0";"1.24582"
"33110.0";"1.323634"
"33120.0";"1.199058"
"33130.0";"1.292382"
"33140.0";"1.314276"
"33150.0";"1.556792"
"33160.0";"1.586259"
"33170.0";"1.592238"
"33180.0";"1.775197"
"33190.0";"1.563956"
"33200.0";"1.3663"
"33210.0";"1.478998"
"33220.0";"1.468328"
"33230.0";"1.549946"
"33240.0";"1.286022"
"33250.0";"1.189768"
"33260.0";"1.33147"
"33270.0";"1.303282"
"33280.0";"1.491194"
"33290.0";"1.528332"
"33300.0";"1.570232"
"33310.0";"1.624857"
"33320.0";"1.53409"
"33330.0";"1.545263"
"33340.0";"1.371853"
"33350.0";"1.637525"
"33360.0";"1.552696"
"33370.0";"1.534927"
"33380.0";"1.614401"
"33390.0";"1.699985"
"33400.0";"1.639685"
"33410.0";"1.720445"
"33420.0";"1.711679"
"33430.0";"1.592939"
"33440.0";"1.523358"
"33450.0";"1.467162"
"33460.0";"1.442363"
"33470.0";"1.500638"
"33480.0";"1.640271"
"33490.0";"1.657333"
"33500.0";"1.645108"
"33510.0";"2.01341"
"33520.0";"1.839958"
"33530.0";"2.081211"
"33540.0";"1.945732"
"33550.0";"1.982359"
"33560.0";"1.868166"
"33570.0";"1.905265"
"33580.0";"1.97658"
"33590.0";"1.763875"
"33600.0";"1.930861"
"33610.0";"2.213843"
"33620.0";"2.131326"
"33630.0";"1.984885"
"33640.0";"1.86959"
"33650.0";"1.872926"
"33660.0";"1.899025"
"33670.0";"1.922656"
"33680.0";"1.980481"
"33690.0";"1.960546"
"33700.0";"1.945996"
"33710.0";"1.897058"
"33720.0";"1.941638"
"33730.0";"1.870065"
"33740.0";"1.97275"
"33750.0";"1.837442"
"33760.0";"1.957064"
"33770.0";"1.955591"
"33780.0";"1.962377"
"33790.0";"1.78113"
"33800.0";"1.969209"
"33810.0";"1.881862"
"33820.0";"1.916937"
"33830.0";"1.955448"
"33840.0";"2.074749"
"33850.0";"2.198465"
"33860.0";"2.17254"
"33870.0";"2.003649"
"33880.0";"1.953043"
"33890.0";"1.947225"
"33900.0";"2.010683"
"33910.0";"2.032243"
"33920.0";"2.051888"
"33930.0";"2.074546"
"33940.0";"1.971135"
"33950.0";"1.915163"
"33960.0";"1.883405"
"33970.0";"1.855332"
"33980.0";"1.766212"
"33990.0";"1.854671"
"34000.0";"1.756077"
"34010.0";"1.741185"
"34020.0";"1.78394"
"34030.0";"1.848325"
"34040.0";"1.803504"
"34050.0";"1.755586"
"34060.0";"1.65773"
"34070.0";"1.866323"
"34080.0";"1.887457"
"34090.0";"1.943979"
"34100.0";"1.954475"
"34110.0";"2.009476"
"34120.0";"2.046232"
"34130.0";"2.17099"
"34140.0";"2.105521"
"34150.0";"2.08456"
"34160.0";"2.090771"
"34170.0";"2.171659"
"34180.0";"2.04649"
"34190.0";"2.116726"
"34200.0";"2.057626"
"34210.0";"1.953969"
"34220.0";"2.142651"
"34230.0";"2.025681"
"34240.0";"2.477478"
"34250.0";"2.563716"
"34260.0";"2.712724"
"34270.0";"2.745088"
"34280.0";"2.512268"
"34290.0";"2.716231"
"34300.0";"2.721206"
"34310.0";"2.819983"
"34320.0";"2.775141"
"34330.0";"2.592772"
"34340.0";"2.704795"
"34350.0";"2.70001"
"34360.0";"2.671538"
"34370.0";"2.722635"
"34380.0";"2.70926"
"34390.0";"2.74087"
"34400.0";"2.551301"
"34410.0";"2.626022"
"34420.0";"2.796699"
"34430.0";"2.763948"
"34440.0";"2.86917"
"34450.0";"2.952436"
"34460.0";"2.970052"
"34470.0";"2.93536"
"34480.0";"2.965821"
"34490.0";"2.922803"
"34500.0";"3.000907"
"34510.0";"3.023665"
"34520.0";"3.082954"
"34530.0";"2.87554"
"34540.0";"2.442557"
"34550.0";"2.567433"
"34560.0";"2.705376"
"34570.0";"2.919144"
"34580.0";"2.756927"
"34590.0";"2.902188"
"34600.0";"2.926033"
"34610.0";"2.764241"
"34620.0";"3.0285"
"34630.0";"2.936119"
"34640.0";"2.877289"
"34650.0";"3.098699"
"34660.0";"3.15077"
"34670.0";"3.15318"
"34680.0";"3.134654"
"34690.0";"3.042335"
"34700.0";"2.981058"
"34710.0";"2.936486"
"34720.0";"2.851018"
"34730.0";"3.106774"
"34740.0";"3.040508"
"34750.0";"3.0453"
"34760.0";"2.940042"
"34770.0";"3.010995"
"34780.0";"2.936503"
"34790.0";"2.889011"
"34800.0";"2.715902"
"34810.0";"2.931273"
"34820.0";"2.997634"
"34830.0";"3.122822"
"34840.0";"3.094085"
"34850.0";"2.961853"
"34860.0";"3.025796"
"34870.0";"2.999759"
"34880.0";"2.90931"
"34890.0";"2.953214"
"34900.0";"2.862998"
"34910.0";"2.541933"
"34920.0";"2.559165"
"34930.0";"2.76833"
"34940.0";"2.830255"
"34950.0";"2.787603"
"34960.0";"2.912278"
"34970.0";"2.938788"
"34980.0";"2.610723"
"34990.0";"2.833064"
"35000.0";"2.382201"
"35010.0";"2.490422"
"35020.0";"2.664341"
"35030.0";"2.864446"
"35040.0";"2.841274"
"35050.0";"2.859589"
"35060.0";"2.844007"
"35070.0";"2.664639"
"35080.0";"2.54382"
"35090.0";"2.297927"
"35100.0";"2.282548"
"35110.0";"2.380445"
"35120.0";"2.243856"
"35130.0";"2.328555"
"35140.0";"2.318416"
"35150.0";"2.338886"
"35160.0";"2.288275"
"35170.0";"2.377005"
"35180.0";"2.346656"
"35190.0";"2.452547"
"35200.0";"2.51889"
"35210.0";"2.359292"
"35220.0";"2.293602"
"35230.0";"2.142752"
"35240.0";"2.2927"
"35250.0";"2.570028"
"35260.0";"2.513233"
"35270.0";"2.342441"
"35280.0";"2.116414"
"35290.0";"2.220356"
"35300.0";"1.991332"
"35310.0";"2.222264"
"35320.0";"2.355752"
"35330.0";"2.262824"
"35340.0";"2.31059"
"35350.0";"2.272157"
"35360.0";"2.280818"
"35370.0";"2.19189"
"35380.0";"2.045243"
"35390.0";"1.856863"
"35400.0";"1.903772"
"35410.0";"1.737719"
"35420.0";"1.803202"
"35430.0";"1.777694"
"35440.0";"1.779563"
"35450.0";"1.770834"
"35460.0";"1.808063"
"35470.0";"1.703443"
"35480.0";"1.789547"
"35490.0";"1.816255"
"35500.0";"1.71832"
"35510.0";"1.606593"
"35520.0";"1.765445"
"35530.0";"1.652144"
"35540.0";"1.636429"
"35550.0";"1.698178"
"35560.0";"1.695724"
"35570.0";"1.696069"
"35580.0";"1.881499"
"35590.0";"1.791288"
"35600.0";"1.872769"
"35610.0";"1.841183"
"35620.0";"1.797259"
"35630.0";"1.952202"
"35640.0";"2.00933"
"35650.0";"2.078435"
"35660.0";"2.167659"
"35670.0";"2.162015"
"35680.0";"2.013394"
"35690.0";"2.012647"
"35700.0";"2.094098"
"35710.0";"2.124928"
"35720.0";"2.195744"
"35730.0";"2.196044"
"35740.0";"2.177677"
"35750.0";"2.386196"
"35760.0";"2.410109"
"35770.0";"2.557816"
"35780.0";"2.616407"
"35790.0";"2.475912"
"35800.0";"2.408343"
"35810.0";"2.418792"
"35820.0";"2.268457"
"35830.0";"2.240985"
"35840.0";"2.404288"
"35850.0";"2.339376"
"35860.0";"2.292951"
"35870.0";"2.305189"
"35880.0";"2.296235"
"35890.0";"2.30565"
"35900.0";"2.411908"
"35910.0";"2.381642"
"35920.0";"2.312958"
"35930.0";"2.398127"
"35940.0";"2.592019"
"35950.0";"2.687613"
"35960.0";"2.495318"
"35970.0";"2.323395"
"35980.0";"2.108626"
"35990.0";"2.164066"
"36000.0";"2.053456"
"36010.0";"1.963712"
"36020.0";"1.875598"
"36030.0";"1.790454"
"36040.0";"1.98506"
"36050.0";"1.950902"
"36060.0";"1.784895"
"36070.0";"1.896107"
"36080.0";"1.685633"
"36090.0";"1.973293"
"36100.0";"1.737389"
"36110.0";"1.790812"
"36120.0";"1.859221"
"36130.0";"1.862768"
"36140.0";"1.711877"
"36150.0";"1.685446"
"36160.0";"1.842338"
"36170.0";"1.841184"
"36180.0";"1.988476"
"36190.0";"1.996798"
"36200.0";"1.945407"
"36210.0";"1.91044"
"36220.0";"1.821565"
"36230.0";"1.90167"
"36240.0";"1.920256"
"36250.0";"2.075035"
"36260.0";"2.252347"
"36270.0";"2.055532"
"36280.0";"2.065532"
"36290.0";"2.01038"
"36300.0";"1.96068"
"36310.0";"1.939887"
"36320.0";"2.092407"
"36330.0";"1.899349"
"36340.0";"1.89927"
"36350.0";"2.02271"
"36360.0";"2.021861"
"36370.0";"2.004526"
"36380.0";"1.909594"
"36390.0";"1.904792"
"36400.0";"1.973493"
"36410.0";"2.026663"
"36420.0";"2.105544"
"36430.0";"2.245188"
"36440.0";"2.235023"
"36450.0";"2.346851"
"36460.0";"2.3233"
"36470.0";"2.44195"
"36480.0";"2.501158"
"36490.0";"2.440122"
"36500.0";"2.319297"
"36510.0";"2.171718"
"36520.0";"2.076794"
"36530.0";"2.162246"
"36540.0";"2.262089"
"36550.0";"2.34646"
"36560.0";"2.230711"
"36570.0";"2.337909"
"36580.0";"2.329364"
"36590.0";"2.357928"
"36600.0";"2.214614"
"36610.0";"2.293382"
"36620.0";"2.437291"
"36630.0";"2.307916"
"36640.0";"2.283102"
"36650.0";"2.160831"
"36660.0";"2.068669"
"36670.0";"1.986518"
"36680.0";"2.043455"
"36690.0";"2.024424"
"36700.0";"2.129408"
"36710.0";"1.956168"
"36720.0";"1.826639"
"36730.0";"1.901457"
"36740.0";"2.001018"
"36750.0";"1.853441"
"36760.0";"1.845947"
"36770.0";"1.703356"
"36780.0";"1.779517"
"36790.0";"1.769699"
"36800.0";"1.669734"
"36810.0";"1.499933"
"36820.0";"1.649379"
"36830.0";"1.403725"
"36840.0";"1.407874"
"36850.0";"1.571104"
"36860.0";"1.625658"
"36870.0";"1.724485"
"36880.0";"1.489739"
"36890.0";"1.589123"
"36900.0";"1.469598"
"36910.0";"1.330319"
"36920.0";"1.472782"
"36930.0";"1.567026"
"36940.0";"1.674061"
"36950.0";"1.838103"
"36960.0";"1.781063"
"36970.0";"1.788966"
"36980.0";"1.84289"
"36990.0";"1.747566"
"37000.0";"1.995183"
"37010.0";"1.880107"
"37020.0";"1.829446"
"37030.0";"2.01026"
"37040.0";"1.765391"
"37050.0";"1.971878"
"37060.0";"2.095366"
"37070.0";"1.997668"
"37080.0";"1.952861"
"37090.0";"2.067692"
"37100.0";"2.163788"
"37110.0";"2.32656"
"37120.0";"2.178462"
"37130.0";"2.324557"
"37140.0";"2.409111"
"37150.0";"2.465386"
"37160.0";"2.417838"
"37170.0";"2.452714"
"37180.0";"2.435416"
"37190.0";"2.503152"
"37200.0";"2.611889"
"37210.0";"2.710637"
"37220.0";"2.549042"
"37230.0";"2.428562"
"37240.0";"2.470173"
"37250.0";"2.499342"
"37260.0";"2.506301"
"37270.0";"2.42104"
"37280.0";"2.516318"
"37290.0";"2.334996"
"37300.0";"2.388967"
"37310.0";"2.366559"
"37320.0";"2.356119"
"37330.0";"2.718857"
"37340.0";"2.763566"
"37350.0";"2.78009"
"37360.0";"2.634865"
"37370.0";"2.651442"
"37380.0";"2.63913"
"37390.0";"2.668417"
"37400.0";"2.603142"
"37410.0";"2.293509"
"37420.0";"2.579321"
"37430.0";"2.542366"
"37440.0";"2.548504"
"37450.0";"2.641886"
"37460.0";"2.475827"
"37470.0";"2.442308"
"37480.0";"2.490833"
"37490.0";"2.54713"
"37500.0";"2.406374"
"37510.0";"2.350388"
"37520.0";"2.330488"
"37530.0";"2.287286"
"37540.0";"2.160734"
"37550.0";"2.299553"
"37560.0";"2.077432"
"37570.0";"2.118906"
"37580.0";"2.195678"
"37590.0";"1.974203"
"37600.0";"2.034607"
"37610.0";"2.182636"
"37620.0";"2.194584"
"37630.0";"2.255485"
"37640.0";"2.301481"
"37650.0";"2.295676"
"37660.0";"2.490122"
"37670.0";"2.576169"
"37680.0";"2.628895"
"37690.0";"2.815391"
"37700.0";"2.678605"
"37710.0";"2.572268"
"37720.0";"2.694443"
"37730.0";"2.691664"
"37740.0";"2.431972"
"37750.0";"2.445128"
"37760.0";"2.630881"
"37770.0";"2.53642"
"37780.0";"2.679883"
"37790.0";"2.521037"
"37800.0";"2.723829"
"37810.0";"2.585717"
"37820.0";"2.398203"
"37830.0";"2.571622"
"37840.0";"2.503639"
"37850.0";"2.64126"
"37860.0";"2.595832"
"37870.0";"2.556437"
"37880.0";"2.525862"
"37890.0";"2.739286"
"37900.0";"2.82303"
"37910.0";"2.852332"
"37920.0";"2.73311"
"37930.0";"2.535117"
"37940.0";"2.684711"
"37950.0";"2.794459"
"37960.0";"2.71985"
"37970.0";"2.835282"
"37980.0";"2.987356"
"37990.0";"3.025256"
"38000.0";"2.975663"
"38010.0";"3.29858"
"38020.0";"3.073833"
"38030.0";"3.118631"
"38040.0";"3.006707"
"38050.0";"3.051526"
"38060.0";"2.887666"
"38070.0";"3.257315"
"38080.0";"3.112787"
"38090.0";"3.385288"
"38100.0";"3.488887"
"38110.0";"3.67353"
"38120.0";"3.534234"
"38130.0";"3.510936"
"38140.0";"3.718849"
"38150.0";"3.659875"
"38160.0";"3.700395"
"38170.0";"3.671023"
"38180.0";"3.591223"
"38190.0";"3.552011"
"38200.0";"3.614981"
"38210.0";"3.675789"
"38220.0";"3.622626"
"38230.0";"3.564793"
"38240.0";"3.553502"
"38250.0";"3.551817"
"38260.0";"3.581731"
"38270.0";"3.553442"
"38280.0";"3.725869"
"38290.0";"3.553046"
"38300.0";"3.303527"
"38310.0";"3.307181"
"38320.0";"3.432677"
"38330.0";"3.282239"
"38340.0";"3.141827"
"38350.0";"3.302731"
"38360.0";"3.494637"
"38370.0";"3.433318"
"38380.0";"3.50939"
"38390.0";"3.544632"
"38400.0";"3.546064"
"38410.0";"3.556012"
"38420.0";"3.55743"
"38430.0";"3.859911"
"38440.0";"3.565591"
"38450.0";"3.460533"
"38460.0";"3.50613"
"38470.0";"3.721274"
"38480.0";"3.557488"
"38490.0";"3.699641"
"38500.0";"3.617767"
"38510.0";"3.64984"
"38520.0";"3.729531"
"38530.0";"3.595865"
"38540.0";"3.584987"
"38550.0";"3.676606"
"38560.0";"3.532201"
"38570.0";"3.414238"
"38580.0";"3.310163"
"38590.0";"3.169495"
"38600.0";"2.975345"
"38610.0";"2.917843"
"38620.0";"2.861057"
"38630.0";"2.846384"
"38640.0";"2.831878"
"38650.0";"3.002424"
"38660.0";"2.995683"
"38670.0";"3.090755"
"38680.0";"3.35609"
"38690.0";"3.402199"
"38700.0";"3.521286"
"38710.0";"3.225794"
"38720.0";"3.477508"
"38730.0";"3.409058"
"38740.0";"3.666308"
"38750.0";"3.807916"
"38760.0";"3.730479"
"38770.0";"3.662387"
"38780.0";"3.645201"
"38790.0";"3.670301"
"38800.0";"3.783397"
"38810.0";"3.716451"
"38820.0";"3.690405"
"38830.0";"3.68629"
"38840.0";"3.64167"
"38850.0";"3.780589"
"38860.0";"3.59752"
"38870.0";"3.777061"
"38880.0";"3.583841"
"38890.0";"3.50908"
"38900.0";"3.680017"
"38910.0";"3.742804"
"38920.0";"3.645118"
"38930.0";"3.7388"
"38940.0";"3.718964"
"38950.0";"3.798228"
"38960.0";"3.911105"
"38970.0";"3.943578"
"38980.0";"4.067523"
"38990.0";"4.038078"
"39000.0";"4.14476"
"39010.0";"4.147488"
"39020.0";"4.130229"
"39030.0";"4.459947"
"39040.0";"4.394704"
"39050.0";"4.297746"
"39060.0";"4.230563"
"39070.0";"4.152364"
"39080.0";"4.180206"
"39090.0";"4.226696"
"39100.0";"4.160835"
"39110.0";"4.216631"
"39120.0";"4.070443"
"39130.0";"4.173647"
"39140.0";"4.179351"
"39150.0";"4.306611"
"39160.0";"4.217804"
"39170.0";"4.14614"
"39180.0";"4.106297"
"39190.0";"3.904226"
"39200.0";"3.704234"
"39210.0";"3.543117"
"39220.0";"3.430404"
"39230.0";"3.36726"
"39240.0";"3.269563"
"39250.0";"3.298604"
"39260.0";"3.190743"
"39270.0";"3.179956"
"39280.0";"3.331119"
"39290.0";"3.339536"
"39300.0";"3.273947"
"39310.0";"3.059355"
"39320.0";"3.106474"
"39330.0";"3.27902"
"39340.0";"3.34498"
"39350.0";"3.178313"
"39360.0";"3.063916"
"39370.0";"3.15188"
"39380.0";"3.335471"
"39390.0";"3.322661"
"39400.0";"3.088535"
"39410.0";"3.146192"
"39420.0";"3.276597"
"39430.0";"3.396294"
"39440.0";"3.404272"
"39450.0";"3.348237"
"39460.0";"3.35847"
"39470.0";"3.401167"
"39480.0";"3.326332"
"39490.0";"3.373904"
"39500.0";"3.272202"
"39510.0";"3.445151"
"39520.0";"3.648383"
"39530.0";"3.659345"
"39540.0";"3.786461"
"39550.0";"3.485255"
"39560.0";"3.373822"
"39570.0";"3.391002"
"39580.0";"3.264682"
"39590.0";"3.122369"
"39600.0";"3.152338"
"39610.0";"3.290815"
"39620.0";"3.247869"
"39630.0";"3.087048"
"39640.0";"3.392186"
"39650.0";"3.466535"
"39660.0";"3.781044"
"39670.0";"3.733432"
"39680.0";"3.630098"
"39690.0";"3.541919"
"39700.0";"3.415838"
"39710.0";"3.597989"
"39720.0";"3.645506"
"39730.0";"3.608966"
"39740.0";"3.38885"
"39750.0";"3.226355"
"39760.0";"3.117432"
"39770.0";"3.284097"
"39780.0";"3.131747"
"39790.0";"2.942239"
"39800.0";"2.992616"
"39810.0";"2.677403"
"39820.0";"2.389795"
"39830.0";"2.396052"
"39840.0";"2.540335"
"39850.0";"2.49577"
"39860.0";"2.536288"
"39870.0";"2.44137"
"39880.0";"2.303655"
"39890.0";"2.481802"
"39900.0";"2.454037"
"39910.0";"2.432836"
"39920.0";"2.453902"
"39930.0";"2.593354"
"39940.0";"2.607321"
"39950.0";"2.923081"
"39960.0";"2.654868"
"39970.0";"2.616937"
"39980.0";"2.642271"
"39990.0";"2.579484"
"40000.0";"2.285318"
"40010.0";"2.295814"
"40020.0";"2.39763"
"40030.0";"2.459077"
"40040.0";"2.718044"
"40050.0";"2.515056"
"40060.0";"2.760821"
"40070.0";"2.627253"
"40080.0";"2.44699"
"40090.0";"2.444717"
"40100.0";"2.342486"
"40110.0";"2.189467"
"40120.0";"2.167953"
"40130.0";"2.131241"
"40140.0";"2.302712"
"40150.0";"2.147473"
"40160.0";"2.056575"
"40170.0";"2.08885"
"40180.0";"2.224085"
"40190.0";"2.139862"
"40200.0";"2.005381"
"40210.0";"2.184428"
"40220.0";"2.078501"
"40230.0";"2.193738"
"40240.0";"2.248469"
"40250.0";"2.304122"
"40260.0";"2.135848"
"40270.0";"2.042891"
"40280.0";"2.053291"
"40290.0";"2.008271"
"40300.0";"1.858383"
"40310.0";"1.854045"
"40320.0";"2.031458"
"40330.0";"1.976129"
"40340.0";"1.82993"
"40350.0";"1.961569"
"40360.0";"1.990451"
"40370.0";"2.097996"
"40380.0";"1.945283"
"40390.0";"1.949866"
"40400.0";"2.054822"
"40410.0";"2.014803"
"40420.0";"1.921097"
"40430.0";"2.193635"
"40440.0";"2.186274"
"40450.0";"2.306582"
"40460.0";"2.068813"
"40470.0";"2.06636"
"40480.0";"2.126435"
"40490.0";"2.22991"
"40500.0";"2.030616"
"40510.0";"2.090932"
"40520.0";"2.342383"
"40530.0";"2.329845"
"40540.0";"2.318211"
"40550.0";"2.187638"
"40560.0";"2.43456"
"40570.0";"2.289612"
"40580.0";"2.679751"
"40590.0";"2.822644"
"40600.0";"3.06147"
"40610.0";"3.27169"
"40620.0";"3.34358"
"40630.0";"3.199305"
"40640.0";"3.052031"
"40650.0";"2.962925"
"40660.0";"2.929653"
"40670.0";"2.772349"
"40680.0";"2.88397"
"40690.0";"2.936765"
"40700.0";"3.230805"
"40710.0";"3.17298"
"40720.0";"3.345843"
"40730.0";"3.446751"
"40740.0";"3.40574"
"40750.0";"3.556489"
"40760.0";"3.39226"
"40770.0";"3.184754"
"40780.0";"3.006071"
"40790.0";"2.888848"
"40800.0";"3.049248"
"40810.0";"3.128641"
"40820.0";"3.221826"
"40830.0";"3.262463"
"40840.0";"3.478136"
"40850.0";"3.657644"
"40860.0";"3.942233"
"40870.0";"3.942447"
"40880.0";"3.826249"
"40890.0";"3.862444"
"40900.0";"3.960774"
"40910.0";"3.892"
"40920.0";"3.817558"
"40930.0";"3.882076"
"40940.0";"3.75115"
"40950.0";"3.876828"
"40960.0";"3.809735"
"40970.0";"3.823529"
"40980.0";"3.834822"
"40990.0";"3.515569"
"41000.0";"3.575853"
"41010.0";"3.597205"
"41020.0";"3.51942"
"41030.0";"3.459876"
"41040.0";"3.489033"
"41050.0";"3.356613"
"41060.0";"3.470734"
"41070.0";"3.606232"
"41080.0";"3.703957"
"41090.0";"3.524563"
"41100.0";"3.487892"
"41110.0";"3.309518"
"41120.0";"3.286951"
"41130.0";"3.117997"
"41140.0";"3.158587"
"41150.0";"3.081233"
"41160.0";"2.91199"
"41170.0";"3.089319"
"41180.0";"3.278335"
"41190.0";"2.891549"
"41200.0";"2.757054"
"41210.0";"2.910268"
"41220.0";"2.75322"
"41230.0";"2.730925"
"41240.0";"2.620114"
"41250.0";"2.681981"
"41260.0";"2.798247"
"41270.0";"3.214461"
"41280.0";"3.091568"
"41290.0";"3.13441"
"41300.0";"3.07474"
"41310.0";"3.067694"
"41320.0";"3.069885"
"41330.0";"3.402126"
"41340.0";"3.446602"
"41350.0";"3.264155"
"41360.0";"3.370508"
"41370.0";"3.649486"
"41380.0";"3.506148"
"41390.0";"3.476776"
"41400.0";"3.473101"
"41410.0";"3.772902"
"41420.0";"3.587961"
"41430.0";"3.361806"
"41440.0";"3.283048"
"41450.0";"3.431643"
"41460.0";"3.405924"
"41470.0";"3.397475"
"41480.0";"3.379963"
"41490.0";"3.325815"
"41500.0";"3.134295"
"41510.0";"3.213547"
"41520.0";"3.235825"
"41530.0";"3.210168"
"41540.0";"3.201894"
"41550.0";"3.568838"
"41560.0";"3.246504"
"41570.0";"3.144508"
"41580.0";"3.367113"
"41590.0";"3.409119"
"41600.0";"3.497033"
"41610.0";"3.532621"
"41620.0";"3.607553"
"41630.0";"3.727257"
"41640.0";"3.667803"
"41650.0";"3.741313"
"41660.0";"3.823426"
"41670.0";"3.694583"
"41680.0";"3.614873"
"41690.0";"3.679434"
"41700.0";"3.858934"
"41710.0";"3.841127"
"41720.0";"3.762532"
"41730.0";"3.659877"
"41740.0";"3.684072"
"41750.0";"3.519867"
"41760.0";"3.466378"
"41770.0";"3.427623"
"41780.0";"3.197152"
"41790.0";"3.094899"
"41800.0";"3.065412"
"41810.0";"2.678625"
"41820.0";"2.813773"
"41830.0";"2.736343"
"41840.0";"2.651895"
"41850.0";"2.715325"
"41860.0";"2.823315"
"41870.0";"2.762054"
"41880.0";"2.920358"
"41890.0";"2.81004"
"41900.0";"2.915427"
"41910.0";"2.991037"
"41920.0";"2.910804"
"41930.0";"2.884583"
"41940.0";"2.903796"
"41950.0";"2.905671"
"41960.0";"2.778394"
"41970.0";"2.732936"
"41980.0";"2.838678"
"41990.0";"2.861879"
"42000.0";"2.849865"
"42010.0";"3.00214"
"42020.0";"2.917929"
"42030.0";"2.9658"
"42040.0";"2.834349"
"42050.0";"2.966882"
"42060.0";"3.087869"
"42070.0";"2.953247"
"42080.0";"2.9786"
"42090.0";"3.089106"
"42100.0";"2.932225"
"42110.0";"2.753365"
"42120.0";"2.714926"
"42130.0";"2.557363"
"42140.0";"2.583556"
"42150.0";"2.641258"
"42160.0";"2.480036"
"42170.0";"2.470418"
"42180.0";"2.353322"
"42190.0";"2.22246"
"42200.0";"2.191817"
"42210.0";"2.329655"
"42220.0";"2.590211"
"42230.0";"2.613947"
"42240.0";"2.47241"
"42250.0";"2.740643"
"42260.0";"2.393035"
"42270.0";"2.473404"
"42280.0";"2.784702"
"42290.0";"2.899491"
"42300.0";"2.891763"
"42310.0";"2.724629"
"42320.0";"2.833577"
"42330.0";"2.619241"
"42340.0";"2.389528"
"42350.0";"2.386582"
"42360.0";"2.493422"
"42370.0";"2.567194"
"42380.0";"2.605624"
"42390.0";"2.724678"
"42400.0";"2.862697"
"42410.0";"2.788669"
"42420.0";"2.47297"
"42430.0";"2.580426"
"42440.0";"2.473433"
"42450.0";"2.268032"
"42460.0";"2.386784"
"42470.0";"2.39516"
"42480.0";"2.606812"
"42490.0";"2.668912"
"42500.0";"2.837305"
"42510.0";"2.597359"
"42520.0";"2.676633"
"42530.0";"2.378147"
"42540.0";"2.303116"
"42550.0";"2.366472"
"42560.0";"2.442764"
"42570.0";"2.311607"
"42580.0";"2.132141"
"42590.0";"2.096209"
"42600.0";"2.395676"
"42610.0";"2.39855"
"42620.0";"2.068974"
"42630.0";"2.279417"
"42640.0";"2.051795"
"42650.0";"1.736471"
"42660.0";"1.91309"
"42670.0";"1.838023"
"42680.0";"1.76403"
"42690.0";"1.916426"
"42700.0";"1.934216"
"42710.0";"2.04894"
"42720.0";"2.298693"
"42730.0";"2.311369"
"42740.0";"2.257241"
"42750.0";"2.287882"
"42760.0";"2.104947"
"42770.0";"2.059083"
"42780.0";"2.092636"
"42790.0";"2.027211"
"42800.0";"1.963186"
"42810.0";"2.090191"
"42820.0";"2.077179"
"42830.0";"2.087855"
"42840.0";"1.935204"
"42850.0";"1.90194"
"42860.0";"2.174396"
"42870.0";"2.222679"
"42880.0";"2.197163"
"42890.0";"2.171275"
"42900.0";"2.098325"
"42910.0";"2.024358"
"42920.0";"1.896885"
"42930.0";"1.778656"
"42940.0";"1.759953"
"42950.0";"1.782347"
"42960.0";"2.032578"
"42970.0";"2.127543"
"42980.0";"1.983118"
"42990.0";"1.705449"
"43000.0";"1.416947"
"43010.0";"1.382851"
"43020.0";"1.246031"
"43030.0";"1.588642"
"43040.0";"1.583436"
"43050.0";"1.663165"
"43060.0";"1.944715"
"43070.0";"1.846113"
"43080.0";"2.023239"
"43090.0";"2.03896"
"43100.0";"2.200095"
"43110.0";"2.358677"
"43120.0";"2.284521"
"43130.0";"2.437158"
"43140.0";"2.361963"
"43150.0";"2.504574"
"43160.0";"2.373379"
"43170.0";"2.444698"
"43180.0";"2.22904"
"43190.0";"2.300345"
"43200.0";"2.302475"
"43210.0";"2.521739"
"43220.0";"2.449353"
"43230.0";"2.498951"
"43240.0";"2.60781"
"43250.0";"2.310568"
"43260.0";"2.298597"
"43270.0";"2.222369"
"43280.0";"2.287261"
"43290.0";"2.272398"
"43300.0";"2.231292"
"43310.0";"1.92162"
"43320.0";"1.927045"
"43330.0";"1.928768"
"43340.0";"1.782219"
"43350.0";"1.936465"
"43360.0";"1.994294"
"43370.0";"2.362529"
"43380.0";"2.341319"
"43390.0";"2.213331"
"43400.0";"1.824163"
"43410.0";"1.814937"
"43420.0";"1.985497"
"43430.0";"2.088846"
"43440.0";"2.178992"
"43450.0";"2.125422"
"43460.0";"2.223244"
"43470.0";"2.145232"
"43480.0";"1.980033"
"43490.0";"1.953369"
"43500.0";"2.171249"
"43510.0";"2.230412"
"43520.0";"2.272831"
"43530.0";"2.297636"
"43540.0";"2.251989"
"43550.0";"2.148485"
"43560.0";"2.261529"
"43570.0";"2.350088"
"43580.0";"2.2189"
"43590.0";"2.30049"
"43600.0";"2.392936"
"43610.0";"2.370361"
"43620.0";"2.314587"
"43630.0";"2.189868"
"43640.0";"2.150609"
"43650.0";"2.255818"
"43660.0";"2.283234"
"43670.0";"2.34771"
"43680.0";"2.458226"
"43690.0";"2.318149"
"43700.0";"2.29557"
"43710.0";"2.096533"
"43720.0";"1.976908"
"43730.0";"2.212109"
"43740.0";"2.136662"
"43750.0";"2.184366"
"43760.0";"2.221254"
"43770.0";"2.24561"
"43780.0";"2.125034"
"43790.0";"2.389827"
"43800.0";"2.488858"
"43810.0";"2.343294"
"43820.0";"2.223626"
"43830.0";"2.241501"
"43840.0";"1.919289"
"43850.0";"2.190821"
"43860.0";"2.201875"
"43870.0";"1.998988"
"43880.0";"1.795801"
"43890.0";"1.813137"
"43900.0";"1.901748"
"43910.0";"1.929952"
"43920.0";"1.803089"
"43930.0";"1.930295"
"43940.0";"1.996303"
"43950.0";"2.18322"
"43960.0";"2.528593"
"43970.0";"2.322244"
"43980.0";"2.516018"
"43990.0";"2.692944"
"44000.0";"2.853246"
"44010.0";"2.888074"
"44020.0";"2.834313"
"44030.0";"2.930363"
"44040.0";"2.944525"
"44050.0";"3.119599"
"44060.0";"2.903942"
"44070.0";"2.971819"
"44080.0";"2.992399"
"44090.0";"3.116481"
"44100.0";"3.003208"
"44110.0";"3.105627"
"44120.0";"3.086074"
"44130.0";"3.45039"
"44140.0";"3.446573"
"44150.0";"3.247405"
"44160.0";"3.380384"
"44170.0";"3.553927"
"44180.0";"3.817205"
"44190.0";"3.833249"
"44200.0";"3.771835"
"44210.0";"3.818701"
"44220.0";"4.084583"
"44230.0";"4.197906"
"44240.0";"4.345833"
"44250.0";"4.43992"
"44260.0";"4.596226"
"44270.0";"4.549119"
"44280.0";"4.644555"
"44290.0";"4.66617"
"44300.0";"4.723278"
"44310.0";"4.836679"
"44320.0";"4.906019"
"44330.0";"5.061381"
"44340.0";"4.640924"
"44350.0";"4.813808"
"44360.0";"4.784359"
"44370.0";"4.591773"
"44380.0";"4.454182"
"44390.0";"4.275162"
"44400.0";"4.261879"
"44410.0";"4.194581"
"44420.0";"4.485883"
"44430.0";"4.645967"
"44440.0";"4.859912"
"44450.0";"4.862956"
"44460.0";"4.670508"
"44470.0";"4.955641"
"44480.0";"4.941388"
"44490.0";"5.158611"
"44500.0";"5.089632"
"44510.0";"4.942106"
"44520.0";"4.9209"
"44530.0";"4.953888"
"44540.0";"4.788534"
"44550.0";"4.939142"
"44560.0";"4.813513"
"44570.0";"4.93372"
"44580.0";"4.849576"
"44590.0";"4.876764"
"44600.0";"4.529198"
"44610.0";"4.687152"
"44620.0";"4.832315"
"44630.0";"4.843138"
"44640.0";"4.738073"
"44650.0";"4.6638"
"44660.0";"4.642582"
"44670.0";"4.66957"
"44680.0";"4.631417"
"44690.0";"4.659692"
"44700.0";"4.709577"
"44710.0";"4.758988"
"44720.0";"4.847554"
"44730.0";"4.70169"
"44740.0";"4.824859"
"44750.0";"4.784319"
"44760.0";"4.828721"
"44770.0";"4.974322"
"44780.0";"4.970541"
"44790.0";"4.649636"
"44800.0";"4.556182"
"44810.0";"4.574941"
"44820.0";"4.568479"
"44830.0";"4.528906"
"44840.0";"4.668642"
"44850.0";"4.613791"
"44860.0";"4.719502"
"44870.0";"4.740022"
"44880.0";"4.839144"
"44890.0";"4.944931"
"44900.0";"5.031979"
"44910.0";"5.010856"
"44920.0";"4.858725"
"44930.0";"4.852618"
"44940.0";"4.932308"
"44950.0";"4.785841"
"44960.0";"4.495439"
"44970.0";"4.519816"
"44980.0";"4.527516"
"44990.0";"4.551435"
"45000.0";"4.870069"
"45010.0";"4.808527"
"45020.0";"5.06601"
"45030.0";"5.124221"
"45040.0";"4.958005"
"45050.0";"5.018866"
"45060.0";"4.839658"
"45070.0";"4.952044"
"45080.0";"4.984425"
"45090.0";"4.923773"
"45100.0";"5.113836"
"45110.0";"4.868657"
"45120.0";"5.061979"
"45130.0";"4.767612"
"45140.0";"4.637551"
"45150.0";"4.463996"
"45160.0";"4.681526"
"45170.0";"4.781073"
"45180.0";"4.797592"
"45190.0";"4.872152"
"45200.0";"4.761754"
"45210.0";"4.779088"
"45220.0";"4.733803"
"45230.0";"4.533096"
"45240.0";"4.83498"
"45250.0";"4.774516"
"45260.0";"4.701162"
"45270.0";"4.849743"
"45280.0";"4.858546"
"45290.0";"4.865201"
"45300.0";"4.801923"
"45310.0";"4.719804"
"45320.0";"4.502346"
"45330.0";"4.61981"
"45340.0";"4.678946"
"45350.0";"4.658131"
"45360.0";"4.813124"
"45370.0";"4.529831"
"45380.0";"4.465468"
"45390.0";"4.387798"
"45400.0";"4.454238"
"45410.0";"4.495227"
"45420.0";"4.668091"
"45430.0";"4.578965"
"45440.0";"4.808785"
"45450.0";"4.866383"
"45460.0";"4.893043"
"45470.0";"4.928928"
"45480.0";"5.07724"
"45490.0";"4.81854"
"45500.0";"4.781093"
"45510.0";"4.971553"
"45520.0";"4.887419"
"45530.0";"4.898937"
"45540.0";"4.857315"
"45550.0";"4.891402"
"45560.0";"4.926566"
"45570.0";"4.786229"
"45580.0";"4.769101"
"45590.0";"4.776791"
"45600.0";"4.929688"
"45610.0";"4.950517"
"45620.0";"4.872607"
"45630.0";"4.768197"
"45640.0";"4.847647"
"45650.0";"4.8641"
"45660.0";"4.684135"
"45670.0";"4.651814"
"45680.0";"4.659203"
"45690.0";"4.536945"
"45700.0";"4.568891"
"45710.0";"4.442646"
"45720.0";"4.39849"
"45730.0";"4.523245"
"45740.0";"4.4782"
"45750.0";"4.449811"
"45760.0";"4.514663"
"45770.0";"4.441326"
"45780.0";"4.317416"
"45790.0";"4.495504"
"45800.0";"4.664435"
"45810.0";"4.491487"
"45820.0";"4.430839"
"45830.0";"4.461726"
"45840.0";"4.717696"
"45850.0";"4.644647"
"45860.0";"4.468703"
"45870.0";"4.566454"
"45880.0";"4.351883"
"45890.0";"4.332434"
"45900.0";"4.363224"
"45910.0";"4.275648"
"45920.0";"4.068891"
"45930.0";"3.757654"
"45940.0";"3.787114"
"45950.0";"3.630467"
"45960.0";"3.734072"
"45970.0";"3.692544"
"45980.0";"3.610317"
"45990.0";"3.556336"
"46000.0";"3.587073"
"46010.0";"3.851465"
"46020.0";"3.847898"
"46030.0";"3.656586"
"46040.0";"3.507923"
"46050.0";"3.561398"
"46060.0";"3.507672"
"46070.0";"3.424605"
"46080.0";"3.344236"
"46090.0";"3.290975"
"46100.0";"3.326405"
"46110.0";"3.261219"
"46120.0";"3.259254"
"46130.0";"3.36784"
"46140.0";"3.632376"
"46150.0";"3.876879"
"46160.0";"4.001062"
"46170.0";"3.94227"
"46180.0";"3.71878"
"46190.0";"3.815798"
"46200.0";"3.830821"
"46210.0";"3.99992"
"46220.0";"3.979149"
"46230.0";"3.996032"
"46240.0";"4.327193"
"46250.0";"4.205549"
"46260.0";"4.332603"
"46270.0";"4.332051"
"46280.0";"4.272834"
"46290.0";"4.322525"
"46300.0";"4.420479"
"46310.0";"4.481843"
"46320.0";"4.640022"
"46330.0";"4.674883"
"46340.0";"4.479859"
"46350.0";"4.532743"
"46360.0";"4.55999"
"46370.0";"4.559105"
"46380.0";"4.496077"
"46390.0";"4.332351"
"46400.0";"4.249448"
"46410.0";"4.397362"
"46420.0";"4.262396"
"46430.0";"4.470596"
"46440.0";"4.236404"
"46450.0";"4.229256"
"46460.0";"4.226552"
"46470.0";"4.282468"
"46480.0";"4.113261"
"46490.0";"4.234985"
"46500.0";"4.276071"
"46510.0";"4.056582"
"46520.0";"4.023893"
"46530.0";"4.092758"
"46540.0";"4.381196"
"46550.0";"4.245229"
"46560.0";"4.435992"
"46570.0";"4.299577"
"46580.0";"4.210695"
"46590.0";"4.141894"
"46600.0";"4.353026"
"46610.0";"4.475853"
"46620.0";"4.738782"
"46630.0";"4.639229"
"46640.0";"4.632363"
"46650.0";"4.513275"
"46660.0";"4.472937"
"46670.0";"4.49924"
"46680.0";"4.501416"
"46690.0";"4.466301"
"46700.0";"4.301639"
"46710.0";"4.407022"
"46720.0";"4.40172"
"46730.0";"4.509476"
"46740.0";"4.434197"
"46750.0";"4.487791"
"46760.0";"4.564049"
"46770.0";"4.387607"
"46780.0";"4.348169"
"46790.0";"4.319576"
"46800.0";"4.307009"
"46810.0";"4.334091"
"46820.0";"4.085241"
"46830.0";"4.329133"
"46840.0";"4.299323"
"46850.0";"4.221106"
"46860.0";"4.109684"
"46870.0";"4.183078"
"46880.0";"4.204616"
"46890.0";"4.22458"
"46900.0";"4.245594"
"46910.0";"4.199347"
"46920.0";"4.128027"
"46930.0";"3.991667"
"46940.0";"3.899487"
"46950.0";"3.837351"
"46960.0";"3.781362"
"46970.0";"3.659321"
"46980.0";"3.610781"
"46990.0";"3.772459"
"47000.0";"3.761603"
"47010.0";"3.772257"
"47020.0";"4.014391"
"47030.0";"4.295637"
"47040.0";"4.325745"
"47050.0";"4.349741"
"47060.0";"4.38071"
"47070.0";"4.439015"
"47080.0";"4.492582"
"47090.0";"4.590103"
"47100.0";"4.763747"
"47110.0";"4.532231"
"47120.0";"4.594254"
"47130.0";"4.714962"
"47140.0";"4.748124"
"47150.0";"4.676734"
"47160.0";"4.747011"
"47170.0";"5.017126"
"47180.0";"4.956313"
"47190.0";"4.769258"
"47200.0";"4.696811"
"47210.0";"4.669548"
"47220.0";"4.609826"
"47230.0";"4.726955"
"47240.0";"4.715196"
"47250.0";"4.871682"
"47260.0";"5.112655"
"47270.0";"5.149817"
"47280.0";"5.181149"
"47290.0";"5.195343"
"47300.0";"5.351313"
"47310.0";"5.427963"
"47320.0";"5.386759"
"47330.0";"5.29984"
"47340.0";"5.304538"
"47350.0";"5.390305"
"47360.0";"5.317751"
"47370.0";"5.327084"
"47380.0";"5.195465"
"47390.0";"5.25795"
"47400.0";"5.263917"
"47410.0";"5.279862"
"47420.0";"5.179831"
"47430.0";"5.33589"
"47440.0";"5.177445"
"47450.0";"5.496552"
"47460.0";"5.709254"
"47470.0";"5.75431"
"47480.0";"5.650995"
"47490.0";"6.032914"
"47500.0";"5.981273"
"47510.0";"5.910134"
"47520.0";"5.74815"
"47530.0";"5.878582"
"47540.0";"5.95616"
"47550.0";"6.130654"
"47560.0";"5.915737"
"47570.0";"5.784086"
"47580.0";"5.741415"
"47590.0";"5.737874"
"47600.0";"5.968379"
"47610.0";"5.9736"
"47620.0";"5.869202"
"47630.0";"6.047228"
"47640.0";"6.038963"
"47650.0";"5.958935"
"47660.0";"5.840792"
"47670.0";"5.942374"
"47680.0";"5.835825"
"47690.0";"5.849477"
"47700.0";"5.676867"
"47710.0";"5.531703"
"47720.0";"5.545841"
"47730.0";"5.588683"
"47740.0";"5.710886"
"47750.0";"5.877233"
"47760.0";"5.98531"
"47770.0";"6.07414"
"47780.0";"6.142785"
"47790.0";"6.089077"
"47800.0";"6.157695"
"47810.0";"6.000875"
"47820.0";"6.107435"
"47830.0";"6.002193"
"47840.0";"5.836812"
"47850.0";"5.918033"
"47860.0";"5.729712"
"47870.0";"5.786385"
"47880.0";"5.611924"
"47890.0";"5.554155"
"47900.0";"5.706242"
"47910.0";"5.678286"
"47920.0";"5.398794"
"47930.0";"5.575618"
"47940.0";"5.614411"
"47950.0";"5.527329"
"47960.0";"5.493834"
"47970.0";"5.538571"
"47980.0";"5.410337"
"47990.0";"5.345569"
"48000.0";"5.158718"
"48010.0";"4.991392"
"48020.0";"5.031499"
"48030.0";"5.001975"
"48040.0";"5.037387"
"48050.0";"4.954837"
"48060.0";"4.986009"
"48070.0";"4.995371"
"48080.0";"4.861278"
"48090.0";"4.92505"
"48100.0";"4.800414"
"48110.0";"4.546715"
"48120.0";"4.417998"
"48130.0";"4.456975"
"48140.0";"4.441932"
"48150.0";"4.293927"
"48160.0";"4.252427"
"48170.0";"4.326425"
"48180.0";"4.460854"
"48190.0";"4.545565"
"48200.0";"4.622881"
"48210.0";"4.839195"
"48220.0";"4.79823"
"48230.0";"4.975109"
"48240.0";"4.943265"
"48250.0";"4.971301"
"48260.0";"5.017134"
"48270.0";"5.046493"
"48280.0";"5.010664"
"48290.0";"4.94556"
"48300.0";"4.817963"
"48310.0";"4.912912"
"48320.0";"4.808019"
"48330.0";"4.963988"
"48340.0";"4.936334"
"48350.0";"4.784209"
"48360.0";"4.731967"
"48370.0";"4.976336"
"48380.0";"4.7985"
"48390.0";"4.647562"
"48400.0";"4.671484"
"48410.0";"4.571921"
"48420.0";"4.602965"
"48430.0";"4.825518"
"48440.0";"4.854811"
"48450.0";"4.993825"
"48460.0";"5.023203"
"48470.0";"4.846437"
"48480.0";"4.753243"
"48490.0";"4.72146"
"48500.0";"4.547606"
"48510.0";"4.629897"
"48520.0";"4.659163"
"48530.0";"4.336263"
"48540.0";"4.148315"
"48550.0";"3.970053"
"48560.0";"4.035495"
"48570.0";"4.277219"
"48580.0";"4.276288"
"48590.0";"4.318056"
"48600.0";"4.42006"
"48610.0";"4.386492"
"48620.0";"4.476586"
"48630.0";"4.802097"
"48640.0";"4.71229"
"48650.0";"4.854024"
"48660.0";"4.790599"
"48670.0";"4.818847"
"48680.0";"4.829154"
"48690.0";"4.758411"
"48700.0";"4.626832"
"48710.0";"4.285611"
"48720.0";"4.275475"
"48730.0";"4.328697"
"48740.0";"4.519079"
"48750.0";"4.660429"
"48760.0";"4.433628"
"48770.0";"4.548512"
"48780.0";"4.420256"
"48790.0";"4.447254"
"48800.0";"4.387632"
"48810.0";"4.150653"
"48820.0";"4.170265"
"48830.0";"4.100315"
"48840.0";"3.973719"
"48850.0";"3.764386"
"48860.0";"3.877669"
"48870.0";"3.628263"
"48880.0";"3.831425"
"48890.0";"3.833959"
"48900.0";"4.032466"
"48910.0";"3.838629"
"48920.0";"3.934649"
"48930.0";"3.972328"
"48940.0";"3.928494"
"48950.0";"3.808126"
"48960.0";"4.025015"
"48970.0";"4.069537"
"48980.0";"4.366097"
"48990.0";"4.494234"
"49000.0";"4.468981"
"49010.0";"4.370712"
"49020.0";"4.190029"
"49030.0";"4.314958"
"49040.0";"4.387806"
"49050.0";"4.356385"
"49060.0";"4.310396"
"49070.0";"4.158676"
"49080.0";"4.176505"
"49090.0";"3.773364"
"49100.0";"3.860266"
"49110.0";"3.696191"
"49120.0";"3.623245"
"49130.0";"3.503489"
"49140.0";"3.505589"
"49150.0";"3.313369"
"49160.0";"3.139297"
"49170.0";"3.135674"
"49180.0";"2.963032"
"49190.0";"3.059441"
"49200.0";"3.079849"
"49210.0";"3.063426"
"49220.0";"3.152679"
"49230.0";"3.061072"
"49240.0";"3.240207"
"49250.0";"3.401462"
"49260.0";"3.330414"
"49270.0";"3.348494"
"49280.0";"2.972534"
"49290.0";"2.811284"
"49300.0";"2.83636"
"49310.0";"2.857001"
"49320.0";"2.876903"
"49330.0";"3.112508"
"49340.0";"3.310596"
"49350.0";"3.370027"
"49360.0";"3.395888"
"49370.0";"3.512458"
"49380.0";"3.458655"
"49390.0";"3.661208"
"49400.0";"3.578564"
"49410.0";"3.623082"
"49420.0";"3.632577"
"49430.0";"3.617638"
"49440.0";"3.396628"
"49450.0";"3.277847"
"49460.0";"3.378672"
"49470.0";"3.288678"
"49480.0";"3.156414"
"49490.0";"2.907411"
"49500.0";"3.022098"
"49510.0";"2.975599"
"49520.0";"2.949815"
"49530.0";"3.246219"
"49540.0";"3.136824"
"49550.0";"3.11612"
"49560.0";"2.969309"
"49570.0";"2.813084"
"49580.0";"2.824446"
"49590.0";"2.979296"
"49600.0";"3.038642"
"49610.0";"2.895155"
"49620.0";"2.949061"
"49630.0";"2.711662"
"49640.0";"2.674103"
"49650.0";"2.637147"
"49660.0";"2.548895"
"49670.0";"2.368011"
"49680.0";"2.543386"
"49690.0";"2.546155"
"49700.0";"2.603796"
"49710.0";"2.56902"
"49720.0";"2.756944"
"49730.0";"2.550728"
"49740.0";"2.697916"
"49750.0";"2.751305"
"49760.0";"2.760548"
"49770.0";"2.80458"
"49780.0";"2.76154"
"49790.0";"2.721833"
"49800.0";"2.624353"
"49810.0";"2.766434"
"49820.0";"2.513177"
"49830.0";"2.63207"
"49840.0";"2.794348"
"49850.0";"2.65088"
"49860.0";"2.715826"
"49870.0";"2.85262"
"49880.0";"2.812952"
"49890.0";"2.769546"
"49900.0";"2.75914"
"49910.0";"2.807519"
"49920.0";"2.874094"
"49930.0";"2.869793"
"49940.0";"2.799391"
"49950.0";"2.941638"
"49960.0";"3.061862"
"49970.0";"3.074399"
"49980.0";"3.240388"
"49990.0";"3.280586"
"50000.0";"3.287162"
"50010.0";"3.280839"
"50020.0";"3.255247"
"50030.0";"3.240748"
"50040.0";"3.19482"
"50050.0";"3.104812"
"50060.0";"3.280993"
"50070.0";"3.198614"
"50080.0";"3.33814"
"50090.0";"3.3544"
"50100.0";"3.414793"
"50110.0";"3.373887"
"50120.0";"3.434563"
"50130.0";"3.42888"
"50140.0";"3.429291"
"50150.0";"3.624005"
"50160.0";"3.735996"
"50170.0";"3.806248"
"50180.0";"3.650388"
"50190.0";"3.444691"
"50200.0";"3.430636"
"50210.0";"3.505651"
"50220.0";"3.762542"
"50230.0";"3.789143"
"50240.0";"3.794647"
"50250.0";"3.558733"
"50260.0";"3.594383"
"50270.0";"3.668935"
"50280.0";"3.769328"
"50290.0";"3.778427"
"50300.0";"3.815403"
"50310.0";"3.731675"
"50320.0";"3.683097"
"50330.0";"3.666714"
"50340.0";"3.383658"
"50350.0";"3.114353"
"50360.0";"3.039768"
"50370.0";"3.071259"
"50380.0";"3.199533"
"50390.0";"3.575598"
"50400.0";"3.582162"
"50410.0";"3.555392"
"50420.0";"3.525651"
"50430.0";"3.447169"
"50440.0";"3.383292"
"50450.0";"3.42017"
"50460.0";"3.532728"
"50470.0";"3.555114"
"50480.0";"3.554005"
"50490.0";"3.601912"
"50500.0";"3.722838"
"50510.0";"3.672842"
"50520.0";"3.819983"
"50530.0";"3.881676"
"50540.0";"3.986777"
"50550.0";"3.961049"
"50560.0";"3.880921"
"50570.0";"3.793135"
"50580.0";"4.044468"
"50590.0";"3.854832"
"50600.0";"3.888399"
"50610.0";"3.735136"
"50620.0";"3.79168"
"50630.0";"3.797422"
"50640.0";"3.578085"
"50650.0";"3.615941"
"50660.0";"3.47981"
"50670.0";"3.743625"
"50680.0";"3.516206"
"50690.0";"3.502656"
"50700.0";"3.466384"
"50710.0";"3.49011"
"50720.0";"3.554738"
"50730.0";"3.727512"
"50740.0";"3.717529"
"50750.0";"3.599889"
"50760.0";"3.799763"
"50770.0";"3.683784"
"50780.0";"3.672988"
"50790.0";"3.843686"
"50800.0";"3.860915"
"50810.0";"3.754579"
"50820.0";"3.880969"
"50830.0";"4.342037"
"50840.0";"4.21968"
"50850.0";"4.084729"
"50860.0";"4.075834"
"50870.0";"4.165852"
"50880.0";"4.129321"
"50890.0";"4.150578"
"50900.0";"4.309089"
"50910.0";"4.461078"
"50920.0";"4.366426"
"50930.0";"4.304951"
"50940.0";"4.545244"
"50950.0";"4.578078"
"50960.0";"4.515014"
"50970.0";"4.503636"
"50980.0";"4.392714"
"50990.0";"4.512817"
"51000.0";"4.340046"
"51010.0";"4.296169"
"51020.0";"4.478618"
"51030.0";"4.37041"
"51040.0";"4.376943"
"51050.0";"4.235939"
"51060.0";"4.376694"
"51070.0";"4.667571"
"51080.0";"4.633642"
"51090.0";"4.708263"
"51100.0";"4.635119"
"51110.0";"4.827588"
"51120.0";"4.86238"
"51130.0";"5.006664"
"51140.0";"4.847435"
"51150.0";"4.982767"
"51160.0";"5.023213"
"51170.0";"4.996305"
"51180.0";"5.026423"
"51190.0";"4.955947"
"51200.0";"4.989551"
"51210.0";"4.812187"
"51220.0";"4.787223"
"51230.0";"4.773866"
"51240.0";"4.84233"
"51250.0";"4.999317"
"51260.0";"5.016419"
"51270.0";"5.048936"
"51280.0";"5.017389"
"51290.0";"4.770115"
"51300.0";"5.037106"
"51310.0";"4.894763"
"51320.0";"5.078201"
"51330.0";"5.053185"
"51340.0";"4.863706"
"51350.0";"4.996758"
"51360.0";"4.953572"
"51370.0";"4.711406"
"51380.0";"4.552498"
"51390.0";"4.389204"
"51400.0";"4.59454"
"51410.0";"4.522924"
"51420.0";"4.812039"
"51430.0";"4.969454"
"51440.0";"5.129894"
"51450.0";"5.018079"
"51460.0";"4.96172"
"51470.0";"5.062456"
"51480.0";"5.064694"
"51490.0";"5.121442"
"51500.0";"5.067013"
"51510.0";"4.964981"
"51520.0";"4.806109"
"51530.0";"4.672996"
"51540.0";"4.623357"
"51550.0";"4.611055"
"51560.0";"4.881667"
"51570.0";"4.790444"
"51580.0";"4.748684"
"51590.0";"4.698827"
"51600.0";"4.668709"
"51610.0";"4.540961"
"51620.0";"4.718175"
"51630.0";"4.721099"
"51640.0";"4.706226"
"51650.0";"4.737546"
"51660.0";"4.631112"
"51670.0";"4.844041"
"51680.0";"4.658664"
"51690.0";"4.617581"
"51700.0";"4.402655"
"51710.0";"4.512622"
"51720.0";"4.612814"
"51730.0";"4.704801"
"51740.0";"4.541933"
"51750.0";"4.486444"
"51760.0";"4.635652"
"51770.0";"4.530163"
"51780.0";"4.369038"
"51790.0";"4.666356"
"51800.0";"4.639448"
"51810.0";"4.694041"
"51820.0";"4.605067"
"51830.0";"4.416073"
"51840.0";"4.364592"
"51850.0";"4.334863"
"51860.0";"4.278234"
"51870.0";"4.239556"
"51880.0";"4.084615"
"51890.0";"4.052979"
"51900.0";"4.156521"
"51910.0";"4.351725"
"51920.0";"4.142541"
"51930.0";"4.532678"
"51940.0";"4.415445"
"51950.0";"4.815938"
"51960.0";"4.75082"
"51970.0";"4.705626"
"51980.0";"4.975294"
"51990.0";"4.703612"
"52000.0";"4.55213"
"52010.0";"4.660697"
"52020.0";"4.782021"
"52030.0";"4.551972"
"52040.0";"4.401087"
"52050.0";"4.443159"
"52060.0";"4.616133"
"52070.0";"4.49911"
"52080.0";"4.382537"
"52090.0";"4.535776"
"52100.0";"4.651817"
"52110.0";"5.019307"
"52120.0";"4.7643"
"52130.0";"4.655391"
"52140.0";"4.635833"
"52150.0";"4.691546"
"52160.0";"4.829961"
"52170.0";"4.819237"
"52180.0";"4.919165"
"52190.0";"5.046669"
"52200.0";"4.895915"
"52210.0";"4.924596"
"52220.0";"4.821022"
"52230.0";"4.66179"
"52240.0";"4.804231"
"52250.0";"4.877799"
"52260.0";"4.823297"
"52270.0";"4.945213"
"52280.0";"4.748714"
"52290.0";"4.644188"
"52300.0";"4.702625"
"52310.0";"4.760862"
"52320.0";"4.803058"
"52330.0";"4.702738"
"52340.0";"4.576461"
"52350.0";"4.645761"
"52360.0";"4.650661"
"52370.0";"4.893218"
"52380.0";"4.877164"
"52390.0";"4.950413"
"52400.0";"4.923952"
"52410.0";"4.984032"
"52420.0";"4.933547"
"52430.0";"4.803996"
"52440.0";"4.990378"
"52450.0";"4.91326"
"52460.0";"5.002278"
"52470.0";"4.937107"
"52480.0";"4.798718"
"52490.0";"4.864543"
"52500.0";"5.027493"
"52510.0";"4.900155"
"52520.0";"4.828886"
"52530.0";"4.72686"
"52540.0";"4.614844"
"52550.0";"4.6674"
"52560.0";"4.756608"
"52570.0";"4.723828"
"52580.0";"4.638234"
"52590.0";"4.455729"
"52600.0";"4.612233"
"52610.0";"4.693655"
"52620.0";"4.509717"
"52630.0";"4.604282"
"52640.0";"4.610776"
"52650.0";"4.379225"
"52660.0";"4.373548"
"52670.0";"4.312702"
"52680.0";"4.414321"
"52690.0";"4.432958"
"52700.0";"4.386503"
"52710.0";"4.468626"
"52720.0";"4.247295"
"52730.0";"4.038288"
"52740.0";"4.140311"
"52750.0";"4.14478"
"52760.0";"4.14117"
"52770.0";"3.957361"
"52780.0";"3.875248"
"52790.0";"3.700744"
"52800.0";"3.773219"
"52810.0";"3.744816"
"52820.0";"3.744013"
"52830.0";"3.787195"
"52840.0";"3.758265"
"52850.0";"3.565826"
"52860.0";"3.654189"
"52870.0";"3.597776"
"52880.0";"3.698027"
"52890.0";"3.651022"
"52900.0";"3.495584"
"52910.0";"3.651098"
"52920.0";"3.942725"
"52930.0";"3.977623"
"52940.0";"4.103469"
"52950.0";"4.046344"
"52960.0";"4.022577"
"52970.0";"4.138582"
"52980.0";"4.077699"
"52990.0";"3.860925"
"53000.0";"3.89082"
"53010.0";"3.9045"
"53020.0";"3.878149"
"53030.0";"3.84505"
"53040.0";"3.774839"
"53050.0";"3.419122"
"53060.0";"3.49993"
"53070.0";"3.395491"
"53080.0";"3.481593"
"53090.0";"3.613518"
"53100.0";"3.723058"
"53110.0";"3.652144"
"53120.0";"3.817794"
"53130.0";"4.109972"
"53140.0";"3.923989"
"53150.0";"4.277987"
"53160.0";"4.282155"
"53170.0";"4.242277"
"53180.0";"4.137843"
"53190.0";"4.125524"
"53200.0";"4.268057"
"53210.0";"4.235737"
"53220.0";"4.229058"
"53230.0";"4.392275"
"53240.0";"4.424213"
"53250.0";"4.523444"
"53260.0";"4.766369"
"53270.0";"4.892128"
"53280.0";"5.062282"
"53290.0";"5.061846"
"53300.0";"5.046298"
"53310.0";"4.89569"
"53320.0";"4.711357"
"53330.0";"4.557055"
"53340.0";"4.376048"
"53350.0";"4.327503"
"53360.0";"4.33837"
"53370.0";"4.470169"
"53380.0";"4.498845"
"53390.0";"4.525015"
"53400.0";"4.369719"
"53410.0";"4.339347"
"53420.0";"4.505947"
"53430.0";"4.408931"
"53440.0";"4.448477"
"53450.0";"4.571764"
"53460.0";"4.408958"
"53470.0";"4.362001"
"53480.0";"4.387665"
"53490.0";"4.4726"
"53500.0";"4.207478"
"53510.0";"4.234131"
"53520.0";"4.193932"
"53530.0";"4.334046"
"53540.0";"4.230824"
"53550.0";"4.358133"
"53560.0";"4.254759"
"53570.0";"4.067345"
"53580.0";"3.82894"
"53590.0";"3.892159"
"53600.0";"3.870578"
"53610.0";"3.983576"
"53620.0";"3.935277"
"53630.0";"3.943866"
"53640.0";"3.788891"
"53650.0";"3.731346"
"53660.0";"3.799458"
"53670.0";"3.751451"
"53680.0";"3.71092"
"53690.0";"3.825199"
"53700.0";"3.598658"
"53710.0";"3.713058"
"53720.0";"3.721727"
"53730.0";"3.597716"
"53740.0";"3.508211"
"53750.0";"3.641799"
"53760.0";"3.859127"
"53770.0";"3.680072"
"53780.0";"3.731207"
"53790.0";"3.6474"
"53800.0";"3.531788"
"53810.0";"3.496985"
"53820.0";"3.789015"
"53830.0";"3.673059"
"53840.0";"3.51765"
"53850.0";"3.845117"
"53860.0";"3.843348"
"53870.0";"3.830813"
"53880.0";"4.036233"
"53890.0";"3.959404"
"53900.0";"3.906633"
"53910.0";"4.09179"
"53920.0";"4.008734"
"53930.0";"3.978757"
"53940.0";"3.925912"
"53950.0";"3.837652"
"53960.0";"3.779876"
"53970.0";"3.897138"
"53980.0";"3.952352"
"53990.0";"3.960117"
"54000.0";"3.974221"
"54010.0";"3.862423"
"54020.0";"3.884806"
"54030.0";"3.812464"
"54040.0";"3.760374"
"54050.0";"3.721781"
"54060.0";"3.416898"
"54070.0";"3.259061"
"54080.0";"3.491217"
"54090.0";"3.257966"
"54100.0";"3.268884"
"54110.0";"3.29743"
"54120.0";"3.202945"
"54130.0";"3.073538"
"54140.0";"3.120302"
"54150.0";"3.175271"
"54160.0";"3.417701"
"54170.0";"3.343004"
"54180.0";"3.06584"
"54190.0";"2.987191"
"54200.0";"2.828962"
"54210.0";"2.995937"
"54220.0";"3.168344"
"54230.0";"2.93811"
"54240.0";"2.877025"
"54250.0";"2.657347"
"54260.0";"2.677787"
"54270.0";"2.553224"
"54280.0";"2.769339"
"54290.0";"2.81085"
"54300.0";"2.72843"
"54310.0";"2.747738"
"54320.0";"2.714867"
"54330.0";"2.668123"
"54340.0";"2.462147"
"54350.0";"2.288123"
"54360.0";"2.392161"
"54370.0";"2.273657"
"54380.0";"2.222829"
"54390.0";"2.400034"
"54400.0";"2.38879"
"54410.0";"2.226829"
"54420.0";"2.271592"
"54430.0";"2.349282"
"54440.0";"2.292527"
"54450.0";"2.343429"
"54460.0";"2.654089"
"54470.0";"2.737633"
"54480.0";"2.685032"
"54490.0";"2.703013"
"54500.0";"2.70474"
"54510.0";"2.803298"
"54520.0";"2.763261"
"54530.0";"2.858644"
"54540.0";"2.996198"
"54550.0";"2.923912"
"54560.0";"2.710572"
"54570.0";"2.815489"
"54580.0";"2.823068"
"54590.0";"2.840263"
"54600.0";"2.797451"
"54610.0";"2.774688"
"54620.0";"2.529782"
"54630.0";"2.812095"
"54640.0";"2.685103"
"54650.0";"2.685081"
"54660.0";"2.661103"
"54670.0";"2.755364"
"54680.0";"2.823751"
"54690.0";"2.808486"
"54700.0";"2.824766"
"54710.0";"2.918004"
"54720.0";"2.979028"
"54730.0";"3.031947"
"54740.0";"3.042697"
"54750.0";"3.032566"
"54760.0";"3.104257"
"54770.0";"3.016713"
"54780.0";"3.028799"
"54790.0";"2.925931"
"54800.0";"3.002137"
"54810.0";"3.140227"
"54820.0";"3.163763"
"54830.0";"3.428556"
"54840.0";"3.426101"
"54850.0";"3.594359"
"54860.0";"3.67226"
"54870.0";"3.801199"
"54880.0";"3.838995"
"54890.0";"3.755297"
"54900.0";"3.738907"
"54910.0";"3.822567"
"54920.0";"3.931456"
"54930.0";"3.944063"
"54940.0";"3.968077"
"54950.0";"3.86261"
"54960.0";"3.809108"
"54970.0";"3.998039"
"54980.0";"3.868427"
"54990.0";"3.88651"
"55000.0";"3.981558"
"55010.0";"3.844196"
"55020.0";"3.957482"
"55030.0";"3.915218"
"55040.0";"3.840813"
"55050.0";"4.041181"
"55060.0";"4.099199"
"55070.0";"4.043376"
"55080.0";"3.968635"
"55090.0";"4.046746"
"55100.0";"4.088398"
"55110.0";"3.948171"
"55120.0";"4.144431"
"55130.0";"4.172532"
"55140.0";"4.094721"
"55150.0";"4.104615"
"55160.0";"4.119374"
"55170.0";"4.146996"
"55180.0";"4.19544"
"55190.0";"3.989801"
"55200.0";"3.849317"
"55210.0";"3.898828"
"55220.0";"3.984495"
"55230.0";"3.82809"
"55240.0";"3.908552"
"55250.0";"3.752831"
"55260.0";"3.85741"
"55270.0";"3.975188"
"55280.0";"3.917017"
"55290.0";"3.75109"
"55300.0";"3.983578"
"55310.0";"4.01841"
"55320.0";"4.083999"
"55330.0";"3.989936"
"55340.0";"4.020481"
"55350.0";"4.153558"
"55360.0";"4.344264"
"55370.0";"4.654407"
"55380.0";"4.452983"
"55390.0";"4.438061"
"55400.0";"4.454431"
"55410.0";"4.556739"
"55420.0";"4.574363"
"55430.0";"4.572951"
"55440.0";"4.580518"
"55450.0";"4.615443"
"55460.0";"4.502952"
"55470.0";"4.67613"
"55480.0";"4.788491"
"55490.0";"4.873664"
"55500.0";"4.780324"
"55510.0";"4.717188"
"55520.0";"4.726501"
"55530.0";"4.588864"
"55540.0";"4.531837"
"55550.0";"4.47234"
"55560.0";"4.416495"
"55570.0";"4.618643"
"55580.0";"4.608056"
"55590.0";"4.379338"
"55600.0";"4.397772"
"55610.0";"4.450408"
"55620.0";"4.259174"
"55630.0";"4.138339"
"55640.0";"4.18579"
"55650.0";"4.2475"
"55660.0";"3.999193"
"55670.0";"4.020109"
"55680.0";"4.070431"
"55690.0";"4.020351"
"55700.0";"4.071999"
"55710.0";"4.085535"
"55720.0";"4.189317"
"55730.0";"4.040981"
"55740.0";"4.0049"
"55750.0";"3.933289"
"55760.0";"3.790756"
"55770.0";"3.978525"
"55780.0";"4.139533"
"55790.0";"4.155236"
"55800.0";"4.288617"
"55810.0";"4.279773"
"55820.0";"4.46227"
"55830.0";"4.470061"
"55840.0";"4.323109"
"55850.0";"4.287946"
"55860.0";"4.082741"
"55870.0";"4.026738"
"55880.0";"4.134033"
"55890.0";"3.925718"
"55900.0";"4.200897"
"55910.0";"4.127742"
"55920.0";"4.033501"
"55930.0";"4.02121"
"55940.0";"3.939941"
"55950.0";"4.001084"
"55960.0";"3.948373"
"55970.0";"4.074095"
"55980.0";"3.905144"
"55990.0";"3.773686"
"56000.0";"3.959285"
"56010.0";"3.798489"
"56020.0";"3.861652"
"56030.0";"3.723042"
"56040.0";"3.86453"
"56050.0";"3.894363"
"56060.0";"3.684367"
"56070.0";"3.688209"
"56080.0";"3.776276"
"56090.0";"3.736799"
"56100.0";"3.910032"
"56110.0";"3.892641"
"56120.0";"3.963103"
"56130.0";"3.792811"
"56140.0";"3.744968"
"56150.0";"3.723817"
"56160.0";"3.881199"
"56170.0";"4.052289"
"56180.0";"3.894593"
"56190.0";"3.787622"
"56200.0";"3.877304"
"56210.0";"3.9278"
"56220.0";"3.864006"
"56230.0";"3.852944"
"56240.0";"3.906718"
"56250.0";"3.803432"
"56260.0";"3.978525"
"56270.0";"3.985034"
"56280.0";"3.909268"
"56290.0";"3.731299"
"56300.0";"3.737966"
"56310.0";"3.760724"
"56320.0";"3.790351"
"56330.0";"3.616491"
"56340.0";"3.300756"
"56350.0";"3.164339"
"56360.0";"3.149145"
"56370.0";"3.072148"
"56380.0";"3.114197"
"56390.0";"3.203203"
"56400.0";"3.163308"
"56410.0";"3.123677"
"56420.0";"3.235442"
"56430.0";"3.230345"
"56440.0";"3.119901"
"56450.0";"3.042817"
"56460.0";"2.954693"
"56470.0";"3.013953"
"56480.0";"3.026443"
"56490.0";"3.006653"
"56500.0";"2.889713"
"56510.0";"2.731534"
"56520.0";"2.718729"
"56530.0";"2.882468"
"56540.0";"2.774488"
"56550.0";"2.598403"
"56560.0";"2.703252"
"56570.0";"2.883208"
"56580.0";"2.844814"
"56590.0";"2.955312"
"56600.0";"3.095531"
"56610.0";"3.258525"
"56620.0";"3.239171"
"56630.0";"3.063926"
"56640.0";"3.159681"
"56650.0";"3.144461"
"56660.0";"3.14302"
"56670.0";"3.0609"
"56680.0";"3.143223"
"56690.0";"3.303857"
"56700.0";"3.525219"
"56710.0";"3.544483"
"56720.0";"3.444224"
"56730.0";"3.333269"
"56740.0";"2.950919"
"56750.0";"3.068149"
"56760.0";"3.080346"
"56770.0";"3.038292"
"56780.0";"3.04086"
"56790.0";"2.996102"
"56800.0";"3.312698"
"56810.0";"3.348015"
"56820.0";"3.23994"
"56830.0";"3.552187"
"56840.0";"3.644573"
"56850.0";"3.894776"
"56860.0";"3.972314"
"56870.0";"3.977377"
"56880.0";"4.01735"
"56890.0";"4.029918"
"56900.0";"3.910396"
"56910.0";"3.820725"
"56920.0";"3.610883"
"56930.0";"3.733754"
"56940.0";"3.885489"
"56950.0";"3.595812"
"56960.0";"3.427624"
"56970.0";"3.442959"
"56980.0";"3.428019"
"56990.0";"3.320937"
"57000.0";"3.099827"
"57010.0";"3.142555"
"57020.0";"3.150975"
"57030.0";"3.003235"
"57040.0";"3.196269"
"57050.0";"3.347995"
"57060.0";"3.30287"
"57070.0";"3.449368"
"57080.0";"3.369562"
"57090.0";"3.601429"
"57100.0";"3.409796"
"57110.0";"3.440634"
"57120.0";"3.582893"
"57130.0";"3.811792"
"57140.0";"3.586478"
"57150.0";"3.702042"
"57160.0";"3.775849"
"57170.0";"3.60225"
"57180.0";"3.49891"
"57190.0";"3.685371"
"57200.0";"3.663267"
"57210.0";"3.617917"
"57220.0";"3.387547"
"57230.0";"3.353192"
"57240.0";"3.369909"
"57250.0";"3.263834"
"57260.0";"3.106284"
"57270.0";"3.043756"
"57280.0";"2.900604"
"57290.0";"2.854728"
"57300.0";"2.466487"
"57310.0";"2.519676"
"57320.0";"2.584216"
"57330.0";"2.382765"
"57340.0";"2.552083"
"57350.0";"2.53017"
"57360.0";"2.459662"
"57370.0";"2.477957"
"57380.0";"2.507723"
"57390.0";"2.577117"
"57400.0";"2.5201"
"57410.0";"2.378842"
"57420.0";"2.353972"
"57430.0";"2.371614"
"57440.0";"2.450329"
"57450.0";"2.392849"
"57460.0";"2.587389"
"57470.0";"2.564462"
"57480.0";"2.528035"
"57490.0";"2.427966"
"57500.0";"2.265824"
"57510.0";"2.368279"
"57520.0";"2.197196"
"57530.0";"2.27776"
"57540.0";"2.573194"
"57550.0";"2.317568"
"57560.0";"2.206539"
"57570.0";"2.26483"
"57580.0";"2.623807"
"57590.0";"2.666191"
"57600.0";"2.551791"
"57610.0";"2.798336"
"57620.0";"2.986109"
"57630.0";"2.941914"
"57640.0";"2.91272"
"57650.0";"3.253124"
"57660.0";"3.307813"
"57670.0";"3.185488"
"57680.0";"3.021681"
"57690.0";"2.97133"
"57700.0";"3.186316"
"57710.0";"3.288585"
"57720.0";"3.400678"
"57730.0";"3.416225"
"57740.0";"3.565133"
"57750.0";"3.712575"
"57760.0";"3.872244"
"57770.0";"4.015486"
"57780.0";"4.062773"
"57790.0";"3.922225"
"57800.0";"3.859636"
"57810.0";"3.6717"
"57820.0";"3.788732"
"57830.0";"3.837496"
"57840.0";"3.623031"
"57850.0";"3.650051"
"57860.0";"3.4221"
"57870.0";"3.493593"
"57880.0";"3.553618"
"57890.0";"3.511164"
"57900.0";"3.557838"
"57910.0";"3.455877"
"57920.0";"3.535943"
"57930.0";"3.463805"
"57940.0";"3.601373"
"57950.0";"3.633592"
"57960.0";"3.586437"
"57970.0";"3.629498"
"57980.0";"3.733397"
"57990.0";"3.468737"
"58000.0";"3.263055"
"58010.0";"3.404733"
"58020.0";"3.470231"
"58030.0";"3.396116"
"58040.0";"3.651563"
"58050.0";"3.77774"
"58060.0";"3.78147"
"58070.0";"3.569341"
"58080.0";"3.58571"
"58090.0";"3.680578"
"58100.0";"3.83603"
"58110.0";"3.921772"
"58120.0";"3.741025"
"58130.0";"3.710035"
"58140.0";"3.760682"
"58150.0";"3.823431"
"58160.0";"3.733014"
"58170.0";"3.63714"
"58180.0";"3.752979"
"58190.0";"3.774904"
"58200.0";"3.824676"
"58210.0";"3.870503"
"58220.0";"4.1088"
"58230.0";"3.986178"
"58240.0";"4.220232"
"58250.0";"4.257486"
"58260.0";"4.184631"
"58270.0";"4.176455"
"58280.0";"3.958356"
"58290.0";"4.084407"
"58300.0";"4.227305"
"58310.0";"4.242698"
"58320.0";"4.116294"
"58330.0";"4.123098"
"58340.0";"4.136184"
"58350.0";"4.467681"
"58360.0";"4.393845"
"58370.0";"4.314462"
"58380.0";"4.319641"
"58390.0";"4.111813"
"58400.0";"4.171439"
"58410.0";"4.212764"
"58420.0";"4.23809"
"58430.0";"4.160837"
"58440.0";"4.333483"
"58450.0";"4.346746"
"58460.0";"4.231861"
"58470.0";"4.084804"
"58480.0";"4.450514"
"58490.0";"4.320984"
"58500.0";"4.21361"
"58510.0";"3.981835"
"58520.0";"3.876103"
"58530.0";"3.854589"
"58540.0";"4.046743"
"58550.0";"4.115903"
"58560.0";"4.182298"
"58570.0";"4.201299"
"58580.0";"4.222073"
"58590.0";"4.362378"
"58600.0";"4.367766"
"58610.0";"4.395256"
"58620.0";"4.403421"
"58630.0";"4.488569"
"58640.0";"4.313178"
"58650.0";"4.344829"
"58660.0";"4.229249"
"58670.0";"4.184731"
"58680.0";"4.272024"
"58690.0";"4.237228"
"58700.0";"4.222568"
"58710.0";"4.048271"
"58720.0";"4.160946"
"58730.0";"4.290285"
"58740.0";"4.139794"
"58750.0";"3.95232"
"58760.0";"3.798566"
"58770.0";"3.527747"
"58780.0";"3.734231"
"58790.0";"3.856368"
"58800.0";"3.695537"
"58810.0";"4.027348"
"58820.0";"3.990917"
"58830.0";"4.03581"
"58840.0";"3.873766"
"58850.0";"4.063509"
"58860.0";"3.888147"
"58870.0";"3.727215"
"58880.0";"3.654644"
"58890.0";"3.737596"
"58900.0";"3.869114"
"58910.0";"3.896656"
"58920.0";"4.030939"
"58930.0";"4.129881"
"58940.0";"4.214567"
"58950.0";"4.250246"
"58960.0";"4.373816"
"58970.0";"4.183118"
"58980.0";"4.027546"
"58990.0";"4.026715"
"59000.0";"4.27969"
"59010.0";"4.317118"
"59020.0";"4.345207"
"59030.0";"4.407706"
"59040.0";"4.451376"
"59050.0";"4.347202"
"59060.0";"4.403221"
"59070.0";"4.547051"
"59080.0";"4.41502"
"59090.0";"4.397966"
"59100.0";"4.427796"
"59110.0";"4.600474"
"59120.0";"4.627934"
"59130.0";"4.637543"
"59140.0";"4.62541"
"59150.0";"4.496377"
"59160.0";"4.542597"
"59170.0";"4.649744"
"59180.0";"4.613595"
"59190.0";"4.605563"
"59200.0";"4.503459"
"59210.0";"4.484972"
"59220.0";"4.389656"
"59230.0";"4.492819"
"59240.0";"4.431858"
"59250.0";"4.367907"
"59260.0";"4.282852"
"59270.0";"4.21531"
"59280.0";"4.37928"
"59290.0";"4.148783"
"59300.0";"3.906773"
"59310.0";"4.185821"
"59320.0";"4.049085"
"59330.0";"4.060252"
"59340.0";"4.103617"
"59350.0";"4.287432"
"59360.0";"4.348249"
"59370.0";"4.244621"
"59380.0";"4.287995"
"59390.0";"4.208516"
"59400.0";"4.088348"
"59410.0";"3.983138"
"59420.0";"3.705973"
"59430.0";"3.673919"
"59440.0";"3.643059"
"59450.0";"3.702852"
"59460.0";"3.785941"
"59470.0";"3.664604"
"59480.0";"3.607865"
"59490.0";"3.40325"
"59500.0";"3.34014"
"59510.0";"3.500442"
"59520.0";"3.532747"
"59530.0";"3.549838"
"59540.0";"3.356474"
"59550.0";"3.588539"
"59560.0";"3.487866"
"59570.0";"3.488064"
"59580.0";"3.336035"
"59590.0";"3.280663"
"59600.0";"3.138477"
"59610.0";"3.01556"
"59620.0";"3.126634"
"59630.0";"3.241029"
"59640.0";"3.257735"
"59650.0";"3.372339"
"59660.0";"3.340857"
"59670.0";"3.278533"
"59680.0";"3.424201"
"59690.0";"3.395941"
"59700.0";"3.349495"
"59710.0";"3.413655"
"59720.0";"3.213093"
"59730.0";"3.210372"
"59740.0";"3.195052"
"59750.0";"3.206226"
"59760.0";"3.35319"
"59770.0";"3.166541"
"59780.0";"3.167728"
"59790.0";"2.970703"
"59800.0";"2.851121"
"59810.0";"2.740893"
"59820.0";"2.928656"
"59830.0";"2.941705"
"59840.0";"3.01423"
"59850.0";"2.97773"
"59860.0";"2.998317"
"59870.0";"2.952234"
"59880.0";"3.106268"
"59890.0";"3.111552"
"59900.0";"2.862851"
"59910.0";"2.860249"
"59920.0";"2.78389"
"59930.0";"2.947418"
"59940.0";"3.049762"
"59950.0";"3.163796"
"59960.0";"3.146586"
"59970.0";"3.060559"
"59980.0";"3.042532"
"59990.0";"3.028293"
"60000.0";"2.927911"
"60010.0";"2.862102"
"60020.0";"2.71405"
"60030.0";"2.73328"
"60040.0";"2.561015"
"60050.0";"2.394719"
"60060.0";"2.368613"
"60070.0";"2.17775"
"60080.0";"2.410037"
"60090.0";"2.470811"
"60100.0";"2.421023"
"60110.0";"2.389011"
"60120.0";"2.439201"
"60130.0";"2.793914"
"60140.0";"2.834722"
"60150.0";"2.936077"
"60160.0";"2.806286"
"60170.0";"2.798299"
"60180.0";"2.645395"
"60190.0";"2.45257"
"60200.0";"2.572517"
"60210.0";"2.426767"
"60220.0";"2.475251"
"60230.0";"2.686462"
"60240.0";"2.705105"
"60250.0";"2.810797"
"60260.0";"2.775186"
"60270.0";"2.747122"
"60280.0";"2.763431"
"60290.0";"2.614846"
"60300.0";"2.764495"
"60310.0";"2.836986"
"60320.0";"2.847292"
"60330.0";"2.797597"
"60340.0";"2.860135"
"60350.0";"2.624772"
"60360.0";"2.578464"
"60370.0";"2.599092"
"60380.0";"2.570771"
"60390.0";"2.795241"
"60400.0";"2.745874"
"60410.0";"2.702137"
"60420.0";"2.708421"
"60430.0";"2.615436"
"60440.0";"2.620246"
"60450.0";"2.869666"
"60460.0";"2.932518"
"60470.0";"2.860763"
"60480.0";"2.860832"
"60490.0";"3.019106"
"60500.0";"2.852113"
"60510.0";"2.724051"
"60520.0";"2.763268"
"60530.0";"2.740505"
"60540.0";"2.828912"
"60550.0";"2.905572"
"60560.0";"3.054947"
"60570.0";"3.133078"
"60580.0";"3.285822"
"60590.0";"3.273469"
"60600.0";"3.143433"
"60610.0";"2.966064"
"60620.0";"2.991372"
"60630.0";"2.927306"
"60640.0";"2.976907"
"60650.0";"2.999994"
"60660.0";"3.020088"
"60670.0";"3.051975"
"60680.0";"3.14877"
"60690.0";"3.043621"
"60700.0";"3.163043"
"60710.0";"3.193418"
"60720.0";"3.46668"
"60730.0";"3.468276"
"60740.0";"3.517311"
"60750.0";"3.672719"
"60760.0";"3.622868"
"60770.0";"3.559468"
"60780.0";"3.449725"
"60790.0";"3.550026"
"60800.0";"3.499253"
"60810.0";"3.448714"
"60820.0";"3.570532"
"60830.0";"3.67574"
"60840.0";"3.481353"
"60850.0";"3.68661"
"60860.0";"3.658792"
"60870.0";"3.578123"
"60880.0";"3.738597"
"60890.0";"3.581006"
"60900.0";"3.662558"
"60910.0";"3.522382"
"60920.0";"3.468105"
"60930.0";"3.44862"
"60940.0";"3.355511"
"60950.0";"3.514714"
"60960.0";"3.215983"
"60970.0";"3.328784"
"60980.0";"3.209723"
"60990.0";"3.369516"
"61000.0";"3.508826"
"61010.0";"3.518781"
"61020.0";"3.47423"
"61030.0";"3.3169"
"61040.0";"3.275652"
"61050.0";"3.228149"
"61060.0";"3.150451"
"61070.0";"3.18885"
"61080.0";"3.068392"
"61090.0";"3.195017"
"61100.0";"3.5741"
"61110.0";"3.21492"
"61120.0";"2.96999"
"61130.0";"3.260356"
"61140.0";"3.301703"
"61150.0";"3.486015"
"61160.0";"3.675044"
"61170.0";"3.468269"
"61180.0";"3.539839"
"61190.0";"3.240534"
"61200.0";"3.368759"
"61210.0";"3.491489"
"61220.0";"3.665136"
"61230.0";"3.711278"
"61240.0";"3.574584"
"61250.0";"3.827979"
"61260.0";"3.855647"
"61270.0";"3.96383"
"61280.0";"4.124246"
"61290.0";"3.973771"
"61300.0";"4.041118"
"61310.0";"4.021254"
"61320.0";"3.913069"
"61330.0";"3.943099"
"61340.0";"3.977089"
"61350.0";"3.807169"
"61360.0";"3.666783"
"61370.0";"3.270188"
"61380.0";"3.378415"
"61390.0";"3.446564"
"61400.0";"3.376937"
"61410.0";"3.302763"
"61420.0";"2.949965"
"61430.0";"2.976127"
"61440.0";"2.905162"
"61450.0";"2.907877"
"61460.0";"3.109464"
"61470.0";"3.190943"
"61480.0";"3.139558"
"61490.0";"3.1044"
"61500.0";"3.170398"
"61510.0";"3.227306"
"61520.0";"3.237217"
"61530.0";"3.357621"
"61540.0";"3.543636"
"61550.0";"3.556653"
"61560.0";"3.236358"
"61570.0";"3.324825"
"61580.0";"3.579522"
"61590.0";"3.578878"
"61600.0";"3.693498"
"61610.0";"3.482266"
"61620.0";"3.440426"
"61630.0";"3.477123"
"61640.0";"3.555452"
"61650.0";"3.656514"
"61660.0";"3.430196"
"61670.0";"3.609703"
"61680.0";"3.671974"
"61690.0";"3.359735"
"61700.0";"3.477634"
"61710.0";"3.041363"
"61720.0";"3.143123"
"61730.0";"3.197161"
"61740.0";"3.275897"
"61750.0";"3.26944"
"61760.0";"3.063432"
"61770.0";"3.105322"
"61780.0";"3.022879"
"61790.0";"3.048926"
"61800.0";"2.932312"
"61810.0";"2.84581"
"61820.0";"2.668138"
"61830.0";"2.751571"
"61840.0";"2.64663"
"61850.0";"2.633987"
"61860.0";"2.66946"
"61870.0";"2.616165"
"61880.0";"2.632759"
"61890.0";"2.715298"
"61900.0";"2.72946"
"61910.0";"2.718557"
"61920.0";"2.762001"
"61930.0";"2.867231"
"61940.0";"2.737347"
"61950.0";"3.023655"
"61960.0";"3.003163"
"61970.0";"3.138809"
"61980.0";"2.806287"
"61990.0";"2.902004"
"62000.0";"2.750149"
"62010.0";"2.919424"
"62020.0";"2.749736"
"62030.0";"2.898375"
"62040.0";"2.934621"
"62050.0";"2.948631"
"62060.0";"2.81605"
"62070.0";"2.976864"
"62080.0";"3.156477"
"62090.0";"3.130413"
"62100.0";"3.439197"
"62110.0";"3.546636"
"62120.0";"3.233156"
"62130.0";"3.017974"
"62140.0";"2.982697"
"62150.0";"3.07555"
"62160.0";"3.112265"
"62170.0";"3.209603"
"62180.0";"3.133929"
"62190.0";"3.230994"
"62200.0";"3.19238"
"62210.0";"3.169806"
"62220.0";"3.009681"
"62230.0";"3.191888"
"62240.0";"3.304526"
"62250.0";"3.364342"
"62260.0";"3.202447"
"62270.0";"3.19282"
"62280.0";"2.99301"
"62290.0";"2.878581"
"62300.0";"2.775693"
"62310.0";"2.766845"
"62320.0";"2.789356"
"62330.0";"2.879316"
"62340.0";"2.706934"
"62350.0";"2.961506"
"62360.0";"3.057497"
"62370.0";"3.108885"
"62380.0";"3.043205"
"62390.0";"3.263326"
"62400.0";"3.496269"
"62410.0";"3.373501"
"62420.0";"3.275471"
"62430.0";"3.269989"
"62440.0";"3.213856"
"62450.0";"3.142119"
"62460.0";"3.138564"
"62470.0";"3.209344"
"62480.0";"3.383103"
"62490.0";"3.339871"
"62500.0";"3.665663"
"62510.0";"3.644199"
"62520.0";"3.436015"
"62530.0";"3.184962"
"62540.0";"3.364041"
"62550.0";"3.52481"
"62560.0";"3.599997"
"62570.0";"3.341923"
"62580.0";"3.571681"
"62590.0";"3.425103"
"62600.0";"3.233923"
"62610.0";"3.329298"
"62620.0";"3.59626"
"62630.0";"3.563029"
"62640.0";"3.526746"
"62650.0";"3.522094"
"62660.0";"3.505561"
"62670.0";"3.419662"
"62680.0";"3.536954"
"62690.0";"3.520004"
"62700.0";"3.562177"
"62710.0";"3.550017"
"62720.0";"3.548691"
"62730.0";"3.469054"
"62740.0";"3.464685"
"62750.0";"3.526416"
"62760.0";"3.675303"
"62770.0";"3.613147"
"62780.0";"3.652649"
"62790.0";"3.703799"
"62800.0";"3.680789"
"62810.0";"3.562745"
"62820.0";"3.644333"
"62830.0";"3.536037"
"62840.0";"3.64168"
"62850.0";"3.758139"
"62860.0";"3.650172"
"62870.0";"3.631412"
"62880.0";"3.441978"
"62890.0";"3.338829"
"62900.0";"3.282792"
"62910.0";"3.378464"
"62920.0";"3.1113"
"62930.0";"3.38868"
"62940.0";"3.309259"
"62950.0";"3.486042"
"62960.0";"3.389363"
"62970.0";"3.415751"
"62980.0";"3.391707"
"62990.0";"3.579411"
"63000.0";"3.668027"
"63010.0";"3.586919"
"63020.0";"3.592844"
"63030.0";"3.71506"
"63040.0";"3.696177"
"63050.0";"3.878444"
"63060.0";"3.827751"
"63070.0";"3.786879"
"63080.0";"3.595586"
"63090.0";"3.739825"
"63100.0";"3.671111"
"63110.0";"3.654056"
"63120.0";"3.504807"
"63130.0";"3.585415"
"63140.0";"3.490307"
"63150.0";"3.449821"
"63160.0";"3.486835"
"63170.0";"3.537102"
"63180.0";"3.620754"
"63190.0";"3.664297"
"63200.0";"3.812659"
"63210.0";"3.606049"
"63220.0";"3.744885"
"63230.0";"3.840959"
"63240.0";"3.689368"
"63250.0";"3.616733"
"63260.0";"3.522988"
"63270.0";"3.369437"
"63280.0";"3.253252"
"63290.0";"3.310105"
"63300.0";"3.397979"
"63310.0";"3.499862"
"63320.0";"3.516382"
"63330.0";"3.549222"
"63340.0";"3.498936"
"63350.0";"3.650166"
"63360.0";"3.705112"
"63370.0";"3.541717"
"63380.0";"3.42454"
"63390.0";"3.182917"
"63400.0";"3.207534"
"63410.0";"3.027734"
"63420.0";"3.100597"
"63430.0";"3.14833"
"63440.0";"3.316052"
"63450.0";"3.292924"
"63460.0";"3.216807"
"63470.0";"3.048011"
"63480.0";"2.855942"
"63490.0";"2.890545"
"63500.0";"3.045458"
"63510.0";"2.984793"
"63520.0";"2.830964"
"63530.0";"2.824708"
"63540.0";"2.768506"
"63550.0";"3.06668"
"63560.0";"2.79913"
"63570.0";"2.991408"
"63580.0";"2.997643"
"63590.0";"3.168154"
"63600.0";"3.292015"
"63610.0";"3.414054"
"63620.0";"3.506335"
"63630.0";"3.483385"
"63640.0";"3.542937"
"63650.0";"3.616907"
"63660.0";"3.527083"
"63670.0";"3.463065"
"63680.0";"3.465531"
"63690.0";"3.629704"
"63700.0";"3.522548"
"63710.0";"3.507619"
"63720.0";"3.633981"
"63730.0";"3.563574"
"63740.0";"3.56895"
"63750.0";"3.546623"
"63760.0";"3.665245"
"63770.0";"3.558443"
"63780.0";"3.548833"
"63790.0";"3.592038"
"63800.0";"3.41002"
"63810.0";"3.56249"
"63820.0";"3.669787"
"63830.0";"3.773059"
"63840.0";"3.781644"
"63850.0";"3.665734"
"63860.0";"3.7178"
"63870.0";"3.708234"
"63880.0";"3.910069"
"63890.0";"3.948878"
"63900.0";"3.936967"
"63910.0";"3.850464"
"63920.0";"3.777825"
"63930.0";"3.736914"
"63940.0";"3.696545"
"63950.0";"3.887768"
"63960.0";"3.827292"
"63970.0";"3.840904"
"63980.0";"3.612391"
"63990.0";"3.795221"
"64000.0";"3.894819"
"64010.0";"3.729939"
"64020.0";"3.632967"
"64030.0";"3.943944"
"64040.0";"4.078595"
"64050.0";"3.82529"
"64060.0";"3.808573"
"64070.0";"3.732962"
"64080.0";"3.580105"
"64090.0";"3.610449"
"64100.0";"3.62755"
"64110.0";"3.739023"
"64120.0";"3.652068"
"64130.0";"3.672918"
"64140.0";"3.656958"
"64150.0";"3.668038"
"64160.0";"3.677963"
"64170.0";"3.808708"
"64180.0";"3.768305"
"64190.0";"3.709574"
"64200.0";"3.647387"
"64210.0";"4.092257"
"64220.0";"3.99227"
"64230.0";"4.076692"
"64240.0";"4.047238"
"64250.0";"4.027466"
"64260.0";"3.967348"
"64270.0";"4.062454"
"64280.0";"3.986169"
"64290.0";"3.903469"
"64300.0";"3.967548"
"64310.0";"3.903152"
"64320.0";"4.008835"
"64330.0";"3.981704"
"64340.0";"3.993637"
"64350.0";"4.109958"
"64360.0";"4.189076"
"64370.0";"4.034344"
"64380.0";"3.975127"
"64390.0";"4.061903"
"64400.0";"3.972278"
"64410.0";"4.068306"
"64420.0";"4.041335"
"64430.0";"3.870015"
"64440.0";"3.956543"
"64450.0";"4.152035"
"64460.0";"4.079648"
"64470.0";"3.933513"
"64480.0";"3.807719"
"64490.0";"3.970088"
"64500.0";"4.155637"
"64510.0";"4.090075"
"64520.0";"4.014757"
"64530.0";"3.871253"
"64540.0";"3.774799"
"64550.0";"3.772035"
"64560.0";"3.88297"
"64570.0";"3.974355"
"64580.0";"4.077234"
"64590.0";"4.04313"
"64600.0";"3.82597"
"64610.0";"3.698106"
"64620.0";"3.840273"
"64630.0";"3.766675"
"64640.0";"3.67581"
"64650.0";"3.595975"
"64660.0";"3.634971"
"64670.0";"3.379464"
"64680.0";"3.429432"
"64690.0";"3.311113"
"64700.0";"3.279666"
"64710.0";"3.254622"
"64720.0";"3.277358"
"64730.0";"3.211887"
"64740.0";"3.239218"
"64750.0";"3.197151"
"64760.0";"3.076442"
"64770.0";"2.780546"
"64780.0";"2.67555"
"64790.0";"2.823537"
"64800.0";"2.918611"
"64810.0";"2.797383"
"64820.0";"3.107474"
"64830.0";"3.015255"
"64840.0";"3.012643"
"64850.0";"2.932297"
"64860.0";"2.913579"
"64870.0";"2.914451"
"64880.0";"3.028984"
"64890.0";"3.12854"
"64900.0";"3.176803"
"64910.0";"3.086409"
"64920.0";"3.047104"
"64930.0";"3.033904"
"64940.0";"2.608644"
"64950.0";"2.624639"
"64960.0";"2.629783"
"64970.0";"2.835752"
"64980.0";"2.889444"
"64990.0";"2.883502"
"65000.0";"2.806769"
"65010.0";"2.911223"
"65020.0";"2.890733"
"65030.0";"2.961114"
"65040.0";"3.048136"
"65050.0";"3.131056"
"65060.0";"3.072286"
"65070.0";"2.91596"
"65080.0";"2.918401"
"65090.0";"2.98271"
"65100.0";"3.41414"
"65110.0";"3.439791"
"65120.0";"3.756034"
"65130.0";"3.798129"
"65140.0";"3.579"
"65150.0";"3.81932"
"65160.0";"3.507278"
"65170.0";"3.435522"
"65180.0";"3.286426"
"65190.0";"3.06673"
"65200.0";"3.200426"
"65210.0";"3.250179"
"65220.0";"2.867651"
"65230.0";"3.100209"
"65240.0";"3.075736"
"65250.0";"3.127434"
"65260.0";"2.927201"
"65270.0";"2.91755"
"65280.0";"3.049814"
"65290.0";"3.188958"
"65300.0";"3.04372"
"65310.0";"3.076476"
"65320.0";"2.84403"
"65330.0";"2.695644"
"65340.0";"2.687878"
"65350.0";"2.756315"
"65360.0";"2.83027"
"65370.0";"2.704808"
"65380.0";"2.763802"
"65390.0";"2.523502"
"65400.0";"2.581824"
"65410.0";"2.560097"
"65420.0";"2.43767"
"65430.0";"2.365404"
"65440.0";"2.444257"
"65450.0";"2.6219"
"65460.0";"2.62255"
"65470.0";"2.612136"
"65480.0";"2.462855"
"65490.0";"2.471294"
"65500.0";"2.307179"
"65510.0";"2.279415"
"65520.0";"2.324752"
"65530.0";"2.425501"
"65540.0";"2.50437"
"65550.0";"2.754125"
"65560.0";"2.90983"
"65570.0";"2.668071"
"65580.0";"2.598022"
"65590.0";"2.584726"
"65600.0";"2.62597"
"65610.0";"2.510602"
"65620.0";"2.47038"
"65630.0";"2.541844"
"65640.0";"2.66837"
"65650.0";"2.834607"
"65660.0";"2.651178"
"65670.0";"2.54682"
"65680.0";"2.569092"
"65690.0";"2.391071"
"65700.0";"2.384395"
"65710.0";"2.397545"
"65720.0";"2.560784"
"65730.0";"2.454261"
"65740.0";"2.426212"
"65750.0";"2.656251"
"65760.0";"2.511494"
"65770.0";"2.496575"
"65780.0";"2.542014"
"65790.0";"2.642159"
"65800.0";"2.692585"
"65810.0";"2.488481"
"65820.0";"2.592145"
"65830.0";"2.449713"
"65840.0";"2.030494"
"65850.0";"2.186543"
"65860.0";"2.047827"
"65870.0";"2.168917"
"65880.0";"2.278664"
"65890.0";"2.103329"
"65900.0";"2.362733"
"65910.0";"2.373629"
"65920.0";"2.366905"
"65930.0";"2.441566"
"65940.0";"2.434998"
"65950.0";"2.254189"
"65960.0";"2.302865"
"65970.0";"2.688498"
"65980.0";"2.595244"
"65990.0";"2.793565"
"66000.0";"2.716297"
"66010.0";"2.652272"
"66020.0";"2.608026"
"66030.0";"2.682996"
"66040.0";"2.658909"
"66050.0";"2.515367"
"66060.0";"2.392115"
"66070.0";"2.48682"
"66080.0";"2.413532"
"66090.0";"2.5288"
"66100.0";"2.555027"
"66110.0";"2.642752"
"66120.0";"2.468125"
"66130.0";"2.338722"
"66140.0";"2.23669"
"66150.0";"2.171604"
"66160.0";"2.423816"
"66170.0";"2.234123"
"66180.0";"2.168806"
"66190.0";"2.122305"
"66200.0";"2.157033"
"66210.0";"2.109976"
"66220.0";"2.284132"
"66230.0";"2.382263"
"66240.0";"2.194117"
"66250.0";"2.257288"
"66260.0";"2.364627"
"66270.0";"2.219623"
"66280.0";"2.388175"
"66290.0";"2.64875"
"66300.0";"2.775544"
"66310.0";"2.706958"
"66320.0";"2.949535"
"66330.0";"2.88622"
"66340.0";"2.914802"
"66350.0";"3.031895"
"66360.0";"3.14359"
"66370.0";"3.097089"
"66380.0";"3.077582"
"66390.0";"3.243071"
"66400.0";"3.182142"
"66410.0";"3.380037"
"66420.0";"3.488298"
"66430.0";"3.363282"
"66440.0";"3.471698"
"66450.0";"3.272526"
"66460.0";"3.341452"
"66470.0";"3.537082"
"66480.0";"3.446913"
"66490.0";"3.722676"
"66500.0";"3.933365"
"66510.0";"3.953143"
"66520.0";"3.922069"
"66530.0";"3.862445"
"66540.0";"3.85708"
"66550.0";"3.669183"
"66560.0";"3.647424"
"66570.0";"3.566216"
"66580.0";"3.512557"
"66590.0";"3.493798"
"66600.0";"3.534138"
"66610.0";"3.673925"
"66620.0";"3.694222"
"66630.0";"3.73427"
"66640.0";"3.656001"
"66650.0";"3.49981"
"66660.0";"3.662631"
"66670.0";"3.816711"
"66680.0";"3.796509"
"66690.0";"3.806979"
"66700.0";"3.981588"
"66710.0";"4.035639"
"66720.0";"4.220871"
"66730.0";"4.313578"
"66740.0";"4.469336"
"66750.0";"4.434979"
"66760.0";"4.369997"
"66770.0";"4.298477"
"66780.0";"4.098692"
"66790.0";"4.18168"
"66800.0";"4.29579"
"66810.0";"4.37289"
"66820.0";"4.187422"
"66830.0";"4.19966"
"66840.0";"4.051914"
"66850.0";"4.121953"
"66860.0";"4.109879"
"66870.0";"4.023322"
"66880.0";"3.941"
"66890.0";"3.933553"
"66900.0";"4.012759"
"66910.0";"3.889492"
"66920.0";"4.079487"
"66930.0";"3.968576"
"66940.0";"4.016853"
"66950.0";"4.025109"
"66960.0";"4.068127"
"66970.0";"3.999715"
"66980.0";"3.873481"
"66990.0";"3.76296"
"67000.0";"3.653894"
"67010.0";"3.735081"
"67020.0";"3.635404"
"67030.0";"3.610232"
"67040.0";"3.571099"
"67050.0";"3.503292"
"67060.0";"3.542022"
"67070.0";"3.399056"
"67080.0";"3.365478"
"67090.0";"3.28968"
"67100.0";"3.016352"
"67110.0";"3.000474"
"67120.0";"3.111269"
"67130.0";"3.167033"
"67140.0";"3.024911"
"67150.0";"3.042713"
"67160.0";"3.031487"
"67170.0";"3.01828"
"67180.0";"2.995553"
"67190.0";"2.920749"
"67200.0";"2.834926"
"67210.0";"2.797615"
"67220.0";"2.731321"
"67230.0";"2.675738"
"67240.0";"2.661885"
"67250.0";"2.572111"
"67260.0";"2.505909"
"67270.0";"2.65556"
"67280.0";"2.57037"
"67290.0";"2.469404"
"67300.0";"2.397895"
"67310.0";"2.522637"
"67320.0";"2.638468"
"67330.0";"2.723808"
"67340.0";"2.737572"
"67350.0";"2.749562"
"67360.0";"2.840746"
"67370.0";"2.94183"
"67380.0";"3.113618"
"67390.0";"3.171006"
"67400.0";"2.915313"
"67410.0";"3.005253"
"67420.0";"3.070324"
"67430.0";"3.157152"
"67440.0";"3.226743"
"67450.0";"3.277973"
"67460.0";"3.196159"
"67470.0";"3.354491"
"67480.0";"3.290788"
"67490.0";"3.377414"
"67500.0";"3.382109"
"67510.0";"3.518042"
"67520.0";"3.485981"
"67530.0";"3.467484"
"67540.0";"3.499642"
"67550.0";"3.394994"
"67560.0";"3.218232"
"67570.0";"3.239398"
"67580.0";"3.296742"
"67590.0";"3.228228"
"67600.0";"3.290506"
"67610.0";"3.429715"
"67620.0";"3.525077"
"67630.0";"3.534317"
"67640.0";"3.345929"
"67650.0";"3.276735"
"67660.0";"3.366727"
"67670.0";"3.585999"
"67680.0";"3.671437"
"67690.0";"3.645262"
"67700.0";"3.567002"
"67710.0";"3.527047"
"67720.0";"3.445019"
"67730.0";"3.430429"
"67740.0";"3.620556"
"67750.0";"3.61374"
"67760.0";"3.545351"
"67770.0";"3.645143"
"67780.0";"3.838258"
"67790.0";"4.043109"
"67800.0";"4.09868"
"67810.0";"4.250881"
"67820.0";"4.341816"
"67830.0";"4.029029"
"67840.0";"4.259079"
"67850.0";"4.342135"
"67860.0";"4.257218"
"67870.0";"4.087019"
"67880.0";"4.139541"
"67890.0";"4.141227"
"67900.0";"4.297145"
"67910.0";"4.275838"
"67920.0";"4.162647"
"67930.0";"3.9314"
"67940.0";"3.975888"
"67950.0";"3.94411"
"67960.0";"3.659821"
"67970.0";"3.449581"
"67980.0";"3.626504"
"67990.0";"3.703465"
"68000.0";"3.71579"
"68010.0";"3.809057"
"68020.0";"4.140543"
"68030.0";"4.092497"
"68040.0";"4.041583"
"68050.0";"4.077618"
"68060.0";"4.066473"
"68070.0";"4.061531"
"68080.0";"4.151408"
"68090.0";"4.074625"
"68100.0";"3.91969"
"68110.0";"4.159753"
"68120.0";"4.278387"
"68130.0";"3.938544"
"68140.0";"4.111295"
"68150.0";"4.020422"
"68160.0";"4.019716"
"68170.0";"3.905957"
"68180.0";"3.918487"
"68190.0";"4.148278"
"68200.0";"4.161893"
"68210.0";"4.121472"
"68220.0";"4.019137"
"68230.0";"3.800298"
"68240.0";"3.926213"
"68250.0";"3.971983"
"68260.0";"4.151611"
"68270.0";"3.967944"
"68280.0";"3.9791"
"68290.0";"4.203111"
"68300.0";"4.180226"
"68310.0";"4.320883"
"68320.0";"4.450636"
"68330.0";"4.405652"
"68340.0";"4.557271"
"68350.0";"4.328063"
"68360.0";"4.384583"
"68370.0";"4.315681"
"68380.0";"4.430187"
"68390.0";"4.443326"
"68400.0";"4.377307"
"68410.0";"4.544881"
"68420.0";"4.359371"
"68430.0";"4.449562"
"68440.0";"4.55763"
"68450.0";"4.611012"
"68460.0";"4.557149"
"68470.0";"4.650092"
"68480.0";"4.440713"
"68490.0";"4.484857"
"68500.0";"4.711357"
"68510.0";"4.637688"
"68520.0";"4.691371"
"68530.0";"4.730475"
"68540.0";"4.825652"
"68550.0";"4.920998"
"68560.0";"5.336811"
"68570.0";"5.1448"
"68580.0";"5.019371"
"68590.0";"4.86375"
"68600.0";"4.673177"
"68610.0";"4.940987"
"68620.0";"4.723228"
"68630.0";"4.716778"
"68640.0";"4.907842"
"68650.0";"5.002013"
"68660.0";"5.049142"
"68670.0";"5.122352"
"68680.0";"5.027629"
"68690.0";"4.718005"
"68700.0";"4.474479"
"68710.0";"4.619938"
"68720.0";"4.690327"
"68730.0";"4.697361"
"68740.0";"4.813034"
"68750.0";"4.62805"
"68760.0";"4.441388"
"68770.0";"4.106286"
"68780.0";"4.025495"
"68790.0";"3.969204"
"68800.0";"3.926974"
"68810.0";"4.154257"
"68820.0";"4.120549"
"68830.0";"4.345521"
"68840.0";"4.246399"
"68850.0";"4.272352"
"68860.0";"4.225126"
"68870.0";"4.015314"
"68880.0";"3.979271"
"68890.0";"4.065799"
"68900.0";"4.292913"
"68910.0";"4.316264"
"68920.0";"4.411871"
"68930.0";"4.516931"
"68940.0";"4.232422"
"68950.0";"4.374255"
"68960.0";"4.333703"
"68970.0";"4.571532"
"68980.0";"4.345767"
"68990.0";"4.435062"
"69000.0";"4.507855"
"69010.0";"4.699976"
"69020.0";"4.736338"
"69030.0";"4.798518"
"69040.0";"4.777127"
"69050.0";"4.790118"
"69060.0";"4.895743"
"69070.0";"4.825006"
"69080.0";"4.535859"
"69090.0";"4.631236"
"69100.0";"4.587029"
"69110.0";"4.74004"
"69120.0";"4.631141"
"69130.0";"4.642474"
"69140.0";"4.516082"
"69150.0";"4.497841"
"69160.0";"4.465542"
"69170.0";"4.556065"
"69180.0";"4.423034"
"69190.0";"4.433234"
"69200.0";"4.555699"
"69210.0";"4.705833"
"69220.0";"4.804689"
"69230.0";"4.763864"
"69240.0";"4.860144"
"69250.0";"4.767062"
"69260.0";"4.897615"
"69270.0";"4.71161"
"69280.0";"4.577172"
"69290.0";"4.903602"
"69300.0";"4.85295"
"69310.0";"4.782502"
"69320.0";"4.757461"
"69330.0";"4.759536"
"69340.0";"4.771092"
"69350.0";"4.935215"
"69360.0";"4.96319"
"69370.0";"5.087487"
"69380.0";"5.031127"
"69390.0";"5.092904"
"69400.0";"5.283401"
"69410.0";"5.146104"
"69420.0";"5.041707"
"69430.0";"5.276887"
"69440.0";"5.357052"
"69450.0";"5.182425"
"69460.0";"5.195656"
"69470.0";"5.264887"
"69480.0";"5.311526"
"69490.0";"5.357591"
"69500.0";"5.395631"
"69510.0";"5.264208"
"69520.0";"5.37658"
"69530.0";"5.300399"
"69540.0";"5.231214"
"69550.0";"5.28202"
"69560.0";"5.275527"
"69570.0";"5.364979"
"69580.0";"5.381283"
"69590.0";"5.229965"
"69600.0";"5.263113"
"69610.0";"5.278852"
"69620.0";"5.379251"
"69630.0";"5.541229"
"69640.0";"5.564684"
"69650.0";"5.518711"
"69660.0";"5.514614"
"69670.0";"5.61207"
"69680.0";"5.89986"
"69690.0";"5.996178"
"69700.0";"6.121201"
"69710.0";"5.929951"
"69720.0";"5.778113"
"69730.0";"6.075715"
"69740.0";"5.979003"
"69750.0";"5.762422"
"69760.0";"5.813057"
"69770.0";"5.775556"
"69780.0";"5.798694"
"69790.0";"5.70393"
"69800.0";"5.62257"
"69810.0";"5.468451"
"69820.0";"5.264966"
"69830.0";"5.220918"
"69840.0";"5.280012"
"69850.0";"5.200868"
"69860.0";"4.936431"
"69870.0";"4.974185"
"69880.0";"5.181859"
"69890.0";"5.092556"
"69900.0";"4.84235"
"69910.0";"4.771088"
"69920.0";"4.809436"
"69930.0";"4.978753"
"69940.0";"4.868476"
"69950.0";"4.936286"
"69960.0";"4.941325"
"69970.0";"4.887219"
"69980.0";"4.703627"
"69990.0";"4.793739"
"70000.0";"4.664784"
"70010.0";"4.853231"
"70020.0";"4.996049"
"70030.0";"5.123057"
"70040.0";"4.948665"
"70050.0";"5.228467"
"70060.0";"5.167532"
"70070.0";"4.989258"
"70080.0";"5.01853"
"70090.0";"4.933619"
"70100.0";"4.903337"
"70110.0";"5.072681"
"70120.0";"5.086627"
"70130.0";"5.34019"
"70140.0";"5.207876"
"70150.0";"5.243618"
"70160.0";"5.221384"
"70170.0";"5.014663"
"70180.0";"4.947715"
"70190.0";"4.981599"
"70200.0";"4.962606"
"70210.0";"4.616015"
"70220.0";"4.66318"
"70230.0";"4.479987"
"70240.0";"4.501371"
"70250.0";"4.428658"
"70260.0";"4.262155"
"70270.0";"4.268278"
"70280.0";"4.160245"
"70290.0";"4.398046"
"70300.0";"4.388699"
"70310.0";"4.334057"
"70320.0";"4.076288"
"70330.0";"4.084876"
"70340.0";"4.120184"
"70350.0";"4.461276"
"70360.0";"4.577392"
"70370.0";"4.579433"
"70380.0";"4.427043"
"70390.0";"4.377174"
"70400.0";"4.475166"
"70410.0";"4.650685"
"70420.0";"4.616835"
"70430.0";"4.968441"
"70440.0";"5.020177"
"70450.0";"4.912743"
"70460.0";"4.806631"
"70470.0";"5.106525"
"70480.0";"4.875582"
"70490.0";"4.952303"
"70500.0";"4.992716"
"70510.0";"5.198283"
"70520.0";"5.054653"
"70530.0";"5.121117"
"70540.0";"4.834255"
"70550.0";"4.915402"
"70560.0";"4.772349"
"70570.0";"5.042273"
"70580.0";"4.984761"
"70590.0";"4.890536"
"70600.0";"4.975088"
"70610.0";"4.744094"
"70620.0";"4.821286"
"70630.0";"5.02894"
"70640.0";"5.18254"
"70650.0";"5.091538"
"70660.0";"5.154266"
"70670.0";"5.094297"
"70680.0";"4.94928"
"70690.0";"4.704744"
"70700.0";"4.672654"
"70710.0";"4.372043"
"70720.0";"4.246551"
"70730.0";"4.385451"
"70740.0";"4.346811"
"70750.0";"4.353332"
"70760.0";"4.433897"
"70770.0";"4.504371"
"70780.0";"4.225188"
"70790.0";"4.434942"
"70800.0";"4.142715"
"70810.0";"4.227529"
"70820.0";"3.929639"
"70830.0";"3.959926"
"70840.0";"4.021006"
"70850.0";"4.063736"
"70860.0";"4.109447"
"70870.0";"4.108651"
"70880.0";"3.860358"
"70890.0";"3.825686"
"70900.0";"3.553028"
"70910.0";"3.710341"
"70920.0";"3.867225"
"70930.0";"4.03109"
"70940.0";"3.979982"
"70950.0";"3.895066"
"70960.0";"3.956108"
"70970.0";"4.089101"
"70980.0";"3.948925"
"70990.0";"4.066483"
"71000.0";"3.958494"
"71010.0";"3.998583"
"71020.0";"4.045633"
"71030.0";"4.20585"
"71040.0";"4.169236"
"71050.0";"4.113042"
"71060.0";"4.211895"
"71070.0";"4.188778"
"71080.0";"4.3225"
"71090.0";"4.429283"
"71100.0";"4.391756"
"71110.0";"4.515384"
"71120.0";"4.387676"
"71130.0";"4.281477"
"71140.0";"4.178145"
"71150.0";"4.762253"
"71160.0";"5.03054"
"71170.0";"5.109217"
"71180.0";"5.09892"
"71190.0";"4.877932"
"71200.0";"4.775832"
"71210.0";"4.71893"
"71220.0";"4.749506"
"71230.0";"4.472199"
"71240.0";"4.723074"
"71250.0";"4.637424"
"71260.0";"4.498429"
"71270.0";"4.398889"
"71280.0";"4.241841"
"71290.0";"4.159348"
"71300.0";"4.28898"
"71310.0";"4.143977"
"71320.0";"4.309056"
"71330.0";"4.352123"
"71340.0";"4.667733"
"71350.0";"4.719898"
"71360.0";"4.593204"
"71370.0";"4.503079"
"71380.0";"4.721138"
"71390.0";"4.683565"
"71400.0";"4.368609"
"71410.0";"4.574094"
"71420.0";"4.711493"
"71430.0";"4.560496"
"71440.0";"4.807305"
"71450.0";"4.665235"
"71460.0";"4.550034"
"71470.0";"4.572624"
"71480.0";"4.536862"
"71490.0";"4.315696"
"71500.0";"4.396954"
"71510.0";"4.582318"
"71520.0";"4.52429"
"71530.0";"4.608082"
"71540.0";"4.735774"
"71550.0";"4.92452"
"71560.0";"4.701558"
"71570.0";"4.638877"
"71580.0";"4.614597"
"71590.0";"4.75184"
"71600.0";"4.765477"
"71610.0";"4.876426"
"71620.0";"4.67357"
"71630.0";"4.713939"
"71640.0";"4.86099"
"71650.0";"5.015861"
"71660.0";"5.062075"
"71670.0";"5.059642"
"71680.0";"5.033871"
"71690.0";"5.166096"
"71700.0";"5.167416"
"71710.0";"4.99744"
"71720.0";"5.068994"
"71730.0";"5.108867"
"71740.0";"5.047893"
"71750.0";"4.999383"
"71760.0";"5.05924"
"71770.0";"5.108895"
"71780.0";"5.066334"
"71790.0";"5.059732"
"71800.0";"4.991986"
"71810.0";"4.959419"
"71820.0";"5.125"
"71830.0";"4.955358"
"71840.0";"5.010976"
"71850.0";"5.017076"
"71860.0";"5.051802"
"71870.0";"5.057806"
"71880.0";"5.185911"
"71890.0";"4.839722"
"71900.0";"4.936335"
"71910.0";"4.874414"
"71920.0";"4.871158"
"71930.0";"4.875968"
"71940.0";"5.068511"
"71950.0";"4.836744"
"71960.0";"4.810513"
"71970.0";"4.588399"
"71980.0";"4.531628"
"71990.0";"4.846324"
"72000.0";"4.613833"
"72010.0";"4.538977"
"72020.0";"4.597264"
"72030.0";"4.474439"
"72040.0";"4.24572"
"72050.0";"4.181701"
"72060.0";"4.283449"
"72070.0";"4.14552"
"72080.0";"4.199796"
"72090.0";"4.081679"
"72100.0";"4.242298"
"72110.0";"4.278803"
"72120.0";"4.423791"
"72130.0";"4.497622"
"72140.0";"4.497467"
"72150.0";"4.57283"
"72160.0";"4.611536"
"72170.0";"4.57451"
"72180.0";"4.576693"
"72190.0";"4.477571"
"72200.0";"4.54071"
"72210.0";"4.451489"
"72220.0";"4.53522"
"72230.0";"4.309204"
"72240.0";"4.534394"
"72250.0";"4.743644"
"72260.0";"4.645019"
"72270.0";"4.529086"
"72280.0";"4.66947"
"72290.0";"4.683407"
"72300.0";"4.707465"
"72310.0";"4.581539"
"72320.0";"4.481783"
"72330.0";"4.523272"
"72340.0";"4.491525"
"72350.0";"4.264602"
"72360.0";"4.28343"
"72370.0";"4.343794"
"72380.0";"4.355857"
"72390.0";"4.436371"
"72400.0";"4.392512"
"72410.0";"4.316413"
"72420.0";"4.331477"
"72430.0";"4.128394"
"72440.0";"4.104669"
"72450.0";"3.933069"
"72460.0";"4.034422"
"72470.0";"3.833396"
"72480.0";"3.817036"
"72490.0";"3.870185"
"72500.0";"3.92788"
"72510.0";"4.151423"
"72520.0";"4.412876"
"72530.0";"4.409176"
"72540.0";"4.46563"
"72550.0";"4.595059"
"72560.0";"4.561903"
"72570.0";"4.624747"
"72580.0";"4.430539"
"72590.0";"4.409218"
"72600.0";"4.091496"
"72610.0";"4.255419"
"72620.0";"4.135664"
"72630.0";"4.18102"
"72640.0";"4.227224"
"72650.0";"4.453409"
"72660.0";"4.566269"
"72670.0";"4.64552"
"72680.0";"4.646639"
"72690.0";"4.700585"
"72700.0";"4.537524"
"72710.0";"4.35823"
"72720.0";"4.472054"
"72730.0";"4.431556"
"72740.0";"4.411514"
"72750.0";"4.351068"
"72760.0";"4.463496"
"72770.0";"4.229644"
"72780.0";"4.305231"
"72790.0";"4.264985"
"72800.0";"4.227051"
"72810.0";"4.260151"
"72820.0";"4.319213"
"72830.0";"4.300786"
"72840.0";"4.424963"
"72850.0";"4.498357"
"72860.0";"4.574489"
"72870.0";"4.676499"
"72880.0";"5.08965"
"72890.0";"5.097461"
"72900.0";"4.997672"
"72910.0";"4.764336"
"72920.0";"4.75832"
"72930.0";"4.956097"
"72940.0";"4.880296"
"72950.0";"4.722969"
"72960.0";"4.612175"
"72970.0";"4.710468"
"72980.0";"4.504496"
"72990.0";"4.42341"
"73000.0";"4.282069"
"73010.0";"4.277358"
"73020.0";"4.323224"
"73030.0";"4.619053"
"73040.0";"4.278288"
"73050.0";"4.147623"
"73060.0";"4.048007"
"73070.0";"4.063711"
"73080.0";"4.269227"
"73090.0";"4.245828"
"73100.0";"4.318384"
"73110.0";"4.139626"
"73120.0";"4.385786"
"73130.0";"4.692202"
"73140.0";"4.667176"
"73150.0";"4.720037"
"73160.0";"4.661208"
"73170.0";"4.474439"
"73180.0";"4.275984"
"73190.0";"4.256507"
"73200.0";"4.375145"
"73210.0";"4.440007"
"73220.0";"4.29182"
"73230.0";"4.37739"
"73240.0";"4.582693"
"73250.0";"4.529993"
"73260.0";"4.577014"
"73270.0";"4.53472"
"73280.0";"4.519639"
"73290.0";"4.508283"
"73300.0";"4.543674"
"73310.0";"4.493089"
"73320.0";"4.647953"
"73330.0";"4.752669"
"73340.0";"4.784877"
"73350.0";"4.702314"
"73360.0";"4.657522"
"73370.0";"4.626042"
"73380.0";"4.509651"
"73390.0";"4.554961"
"73400.0";"4.540686"
"73410.0";"4.526415"
"73420.0";"4.421533"
"73430.0";"4.410695"
"73440.0";"4.419569"
"73450.0";"4.280219"
"73460.0";"4.371198"
"73470.0";"4.293749"
"73480.0";"4.464516"
"73490.0";"4.339629"
"73500.0";"4.086467"
"73510.0";"4.083195"
"73520.0";"4.344141"
"73530.0";"4.245767"
"73540.0";"4.346606"
"73550.0";"4.129704"
"73560.0";"4.114508"
"73570.0";"4.222627"
"73580.0";"4.364642"
"73590.0";"4.284666"
"73600.0";"4.068369"
"73610.0";"3.819437"
"73620.0";"3.573154"
"73630.0";"3.555611"
"73640.0";"3.533941"
"73650.0";"3.573311"
"73660.0";"3.441513"
"73670.0";"3.273807"
"73680.0";"3.305341"
"73690.0";"3.356616"
"73700.0";"3.331514"
"73710.0";"3.481246"
"73720.0";"3.72656"
"73730.0";"3.597276"
"73740.0";"3.694251"
"73750.0";"3.500121"
"73760.0";"3.794215"
"73770.0";"3.813565"
"73780.0";"3.67205"
"73790.0";"3.604762"
"73800.0";"3.175797"
"73810.0";"3.303566"
"73820.0";"3.67996"
"73830.0";"3.742923"
"73840.0";"3.637558"
"73850.0";"3.625106"
"73860.0";"3.583017"
"73870.0";"3.376596"
"73880.0";"3.498575"
"73890.0";"3.296669"
"73900.0";"3.319046"
"73910.0";"3.435192"
"73920.0";"3.484684"
"73930.0";"3.48617"
"73940.0";"3.498621"
"73950.0";"3.40151"
"73960.0";"3.174739"
"73970.0";"3.204767"
"73980.0";"3.168871"
"73990.0";"3.436629"
"74000.0";"3.032583"
"74010.0";"3.012496"
"74020.0";"3.068568"
"74030.0";"2.742944"
"74040.0";"2.665253"
"74050.0";"2.720981"
"74060.0";"2.388925"
"74070.0";"2.431723"
"74080.0";"2.223032"
"74090.0";"2.082452"
"74100.0";"1.811867"
"74110.0";"1.821162"
"74120.0";"1.752761"
"74130.0";"2.003685"
"74140.0";"1.725746"
"74150.0";"1.856246"
"74160.0";"1.8335"
"74170.0";"1.809961"
"74180.0";"1.9863"
"74190.0";"1.918838"
"74200.0";"2.088758"
"74210.0";"2.064564"
"74220.0";"2.096401"
"74230.0";"2.328774"
"74240.0";"2.485363"
"74250.0";"2.534912"
"74260.0";"2.455338"
"74270.0";"2.195626"
"74280.0";"2.161967"
"74290.0";"2.03883"
"74300.0";"2.392498"
"74310.0";"2.503134"
"74320.0";"2.567174"
"74330.0";"2.331566"
"74340.0";"2.703653"
"74350.0";"2.692279"
"74360.0";"2.532375"
"74370.0";"2.217463"
"74380.0";"2.380497"
"74390.0";"2.277352"
"74400.0";"2.089228"
"74410.0";"2.275866"
"74420.0";"2.151019"
"74430.0";"2.045038"
"74440.0";"2.270169"
"74450.0";"2.352694"
"74460.0";"2.28294"
"74470.0";"2.434781"
"74480.0";"2.38276"
"74490.0";"2.135361"
"74500.0";"2.193328"
"74510.0";"2.21464"
"74520.0";"2.348822"
"74530.0";"2.218701"
"74540.0";"2.223143"
"74550.0";"2.163873"
"74560.0";"2.132753"
"74570.0";"2.198558"
"74580.0";"2.400084"
"74590.0";"2.174496"
"74600.0";"2.046331"
"74610.0";"1.899302"
"74620.0";"1.881675"
"74630.0";"2.066774"
"74640.0";"1.823695"
"74650.0";"1.992996"
"74660.0";"2.010782"
"74670.0";"2.054833"
"74680.0";"2.080434"
"74690.0";"2.038785"
"74700.0";"2.249218"
"74710.0";"2.240215"
"74720.0";"2.209445"
"74730.0";"2.165525"
"74740.0";"2.09876"
"74750.0";"2.025714"
"74760.0";"2.035569"
"74770.0";"2.157445"
"74780.0";"2.130907"
"74790.0";"2.195304"
"74800.0";"2.079302"
"74810.0";"2.247283"
"74820.0";"2.245044"
"74830.0";"2.467936"
"74840.0";"2.36936"
"74850.0";"2.552093"
"74860.0";"2.592836"
"74870.0";"2.752088"
"74880.0";"2.86651"
"74890.0";"2.779721"
"74900.0";"2.778264"
"74910.0";"2.70095"
"74920.0";"2.875772"
"74930.0";"2.901814"
"74940.0";"2.816535"
"74950.0";"2.621507"
"74960.0";"2.635899"
"74970.0";"2.580257"
"74980.0";"2.632614"
"74990.0";"2.695945"
"75000.0";"2.73616"
"75010.0";"2.581635"
"75020.0";"2.794401"
"75030.0";"2.59725"
"75040.0";"2.485384"
"75050.0";"2.618267"
"75060.0";"2.727776"
"75070.0";"2.54871"
"75080.0";"2.549099"
"75090.0";"2.546145"
"75100.0";"2.689224"
"75110.0";"2.747434"
"75120.0";"2.623591"
"75130.0";"2.611212"
"75140.0";"2.787914"
"75150.0";"2.982998"
"75160.0";"2.981558"
"75170.0";"2.79716"
"75180.0";"2.671314"
"75190.0";"2.81193"
"75200.0";"2.914002"
"75210.0";"2.450343"
"75220.0";"2.373737"
"75230.0";"2.370129"
"75240.0";"2.304933"
"75250.0";"2.225915"
"75260.0";"2.308763"
"75270.0";"2.462367"
"75280.0";"2.400364"
"75290.0";"2.144991"
"75300.0";"2.39873"
"75310.0";"2.410439"
"75320.0";"2.684815"
"75330.0";"2.633001"
"75340.0";"2.476456"
"75350.0";"2.407014"
"75360.0";"2.511815"
"75370.0";"2.518168"
"75380.0";"2.580785"
"75390.0";"2.679777"
"75400.0";"2.621356"
"75410.0";"2.761451"
"75420.0";"2.946843"
"75430.0";"2.964307"
"75440.0";"2.811321"
"75450.0";"3.010128"
"75460.0";"2.654791"
"75470.0";"2.652542"
"75480.0";"2.7691"
"75490.0";"2.743183"
"75500.0";"2.602237"
"75510.0";"2.534531"
"75520.0";"2.746443"
"75530.0";"2.597687"
"75540.0";"2.677177"
"75550.0";"2.884186"
"75560.0";"2.982539"
"75570.0";"3.340245"
"75580.0";"3.136262"
"75590.0";"3.024463"
"75600.0";"3.249493"
"75610.0";"3.388632"
"75620.0";"3.565724"
"75630.0";"3.359397"
"75640.0";"3.244736"
"75650.0";"3.143062"
"75660.0";"3.094687"
"75670.0";"3.183498"
"75680.0";"3.282248"
"75690.0";"3.46517"
"75700.0";"3.690359"
"75710.0";"3.426204"
"75720.0";"3.445026"
"75730.0";"3.510537"
"75740.0";"3.729779"
"75750.0";"3.657993"
"75760.0";"3.58154"
"75770.0";"3.837413"
"75780.0";"3.753615"
"75790.0";"3.858994"
"75800.0";"3.737794"
"75810.0";"3.687125"
"75820.0";"4.030008"
"75830.0";"4.008018"
"75840.0";"3.907792"
"75850.0";"3.907973"
"75860.0";"3.917396"
"75870.0";"4.028829"
"75880.0";"3.949009"
"75890.0";"3.889994"
"75900.0";"3.656762"
"75910.0";"3.555439"
"75920.0";"3.624065"
"75930.0";"3.615623"
"75940.0";"3.644578"
"75950.0";"3.571965"
"75960.0";"3.6361"
"75970.0";"3.624706"
"75980.0";"3.623423"
"75990.0";"3.648685"
"76000.0";"3.573799"
"76010.0";"3.73416"
"76020.0";"3.84099"
"76030.0";"3.792274"
"76040.0";"3.865269"
"76050.0";"4.005505"
"76060.0";"4.111992"
"76070.0";"4.049963"
"76080.0";"3.917104"
"76090.0";"3.697155"
"76100.0";"3.599686"
"76110.0";"3.509627"
"76120.0";"3.614615"
"76130.0";"3.591808"
"76140.0";"3.757552"
"76150.0";"3.560303"
"76160.0";"3.744222"
"76170.0";"3.634068"
"76180.0";"3.654667"
"76190.0";"3.628155"
"76200.0";"3.799008"
"76210.0";"3.845539"
"76220.0";"3.789376"
"76230.0";"3.49074"
"76240.0";"3.722934"
"76250.0";"3.8126"
"76260.0";"3.501085"
"76270.0";"3.551937"
"76280.0";"3.712363"
"76290.0";"3.365777"
"76300.0";"3.533527"
"76310.0";"3.514894"
"76320.0";"3.404733"
"76330.0";"3.310834"
"76340.0";"3.434336"
"76350.0";"3.692959"
"76360.0";"3.870108"
"76370.0";"3.877458"
"76380.0";"3.792627"
"76390.0";"3.622971"
"76400.0";"3.566503"
"76410.0";"3.522509"
"76420.0";"3.558045"
"76430.0";"3.372463"
"76440.0";"2.806332"
"76450.0";"2.721344"
"76460.0";"2.561833"
"76470.0";"2.346557"
"76480.0";"2.538009"
"76490.0";"2.503798"
"76500.0";"2.682449"
"76510.0";"2.712609"
"76520.0";"2.619163"
"76530.0";"2.655626"
"76540.0";"2.425634"
"76550.0";"2.428471"
"76560.0";"2.408084"
"76570.0";"2.401728"
"76580.0";"2.434092"
"76590.0";"2.37428"
"76600.0";"2.384444"
"76610.0";"2.479989"
"76620.0";"2.325191"
"76630.0";"2.405586"
"76640.0";"2.415634"
"76650.0";"2.356264"
"76660.0";"2.549122"
"76670.0";"2.18597"
"76680.0";"2.452207"
"76690.0";"2.223742"
"76700.0";"1.969078"
"76710.0";"2.00129"
"76720.0";"1.981624"
"76730.0";"1.989626"
"76740.0";"1.945004"
"76750.0";"1.805043"
"76760.0";"2.022483"
"76770.0";"2.037129"
"76780.0";"1.910937"
"76790.0";"2.090328"
"76800.0";"2.13806"
"76810.0";"2.255702"
"76820.0";"2.220131"
"76830.0";"2.225813"
"76840.0";"2.286628"
"76850.0";"2.272698"
"76860.0";"2.294631"
"76870.0";"2.319635"
"76880.0";"2.292835"
"76890.0";"2.355302"
"76900.0";"2.429347"
"76910.0";"2.462908"
"76920.0";"2.314494"
"76930.0";"2.315524"
"76940.0";"2.607204"
"76950.0";"2.585514"
"76960.0";"2.681817"
"76970.0";"2.578005"
"76980.0";"2.576455"
"76990.0";"2.528198"
"77000.0";"2.500682"
"77010.0";"2.577265"
"77020.0";"2.358941"
"77030.0";"2.255228"
"77040.0";"2.29002"
"77050.0";"2.37463"
"77060.0";"2.459253"
"77070.0";"2.656276"
"77080.0";"2.568402"
"77090.0";"2.621327"
"77100.0";"2.623402"
"77110.0";"2.830298"
"77120.0";"2.92185"
"77130.0";"2.718278"
"77140.0";"2.856282"
"77150.0";"2.848293"
"77160.0";"2.841406"
"77170.0";"2.809942"
"77180.0";"2.880169"
"77190.0";"2.872628"
"77200.0";"2.943874"
"77210.0";"2.961311"
"77220.0";"2.831059"
"77230.0";"2.742447"
"77240.0";"2.828893"
"77250.0";"2.707746"
"77260.0";"2.54373"
"77270.0";"2.67001"
"77280.0";"2.648915"
"77290.0";"2.437304"
"77300.0";"2.649446"
"77310.0";"2.668466"
"77320.0";"2.684035"
"77330.0";"2.998783"
"77340.0";"2.900458"
"77350.0";"2.654675"
"77360.0";"2.700098"
"77370.0";"2.68773"
"77380.0";"2.685816"
"77390.0";"2.779676"
"77400.0";"2.681204"
"77410.0";"2.5915"
"77420.0";"2.564737"
"77430.0";"2.627099"
"77440.0";"2.723097"
"77450.0";"2.717971"
"77460.0";"2.832265"
"77470.0";"3.069488"
"77480.0";"3.034709"
"77490.0";"3.128726"
"77500.0";"3.260423"
"77510.0";"3.226444"
"77520.0";"3.375964"
"77530.0";"3.13926"
"77540.0";"3.444305"
"77550.0";"3.333798"
"77560.0";"3.422975"
"77570.0";"3.664781"
"77580.0";"3.760894"
"77590.0";"3.750316"
"77600.0";"3.643768"
"77610.0";"3.689625"
"77620.0";"3.620977"
"77630.0";"3.605627"
"77640.0";"3.686546"
"77650.0";"3.826723"
"77660.0";"3.659337"
"77670.0";"3.316018"
"77680.0";"3.125198"
"77690.0";"3.259157"
"77700.0";"3.03477"
"77710.0";"3.038979"
"77720.0";"3.051398"
"77730.0";"3.14899"
"77740.0";"3.295259"
"77750.0";"3.567622"
"77760.0";"3.582618"
"77770.0";"3.768829"
"77780.0";"3.849258"
"77790.0";"3.919832"
"77800.0";"3.790818"
"77810.0";"3.697792"
"77820.0";"3.631361"
"77830.0";"3.687696"
"77840.0";"3.543984"
"77850.0";"3.788203"
"77860.0";"3.673309"
"77870.0";"3.726259"
"77880.0";"3.581556"
"77890.0";"3.39435"
"77900.0";"3.414225"
"77910.0";"3.373148"
"77920.0";"3.473869"
"77930.0";"3.560643"
"77940.0";"3.5878"
"77950.0";"3.789237"
"77960.0";"3.922447"
"77970.0";"3.766702"
"77980.0";"3.833051"
"77990.0";"3.879309"
"78000.0";"3.800177"
"78010.0";"3.931795"
"78020.0";"3.971237"
"78030.0";"3.90232"
"78040.0";"3.941788"
"78050.0";"4.017772"
"78060.0";"4.011645"
"78070.0";"3.965971"
"78080.0";"4.004705"
"78090.0";"3.998741"
"78100.0";"3.978708"
"78110.0";"3.855772"
"78120.0";"4.014995"
"78130.0";"4.050618"
"78140.0";"4.008476"
"78150.0";"4.130998"
"78160.0";"4.200673"
"78170.0";"4.30725"
"78180.0";"4.132117"
"78190.0";"4.321712"
"78200.0";"4.225371"
"78210.0";"4.358541"
"78220.0";"4.414534"
"78230.0";"4.390285"
"78240.0";"4.546187"
"78250.0";"4.499495"
"78260.0";"4.694901"
"78270.0";"4.730397"
"78280.0";"4.724765"
"78290.0";"4.746877"
"78300.0";"4.667274"
"78310.0";"4.562152"
"78320.0";"4.700389"
"78330.0";"4.555354"
"78340.0";"4.58242"
"78350.0";"4.723819"
"78360.0";"4.806161"
"78370.0";"4.977279"
"78380.0";"4.9733"
"78390.0";"4.970004"
"78400.0";"4.990106"
"78410.0";"5.102927"
"78420.0";"5.08594"
"78430.0";"5.059731"
"78440.0";"4.864074"
"78450.0";"4.913124"
"78460.0";"4.910213"
"78470.0";"5.020158"
"78480.0";"5.088653"
"78490.0";"5.06509"
"78500.0";"4.918905"
"78510.0";"4.885776"
"78520.0";"4.801525"
"78530.0";"4.64919"
"78540.0";"4.640792"
"78550.0";"4.646766"
"78560.0";"4.618185"
"78570.0";"4.480975"
"78580.0";"4.540069"
"78590.0";"4.613254"
"78600.0";"4.803824"
"78610.0";"4.788923"
"78620.0";"4.621718"
"78630.0";"4.704691"
"78640.0";"4.678468"
"78650.0";"4.55105"
"78660.0";"4.589232"
"78670.0";"4.757906"
"78680.0";"4.443528"
"78690.0";"4.37381"
"78700.0";"4.609727"
"78710.0";"4.919293"
"78720.0";"4.919525"
"78730.0";"4.936941"
"78740.0";"4.820201"
"78750.0";"4.815158"
"78760.0";"4.63526"
"78770.0";"4.79071"
"78780.0";"4.647637"
"78790.0";"4.61731"
"78800.0";"4.577888"
"78810.0";"4.752107"
"78820.0";"4.773417"
"78830.0";"4.73138"
"78840.0";"4.911464"
"78850.0";"4.991791"
"78860.0";"5.135842"
"78870.0";"4.958545"
"78880.0";"4.884693"
"78890.0";"4.687806"
"78900.0";"4.711462"
"78910.0";"4.637589"
"78920.0";"4.74198"
"78930.0";"5.027123"
"78940.0";"5.043096"
"78950.0";"5.085309"
"78960.0";"5.02281"
"78970.0";"5.097951"
"78980.0";"5.079865"
"78990.0";"5.286947"
"79000.0";"5.174301"
"79010.0";"5.278965"
"79020.0";"5.299573"
"79030.0";"5.33005"
"79040.0";"5.171286"
"79050.0";"5.137185"
"79060.0";"5.190079"
"79070.0";"5.255948"
"79080.0";"5.239372"
"79090.0";"5.107852"
"79100.0";"5.280112"
"79110.0";"5.364107"
"79120.0";"5.224539"
"79130.0";"5.201343"
"79140.0";"5.178204"
"79150.0";"5.430829"
"79160.0";"5.018263"
"79170.0";"4.935938"
"79180.0";"4.64186"
"79190.0";"4.772409"
"79200.0";"4.752018"
"79210.0";"4.787697"
"79220.0";"4.637433"
"79230.0";"4.718602"
"79240.0";"5.104747"
"79250.0";"5.151174"
"79260.0";"5.199142"
"79270.0";"4.890908"
"79280.0";"4.806642"
"79290.0";"4.971785"
"79300.0";"4.835639"
"79310.0";"4.917518"
"79320.0";"4.862039"
"79330.0";"4.851879"
"79340.0";"4.606088"
"79350.0";"4.506769"
"79360.0";"4.593861"
"79370.0";"4.484552"
"79380.0";"4.47989"
"79390.0";"4.65805"
"79400.0";"4.473861"
"79410.0";"4.285778"
"79420.0";"4.2733"
"79430.0";"4.23693"
"79440.0";"4.463776"
"79450.0";"4.164792"
"79460.0";"4.058759"
"79470.0";"3.751212"
"79480.0";"4.069141"
"79490.0";"3.937751"
"79500.0";"3.758572"
"79510.0";"3.83535"
"79520.0";"3.810116"
"79530.0";"3.707656"
"79540.0";"3.65852"
"79550.0";"3.658613"
"79560.0";"3.583613"
"79570.0";"3.735473"
"79580.0";"3.651305"
"79590.0";"3.661759"
"79600.0";"3.725476"
"79610.0";"3.666377"
"79620.0";"3.809807"
"79630.0";"3.71479"
"79640.0";"3.492387"
"79650.0";"3.420058"
"79660.0";"3.195352"
"79670.0";"3.244376"
"79680.0";"3.400901"
"79690.0";"3.503845"
"79700.0";"3.346671"
"79710.0";"3.101954"
"79720.0";"3.114083"
"79730.0";"3.13062"
"79740.0";"3.157662"
"79750.0";"3.46242"
"79760.0";"3.350583"
"79770.0";"3.295654"
"79780.0";"3.186961"
"79790.0";"3.222845"
"79800.0";"3.348974"
"79810.0";"3.601968"
"79820.0";"3.488811"
"79830.0";"3.611846"
"79840.0";"3.391515"
"79850.0";"3.153062"
"79860.0";"3.335583"
"79870.0";"3.374743"
"79880.0";"3.560021"
"79890.0";"3.540514"
"79900.0";"3.423817"
"79910.0";"3.783082"
"79920.0";"3.691559"
"79930.0";"3.744899"
"79940.0";"3.880004"
"79950.0";"4.144534"
"79960.0";"4.251416"
"79970.0";"4.189393"
"79980.0";"4.141259"
"79990.0";"4.100163"
"80000.0";"4.015033"
"80010.0";"3.902094"
"80020.0";"3.842113"
"80030.0";"3.770372"
"80040.0";"3.542049"
"80050.0";"3.661519"
"80060.0";"3.808426"
"80070.0";"3.660842"
"80080.0";"3.547599"
"80090.0";"3.637778"
"80100.0";"3.637218"
"80110.0";"3.775383"
"80120.0";"3.767225"
"80130.0";"3.786075"
"80140.0";"3.914858"
"80150.0";"3.936365"
"80160.0";"4.037582"
"80170.0";"3.920367"
"80180.0";"3.97942"
"80190.0";"4.073996"
"80200.0";"3.970596"
"80210.0";"3.903784"
"80220.0";"3.983029"
"80230.0";"3.912606"
"80240.0";"4.26177"
"80250.0";"4.200125"
"80260.0";"4.27406"
"80270.0";"4.272244"
"80280.0";"4.348315"
"80290.0";"4.491695"
"80300.0";"4.654693"
"80310.0";"4.698147"
"80320.0";"4.516782"
"80330.0";"4.387728"
"80340.0";"4.417366"
"80350.0";"4.324596"
"80360.0";"4.410182"
"80370.0";"4.388371"
"80380.0";"4.561721"
"80390.0";"4.501151"
"80400.0";"4.752561"
"80410.0";"4.556783"
"80420.0";"4.582429"
"80430.0";"4.442908"
"80440.0";"4.393982"
"80450.0";"4.275675"
"80460.0";"4.157783"
"80470.0";"4.302255"
"80480.0";"4.404306"
"80490.0";"4.608899"
"80500.0";"4.681264"
"80510.0";"4.882327"
"80520.0";"4.846905"
"80530.0";"5.017946"
"80540.0";"4.916968"
"80550.0";"4.794198"
"80560.0";"4.812801"
"80570.0";"4.902602"
"80580.0";"4.89327"
"80590.0";"4.835198"
"80600.0";"4.855211"
"80610.0";"4.936929"
"80620.0";"4.754951"
"80630.0";"4.87506"
"80640.0";"4.888456"
"80650.0";"4.632592"
"80660.0";"4.80256"
"80670.0";"4.891383"
"80680.0";"4.816885"
"80690.0";"4.719723"
"80700.0";"4.760362"
"80710.0";"4.69094"
"80720.0";"4.725844"
"80730.0";"4.796721"
"80740.0";"4.815276"
"80750.0";"4.822797"
"80760.0";"4.681467"
"80770.0";"4.69506"
"80780.0";"4.763993"
"80790.0";"4.83982"
"80800.0";"4.695955"
"80810.0";"4.764883"
"80820.0";"4.70996"
"80830.0";"4.616385"
"80840.0";"4.511332"
"80850.0";"4.723591"
"80860.0";"4.872109"
"80870.0";"5.092025"
"80880.0";"5.375395"
"80890.0";"5.285553"
"80900.0";"5.271407"
"80910.0";"5.197627"
"80920.0";"5.144722"
"80930.0";"5.161222"
"80940.0";"5.08217"
"80950.0";"5.021103"
"80960.0";"5.144172"
"80970.0";"4.98375"
"80980.0";"5.211172"
"80990.0";"5.010969"
"81000.0";"4.931345"
"81010.0";"4.94171"
"81020.0";"5.047829"
"81030.0";"4.933393"
"81040.0";"5.056679"
"81050.0";"5.040526"
"81060.0";"4.991473"
"81070.0";"5.034698"
"81080.0";"5.097282"
"81090.0";"5.068769"
"81100.0";"5.130937"
"81110.0";"5.296168"
"81120.0";"5.367896"
"81130.0";"5.267074"
"81140.0";"5.268479"
"81150.0";"5.369939"
"81160.0";"5.333225"
"81170.0";"5.080091"
"81180.0";"5.193527"
"81190.0";"5.000622"
"81200.0";"4.814863"
"81210.0";"4.869417"
"81220.0";"4.896872"
"81230.0";"5.080955"
"81240.0";"4.924843"
"81250.0";"5.117265"
"81260.0";"5.214968"
"81270.0";"5.249393"
"81280.0";"5.124104"
"81290.0";"5.197386"
"81300.0";"5.343446"
"81310.0";"5.474905"
"81320.0";"5.362173"
"81330.0";"5.444972"
"81340.0";"5.345384"
"81350.0";"5.426392"
"81360.0";"5.088542"
"81370.0";"5.02623"
"81380.0";"5.314095"
"81390.0";"5.34368"
"81400.0";"5.330649"
"81410.0";"5.480683"
"81420.0";"5.302166"
"81430.0";"5.324716"
"81440.0";"5.271245"
"81450.0";"5.341542"
"81460.0";"5.057052"
"81470.0";"4.978395"
"81480.0";"4.916903"
"81490.0";"5.007812"
"81500.0";"5.008074"
"81510.0";"5.064891"
"81520.0";"5.24067"
"81530.0";"5.313208"
"81540.0";"5.28299"
"81550.0";"5.059345"
"81560.0";"4.92893"
"81570.0";"4.743903"
"81580.0";"4.731785"
"81590.0";"4.666459"
"81600.0";"4.439169"
"81610.0";"4.312874"
"81620.0";"4.300972"
"81630.0";"4.416049"
"81640.0";"4.236104"
"81650.0";"4.212186"
"81660.0";"4.401283"
"81670.0";"4.113687"
"81680.0";"4.112787"
"81690.0";"4.116569"
"81700.0";"4.095306"
"81710.0";"4.195335"
"81720.0";"4.100771"
"81730.0";"4.246249"
"81740.0";"3.997364"
"81750.0";"3.899265"
"81760.0";"3.749654"
"81770.0";"3.401612"
"81780.0";"3.455344"
"81790.0";"3.483526"
"81800.0";"3.198656"
"81810.0";"3.227543"
"81820.0";"3.307359"
"81830.0";"3.567824"
"81840.0";"3.768712"
"81850.0";"3.769444"
"81860.0";"3.984932"
"81870.0";"3.935297"
"81880.0";"4.070564"
"81890.0";"4.349382"
"81900.0";"4.454331"
"81910.0";"4.454957"
"81920.0";"4.320629"
"81930.0";"4.14701"
"81940.0";"4.210989"
"81950.0";"4.340024"
"81960.0";"4.514677"
"81970.0";"4.640793"
"81980.0";"4.499112"
"81990.0";"4.398888"
"82000.0";"4.487992"
"82010.0";"4.563187"
"82020.0";"4.436481"
"82030.0";"4.421848"
"82040.0";"4.478554"
"82050.0";"4.514966"
"82060.0";"4.475358"
"82070.0";"4.264545"
"82080.0";"4.345926"
"82090.0";"4.310324"
"82100.0";"4.421675"
"82110.0";"4.502932"
"82120.0";"4.451982"
"82130.0";"4.27578"
"82140.0";"4.389833"
"82150.0";"4.310869"
"82160.0";"4.392983"
"82170.0";"4.259317"
"82180.0";"4.424372"
"82190.0";"4.419321"
"82200.0";"4.19574"
"82210.0";"4.204181"
"82220.0";"4.218112"
"82230.0";"4.072395"
"82240.0";"4.130309"
"82250.0";"4.195785"
"82260.0";"4.205398"
"82270.0";"4.315482"
"82280.0";"4.358124"
"82290.0";"4.457373"
"82300.0";"4.464133"
"82310.0";"4.377271"
"82320.0";"4.330172"
"82330.0";"4.425423"
"82340.0";"4.666828"
"82350.0";"4.530602"
"82360.0";"4.586318"
"82370.0";"4.380509"
"82380.0";"4.570159"
"82390.0";"4.478941"
"82400.0";"4.264142"
"82410.0";"4.304831"
"82420.0";"4.412825"
"82430.0";"4.505738"
"82440.0";"4.481238"
"82450.0";"4.610735"
"82460.0";"4.674547"
"82470.0";"4.486946"
"82480.0";"4.578866"
"82490.0";"4.538543"
"82500.0";"4.71088"
"82510.0";"4.514996"
"82520.0";"4.452144"
"82530.0";"4.38135"
"82540.0";"4.219887"
"82550.0";"4.066601"
"82560.0";"4.208267"
"82570.0";"4.103539"
"82580.0";"4.079303"
"82590.0";"3.924089"
"82600.0";"4.154561"
"82610.0";"4.006461"
"82620.0";"4.360943"
"82630.0";"4.48187"
"82640.0";"4.485044"
"82650.0";"4.586967"
"82660.0";"4.615428"
"82670.0";"4.327428"
"82680.0";"4.159883"
"82690.0";"4.163859"
"82700.0";"3.986784"
"82710.0";"4.016441"
"82720.0";"4.06392"
"82730.0";"4.162506"
"82740.0";"4.376452"
"82750.0";"4.605309"
"82760.0";"4.62166"
"82770.0";"4.792015"
"82780.0";"4.794694"
"82790.0";"4.696937"
"82800.0";"4.911033"
"82810.0";"4.779737"
"82820.0";"4.666443"
"82830.0";"4.69805"
"82840.0";"4.775685"
"82850.0";"4.602215"
"82860.0";"4.689712"
"82870.0";"4.725536"
"82880.0";"4.441946"
"82890.0";"4.390426"
"82900.0";"4.453671"
"82910.0";"4.395319"
"82920.0";"4.482318"
"82930.0";"4.352044"
"82940.0";"4.216695"
"82950.0";"4.165038"
"82960.0";"4.227253"
"82970.0";"4.05547"
"82980.0";"4.047662"
"82990.0";"4.148826"
"83000.0";"4.109647"
"83010.0";"4.208731"
"83020.0";"4.112892"
"83030.0";"4.084971"
"83040.0";"4.247899"
"83050.0";"4.319513"
"83060.0";"4.387186"
"83070.0";"4.246697"
"83080.0";"4.158736"
"83090.0";"4.07998"
"83100.0";"4.140975"
"83110.0";"4.31132"
"83120.0";"4.247159"
"83130.0";"4.102822"
"83140.0";"4.218496"
"83150.0";"4.072075"
"83160.0";"4.333909"
"83170.0";"4.240808"
"83180.0";"4.325747"
"83190.0";"4.259987"
"83200.0";"4.066109"
"83210.0";"4.092408"
"83220.0";"4.036122"
"83230.0";"3.897715"
"83240.0";"3.888026"
"83250.0";"3.965726"
"83260.0";"3.851911"
"83270.0";"4.11548"
"83280.0";"3.919853"
"83290.0";"4.072508"
"83300.0";"3.823367"
"83310.0";"3.757857"
"83320.0";"3.466686"
"83330.0";"3.496751"
"83340.0";"3.527876"
"83350.0";"3.445277"
"83360.0";"3.540027"
"83370.0";"3.76293"
"83380.0";"3.518385"
"83390.0";"3.636369"
"83400.0";"3.486227"
"83410.0";"3.276263"
"83420.0";"3.1247"
"83430.0";"3.309296"
"83440.0";"3.555571"
"83450.0";"3.71402"
"83460.0";"3.533997"
"83470.0";"3.284339"
"83480.0";"3.672334"
"83490.0";"3.543557"
"83500.0";"3.660048"
"83510.0";"3.860411"
"83520.0";"3.838515"
"83530.0";"3.815754"
"83540.0";"3.530076"
"83550.0";"3.688493"
"83560.0";"3.682199"
"83570.0";"3.646706"
"83580.0";"3.747343"
"83590.0";"3.632202"
"83600.0";"3.695304"
"83610.0";"3.734936"
"83620.0";"3.352351"
"83630.0";"3.497504"
"83640.0";"3.403948"
"83650.0";"3.606495"
"83660.0";"3.584291"
"83670.0";"3.642458"
"83680.0";"3.793319"
"83690.0";"3.626144"
"83700.0";"3.458285"
"83710.0";"3.306212"
"83720.0";"3.118898"
"83730.0";"3.075755"
"83740.0";"3.170071"
"83750.0";"3.231504"
"83760.0";"3.213867"
"83770.0";"3.390839"
"83780.0";"3.229807"
"83790.0";"3.355913"
"83800.0";"3.11679"
"83810.0";"3.249135"
"83820.0";"3.123227"
"83830.0";"3.206666"
"83840.0";"3.073251"
"83850.0";"3.272114"
"83860.0";"3.333066"
"83870.0";"3.60523"
"83880.0";"3.66319"
"83890.0";"3.808446"
"83900.0";"3.68319"
"83910.0";"3.76614"
"83920.0";"3.900965"
"83930.0";"3.856809"
"83940.0";"3.941105"
"83950.0";"3.874553"
"83960.0";"3.810127"
"83970.0";"3.67764"
"83980.0";"3.556079"
"83990.0";"3.96661"
"84000.0";"3.933333"
"84010.0";"3.830084"
"84020.0";"3.785708"
"84030.0";"3.794244"
"84040.0";"3.854344"
"84050.0";"3.688562"
"84060.0";"3.416372"
"84070.0";"3.474279"
"84080.0";"3.766732"
"84090.0";"3.668934"
"84100.0";"3.672152"
"84110.0";"3.418809"
"84120.0";"3.691613"
"84130.0";"3.710759"
"84140.0";"3.875584"
"84150.0";"3.733651"
"84160.0";"3.849842"
"84170.0";"3.497896"
"84180.0";"3.730079"
"84190.0";"4.123878"
"84200.0";"4.107073"
"84210.0";"4.109221"
"84220.0";"4.202373"
"84230.0";"4.096274"
"84240.0";"4.103155"
"84250.0";"4.196054"
"84260.0";"4.205825"
"84270.0";"4.148407"
"84280.0";"4.24273"
"84290.0";"4.258519"
"84300.0";"4.446383"
"84310.0";"4.364413"
"84320.0";"4.545999"
"84330.0";"4.656035"
"84340.0";"4.49106"
"84350.0";"4.581715"
"84360.0";"4.475709"
"84370.0";"4.35991"
"84380.0";"4.240818"
"84390.0";"4.24152"
"84400.0";"4.292981"
"84410.0";"4.224873"
"84420.0";"4.338054"
"84430.0";"4.402899"
"84440.0";"4.321657"
"84450.0";"4.405917"
"84460.0";"4.511809"
"84470.0";"4.432248"
"84480.0";"4.514707"
"84490.0";"4.388451"
"84500.0";"4.655771"
"84510.0";"4.576873"
"84520.0";"4.588151"
"84530.0";"4.41544"
"84540.0";"4.559068"
"84550.0";"4.488806"
"84560.0";"4.630823"
"84570.0";"4.527237"
"84580.0";"4.542212"
"84590.0";"4.064899"
"84600.0";"4.028145"
"84610.0";"3.815527"
"84620.0";"3.756247"
"84630.0";"3.621245"
"84640.0";"3.540029"
"84650.0";"3.722375"
"84660.0";"3.83523"
"84670.0";"3.976776"
"84680.0";"3.940913"
"84690.0";"3.748536"
"84700.0";"4.011611"
"84710.0";"3.829346"
"84720.0";"3.731258"
"84730.0";"3.645065"
"84740.0";"3.93186"
"84750.0";"3.899569"
"84760.0";"3.701847"
"84770.0";"3.944088"
"84780.0";"3.990501"
"84790.0";"3.974395"
"84800.0";"4.201489"
"84810.0";"4.050088"
"84820.0";"4.190166"
"84830.0";"4.190705"
"84840.0";"4.023856"
"84850.0";"3.952722"
"84860.0";"4.325945"
"84870.0";"4.353535"
"84880.0";"4.662803"
"84890.0";"4.751037"
"84900.0";"4.583077"
"84910.0";"4.576815"
"84920.0";"4.439143"
"84930.0";"4.513499"
"84940.0";"4.542723"
"84950.0";"4.444972"
"84960.0";"4.384745"
"84970.0";"4.264676"
"84980.0";"4.21506"
"84990.0";"4.344481"
"85000.0";"4.454794"
"85010.0";"4.528634"
"85020.0";"4.623466"
"85030.0";"4.766399"
"85040.0";"4.836368"
"85050.0";"4.790354"
"85060.0";"4.99466"
"85070.0";"4.94004"
"85080.0";"4.753955"
"85090.0";"4.641821"
"85100.0";"4.669331"
"85110.0";"4.777017"
"85120.0";"4.674932"
"85130.0";"4.725251"
"85140.0";"4.788405"
"85150.0";"4.706017"
"85160.0";"4.681124"
"85170.0";"4.691844"
"85180.0";"4.493828"
"85190.0";"4.552406"
"85200.0";"4.4405"
"85210.0";"4.423378"
"85220.0";"4.499462"
"85230.0";"4.563537"
"85240.0";"4.482011"
"85250.0";"4.481675"
"85260.0";"4.729068"
"85270.0";"4.505391"
"85280.0";"4.844642"
"85290.0";"4.649886"
"85300.0";"4.566623"
"85310.0";"4.769754"
"85320.0";"4.954913"
"85330.0";"4.827925"
"85340.0";"4.820311"
"85350.0";"4.718006"
"85360.0";"4.797374"
"85370.0";"4.658817"
"85380.0";"4.486554"
"85390.0";"4.607433"
"85400.0";"4.31769"
"85410.0";"4.270333"
"85420.0";"4.327751"
"85430.0";"4.2518"
"85440.0";"4.241811"
"85450.0";"4.301257"
"85460.0";"4.401439"
"85470.0";"4.350585"
"85480.0";"4.467295"
"85490.0";"4.367785"
"85500.0";"4.238643"
"85510.0";"4.293648"
"85520.0";"4.131227"
"85530.0";"4.034496"
"85540.0";"4.085895"
"85550.0";"4.304533"
"85560.0";"4.308708"
"85570.0";"4.159412"
"85580.0";"4.269461"
"85590.0";"4.527435"
"85600.0";"4.686368"
"85610.0";"4.839543"
"85620.0";"4.801374"
"85630.0";"4.64549"
"85640.0";"4.648946"
"85650.0";"4.616439"
"85660.0";"4.422339"
"85670.0";"4.423374"
"85680.0";"4.216382"
"85690.0";"4.290424"
"85700.0";"4.456439"
"85710.0";"4.438323"
"85720.0";"4.618847"
"85730.0";"4.396052"
"85740.0";"4.457904"
"85750.0";"4.597785"
"85760.0";"4.60459"
"85770.0";"4.518657"
"85780.0";"4.377275"
"85790.0";"4.40898"
"85800.0";"4.445512"
"85810.0";"4.389266"
"85820.0";"4.320327"
"85830.0";"4.357991"
"85840.0";"4.349914"
"85850.0";"4.391938"
"85860.0";"4.479392"
"85870.0";"4.705742"
"85880.0";"4.395775"
"85890.0";"4.424454"
"85900.0";"4.367561"
"85910.0";"4.390107"
"85920.0";"4.340598"
"85930.0";"4.493434"
"85940.0";"4.41751"
"85950.0";"4.586636"
"85960.0";"4.699927"
"85970.0";"4.735108"
"85980.0";"4.703136"
"85990.0";"4.641682"
"86000.0";"4.724073"
"86010.0";"4.732448"
"86020.0";"4.989688"
"86030.0";"4.907049"
"86040.0";"4.956654"
"86050.0";"4.867912"
"86060.0";"4.753028"
"86070.0";"4.84817"
"86080.0";"4.772595"
"86090.0";"4.846367"
"86100.0";"4.983634"
"86110.0";"4.981731"
"86120.0";"5.031573"
"86130.0";"5.103883"
"86140.0";"5.012524"
"86150.0";"5.117883"
"86160.0";"5.114813"
"86170.0";"5.07776"
"86180.0";"4.820317"
"86190.0";"4.85243"
"86200.0";"4.789494"
"86210.0";"4.727742"
"86220.0";"4.641994"
"86230.0";"4.638937"
"86240.0";"4.938754"
"86250.0";"4.787168"
"86260.0";"4.868521"
"86270.0";"4.712458"
"86280.0";"4.508426"
"86290.0";"4.627179"
"86300.0";"4.641007"
"86310.0";"4.576521"
"86320.0";"4.398679"
"86330.0";"4.379245"
"86340.0";"4.457111"
"86350.0";"4.354417"
"86360.0";"4.283603"
"86370.0";"4.41465"
"86380.0";"4.437168"
"86390.0";"4.441526"
"86400.0";"4.380356"
"86410.0";"4.203794"
"86420.0";"3.960835"
"86430.0";"4.021298"
"86440.0";"4.027685"
"86450.0";"3.968035"
"86460.0";"3.872515"
"86470.0";"3.945375"
"86480.0";"4.072628"
"86490.0";"4.14039"
"86500.0";"4.105028"
"86510.0";"3.876052"
"86520.0";"4.037133"
"86530.0";"4.499646"
"86540.0";"4.639695"
"86550.0";"4.670365"
"86560.0";"4.649197"
"86570.0";"5.026989"
"86580.0";"4.91087"
"86590.0";"4.784251"
"86600.0";"4.875304"
"86610.0";"4.69119"
"86620.0";"4.604282"
"86630.0";"4.391135"
"86640.0";"4.407652"
"86650.0";"4.392807"
"86660.0";"4.341249"
"86670.0";"4.533694"
"86680.0";"4.402713"
"86690.0";"4.284289"
"86700.0";"4.278721"
"86710.0";"4.328327"
"86720.0";"4.597751"
"86730.0";"4.722005"
"86740.0";"4.45914"
"86750.0";"4.514254"
"86760.0";"4.449574"
"86770.0";"4.382526"
"86780.0";"4.436941"
"86790.0";"4.455337"
"86800.0";"4.414114"
"86810.0";"4.295208"
"86820.0";"4.123425"
"86830.0";"4.101887"
"86840.0";"3.926413"
"86850.0";"4.018189"
"86860.0";"4.206946"
"86870.0";"4.163699"
"86880.0";"4.291656"
"86890.0";"4.625819"
"86900.0";"4.49352"
"86910.0";"4.365941"
"86920.0";"4.296213"
"86930.0";"4.436055"
"86940.0";"4.08421"
"86950.0";"4.165661"
"86960.0";"4.255677"
"86970.0";"4.307243"
"86980.0";"4.153149"
"86990.0";"4.243887"
"87000.0";"4.273498"
"87010.0";"4.293392"
"87020.0";"4.285845"
"87030.0";"4.412771"
"87040.0";"4.383811"
"87050.0";"4.4973"
"87060.0";"4.46639"
"87070.0";"4.222609"
"87080.0";"4.131904"
"87090.0";"4.262955"
"87100.0";"4.264003"
"87110.0";"4.112134"
"87120.0";"4.045907"
"87130.0";"4.011196"
"87140.0";"4.1229"
"87150.0";"4.00466"
"87160.0";"4.036789"
"87170.0";"4.182446"
"87180.0";"4.108663"
"87190.0";"3.949051"
"87200.0";"3.76619"
"87210.0";"3.606665"
"87220.0";"3.426449"
"87230.0";"3.713761"
"87240.0";"3.691893"
"87250.0";"4.034019"
"87260.0";"4.101697"
"87270.0";"4.344028"
"87280.0";"4.558477"
"87290.0";"4.540437"
"87300.0";"4.362622"
"87310.0";"4.606317"
"87320.0";"4.589836"
"87330.0";"4.421822"
"87340.0";"4.367223"
"87350.0";"4.101028"
"87360.0";"4.290304"
"87370.0";"3.945585"
"87380.0";"4.089648"
"87390.0";"3.951836"
"87400.0";"3.77123"
"87410.0";"3.995954"
"87420.0";"4.052639"
"87430.0";"4.219087"
"87440.0";"4.220327"
"87450.0";"4.392028"
"87460.0";"4.367043"
"87470.0";"4.57703"
"87480.0";"4.647123"
"87490.0";"4.482165"
"87500.0";"4.37216"
"87510.0";"4.419253"
"87520.0";"4.544024"
"87530.0";"4.580013"
"87540.0";"4.415101"
"87550.0";"4.654851"
"87560.0";"4.564846"
"87570.0";"4.263799"
"87580.0";"4.379494"
"87590.0";"4.367251"
"87600.0";"4.530874"
"87610.0";"4.494733"
"87620.0";"4.491966"
"87630.0";"4.378357"
"87640.0";"4.086234"
"87650.0";"4.047001"
"87660.0";"3.902763"
"87670.0";"3.762702"
"87680.0";"3.7245"
"87690.0";"4.006497"
"87700.0";"4.057873"
"87710.0";"4.00876"
"87720.0";"4.033427"
"87730.0";"4.115647"
"87740.0";"4.047366"
"87750.0";"4.007852"
"87760.0";"3.874333"
"87770.0";"3.861183"
"87780.0";"3.788332"
"87790.0";"4.034933"
"87800.0";"3.919564"
"87810.0";"4.122785"
"87820.0";"4.272015"
"87830.0";"4.225196"
"87840.0";"4.096443"
"87850.0";"4.342188"
"87860.0";"4.293694"
"87870.0";"4.345009"
"87880.0";"4.273585"
"87890.0";"4.214388"
"87900.0";"4.357158"
"87910.0";"4.277009"
"87920.0";"4.330078"
"87930.0";"4.368267"
"87940.0";"4.41203"
"87950.0";"4.274683"
"87960.0";"4.134757"
"87970.0";"4.404153"
"87980.0";"4.309528"
"87990.0";"4.051625"
"88000.0";"4.072453"
"88010.0";"3.922621"
"88020.0";"3.963191"
"88030.0";"3.923806"
"88040.0";"3.964416"
"88050.0";"4.103339"
"88060.0";"3.901358"
"88070.0";"3.903356"
"88080.0";"3.933906"
"88090.0";"3.893404"
"88100.0";"3.719689"
"88110.0";"3.694007"
"88120.0";"3.593178"
"88130.0";"3.576775"
"88140.0";"3.570276"
"88150.0";"3.586864"
"88160.0";"3.50376"
"88170.0";"3.549353"
"88180.0";"3.663185"
"88190.0";"3.654022"
"88200.0";"3.783873"
"88210.0";"3.840713"
"88220.0";"4.060119"
"88230.0";"4.142914"
"88240.0";"4.100117"
"88250.0";"4.111348"
"88260.0";"3.862689"
"88270.0";"3.746574"
"88280.0";"3.759569"
"88290.0";"3.720468"
"88300.0";"3.715373"
"88310.0";"3.816504"
"88320.0";"3.789862"
"88330.0";"3.848174"
"88340.0";"3.79243"
"88350.0";"3.748521"
"88360.0";"3.69241"
"88370.0";"3.738999"
"88380.0";"3.880377"
"88390.0";"4.166457"
"88400.0";"4.140315"
"88410.0";"4.1919"
"88420.0";"3.962635"
"88430.0";"4.023438"
"88440.0";"3.973835"
"88450.0";"4.075579"
"88460.0";"4.185141"
"88470.0";"4.187962"
"88480.0";"4.42073"
"88490.0";"4.368072"
"88500.0";"4.334115"
"88510.0";"4.484453"
"88520.0";"4.203082"
"88530.0";"4.394955"
"88540.0";"4.667321"
"88550.0";"4.624647"
"88560.0";"4.682113"
"88570.0";"4.79607"
"88580.0";"4.662364"
"88590.0";"4.531176"
"88600.0";"4.378757"
"88610.0";"4.142065"
"88620.0";"4.135355"
"88630.0";"3.995986"
"88640.0";"4.02579"
"88650.0";"4.107631"
"88660.0";"4.003197"
"88670.0";"4.146891"
"88680.0";"4.127053"
"88690.0";"4.149016"
"88700.0";"4.224309"
"88710.0";"4.511781"
"88720.0";"4.237034"
"88730.0";"4.210919"
"88740.0";"4.087755"
"88750.0";"3.890554"
"88760.0";"3.985329"
"88770.0";"4.034416"
"88780.0";"4.013443"
"88790.0";"4.149296"
"88800.0";"4.243865"
"88810.0";"4.274791"
"88820.0";"4.302985"
"88830.0";"4.278076"
"88840.0";"4.434247"
"88850.0";"4.648289"
"88860.0";"4.823029"
"88870.0";"4.863548"
"88880.0";"4.945302"
"88890.0";"4.846575"
"88900.0";"4.826741"
"88910.0";"4.758956"
"88920.0";"4.648543"
"88930.0";"4.604729"
"88940.0";"4.448786"
"88950.0";"4.45377"
"88960.0";"4.735301"
"88970.0";"4.518547"
"88980.0";"4.526174"
"88990.0";"4.518651"
"89000.0";"4.61445"
"89010.0";"4.699141"
"89020.0";"4.715891"
"89030.0";"4.633331"
"89040.0";"4.532077"
"89050.0";"4.404696"
"89060.0";"4.444464"
"89070.0";"4.323629"
"89080.0";"4.133571"
"89090.0";"4.056973"
"89100.0";"4.080616"
"89110.0";"4.135643"
"89120.0";"4.095709"
"89130.0";"4.118881"
"89140.0";"3.916608"
"89150.0";"4.008812"
"89160.0";"3.795028"
"89170.0";"3.727678"
"89180.0";"3.505837"
"89190.0";"3.596844"
"89200.0";"3.580258"
"89210.0";"3.670568"
"89220.0";"3.548382"
"89230.0";"3.479702"
"89240.0";"3.668584"
"89250.0";"3.683861"
"89260.0";"3.682388"
"89270.0";"3.754886"
"89280.0";"4.044664"
"89290.0";"4.05399"
"89300.0";"4.087499"
"89310.0";"4.260142"
"89320.0";"4.465809"
"89330.0";"4.309908"
"89340.0";"4.291905"
"89350.0";"4.325838"
"89360.0";"4.387249"
"89370.0";"4.449368"
"89380.0";"4.520209"
"89390.0";"4.699861"
"89400.0";"4.47896"
"89410.0";"4.535119"
"89420.0";"4.468815"
"89430.0";"4.37913"
"89440.0";"4.51043"
"89450.0";"4.378534"
"89460.0";"4.535497"
"89470.0";"4.569938"
"89480.0";"4.741442"
"89490.0";"4.794154"
"89500.0";"4.718065"
"89510.0";"4.728395"
"89520.0";"4.712947"
"89530.0";"4.70174"
"89540.0";"4.561285"
"89550.0";"4.716073"
"89560.0";"4.719394"
"89570.0";"4.770017"
"89580.0";"4.852063"
"89590.0";"4.764524"
"89600.0";"4.782651"
"89610.0";"4.777886"
"89620.0";"4.759531"
"89630.0";"4.428431"
"89640.0";"4.470675"
"89650.0";"4.254221"
"89660.0";"4.481444"
"89670.0";"4.505728"
"89680.0";"4.513767"
"89690.0";"4.399099"
"89700.0";"4.189327"
"89710.0";"4.105731"
"89720.0";"4.159188"
"89730.0";"4.193668"
"89740.0";"4.046679"
"89750.0";"4.034394"
"89760.0";"3.9808"
"89770.0";"3.967278"
"89780.0";"4.15981"
"89790.0";"4.298048"
"89800.0";"4.013661"
"89810.0";"4.087294"
"89820.0";"3.950494"
"89830.0";"3.867486"
"89840.0";"3.995423"
"89850.0";"4.01967"
"89860.0";"4.061069"
"89870.0";"3.914802"
"89880.0";"3.959957"
"89890.0";"4.095953"
"89900.0";"4.122661"
"89910.0";"4.080767"
"89920.0";"3.851837"
"89930.0";"3.903173"
"89940.0";"4.001402"
"89950.0";"4.080778"
"89960.0";"4.036895"
"89970.0";"4.076729"
"89980.0";"3.961004"
"89990.0";"3.872933"
"90000.0";"3.770139"
"90010.0";"4.147898"
"90020.0";"4.306082"
"90030.0";"4.354027"
"90040.0";"4.329398"
"90050.0";"4.259345"
"90060.0";"4.061633"
"90070.0";"4.287673"
"90080.0";"4.301538"
"90090.0";"4.259015"
"90100.0";"4.230362"
"90110.0";"4.491587"
"90120.0";"4.412443"
"90130.0";"4.22364"
"90140.0";"4.299345"
"90150.0";"4.390714"
"90160.0";"4.463319"
"90170.0";"4.361214"
"90180.0";"4.536422"
"90190.0";"4.425456"
"90200.0";"4.209122"
"90210.0";"4.167562"
"90220.0";"4.061077"
"90230.0";"4.043916"
"90240.0";"3.978933"
"90250.0";"3.813893"
"90260.0";"4.080628"
"90270.0";"3.720382"
"90280.0";"3.533572"
"90290.0";"3.711563"
"90300.0";"3.867914"
"90310.0";"4.081632"
"90320.0";"4.166335"
"90330.0";"4.155711"
"90340.0";"3.993523"
"90350.0";"3.886612"
"90360.0";"3.725114"
"90370.0";"3.698251"
"90380.0";"3.496474"
"90390.0";"3.568048"
"90400.0";"3.597595"
"90410.0";"3.560023"
"90420.0";"3.578961"
"90430.0";"3.754995"
"90440.0";"3.760715"
"90450.0";"4.097397"
"90460.0";"4.11673"
"90470.0";"4.24452"
"90480.0";"4.167865"
"90490.0";"4.251775"
"90500.0";"4.209838"
"90510.0";"4.610653"
"90520.0";"4.895123"
"90530.0";"4.858861"
"90540.0";"4.67306"
"90550.0";"4.918329"
"90560.0";"4.771172"
"90570.0";"4.923429"
"90580.0";"4.801957"
"90590.0";"4.438727"
"90600.0";"4.736653"
"90610.0";"4.656263"
"90620.0";"4.513252"
"90630.0";"4.307278"
"90640.0";"4.301756"
"90650.0";"4.371585"
"90660.0";"4.345809"
"90670.0";"4.39485"
"90680.0";"4.375522"
"90690.0";"4.532547"
"90700.0";"4.601123"
"90710.0";"4.602964"
"90720.0";"4.779829"
"90730.0";"5.057518"
"90740.0";"5.075762"
"90750.0";"5.169256"
"90760.0";"4.875837"
"90770.0";"5.025229"
"90780.0";"5.029651"
"90790.0";"4.807152"
"90800.0";"4.517626"
"90810.0";"4.763398"
"90820.0";"4.666607"
"90830.0";"4.779242"
"90840.0";"4.279835"
"90850.0";"4.274338"
"90860.0";"4.116104"
"90870.0";"4.238904"
"90880.0";"4.026175"
"90890.0";"4.076341"
"90900.0";"4.114519"
"90910.0";"4.527114"
"90920.0";"4.362964"
"90930.0";"4.654934"
"90940.0";"4.666613"
"90950.0";"4.87102"
"90960.0";"4.791914"
"90970.0";"4.632288"
"90980.0";"4.47525"
"90990.0";"4.566828"
"91000.0";"4.617773"
"91010.0";"4.462677"
"91020.0";"4.490691"
"91030.0";"4.448262"
"91040.0";"4.544926"
"91050.0";"4.476551"
"91060.0";"4.05579"
"91070.0";"3.983892"
"91080.0";"3.590542"
"91090.0";"3.72868"
"91100.0";"3.94339"
"91110.0";"3.730554"
"91120.0";"3.802581"
"91130.0";"3.960279"
"91140.0";"3.860639"
"91150.0";"3.858694"
"91160.0";"3.859264"
"91170.0";"3.702979"
"91180.0";"3.533287"
"91190.0";"3.532417"
"91200.0";"3.615579"
"91210.0";"3.383353"
"91220.0";"3.614411"
"91230.0";"3.618886"
"91240.0";"3.373141"
"91250.0";"3.350663"
"91260.0";"3.177089"
"91270.0";"3.300062"
"91280.0";"3.373486"
"91290.0";"3.277677"
"91300.0";"3.343193"
"91310.0";"3.161661"
"91320.0";"3.251015"
"91330.0";"3.028731"
"91340.0";"2.832859"
"91350.0";"2.88464"
"91360.0";"2.926257"
"91370.0";"2.955321"
"91380.0";"2.876824"
"91390.0";"2.989834"
"91400.0";"3.096981"
"91410.0";"2.898295"
"91420.0";"3.039994"
"91430.0";"2.919869"
"91440.0";"2.737622"
"91450.0";"2.875991"
"91460.0";"2.770247"
"91470.0";"2.807895"
"91480.0";"2.767802"
"91490.0";"2.764547"
"91500.0";"2.744993"
"91510.0";"2.784508"
"91520.0";"2.848093"
"91530.0";"2.905355"
"91540.0";"2.986735"
"91550.0";"3.140751"
"91560.0";"2.909125"
"91570.0";"2.81457"
"91580.0";"2.643666"
"91590.0";"2.656304"
"91600.0";"2.774515"
"91610.0";"2.94658"
"91620.0";"2.917762"
"91630.0";"2.910782"
"91640.0";"3.067072"
"91650.0";"3.39926"
"91660.0";"3.439798"
"91670.0";"3.488791"
"91680.0";"3.585583"
"91690.0";"3.738432"
"91700.0";"4.032031"
"91710.0";"3.919975"
"91720.0";"3.797468"
"91730.0";"3.551842"
"91740.0";"3.659731"
"91750.0";"3.678487"
"91760.0";"3.794804"
"91770.0";"3.943866"
"91780.0";"4.034562"
"91790.0";"4.428019"
"91800.0";"4.429796"
"91810.0";"4.441626"
"91820.0";"4.240456"
"91830.0";"4.139196"
"91840.0";"4.24157"
"91850.0";"4.228229"
"91860.0";"4.133729"
"91870.0";"4.165773"
"91880.0";"4.271231"
"91890.0";"4.439748"
"91900.0";"4.6509"
"91910.0";"4.868063"
"91920.0";"4.951213"
"91930.0";"5.022087"
"91940.0";"4.832957"
"91950.0";"4.865679"
"91960.0";"4.846498"
"91970.0";"4.904387"
"91980.0";"4.736998"
"91990.0";"4.730612"
"92000.0";"4.711273"
"92010.0";"4.82923"
"92020.0";"4.778177"
"92030.0";"4.672758"
"92040.0";"4.499974"
"92050.0";"4.521869"
"92060.0";"4.537481"
"92070.0";"4.417939"
"92080.0";"4.188143"
"92090.0";"4.123005"
"92100.0";"4.226684"
"92110.0";"4.255979"
"92120.0";"4.18342"
"92130.0";"4.190617"
"92140.0";"4.405162"
"92150.0";"4.303636"
"92160.0";"4.233372"
"92170.0";"4.205719"
"92180.0";"4.269115"
"92190.0";"4.461533"
"92200.0";"4.398901"
"92210.0";"4.265691"
"92220.0";"4.328649"
"92230.0";"4.171174"
"92240.0";"4.109422"
"92250.0";"4.09943"
"92260.0";"4.188731"
"92270.0";"4.14826"
"92280.0";"4.140092"
"92290.0";"4.163462"
"92300.0";"4.127111"
"92310.0";"4.125776"
"92320.0";"4.168766"
"92330.0";"4.188431"
"92340.0";"4.129019"
"92350.0";"4.309947"
"92360.0";"4.191941"
"92370.0";"4.280473"
"92380.0";"4.38868"
"92390.0";"4.41851"
"92400.0";"4.383507"
"92410.0";"4.355824"
"92420.0";"4.528542"
"92430.0";"4.542552"
"92440.0";"4.539394"
"92450.0";"4.553201"
"92460.0";"4.442269"
"92470.0";"4.095176"
"92480.0";"4.29699"
"92490.0";"4.278711"
"92500.0";"4.388638"
"92510.0";"4.198558"
"92520.0";"4.320538"
"92530.0";"4.334956"
"92540.0";"4.276081"
"92550.0";"4.545426"
"92560.0";"4.425866"
"92570.0";"4.308451"
"92580.0";"4.21837"
"92590.0";"3.955503"
"92600.0";"3.971044"
"92610.0";"3.842124"
"92620.0";"3.881174"
"92630.0";"3.952351"
"92640.0";"3.690331"
"92650.0";"3.591253"
"92660.0";"3.888638"
"92670.0";"3.619457"
"92680.0";"3.584735"
"92690.0";"3.620569"
"92700.0";"3.589876"
"92710.0";"3.893142"
"92720.0";"3.895248"
"92730.0";"4.183126"
"92740.0";"4.342444"
"92750.0";"4.244759"
"92760.0";"4.52427"
"92770.0";"4.599074"
"92780.0";"4.471302"
"92790.0";"4.468186"
"92800.0";"4.291548"
"92810.0";"4.32068"
"92820.0";"4.354356"
"92830.0";"4.258093"
"92840.0";"4.229195"
"92850.0";"4.135746"
"92860.0";"4.139623"
"92870.0";"4.206358"
"92880.0";"4.397391"
"92890.0";"4.249457"
"92900.0";"4.294376"
"92910.0";"4.271866"
"92920.0";"4.109629"
"92930.0";"4.48351"
"92940.0";"4.379396"
"92950.0";"4.642383"
"92960.0";"4.386712"
"92970.0";"4.493112"
"92980.0";"4.782264"
"92990.0";"4.876073"
"93000.0";"5.005228"
"93010.0";"4.906209"
"93020.0";"4.765183"
"93030.0";"4.664892"
"93040.0";"4.800704"
"93050.0";"5.015885"
"93060.0";"4.915435"
"93070.0";"4.963714"
"93080.0";"4.955647"
"93090.0";"5.153716"
"93100.0";"4.973166"
"93110.0";"5.046586"
"93120.0";"4.98906"
"93130.0";"4.893847"
"93140.0";"4.76432"
"93150.0";"4.457819"
"93160.0";"4.665853"
"93170.0";"4.67565"
"93180.0";"4.715697"
"93190.0";"4.88681"
"93200.0";"4.884358"
"93210.0";"4.702276"
"93220.0";"4.720931"
"93230.0";"4.728864"
"93240.0";"4.752168"
"93250.0";"5.020576"
"93260.0";"4.821863"
"93270.0";"4.714665"
"93280.0";"4.749146"
"93290.0";"4.628962"
"93300.0";"4.787617"
"93310.0";"4.653942"
"93320.0";"4.697385"
"93330.0";"4.76629"
"93340.0";"4.811133"
"93350.0";"4.518547"
"93360.0";"4.463261"
"93370.0";"4.464647"
"93380.0";"4.332365"
"93390.0";"4.347271"
"93400.0";"4.316907"
"93410.0";"4.209817"
"93420.0";"4.10437"
"93430.0";"4.002923"
"93440.0";"4.036207"
"93450.0";"4.001645"
"93460.0";"3.970314"
"93470.0";"3.849301"
"93480.0";"3.896853"
"93490.0";"3.558481"
"93500.0";"3.643226"
"93510.0";"3.53907"
"93520.0";"3.62489"
"93530.0";"3.721153"
"93540.0";"3.837014"
"93550.0";"4.017375"
"93560.0";"3.962583"
"93570.0";"3.857563"
"93580.0";"3.805061"
"93590.0";"3.821227"
"93600.0";"3.89412"
"93610.0";"3.783355"
"93620.0";"3.871569"
"93630.0";"3.833264"
"93640.0";"3.87139"
"93650.0";"3.504658"
"93660.0";"3.57245"
"93670.0";"3.569224"
"93680.0";"3.575728"
"93690.0";"3.582253"
"93700.0";"3.5621"
"93710.0";"3.42033"
"93720.0";"3.528339"
"93730.0";"3.506063"
"93740.0";"3.403873"
"93750.0";"3.257167"
"93760.0";"3.180207"
"93770.0";"3.139368"
"93780.0";"2.868243"
"93790.0";"3.102441"
"93800.0";"3.113321"
"93810.0";"2.797327"
"93820.0";"2.803732"
"93830.0";"3.029023"
"93840.0";"3.181786"
"93850.0";"3.088251"
"93860.0";"3.041974"
"93870.0";"3.031949"
"93880.0";"3.062705"
"93890.0";"3.135725"
"93900.0";"3.506188"
"93910.0";"3.420301"
"93920.0";"3.659577"
"93930.0";"3.701389"
"93940.0";"3.556453"
"93950.0";"3.748808"
"93960.0";"3.780042"
"93970.0";"3.748968"
"93980.0";"3.65758"
"93990.0";"3.868833"
"94000.0";"3.613362"
"94010.0";"3.699749"
"94020.0";"3.989617"
"94030.0";"3.968963"
"94040.0";"4.145353"
"94050.0";"4.372195"
"94060.0";"4.523469"
"94070.0";"4.641941"
"94080.0";"4.816084"
"94090.0";"4.815426"
"94100.0";"4.839125"
"94110.0";"4.878157"
"94120.0";"4.98299"
"94130.0";"4.717967"
"94140.0";"4.925555"
"94150.0";"4.803942"
"94160.0";"4.797173"
"94170.0";"4.883798"
"94180.0";"4.707932"
"94190.0";"4.679505"
"94200.0";"4.734354"
"94210.0";"4.703908"
"94220.0";"4.755192"
"94230.0";"4.858341"
"94240.0";"4.455694"
"94250.0";"4.779002"
"94260.0";"4.713783"
"94270.0";"4.78794"
"94280.0";"4.816872"
"94290.0";"4.877776"
"94300.0";"4.842278"
"94310.0";"4.95445"
"94320.0";"4.902236"
"94330.0";"4.933126"
"94340.0";"4.988407"
"94350.0";"5.052389"
"94360.0";"5.119717"
"94370.0";"5.108316"
"94380.0";"4.739849"
"94390.0";"4.729129"
"94400.0";"4.786202"
"94410.0";"4.8624"
"94420.0";"4.948344"
"94430.0";"4.82461"
"94440.0";"4.735126"
"94450.0";"4.666849"
"94460.0";"4.616175"
"94470.0";"4.521976"
"94480.0";"4.589524"
"94490.0";"4.567215"
"94500.0";"4.550749"
"94510.0";"4.679685"
"94520.0";"4.491095"
"94530.0";"4.555062"
"94540.0";"4.407632"
"94550.0";"4.492818"
"94560.0";"4.572449"
"94570.0";"4.629307"
"94580.0";"4.472204"
"94590.0";"4.662311"
"94600.0";"4.77963"
"94610.0";"4.611097"
"94620.0";"4.76109"
"94630.0";"4.682059"
"94640.0";"4.647596"
"94650.0";"4.688542"
"94660.0";"4.670469"
"94670.0";"4.592692"
"94680.0";"4.765373"
"94690.0";"4.601613"
"94700.0";"4.612263"
"94710.0";"4.558621"
"94720.0";"4.528483"
"94730.0";"4.752573"
"94740.0";"4.523744"
"94750.0";"4.162294"
"94760.0";"4.2627"
"94770.0";"4.179028"
"94780.0";"4.223567"
"94790.0";"4.255021"
"94800.0";"4.343052"
"94810.0";"4.488344"
"94820.0";"4.508682"
"94830.0";"4.439028"
"94840.0";"4.209541"
"94850.0";"4.530636"
"94860.0";"4.577458"
"94870.0";"4.602036"
"94880.0";"4.549823"
"94890.0";"4.645757"
"94900.0";"4.63385"
"94910.0";"4.661691"
"94920.0";"4.617548"
"94930.0";"4.719848"
"94940.0";"4.513247"
"94950.0";"4.518434"
"94960.0";"4.559926"
"94970.0";"4.725124"
"94980.0";"4.758769"
"94990.0";"4.741993"
"95000.0";"4.825449"
"95010.0";"4.817372"
"95020.0";"4.674666"
"95030.0";"4.767089"
"95040.0";"4.581914"
"95050.0";"4.644975"
"95060.0";"4.839233"
"95070.0";"4.603841"
"95080.0";"4.44883"
"95090.0";"4.494544"
"95100.0";"4.181924"
"95110.0";"4.633713"
"95120.0";"4.493741"
"95130.0";"4.412564"
"95140.0";"4.504667"
"95150.0";"4.492963"
"95160.0";"4.500982"
"95170.0";"4.459169"
"95180.0";"4.431245"
"95190.0";"4.379499"
"95200.0";"4.452113"
"95210.0";"4.498718"
"95220.0";"4.317025"
"95230.0";"4.441921"
"95240.0";"4.561353"
"95250.0";"4.607682"
"95260.0";"4.630483"
"95270.0";"4.661829"
"95280.0";"4.590739"
"95290.0";"4.579649"
"95300.0";"4.571759"
"95310.0";"4.601709"
"95320.0";"4.638092"
"95330.0";"4.512251"
"95340.0";"4.431059"
"95350.0";"4.353002"
"95360.0";"4.35495"
"95370.0";"4.367975"
"95380.0";"4.381475"
"95390.0";"4.165673"
"95400.0";"4.126865"
"95410.0";"4.311323"
"95420.0";"4.091037"
"95430.0";"3.985667"
"95440.0";"3.895688"
"95450.0";"3.845343"
"95460.0";"3.890332"
"95470.0";"3.958771"
"95480.0";"3.873668"
"95490.0";"3.745495"
"95500.0";"3.922144"
"95510.0";"3.938497"
"95520.0";"3.966298"
"95530.0";"4.1349"
"95540.0";"4.173803"
"95550.0";"3.988635"
"95560.0";"3.898782"
"95570.0";"3.883189"
"95580.0";"3.998939"
"95590.0";"3.964474"
"95600.0";"4.062513"
"95610.0";"4.241267"
"95620.0";"4.060668"
"95630.0";"4.143047"
"95640.0";"4.334306"
"95650.0";"4.462433"
"95660.0";"4.705793"
"95670.0";"4.692959"
"95680.0";"4.555027"
"95690.0";"4.793207"
"95700.0";"4.632651"
"95710.0";"4.54556"
"95720.0";"4.353507"
"95730.0";"4.234051"
"95740.0";"4.459425"
"95750.0";"4.623617"
"95760.0";"4.610138"
"95770.0";"4.689196"
"95780.0";"4.731317"
"95790.0";"4.618157"
"95800.0";"4.402633"
"95810.0";"4.636539"
"95820.0";"4.817863"
"95830.0";"4.74968"
"95840.0";"4.567509"
"95850.0";"4.96607"
"95860.0";"5.153551"
"95870.0";"5.19279"
"95880.0";"5.156837"
"95890.0";"5.07934"
"95900.0";"5.212804"
"95910.0";"5.191892"
"95920.0";"5.141098"
"95930.0";"5.178356"
"95940.0";"5.036292"
"95950.0";"5.043957"
"95960.0";"5.073816"
"95970.0";"4.898147"
"95980.0";"5.08243"
"95990.0";"5.147951"
"96000.0";"5.05592"
"96010.0";"5.217776"
"96020.0";"5.319804"
"96030.0";"5.127768"
"96040.0";"5.079144"
"96050.0";"5.320258"
"96060.0";"5.019638"
"96070.0";"5.018345"
"96080.0";"5.029547"
"96090.0";"4.852101"
"96100.0";"5.015762"
"96110.0";"4.894578"
"96120.0";"5.112959"
"96130.0";"4.958631"
"96140.0";"4.854002"
"96150.0";"4.80312"
"96160.0";"4.887934"
"96170.0";"4.863896"
"96180.0";"4.989476"
"96190.0";"5.120735"
"96200.0";"5.101413"
"96210.0";"5.078977"
"96220.0";"4.697564"
"96230.0";"4.78517"
"96240.0";"4.864951"
"96250.0";"4.765344"
"96260.0";"4.819818"
"96270.0";"4.839759"
"96280.0";"4.999353"
"96290.0";"4.896275"
"96300.0";"4.859186"
"96310.0";"4.618803"
"96320.0";"4.569316"
"96330.0";"4.90318"
"96340.0";"4.74423"
"96350.0";"4.734121"
"96360.0";"4.848552"
"96370.0";"4.861584"
"96380.0";"4.718405"
"96390.0";"4.754323"
"96400.0";"4.754814"
"96410.0";"4.821044"
"96420.0";"4.830522"
"96430.0";"4.831309"
"96440.0";"4.734566"
"96450.0";"4.679365"
"96460.0";"4.630627"
"96470.0";"4.559577"
"96480.0";"4.697825"
"96490.0";"4.709718"
"96500.0";"4.710664"
"96510.0";"4.669466"
"96520.0";"4.688895"
"96530.0";"4.697914"
"96540.0";"4.735858"
"96550.0";"4.604352"
"96560.0";"4.721878"
"96570.0";"4.817782"
"96580.0";"4.879987"
"96590.0";"4.852089"
"96600.0";"4.838162"
"96610.0";"4.739562"
"96620.0";"4.665248"
"96630.0";"4.755861"
"96640.0";"5.088305"
"96650.0";"5.131315"
"96660.0";"5.00596"
"96670.0";"5.049173"
"96680.0";"5.097918"
"96690.0";"4.988283"
"96700.0";"4.872303"
"96710.0";"4.989081"
"96720.0";"5.095733"
"96730.0";"5.218173"
"96740.0";"5.139888"
"96750.0";"5.048511"
"96760.0";"5.352286"
"96770.0";"5.2402"
"96780.0";"5.044417"
"96790.0";"5.067328"
"96800.0";"5.048463"
"96810.0";"5.035775"
"96820.0";"4.930516"
"96830.0";"4.916245"
"96840.0";"5.029253"
"96850.0";"5.114024"
"96860.0";"5.01803"
"96870.0";"4.853702"
"96880.0";"4.948352"
"96890.0";"5.080934"
"96900.0";"5.187617"
"96910.0";"5.080364"
"96920.0";"5.212884"
"96930.0";"5.284653"
"96940.0";"5.174179"
"96950.0";"5.285575"
"96960.0";"5.31242"
"96970.0";"5.420684"
"96980.0";"5.505489"
"96990.0";"5.672237"
"97000.0";"5.761343"
"97010.0";"5.669211"
"97020.0";"5.483586"
"97030.0";"5.624354"
"97040.0";"5.491081"
"97050.0";"5.35726"
"97060.0";"5.419723"
"97070.0";"5.256993"
"97080.0";"5.243654"
"97090.0";"5.369778"
"97100.0";"5.294666"
"97110.0";"5.256021"
"97120.0";"5.009311"
"97130.0";"4.958075"
"97140.0";"5.054366"
"97150.0";"4.879104"
"97160.0";"5.089443"
"97170.0";"5.162243"
"97180.0";"5.240472"
"97190.0";"5.169117"
"97200.0";"5.145731"
"97210.0";"4.950116"
"97220.0";"5.062449"
"97230.0";"5.062981"
"97240.0";"5.022015"
"97250.0";"5.085467"
"97260.0";"5.295284"
"97270.0";"5.114627"
"97280.0";"5.052605"
"97290.0";"5.096842"
"97300.0";"5.157705"
"97310.0";"5.181428"
"97320.0";"5.331715"
"97330.0";"5.122131"
"97340.0";"5.308938"
"97350.0";"5.135732"
"97360.0";"5.129632"
"97370.0";"4.835511"
"97380.0";"4.680453"
"97390.0";"4.553707"
"97400.0";"4.875679"
"97410.0";"4.99981"
"97420.0";"4.912757"
"97430.0";"4.839213"
"97440.0";"4.979619"
"97450.0";"4.94859"
"97460.0";"4.873324"
"97470.0";"5.032253"
"97480.0";"4.914651"
"97490.0";"4.80748"
"97500.0";"4.896013"
"97510.0";"4.889365"
"97520.0";"4.834558"
"97530.0";"4.830129"
"97540.0";"4.744594"
"97550.0";"4.862957"
"97560.0";"4.704681"
"97570.0";"4.721054"
"97580.0";"4.931328"
"97590.0";"4.891598"
"97600.0";"5.051385"
"97610.0";"5.062395"
"97620.0";"5.115464"
"97630.0";"5.200698"
"97640.0";"5.146212"
"97650.0";"5.089068"
"97660.0";"5.266835"
"97670.0";"5.220634"
"97680.0";"5.376752"
"97690.0";"5.311905"
"97700.0";"5.418684"
"97710.0";"5.464566"
"97720.0";"5.590292"
"97730.0";"5.770638"
"97740.0";"5.937366"
"97750.0";"5.766806"
"97760.0";"5.587238"
"97770.0";"5.693471"
"97780.0";"5.727845"
"97790.0";"5.762704"
"97800.0";"5.729671"
"97810.0";"5.695311"
"97820.0";"5.736312"
"97830.0";"5.688091"
"97840.0";"5.618572"
"97850.0";"5.479496"
"97860.0";"5.465102"
"97870.0";"5.278038"
"97880.0";"5.357358"
"97890.0";"5.349752"
"97900.0";"5.240618"
"97910.0";"5.182658"
"97920.0";"5.094382"
"97930.0";"5.14626"
"97940.0";"4.978343"
"97950.0";"5.232569"
"97960.0";"5.099968"
"97970.0";"5.218733"
"97980.0";"5.213667"
"97990.0";"5.384996"
"98000.0";"5.402699"
"98010.0";"5.517329"
"98020.0";"5.483096"
"98030.0";"5.342324"
"98040.0";"5.413092"
"98050.0";"5.156619"
"98060.0";"5.174189"
"98070.0";"5.011974"
"98080.0";"4.868937"
"98090.0";"4.938396"
"98100.0";"4.939227"
"98110.0";"4.928718"
"98120.0";"4.866456"
"98130.0";"4.900241"
"98140.0";"5.071484"
"98150.0";"5.160867"
"98160.0";"5.238686"
"98170.0";"5.372726"
"98180.0";"5.244424"
"98190.0";"5.297864"
"98200.0";"5.274103"
"98210.0";"5.3803"
"98220.0";"5.536859"
"98230.0";"5.620041"
"98240.0";"5.636327"
"98250.0";"5.677761"
"98260.0";"5.755519"
"98270.0";"5.896494"
"98280.0";"5.913254"
"98290.0";"5.753991"
"98300.0";"5.660522"
"98310.0";"5.624552"
"98320.0";"5.541147"
"98330.0";"5.493245"
"98340.0";"5.673639"
"98350.0";"5.6659"
"98360.0";"5.568875"
"98370.0";"5.56028"
"98380.0";"5.583474"
"98390.0";"5.684289"
"98400.0";"5.896271"
"98410.0";"5.842278"
"98420.0";"5.972981"
"98430.0";"6.001872"
"98440.0";"6.105419"
"98450.0";"6.093671"
"98460.0";"6.272317"
"98470.0";"6.121436"
"98480.0";"6.160765"
"98490.0";"6.137394"
"98500.0";"6.080856"
"98510.0";"6.045706"
"98520.0";"5.996065"
"98530.0";"5.86741"
"98540.0";"5.988142"
"98550.0";"5.986066"
"98560.0";"5.803957"
"98570.0";"5.9179"
"98580.0";"6.021114"
"98590.0";"6.136409"
"98600.0";"6.28406"
"98610.0";"6.342238"
"98620.0";"6.518134"
"98630.0";"6.392334"
"98640.0";"6.364752"
"98650.0";"6.265252"
"98660.0";"6.337472"
"98670.0";"6.485699"
"98680.0";"6.33118"
"98690.0";"6.419967"
"98700.0";"6.349814"
"98710.0";"6.409018"
"98720.0";"6.34088"
"98730.0";"6.072429"
"98740.0";"6.092635"
"98750.0";"6.163952"
"98760.0";"6.169169"
"98770.0";"6.214612"
"98780.0";"6.279265"
"98790.0";"6.415925"
"98800.0";"6.47824"
"98810.0";"6.381133"
"98820.0";"6.484557"
"98830.0";"6.761136"
"98840.0";"6.717099"
"98850.0";"6.69376"
"98860.0";"6.482541"
"98870.0";"6.384358"
"98880.0";"6.470514"
"98890.0";"6.490689"
"98900.0";"6.448518"
"98910.0";"6.509411"
"98920.0";"6.566496"
"98930.0";"6.449769"
"98940.0";"6.527151"
"98950.0";"6.697718"
"98960.0";"6.620483"
"98970.0";"6.77791"
"98980.0";"6.832177"
"98990.0";"6.737463"
"99000.0";"6.742828"
"99010.0";"6.806993"
"99020.0";"6.762071"
"99030.0";"6.826654"
"99040.0";"6.754064"
"99050.0";"6.985688"
"99060.0";"7.041742"
"99070.0";"6.958358"
"99080.0";"6.857707"
"99090.0";"6.998148"
"99100.0";"6.717145"
"99110.0";"6.683471"
"99120.0";"6.620164"
"99130.0";"6.891753"
"99140.0";"6.929858"
"99150.0";"6.991792"
"99160.0";"6.889768"
"99170.0";"7.02883"
"99180.0";"6.811444"
"99190.0";"6.946666"
"99200.0";"7.036503"
"99210.0";"6.895564"
"99220.0";"6.703054"
"99230.0";"7.018943"
"99240.0";"7.127929"
"99250.0";"7.108751"
"99260.0";"6.896688"
"99270.0";"7.037994"
"99280.0";"7.069748"
"99290.0";"6.938766"
"99300.0";"6.856755"
"99310.0";"6.76676"
"99320.0";"6.689051"
"99330.0";"6.892607"
"99340.0";"7.04054"
"99350.0";"6.995882"
"99360.0";"6.929918"
"99370.0";"7.027873"
"99380.0";"7.090327"
"99390.0";"7.13399"
"99400.0";"7.051311"
"99410.0";"7.11556"
"99420.0";"7.129838"
"99430.0";"7.276831"
"99440.0";"7.319414"
"99450.0";"7.361999"
"99460.0";"7.234082"
"99470.0";"7.058327"
"99480.0";"7.091696"
"99490.0";"6.952117"
"99500.0";"7.172044"
"99510.0";"7.228247"
"99520.0";"7.042453"
"99530.0";"7.111115"
"99540.0";"7.118844"
"99550.0";"6.919759"
"99560.0";"7.045757"
"99570.0";"7.003131"
"99580.0";"6.99717"
"99590.0";"6.960454"
"99600.0";"7.041632"
"99610.0";"7.05821"
"99620.0";"6.892935"
"99630.0";"6.757046"
"99640.0";"6.770538"
"99650.0";"6.815674"
"99660.0";"6.855226"
"99670.0";"6.977472"
"99680.0";"6.941021"
"99690.0";"6.903621"
"99700.0";"7.028665"
"99710.0";"6.873952"
"99720.0";"6.816642"
"99730.0";"6.515547"
"99740.0";"6.477079"
"99750.0";"6.516464"
"99760.0";"6.734665"
"99770.0";"6.717336"
"99780.0";"6.313215"
"99790.0";"6.366745"
"99800.0";"6.650686"
"99810.0";"6.642221"
"99820.0";"6.406981"
"99830.0";"6.369788"
"99840.0";"6.669573"
"99850.0";"6.744638"
"99860.0";"6.72907"
"99870.0";"6.852614"
"99880.0";"6.788256"
"99890.0";"6.765495"
"99900.0";"6.54377"
"99910.0";"6.381173"
"99920.0";"6.450593"
"99930.0";"6.35384"
"99940.0";"6.15658"
"99950.0";"6.077809"
"99960.0";"6.172574"
"99970.0";"5.995947"
"99980.0";"6.117328"
"99990.0";"6.404829"
"100000.0";"6.543631"
"100010.0";"6.491295"
"100020.0";"6.554138"
"100030.0";"6.322853"
"100040.0";"6.266063"
"100050.0";"6.260223"
"100060.0";"6.283835"
"100070.0";"6.188821"
"100080.0";"6.041302"
"100090.0";"5.774362"
"100100.0";"5.649472"
"100110.0";"5.633649"
"100120.0";"5.72265"
"100130.0";"5.641222"
"100140.0";"5.557156"
"100150.0";"5.342258"
"100160.0";"5.205637"
"100170.0";"5.282691"
"100180.0";"5.135534"
"100190.0";"4.98033"
"100200.0";"5.121497"
"100210.0";"4.961574"
"100220.0";"4.87721"
"100230.0";"5.074347"
"100240.0";"5.060383"
"100250.0";"5.162137"
"100260.0";"5.215243"
"100270.0";"5.350486"
"100280.0";"5.524594"
"100290.0";"5.514891"
"100300.0";"5.471902"
"100310.0";"5.219755"
"100320.0";"5.182558"
"100330.0";"5.045376"
"100340.0";"5.123325"
"100350.0";"5.271177"
"100360.0";"5.362421"
"100370.0";"5.195471"
"100380.0";"4.867805"
"100390.0";"4.602976"
"100400.0";"4.86168"
"100410.0";"4.899336"
"100420.0";"4.74789"
"100430.0";"4.89403"
"100440.0";"4.753402"
"100450.0";"4.833866"
"100460.0";"4.853778"
"100470.0";"4.74324"
"100480.0";"4.874785"
"100490.0";"4.763274"
"100500.0";"4.788604"
"100510.0";"4.738964"
"100520.0";"4.553641"
"100530.0";"4.655521"
"100540.0";"4.81211"
"100550.0";"4.857042"
"100560.0";"5.045849"
"100570.0";"4.965374"
"100580.0";"4.940795"
"100590.0";"5.153792"
"100600.0";"4.935017"
"100610.0";"5.045069"
"100620.0";"4.986855"
"100630.0";"5.257524"
"100640.0";"5.362777"
"100650.0";"5.465475"
"100660.0";"5.359888"
"100670.0";"5.441658"
"100680.0";"5.503448"
"100690.0";"5.594473"
"100700.0";"5.502604"
"100710.0";"5.462128"
"100720.0";"5.185462"
"100730.0";"5.163619"
"100740.0";"5.133681"
"100750.0";"5.036824"
"100760.0";"4.82085"
"100770.0";"4.747189"
"100780.0";"4.786599"
"100790.0";"4.902602"
"100800.0";"4.816087"
"100810.0";"4.790456"
"100820.0";"4.789199"
"100830.0";"4.996841"
"100840.0";"4.919268"
"100850.0";"4.768209"
"100860.0";"4.36747"
"100870.0";"4.536568"
"100880.0";"4.334552"
"100890.0";"4.463909"
"100900.0";"4.240916"
"100910.0";"4.012418"
"100920.0";"4.224214"
"100930.0";"4.16479"
"100940.0";"4.182196"
"100950.0";"4.096281"
"100960.0";"4.005893"
"100970.0";"4.022033"
"100980.0";"3.963488"
"100990.0";"4.018905"
"101000.0";"3.93126"
"101010.0";"4.093437"
"101020.0";"4.200426"
"101030.0";"3.934569"
"101040.0";"4.262882"
"101050.0";"4.3066"
"101060.0";"4.51579"
"101070.0";"4.525338"
"101080.0";"4.425262"
"101090.0";"4.319333"
"101100.0";"4.431621"
"101110.0";"4.469345"
"101120.0";"4.394415"
"101130.0";"4.538777"
"101140.0";"4.362051"
"101150.0";"4.596236"
"101160.0";"4.443233"
"101170.0";"4.276334"
"101180.0";"4.39634"
"101190.0";"4.398928"
"101200.0";"4.362658"
"101210.0";"4.394771"
"101220.0";"4.569531"
"101230.0";"4.546843"
"101240.0";"4.661531"
"101250.0";"4.793767"
"101260.0";"4.856877"
"101270.0";"4.924073"
"101280.0";"5.079873"
"101290.0";"5.431672"
"101300.0";"5.194829"
"101310.0";"5.240829"
"101320.0";"5.44884"
"101330.0";"5.397372"
"101340.0";"5.303781"
"101350.0";"5.520991"
"101360.0";"5.366288"
"101370.0";"5.36526"
"101380.0";"5.564792"
"101390.0";"5.675654"
"101400.0";"5.871667"
"101410.0";"5.608716"
"101420.0";"5.602648"
"101430.0";"5.63154"
"101440.0";"5.596137"
"101450.0";"5.309074"
"101460.0";"5.335087"
"101470.0";"5.120816"
"101480.0";"5.363026"
"101490.0";"5.481531"
"101500.0";"5.655269"
"101510.0";"5.388984"
"101520.0";"5.525657"
"101530.0";"5.601714"
"101540.0";"5.587006"
"101550.0";"5.841517"
"101560.0";"5.973779"
"101570.0";"5.950139"
"101580.0";"6.041822"
"101590.0";"5.833499"
"101600.0";"5.813998"
"101610.0";"5.610645"
"101620.0";"5.540477"
"101630.0";"5.494408"
"101640.0";"5.65712"
"101650.0";"5.51244"
"101660.0";"5.393231"
"101670.0";"5.363798"
"101680.0";"5.518502"
"101690.0";"5.574006"
"101700.0";"5.569241"
"101710.0";"5.657673"
"101720.0";"5.878759"
"101730.0";"5.677003"
"101740.0";"5.729442"
"101750.0";"5.847784"
"101760.0";"5.979205"
"101770.0";"5.941295"
"101780.0";"5.949786"
"101790.0";"5.835832"
"101800.0";"5.997572"
"101810.0";"5.998733"
"101820.0";"5.890687"
"101830.0";"5.971264"
"101840.0";"5.993024"
"101850.0";"5.830103"
"101860.0";"5.780626"
"101870.0";"5.629044"
"101880.0";"5.75307"
"101890.0";"5.670136"
"101900.0";"5.518772"
"101910.0";"5.54212"
"101920.0";"5.080245"
"101930.0";"5.122024"
"101940.0";"4.996317"
"101950.0";"4.784821"
"101960.0";"4.958068"
"101970.0";"5.110718"
"101980.0";"5.20776"
"101990.0";"5.135862"
"102000.0";"5.126264"
"102010.0";"5.319729"
"102020.0";"5.454456"
"102030.0";"5.392191"
"102040.0";"5.501583"
"102050.0";"5.554232"
"102060.0";"5.50132"
"102070.0";"5.438107"
"102080.0";"5.399571"
"102090.0";"5.40834"
"102100.0";"5.252843"
"102110.0";"5.176581"
"102120.0";"5.268587"
"102130.0";"5.307546"
"102140.0";"5.109803"
"102150.0";"4.985041"
"102160.0";"5.035592"
"102170.0";"4.970006"
"102180.0";"5.169268"
"102190.0";"5.10516"
"102200.0";"5.180362"
"102210.0";"5.17172"
"102220.0";"5.069301"
"102230.0";"5.224873"
"102240.0";"5.095042"
"102250.0";"5.033131"
"102260.0";"5.196952"
"102270.0";"5.077091"
"102280.0";"4.750082"
"102290.0";"4.893582"
"102300.0";"4.933193"
"102310.0";"5.009806"
"102320.0";"4.785901"
"102330.0";"4.789527"
"102340.0";"4.788892"
"102350.0";"4.590883"
"102360.0";"4.903793"
"102370.0";"4.916718"
"102380.0";"4.750554"
"102390.0";"4.853077"
"102400.0";"4.95291"
"102410.0";"5.012491"
"102420.0";"4.886928"
"102430.0";"4.968245"
"102440.0";"5.070246"
"102450.0";"5.168396"
"102460.0";"5.124594"
"102470.0";"5.21083"
"102480.0";"5.20969"
"102490.0";"5.039598"
"102500.0";"4.965416"
"102510.0";"4.927422"
"102520.0";"4.814208"
"102530.0";"4.848691"
"102540.0";"4.729502"
"102550.0";"5.01439"
"102560.0";"5.04136"
"102570.0";"4.845829"
"102580.0";"4.940037"
"102590.0";"4.904333"
"102600.0";"4.921423"
"102610.0";"4.878376"
"102620.0";"4.852639"
"102630.0";"4.895127"
"102640.0";"4.892791"
"102650.0";"4.73157"
"102660.0";"4.519111"
"102670.0";"4.600129"
"102680.0";"4.549029"
"102690.0";"4.690672"
"102700.0";"4.720895"
"102710.0";"4.548858"
"102720.0";"4.722034"
"102730.0";"4.587976"
"102740.0";"4.633569"
"102750.0";"4.707016"
"102760.0";"4.718553"
"102770.0";"4.649603"
"102780.0";"4.752942"
"102790.0";"4.661363"
"102800.0";"4.700085"
"102810.0";"4.75484"
"102820.0";"4.806579"
"102830.0";"4.772272"
"102840.0";"4.733895"
"102850.0";"4.52861"
"102860.0";"4.558039"
"102870.0";"4.421663"
"102880.0";"4.6011"
"102890.0";"4.676018"
"102900.0";"4.447895"
"102910.0";"4.434784"
"102920.0";"4.50129"
"102930.0";"4.48971"
"102940.0";"4.537598"
"102950.0";"4.595448"
"102960.0";"4.659551"
"102970.0";"4.634052"
"102980.0";"4.45669"
"102990.0";"4.407883"
"103000.0";"4.353277"
"103010.0";"4.28668"
"103020.0";"4.144443"
"103030.0";"4.121424"
"103040.0";"4.207567"
"103050.0";"4.212768"
"103060.0";"4.509347"
"103070.0";"4.605327"
"103080.0";"4.597489"
"103090.0";"4.593716"
"103100.0";"4.685006"
"103110.0";"4.744596"
"103120.0";"4.540192"
"103130.0";"4.55882"
"103140.0";"4.488968"
"103150.0";"4.551434"
"103160.0";"4.502342"
"103170.0";"4.77668"
"103180.0";"4.766678"
"103190.0";"4.844434"
"103200.0";"4.833114"
"103210.0";"4.785147"
"103220.0";"4.855412"
"103230.0";"4.728832"
"103240.0";"4.74463"
"103250.0";"4.713407"
"103260.0";"4.645683"
"103270.0";"4.681392"
"103280.0";"4.802851"
"103290.0";"4.801433"
"103300.0";"4.990695"
"103310.0";"4.829422"
"103320.0";"4.878973"
"103330.0";"4.719461"
"103340.0";"4.483593"
"103350.0";"4.529881"
"103360.0";"4.289548"
"103370.0";"4.366977"
"103380.0";"4.27383"
"103390.0";"4.310237"
"103400.0";"4.369902"
"103410.0";"4.348701"
"103420.0";"4.276758"
"103430.0";"3.912654"
"103440.0";"3.927174"
"103450.0";"3.924583"
"103460.0";"4.043145"
"103470.0";"4.206591"
"103480.0";"4.272948"
"103490.0";"4.310508"
"103500.0";"4.143382"
"103510.0";"4.201054"
"103520.0";"4.423577"
"103530.0";"4.366921"
"103540.0";"4.362389"
"103550.0";"4.352701"
"103560.0";"4.563566"
"103570.0";"4.641295"
"103580.0";"4.42881"
"103590.0";"4.342944"
"103600.0";"4.522078"
"103610.0";"4.682695"
"103620.0";"4.698838"
"103630.0";"4.372968"
"103640.0";"4.427551"
"103650.0";"4.507248"
"103660.0";"4.407026"
"103670.0";"4.324877"
"103680.0";"4.420336"
"103690.0";"4.491128"
"103700.0";"4.573085"
"103710.0";"4.576805"
"103720.0";"4.520382"
"103730.0";"4.306226"
"103740.0";"4.143108"
"103750.0";"4.040835"
"103760.0";"4.065283"
"103770.0";"4.181572"
"103780.0";"4.240901"
"103790.0";"4.107976"
"103800.0";"3.925148"
"103810.0";"4.007084"
"103820.0";"3.948701"
"103830.0";"3.962194"
"103840.0";"4.137907"
"103850.0";"4.351849"
"103860.0";"4.240977"
"103870.0";"4.412652"
"103880.0";"4.755758"
"103890.0";"4.751618"
"103900.0";"4.774228"
"103910.0";"4.733946"
"103920.0";"4.64613"
"103930.0";"4.618026"
"103940.0";"4.78958"
"103950.0";"4.603385"
"103960.0";"4.736256"
"103970.0";"4.747417"
"103980.0";"5.064459"
"103990.0";"5.251657"
"104000.0";"5.365277"
"104010.0";"5.241428"
"104020.0";"5.205914"
"104030.0";"5.30079"
"104040.0";"5.304975"
"104050.0";"5.293424"
"104060.0";"5.332932"
"104070.0";"5.382389"
"104080.0";"5.26767"
"104090.0";"5.156091"
"104100.0";"5.114548"
"104110.0";"5.18778"
"104120.0";"5.097749"
"104130.0";"4.907423"
"104140.0";"4.937945"
"104150.0";"4.713817"
"104160.0";"4.863738"
"104170.0";"4.970054"
"104180.0";"5.123227"
"104190.0";"4.951521"
"104200.0";"4.744123"
"104210.0";"4.514831"
"104220.0";"4.664944"
"104230.0";"4.618177"
"104240.0";"4.648021"
"104250.0";"4.734516"
"104260.0";"4.568684"
"104270.0";"4.489271"
"104280.0";"4.305585"
"104290.0";"4.255439"
"104300.0";"4.179134"
"104310.0";"3.989242"
"104320.0";"4.094153"
"104330.0";"4.248523"
"104340.0";"4.222734"
"104350.0";"4.038361"
"104360.0";"3.942118"
"104370.0";"3.953957"
"104380.0";"3.777591"
"104390.0";"3.989801"
"104400.0";"4.02352"
"104410.0";"4.166703"
"104420.0";"3.989578"
"104430.0";"3.813166"
"104440.0";"3.975896"
"104450.0";"4.096099"
"104460.0";"3.857183"
"104470.0";"3.805327"
"104480.0";"3.798362"
"104490.0";"3.98596"
"104500.0";"3.723336"
"104510.0";"3.881732"
"104520.0";"3.637012"
"104530.0";"3.690969"
"104540.0";"3.421731"
"104550.0";"3.198609"
"104560.0";"3.097981"
"104570.0";"3.096042"
"104580.0";"3.250152"
"104590.0";"3.366058"
"104600.0";"3.208627"
"104610.0";"3.210422"
"104620.0";"3.470313"
"104630.0";"3.476941"
"104640.0";"3.410011"
"104650.0";"3.442552"
"104660.0";"3.32282"
"104670.0";"3.595668"
"104680.0";"3.56411"
"104690.0";"3.456831"
"104700.0";"3.399897"
"104710.0";"3.2452"
"104720.0";"3.452768"
"104730.0";"3.399925"
"104740.0";"2.954671"
"104750.0";"2.881151"
"104760.0";"2.763655"
"104770.0";"2.666645"
"104780.0";"2.565898"
"104790.0";"2.611573"
"104800.0";"2.635739"
"104810.0";"2.937078"
"104820.0";"2.915221"
"104830.0";"2.707076"
"104840.0";"2.824935"
"104850.0";"2.851703"
"104860.0";"2.817448"
"104870.0";"2.737246"
"104880.0";"2.519732"
"104890.0";"2.729722"
"104900.0";"2.769538"
"104910.0";"2.70331"
"104920.0";"2.712785"
"104930.0";"2.631047"
"104940.0";"2.534062"
"104950.0";"2.622559"
"104960.0";"2.466154"
"104970.0";"2.478662"
"104980.0";"2.645906"
"104990.0";"2.493117"
"105000.0";"2.609948"
"105010.0";"2.511719"
"105020.0";"2.515772"
"105030.0";"2.586048"
"105040.0";"2.676998"
"105050.0";"2.799574"
"105060.0";"2.870667"
"105070.0";"2.603271"
"105080.0";"2.562117"
"105090.0";"2.816187"
"105100.0";"2.957741"
"105110.0";"2.944489"
"105120.0";"2.956276"
"105130.0";"2.971285"
"105140.0";"2.875397"
"105150.0";"2.953793"
"105160.0";"2.815441"
"105170.0";"2.899519"
"105180.0";"2.881349"
"105190.0";"3.028836"
"105200.0";"3.290763"
"105210.0";"3.186268"
"105220.0";"3.303035"
"105230.0";"3.249856"
"105240.0";"3.237546"
"105250.0";"3.176773"
"105260.0";"3.250556"
"105270.0";"3.017247"
"105280.0";"2.776239"
"105290.0";"2.698227"
"105300.0";"2.861797"
"105310.0";"2.561564"
"105320.0";"2.530487"
"105330.0";"2.33452"
"105340.0";"2.187226"
"105350.0";"2.27356"
"105360.0";"2.278654"
"105370.0";"2.172565"
"105380.0";"2.491796"
"105390.0";"2.545715"
"105400.0";"2.514281"
"105410.0";"2.474277"
"105420.0";"2.498804"
"105430.0";"2.452744"
"105440.0";"2.572754"
"105450.0";"2.65201"
"105460.0";"2.556426"
"105470.0";"2.648784"
"105480.0";"2.644088"
"105490.0";"2.744646"
"105500.0";"2.888492"
"105510.0";"2.865782"
"105520.0";"2.764329"
"105530.0";"2.696511"
"105540.0";"2.567638"
"105550.0";"2.553294"
"105560.0";"2.65483"
"105570.0";"2.681324"
"105580.0";"2.95881"
"105590.0";"2.998299"
"105600.0";"2.972966"
"105610.0";"2.982728"
"105620.0";"3.005891"
"105630.0";"3.199417"
"105640.0";"3.267674"
"105650.0";"3.238202"
"105660.0";"3.289825"
"105670.0";"3.341677"
"105680.0";"3.263394"
"105690.0";"3.360569"
"105700.0";"3.399347"
"105710.0";"3.227645"
"105720.0";"3.056554"
"105730.0";"2.994637"
"105740.0";"2.938883"
"105750.0";"2.947432"
"105760.0";"2.92024"
"105770.0";"2.926652"
"105780.0";"3.088004"
"105790.0";"3.0554"
"105800.0";"3.083383"
"105810.0";"3.241858"
"105820.0";"3.432858"
"105830.0";"3.541477"
"105840.0";"3.519257"
"105850.0";"3.528051"
"105860.0";"3.548706"
"105870.0";"3.437385"
"105880.0";"3.408592"
"105890.0";"3.620271"
"105900.0";"3.446408"
"105910.0";"3.459598"
"105920.0";"3.518803"
"105930.0";"3.536385"
"105940.0";"3.554222"
"105950.0";"3.441708"
"105960.0";"3.301908"
"105970.0";"3.293688"
"105980.0";"3.304119"
"105990.0";"3.261523"
"106000.0";"3.390641"
"106010.0";"3.560947"
"106020.0";"3.761047"
"106030.0";"3.843499"
"106040.0";"3.904496"
"106050.0";"3.989748"
"106060.0";"3.925061"
"106070.0";"3.803968"
"106080.0";"3.640263"
"106090.0";"3.711171"
"106100.0";"3.752199"
"106110.0";"3.612779"
"106120.0";"3.228835"
"106130.0";"3.165958"
"106140.0";"3.120502"
"106150.0";"3.432262"
"106160.0";"3.179636"
"106170.0";"3.122047"
"106180.0";"3.085504"
"106190.0";"2.970163"
"106200.0";"2.991496"
"106210.0";"3.019437"
"106220.0";"2.85774"
"106230.0";"2.868343"
"106240.0";"3.065534"
"106250.0";"3.077946"
"106260.0";"2.847482"
"106270.0";"2.909894"
"106280.0";"2.828931"
"106290.0";"2.803668"
"106300.0";"2.912137"
"106310.0";"2.701427"
"106320.0";"2.642458"
"106330.0";"2.744339"
"106340.0";"2.729956"
"106350.0";"2.922375"
"106360.0";"2.672765"
"106370.0";"2.454812"
"106380.0";"2.658158"
"106390.0";"2.867372"
"106400.0";"2.69736"
"106410.0";"2.675928"
"106420.0";"2.570415"
"106430.0";"2.575737"
"106440.0";"2.67675"
"106450.0";"2.637291"
"106460.0";"2.769463"
"106470.0";"2.470912"
"106480.0";"2.51432"
"106490.0";"2.437356"
"106500.0";"2.302094"
"106510.0";"2.45519"
"106520.0";"2.479375"
"106530.0";"2.456536"
"106540.0";"2.554262"
"106550.0";"2.559241"
"106560.0";"2.476056"
"106570.0";"2.455523"
"106580.0";"2.144045"
"106590.0";"2.372604"
"106600.0";"2.649804"
"106610.0";"2.322066"
"106620.0";"2.047612"
"106630.0";"1.983037"
"106640.0";"2.089075"
"106650.0";"1.987922"
"106660.0";"2.111666"
"106670.0";"2.099049"
"106680.0";"1.886363"
"106690.0";"1.87179"
"106700.0";"1.803608"
"106710.0";"1.807415"
"106720.0";"1.624489"
"106730.0";"1.822316"
"106740.0";"1.725246"
"106750.0";"1.831651"
"106760.0";"1.749853"
"106770.0";"1.80066"
"106780.0";"1.948641"
"106790.0";"1.869174"
"106800.0";"1.882702"
"106810.0";"2.034733"
"106820.0";"2.068449"
"106830.0";"2.01739"
"106840.0";"1.98627"
"106850.0";"1.970156"
"106860.0";"2.139027"
"106870.0";"2.092617"
"106880.0";"2.009713"
"106890.0";"2.113388"
"106900.0";"2.055168"
"106910.0";"2.041564"
"106920.0";"1.910089"
"106930.0";"2.018393"
"106940.0";"2.132167"
"106950.0";"2.044258"
"106960.0";"1.970762"
"106970.0";"1.752171"
"106980.0";"1.775944"
"106990.0";"1.800638"
"107000.0";"1.785321"
"107010.0";"1.759933"
"107020.0";"1.727653"
"107030.0";"1.504962"
"107040.0";"1.517059"
"107050.0";"1.3752"
"107060.0";"1.60139"
"107070.0";"1.39721"
"107080.0";"1.453906"
"107090.0";"1.465255"
"107100.0";"1.543581"
"107110.0";"1.336283"
"107120.0";"1.262881"
"107130.0";"1.31334"
"107140.0";"1.577229"
"107150.0";"1.475562"
"107160.0";"1.654074"
"107170.0";"1.294475"
"107180.0";"1.440932"
"107190.0";"1.457073"
"107200.0";"1.370205"
"107210.0";"1.25084"
"107220.0";"1.413239"
"107230.0";"1.279344"
"107240.0";"1.228027"
"107250.0";"1.171228"
"107260.0";"1.163372"
"107270.0";"1.344841"
"107280.0";"1.420623"
"107290.0";"1.455336"
"107300.0";"1.472587"
"107310.0";"1.460498"
"107320.0";"1.508201"
"107330.0";"1.661019"
"107340.0";"1.480536"
"107350.0";"1.356232"
"107360.0";"1.118994"
"107370.0";"1.287212"
"107380.0";"1.192956"
"107390.0";"1.149007"
"107400.0";"0.9857067"
"107410.0";"0.9403437"
"107420.0";"1.104497"
"107430.0";"0.9898616"
"107440.0";"1.09203"
"107450.0";"1.18694"
"107460.0";"1.376304"
"107470.0";"1.295551"
"107480.0";"1.370592"
"107490.0";"1.241654"
"107500.0";"1.139752"
"107510.0";"1.273912"
"107520.0";"1.169645"
"107530.0";"1.028621"
"107540.0";"0.8324675"
"107550.0";"0.9104785"
"107560.0";"0.7292099"
"107570.0";"0.8424187"
"107580.0";"1.122273"
"107590.0";"1.037916"
"107600.0";"1.220855"
"107610.0";"1.095453"
"107620.0";"1.245143"
"107630.0";"1.180411"
"107640.0";"1.413691"
"107650.0";"1.318715"
"107660.0";"1.378765"
"107670.0";"1.05507"
"107680.0";"1.027164"
"107690.0";"1.212932"
"107700.0";"1.19698"
"107710.0";"1.183987"
"107720.0";"1.182989"
"107730.0";"1.058025"
"107740.0";"1.073602"
"107750.0";"1.006168"
"107760.0";"0.8765534"
"107770.0";"0.5149546"
"107780.0";"0.7510106"
"107790.0";"0.7058592"
"107800.0";"0.9921696"
"107810.0";"0.8539304"
"107820.0";"0.9758574"
"107830.0";"1.02512"
"107840.0";"0.9617618"
"107850.0";"0.9402576"
"107860.0";"0.9902459"
"107870.0";"1.061236"
"107880.0";"0.8108892"
"107890.0";"0.9005798"
"107900.0";"0.8617775"
"107910.0";"0.947892"
"107920.0";"0.8623632"
"107930.0";"0.8580917"
"107940.0";"0.8269686"
"107950.0";"0.7028981"
"107960.0";"1.195606"
"107970.0";"1.271054"
"107980.0";"1.102427"
"107990.0";"1.385447"
"108000.0";"1.495777"
"108010.0";"1.171882"
"108020.0";"0.9814442"
"108030.0";"0.9233009"
"108040.0";"1.005575"
"108050.0";"1.25694"
"108060.0";"1.139756"
"108070.0";"0.993694"
"108080.0";"1.281033"
"108090.0";"1.204123"
"108100.0";"1.347481"
"108110.0";"1.506428"
"108120.0";"1.465833"
"108130.0";"1.469849"
"108140.0";"1.719238"
"108150.0";"1.675534"
"108160.0";"1.678976"
"108170.0";"1.642517"
"108180.0";"1.758526"
"108190.0";"1.758984"
"108200.0";"1.790666"
"108210.0";"1.732455"
"108220.0";"1.892086"
"108230.0";"1.795036"
"108240.0";"1.559143"
"108250.0";"1.662271"
"108260.0";"1.736771"
"108270.0";"1.739892"
"108280.0";"1.575252"
"108290.0";"1.560303"
"108300.0";"1.733457"
"108310.0";"1.724967"
"108320.0";"1.555391"
"108330.0";"1.667794"
"108340.0";"1.771161"
"108350.0";"1.780731"
"108360.0";"1.648744"
"108370.0";"1.632159"
"108380.0";"1.711085"
"108390.0";"1.627416"
"108400.0";"1.480604"
"108410.0";"1.686905"
"108420.0";"1.884871"
"108430.0";"1.75209"
"108440.0";"1.840439"
"108450.0";"1.944644"
"108460.0";"2.019099"
"108470.0";"1.91472"
"108480.0";"2.1269"
"108490.0";"2.116437"
"108500.0";"2.302195"
"108510.0";"2.227696"
"108520.0";"2.179918"
"108530.0";"2.092519"
"108540.0";"2.12246"
"108550.0";"2.122261"
"108560.0";"2.398068"
"108570.0";"2.06589"
"108580.0";"2.164466"
"108590.0";"2.087424"
"108600.0";"2.112547"
"108610.0";"2.223049"
"108620.0";"2.133963"
"108630.0";"2.484161"
"108640.0";"2.300759"
"108650.0";"2.41823"
"108660.0";"2.528853"
"108670.0";"2.390992"
"108680.0";"2.596035"
"108690.0";"2.84153"
"108700.0";"2.768409"
"108710.0";"2.730695"
"108720.0";"2.587646"
"108730.0";"2.801485"
"108740.0";"2.638786"
"108750.0";"2.373489"
"108760.0";"2.77713"
"108770.0";"2.659518"
"108780.0";"2.66189"
"108790.0";"2.655645"
"108800.0";"2.677989"
"108810.0";"2.623625"
"108820.0";"2.72873"
"108830.0";"2.755592"
"108840.0";"2.781466"
"108850.0";"2.796795"
"108860.0";"2.730155"
"108870.0";"2.720726"
"108880.0";"2.661117"
"108890.0";"2.549815"
"108900.0";"2.541066"
"108910.0";"2.556401"
"108920.0";"2.541925"
"108930.0";"2.525218"
"108940.0";"2.54768"
"108950.0";"2.56157"
"108960.0";"2.651844"
"108970.0";"2.488504"
"108980.0";"2.364911"
"108990.0";"2.31878"
"109000.0";"2.233985"
"109010.0";"2.188629"
"109020.0";"2.200705"
"109030.0";"2.288572"
"109040.0";"2.516782"
"109050.0";"2.582078"
"109060.0";"2.524807"
"109070.0";"2.570622"
"109080.0";"2.662385"
"109090.0";"2.592294"
"109100.0";"2.717741"
"109110.0";"2.808541"
"109120.0";"2.709751"
"109130.0";"3.02651"
"109140.0";"3.084286"
"109150.0";"2.986622"
"109160.0";"2.967671"
"109170.0";"3.140687"
"109180.0";"3.275605"
"109190.0";"3.369135"
"109200.0";"3.323821"
"109210.0";"3.50579"
"109220.0";"3.493525"
"109230.0";"3.336873"
"109240.0";"3.385311"
"109250.0";"3.373842"
"109260.0";"3.228532"
"109270.0";"3.271757"
"109280.0";"3.164918"
"109290.0";"2.95805"
"109300.0";"3.243764"
"109310.0";"2.977323"
"109320.0";"2.957695"
"109330.0";"2.910071"
"109340.0";"3.115839"
"109350.0";"3.203778"
"109360.0";"3.114973"
"109370.0";"2.927885"
"109380.0";"2.721721"
"109390.0";"2.758719"
"109400.0";"2.678152"
"109410.0";"2.54111"
"109420.0";"2.401672"
"109430.0";"2.495441"
"109440.0";"2.322273"
"109450.0";"2.177665"
"109460.0";"2.506956"
"109470.0";"2.380201"
"109480.0";"2.191637"
"109490.0";"2.01583"
"109500.0";"2.168921"
"109510.0";"2.279606"
"109520.0";"2.326882"
"109530.0";"2.231071"
"109540.0";"2.173861"
"109550.0";"1.921464"
"109560.0";"1.884599"
"109570.0";"1.86672"
"109580.0";"2.00246"
"109590.0";"1.955201"
"109600.0";"2.171958"
"109610.0";"1.99159"
"109620.0";"2.077001"
"109630.0";"2.190918"
"109640.0";"2.092403"
"109650.0";"2.084669"
"109660.0";"2.329564"
"109670.0";"2.360547"
"109680.0";"2.582585"
"109690.0";"2.759994"
"109700.0";"2.718282"
"109710.0";"2.621323"
"109720.0";"2.64083"
"109730.0";"2.583239"
"109740.0";"2.619803"
"109750.0";"2.754542"
"109760.0";"2.926416"
"109770.0";"2.691895"
"109780.0";"2.736974"
"109790.0";"2.53726"
"109800.0";"2.536958"
"109810.0";"2.367578"
"109820.0";"2.452585"
"109830.0";"2.487738"
"109840.0";"2.422644"
"109850.0";"2.516142"
"109860.0";"2.20062"
"109870.0";"2.248797"
"109880.0";"2.062259"
"109890.0";"2.026166"
"109900.0";"1.972508"
"109910.0";"1.993916"
"109920.0";"2.091974"
"109930.0";"2.33115"
"109940.0";"2.378792"
"109950.0";"2.426987"
"109960.0";"2.541661"
"109970.0";"2.460844"
"109980.0";"2.524174"
"109990.0";"2.4645"
"110000.0";"2.322"
"110010.0";"2.432629"
"110020.0";"2.245485"
"110030.0";"2.140819"
"110040.0";"2.237844"
"110050.0";"2.37431"
"110060.0";"2.195976"
"110070.0";"2.180112"
"110080.0";"2.269414"
"110090.0";"2.240815"
"110100.0";"2.327499"
"110110.0";"2.388373"
"110120.0";"2.300615"
"110130.0";"2.270367"
"110140.0";"2.211429"
"110150.0";"2.106558"
"110160.0";"1.926217"
"110170.0";"1.991233"
"110180.0";"1.981388"
"110190.0";"1.904537"
"110200.0";"1.89458"
"110210.0";"1.827388"
"110220.0";"1.687535"
"110230.0";"1.37671"
"110240.0";"1.210154"
"110250.0";"1.378064"
"110260.0";"1.422997"
"110270.0";"1.480128"
"110280.0";"1.513782"
"110290.0";"1.291006"
"110300.0";"1.343843"
"110310.0";"1.423524"
"110320.0";"1.502548"
"110330.0";"1.57359"
"110340.0";"1.558143"
"110350.0";"1.496874"
"110360.0";"1.374079"
"110370.0";"1.511605"
"110380.0";"1.631266"
"110390.0";"1.656236"
"110400.0";"1.575473"
"110410.0";"1.614813"
"110420.0";"1.48328"
"110430.0";"1.459394"
"110440.0";"1.367629"
"110450.0";"1.223201"
"110460.0";"1.213928"
"110470.0";"1.086662"
"110480.0";"1.10134"
"110490.0";"1.154159"
"110500.0";"0.9581305"
"110510.0";"1.013502"
"110520.0";"0.9647555"
"110530.0";"0.8189293"
"110540.0";"0.9417182"
"110550.0";"0.9079518"
"110560.0";"0.7905836"
"110570.0";"0.7693827"
"110580.0";"0.9733719"
"110590.0";"0.9454743"
"110600.0";"1.151705"
"110610.0";"0.9909616"
"110620.0";"1.049079"
"110630.0";"1.06253"
"110640.0";"1.21037"
"110650.0";"1.206832"
"110660.0";"1.421555"
"110670.0";"1.45327"
"110680.0";"1.450973"
"110690.0";"1.297594"
"110700.0";"1.251593"
"110710.0";"1.397588"
"110720.0";"1.530871"
"110730.0";"1.923565"
"110740.0";"1.748344"
"110750.0";"1.866127"
"110760.0";"1.728058"
"110770.0";"1.801709"
"110780.0";"1.802172"
"110790.0";"1.886376"
"110800.0";"1.711396"
"110810.0";"1.798777"
"110820.0";"1.878189"
"110830.0";"1.823037"
"110840.0";"1.933698"
"110850.0";"1.910144"
"110860.0";"1.741783"
"110870.0";"1.754283"
"110880.0";"1.830654"
"110890.0";"1.897528"
"110900.0";"1.967669"
"110910.0";"2.023059"
"110920.0";"2.057822"
"110930.0";"1.865808"
"110940.0";"1.835546"
"110950.0";"1.702192"
"110960.0";"1.849726"
"110970.0";"1.974885"
"110980.0";"2.153735"
"110990.0";"2.387472"
"111000.0";"2.63718"
"111010.0";"2.718643"
"111020.0";"2.679678"
"111030.0";"2.491838"
"111040.0";"2.493"
"111050.0";"2.329416"
"111060.0";"2.239438"
"111070.0";"2.044395"
"111080.0";"1.784236"
"111090.0";"1.88481"
"111100.0";"1.923392"
"111110.0";"1.878253"
"111120.0";"1.85719"
"111130.0";"1.549346"
"111140.0";"1.605706"
"111150.0";"1.821984"
"111160.0";"1.670129"
"111170.0";"1.788878"
"111180.0";"1.911987"
"111190.0";"2.027856"
"111200.0";"2.222756"
"111210.0";"2.272018"
"111220.0";"2.140739"
"111230.0";"2.353767"
"111240.0";"2.175941"
"111250.0";"2.562542"
"111260.0";"2.539707"
"111270.0";"2.406294"
"111280.0";"2.452846"
"111290.0";"2.42972"
"111300.0";"2.545728"
"111310.0";"2.406986"
"111320.0";"2.418936"
"111330.0";"2.680006"
"111340.0";"2.796148"
"111350.0";"2.440547"
"111360.0";"2.389014"
"111370.0";"2.477301"
"111380.0";"2.591509"
"111390.0";"2.54838"
"111400.0";"2.594849"
"111410.0";"2.66154"
"111420.0";"2.591399"
"111430.0";"2.67445"
"111440.0";"2.710449"
"111450.0";"2.552245"
"111460.0";"2.4173"
"111470.0";"2.311803"
"111480.0";"2.273038"
"111490.0";"2.118907"
"111500.0";"2.087934"
"111510.0";"2.191768"
"111520.0";"1.897658"
"111530.0";"1.772882"
"111540.0";"1.710671"
"111550.0";"1.771226"
"111560.0";"1.84976"
"111570.0";"1.863521"
"111580.0";"1.659861"
"111590.0";"1.645985"
"111600.0";"1.515202"
"111610.0";"1.481933"
"111620.0";"1.522421"
"111630.0";"1.610334"
"111640.0";"1.402522"
"111650.0";"1.654216"
"111660.0";"1.609882"
"111670.0";"1.456602"
"111680.0";"1.559341"
"111690.0";"1.475266"
"111700.0";"1.502452"
"111710.0";"1.630316"
"111720.0";"1.627332"
"111730.0";"1.549054"
"111740.0";"1.663874"
"111750.0";"1.941658"
"111760.0";"1.669841"
"111770.0";"1.644333"
"111780.0";"1.634341"
"111790.0";"1.660574"
"111800.0";"1.726997"
"111810.0";"1.71155"
"111820.0";"1.90851"
"111830.0";"1.828262"
"111840.0";"1.785073"
"111850.0";"1.804338"
"111860.0";"1.887448"
"111870.0";"1.922627"
"111880.0";"1.910951"
"111890.0";"2.011318"
"111900.0";"2.008978"
"111910.0";"1.833005"
"111920.0";"1.786806"
"111930.0";"1.638239"
"111940.0";"1.786722"
"111950.0";"1.722107"
"111960.0";"1.590413"
"111970.0";"1.880972"
"111980.0";"1.988085"
"111990.0";"2.053836"
"112000.0";"1.948913"
"112010.0";"2.151245"
"112020.0";"2.022795"
"112030.0";"1.72736"
"112040.0";"1.733262"
"112050.0";"1.908437"
"112060.0";"1.62592"
"112070.0";"1.474235"
"112080.0";"1.606528"
"112090.0";"1.955105"
"112100.0";"1.623071"
"112110.0";"1.64377"
"112120.0";"1.476765"
"112130.0";"1.597407"
"112140.0";"1.590578"
"112150.0";"1.588012"
"112160.0";"1.672829"
"112170.0";"1.633922"
"112180.0";"1.533653"
"112190.0";"1.70342"
"112200.0";"1.601948"
"112210.0";"1.489121"
"112220.0";"1.673089"
"112230.0";"1.522226"
"112240.0";"1.462094"
"112250.0";"1.425167"
"112260.0";"1.559316"
"112270.0";"1.504136"
"112280.0";"1.420979"
"112290.0";"1.67855"
"112300.0";"1.527526"
"112310.0";"1.48859"
"112320.0";"1.535001"
"112330.0";"1.741539"
"112340.0";"1.816411"
"112350.0";"1.787047"
"112360.0";"1.785293"
"112370.0";"1.851046"
"112380.0";"1.921626"
"112390.0";"1.875107"
"112400.0";"1.686796"
"112410.0";"1.472403"
"112420.0";"1.726085"
"112430.0";"1.910721"
"112440.0";"1.701811"
"112450.0";"1.64719"
"112460.0";"1.462882"
"112470.0";"1.431066"
"112480.0";"1.376427"
"112490.0";"1.212775"
"112500.0";"1.333542"
"112510.0";"1.506358"
"112520.0";"1.635883"
"112530.0";"1.675691"
"112540.0";"1.563682"
"112550.0";"1.675545"
"112560.0";"1.784103"
"112570.0";"1.787212"
"112580.0";"1.720109"
"112590.0";"1.859369"
"112600.0";"1.780942"
"112610.0";"1.85717"
"112620.0";"1.980136"
"112630.0";"2.04236"
"112640.0";"1.867123"
"112650.0";"2.074324"
"112660.0";"1.892869"
"112670.0";"2.094636"
"112680.0";"1.963914"
"112690.0";"1.912587"
"112700.0";"1.999502"
"112710.0";"2.26679"
"112720.0";"2.38549"
"112730.0";"2.319917"
"112740.0";"2.219629"
"112750.0";"2.304536"
"112760.0";"2.052237"
"112770.0";"2.266109"
"112780.0";"2.561497"
"112790.0";"2.378182"
"112800.0";"2.531669"
"112810.0";"2.688478"
"112820.0";"2.603875"
"112830.0";"2.390144"
"112840.0";"2.373937"
"112850.0";"2.539796"
"112860.0";"2.515931"
"112870.0";"2.65931"
"112880.0";"2.462235"
"112890.0";"2.387074"
"112900.0";"2.342114"
"112910.0";"2.48704"
"112920.0";"2.44267"
"112930.0";"2.544454"
"112940.0";"2.628041"
"112950.0";"2.569562"
"112960.0";"2.364189"
"112970.0";"2.135397"
"112980.0";"2.223919"
"112990.0";"2.344786"
"113000.0";"2.384701"
"113010.0";"2.392215"
"113020.0";"2.245147"
"113030.0";"2.39133"
"113040.0";"2.381291"
"113050.0";"2.404728"
"113060.0";"2.561157"
"113070.0";"2.602931"
"113080.0";"2.585173"
"113090.0";"2.733262"
"113100.0";"2.968686"
"113110.0";"3.127487"
"113120.0";"3.145827"
"113130.0";"2.969292"
"113140.0";"3.155475"
"113150.0";"2.941025"
"113160.0";"2.97491"
"113170.0";"2.903724"
"113180.0";"3.137197"
"113190.0";"3.202778"
"113200.0";"3.196133"
"113210.0";"3.354093"
"113220.0";"3.375184"
"113230.0";"3.352219"
"113240.0";"3.597296"
"113250.0";"3.540964"
"113260.0";"3.634216"
"113270.0";"3.744149"
"113280.0";"3.896634"
"113290.0";"4.063463"
"113300.0";"4.09854"
"113310.0";"4.089714"
"113320.0";"4.200602"
"113330.0";"4.319952"
"113340.0";"4.369924"
"113350.0";"4.49954"
"113360.0";"4.432884"
"113370.0";"4.491987"
"113380.0";"4.125384"
"113390.0";"4.028206"
"113400.0";"4.033478"
"113410.0";"3.809757"
"113420.0";"3.959344"
"113430.0";"3.969148"
"113440.0";"3.997315"
"113450.0";"3.99715"
"113460.0";"4.088421"
"113470.0";"4.083671"
"113480.0";"4.222301"
"113490.0";"4.291704"
"113500.0";"4.119245"
"113510.0";"4.259095"
"113520.0";"4.263218"
"113530.0";"4.353885"
"113540.0";"4.021571"
"113550.0";"3.94349"
"113560.0";"3.948042"
"113570.0";"4.140017"
"113580.0";"4.103876"
"113590.0";"4.045743"
"113600.0";"4.191426"
"113610.0";"4.162527"
"113620.0";"4.327322"
"113630.0";"4.229091"
"113640.0";"4.35638"
"113650.0";"4.151374"
"113660.0";"4.139867"
"113670.0";"4.145175"
"113680.0";"4.068293"
"113690.0";"4.219875"
"113700.0";"4.064374"
"113710.0";"4.093998"
"113720.0";"4.067907"
"113730.0";"4.22197"
"113740.0";"4.356662"
"113750.0";"4.284572"
"113760.0";"4.284152"
"113770.0";"4.234903"
"113780.0";"4.466668"
"113790.0";"4.435828"
"113800.0";"4.426346"
"113810.0";"4.469792"
"113820.0";"4.482109"
"113830.0";"4.437843"
"113840.0";"4.371486"
"113850.0";"4.306596"
"113860.0";"4.480318"
"113870.0";"4.391411"
"113880.0";"4.634916"
"113890.0";"4.787498"
"113900.0";"4.765497"
"113910.0";"4.703303"
"113920.0";"4.615797"
"113930.0";"4.630457"
"113940.0";"4.656599"
"113950.0";"4.59486"
"113960.0";"4.609297"
"113970.0";"4.596258"
"113980.0";"4.556151"
"113990.0";"4.654686"
"114000.0";"4.662808"
"114010.0";"4.540833"
"114020.0";"4.41509"
"114030.0";"4.163541"
"114040.0";"4.009285"
"114050.0";"3.664655"
"114060.0";"3.708663"
"114070.0";"3.451155"
"114080.0";"3.611059"
"114090.0";"3.715266"
"114100.0";"3.739026"
"114110.0";"3.64192"
"114120.0";"3.555598"
"114130.0";"3.872406"
"114140.0";"3.953625"
"114150.0";"3.89468"
"114160.0";"4.200161"
"114170.0";"4.292895"
"114180.0";"4.360913"
"114190.0";"4.334537"
"114200.0";"4.622719"
"114210.0";"4.60533"
"114220.0";"4.647183"
"114230.0";"4.538557"
"114240.0";"4.58328"
"114250.0";"4.620306"
"114260.0";"4.556979"
"114270.0";"4.668855"
"114280.0";"4.497396"
"114290.0";"4.376938"
"114300.0";"4.524526"
"114310.0";"4.617926"
"114320.0";"4.647158"
"114330.0";"4.857238"
"114340.0";"4.894059"
"114350.0";"4.896924"
"114360.0";"4.922019"
"114370.0";"5.109733"
"114380.0";"5.082185"
"114390.0";"5.222961"
"114400.0";"4.996439"
"114410.0";"5.015319"
"114420.0";"5.05658"
"114430.0";"4.974464"
"114440.0";"4.921537"
"114450.0";"4.729996"
"114460.0";"4.98397"
"114470.0";"4.945797"
"114480.0";"5.000566"
"114490.0";"4.903502"
"114500.0";"4.982159"
"114510.0";"4.834334"
"114520.0";"4.793738"
"114530.0";"4.763989"
"114540.0";"4.602631"
"114550.0";"4.774589"
"114560.0";"4.795401"
"114570.0";"4.77565"
"114580.0";"4.719509"
"114590.0";"4.700105"
"114600.0";"4.749005"
"114610.0";"4.776903"
"114620.0";"4.788395"
"114630.0";"4.819489"
"114640.0";"5.11353"
"114650.0";"5.052445"
"114660.0";"4.992372"
"114670.0";"4.97637"
"114680.0";"4.931175"
"114690.0";"5.036524"
"114700.0";"4.926262"
"114710.0";"4.983128"
"114720.0";"5.058978"
"114730.0";"4.930405"
"114740.0";"5.171334"
"114750.0";"5.103376"
"114760.0";"5.231072"
"114770.0";"5.161653"
"114780.0";"5.080177"
"114790.0";"5.172193"
"114800.0";"5.131775"
"114810.0";"5.02888"
"114820.0";"5.10461"
"114830.0";"4.991603"
"114840.0";"4.911662"
"114850.0";"4.960796"
"114860.0";"5.013795"
"114870.0";"4.728225"
"114880.0";"4.703385"
"114890.0";"4.425815"
"114900.0";"4.582088"
"114910.0";"4.649893"
"114920.0";"4.625492"
"114930.0";"4.575153"
"114940.0";"4.516262"
"114950.0";"4.420023"
"114960.0";"4.323262"
"114970.0";"4.211492"
"114980.0";"4.146073"
"114990.0";"4.316006"
"115000.0";"4.535757"
"115010.0";"4.796053"
"115020.0";"4.578797"
"115030.0";"4.510242"
"115040.0";"4.646328"
"115050.0";"4.727634"
"115060.0";"4.79911"
"115070.0";"4.788469"
"115080.0";"4.748917"
"115090.0";"4.782812"
"115100.0";"4.915694"
"115110.0";"4.873697"
"115120.0";"4.92629"
"115130.0";"4.928421"
"115140.0";"4.99071"
"115150.0";"4.948639"
"115160.0";"4.791502"
"115170.0";"4.908355"
"115180.0";"5.02396"
"115190.0";"5.026454"
"115200.0";"5.057688"
"115210.0";"5.094574"
"115220.0";"4.968848"
"115230.0";"4.815308"
"115240.0";"4.745638"
"115250.0";"4.59534"
"115260.0";"4.630538"
"115270.0";"4.628369"
"115280.0";"4.546953"
"115290.0";"4.73285"
"115300.0";"4.574151"
"115310.0";"4.56284"
"115320.0";"4.50497"
"115330.0";"4.656032"
"115340.0";"4.832645"
"115350.0";"4.784147"
"115360.0";"4.528448"
"115370.0";"4.418177"
"115380.0";"4.325587"
"115390.0";"4.244345"
"115400.0";"4.234164"
"115410.0";"4.03924"
"115420.0";"4.044885"
"115430.0";"4.215837"
"115440.0";"4.354775"
"115450.0";"4.111989"
"115460.0";"4.363607"
"115470.0";"4.303218"
"115480.0";"4.177956"
"115490.0";"4.340899"
"115500.0";"4.229143"
"115510.0";"4.413711"
"115520.0";"4.411315"
"115530.0";"4.288589"
"115540.0";"4.251553"
"115550.0";"4.004961"
"115560.0";"4.053814"
"115570.0";"3.954875"
"115580.0";"3.903351"
"115590.0";"4.089588"
"115600.0";"4.185921"
"115610.0";"4.291824"
"115620.0";"4.262399"
"115630.0";"4.485793"
"115640.0";"4.604994"
"115650.0";"4.565567"
"115660.0";"4.870413"
"115670.0";"4.683093"
"115680.0";"4.664453"
"115690.0";"4.753538"
"115700.0";"4.717331"
"115710.0";"4.800659"
"115720.0";"4.967006"
"115730.0";"5.100182"
"115740.0";"5.062523"
"115750.0";"5.11166"
"115760.0";"5.148016"
"115770.0";"5.001917"
"115780.0";"5.194474"
"115790.0";"5.15528"
"115800.0";"5.257779"
"115810.0";"5.187934"
"115820.0";"5.208394"
"115830.0";"5.305938"
"115840.0";"5.490552"
"115850.0";"5.470038"
"115860.0";"5.502855"
"115870.0";"5.567574"
"115880.0";"5.431605"
"115890.0";"5.48236"
"115900.0";"5.497193"
"115910.0";"5.618416"
"115920.0";"5.537908"
"115930.0";"5.44879"
"115940.0";"5.504497"
"115950.0";"5.471796"
"115960.0";"5.570492"
"115970.0";"5.690506"
"115980.0";"5.941864"
"115990.0";"5.859956"
"116000.0";"5.952268"
"116010.0";"5.813738"
"116020.0";"5.948341"
"116030.0";"5.771099"
"116040.0";"5.989688"
"116050.0";"5.850104"
"116060.0";"5.776884"
"116070.0";"5.782758"
"116080.0";"5.813406"
"116090.0";"5.73104"
"116100.0";"5.807496"
"116110.0";"5.979594"
"116120.0";"5.851286"
"116130.0";"5.914474"
"116140.0";"5.791419"
"116150.0";"5.725252"
"116160.0";"5.689933"
"116170.0";"5.372837"
"116180.0";"5.477664"
"116190.0";"5.634209"
"116200.0";"5.6341"
"116210.0";"5.699475"
"116220.0";"5.545877"
"116230.0";"5.689112"
"116240.0";"5.872077"
"116250.0";"5.843834"
"116260.0";"5.704286"
"116270.0";"5.870543"
"116280.0";"5.723938"
"116290.0";"5.847888"
"116300.0";"5.922597"
"116310.0";"5.89144"
"116320.0";"5.967442"
"116330.0";"5.903018"
"116340.0";"5.894529"
"116350.0";"5.84986"
"116360.0";"5.860544"
"116370.0";"5.936302"
"116380.0";"5.978611"
"116390.0";"5.972257"
"116400.0";"5.934616"
"116410.0";"5.91855"
"116420.0";"5.760943"
"116430.0";"5.760247"
"116440.0";"5.639657"
"116450.0";"5.769031"
"116460.0";"5.774956"
"116470.0";"5.924625"
"116480.0";"5.948184"
"116490.0";"6.01892"
"116500.0";"6.12824"
"116510.0";"6.100582"
"116520.0";"6.147019"
"116530.0";"6.073695"
"116540.0";"6.169295"
"116550.0";"6.228165"
"116560.0";"6.218644"
"116570.0";"6.175055"
"116580.0";"6.162217"
"116590.0";"6.151959"
"116600.0";"5.940778"
"116610.0";"5.890609"
"116620.0";"5.795304"
"116630.0";"5.853638"
"116640.0";"5.890025"
"116650.0";"5.796619"
"116660.0";"5.997252"
"116670.0";"6.012583"
"116680.0";"5.954041"
"116690.0";"5.931184"
"116700.0";"6.083691"
"116710.0";"5.990414"
"116720.0";"5.963641"
"116730.0";"6.065152"
"116740.0";"6.09598"
"116750.0";"5.93637"
"116760.0";"5.528357"
"116770.0";"5.451066"
"116780.0";"5.383942"
"116790.0";"5.453288"
"116800.0";"5.372997"
"116810.0";"5.380406"
"116820.0";"5.27659"
"116830.0";"5.107553"
"116840.0";"5.025391"
"116850.0";"5.263563"
"116860.0";"5.118563"
"116870.0";"5.196421"
"116880.0";"5.044466"
"116890.0";"4.974348"
"116900.0";"4.904319"
"116910.0";"4.854789"
"116920.0";"4.99091"
"116930.0";"4.824912"
"116940.0";"4.877812"
"116950.0";"4.758262"
"116960.0";"4.756341"
"116970.0";"5.070039"
"116980.0";"5.140132"
"116990.0";"5.124485"
"117000.0";"5.287338"
"117010.0";"5.352667"
"117020.0";"5.295841"
"117030.0";"5.400966"
"117040.0";"5.367726"
"117050.0";"5.467705"
"117060.0";"5.438409"
"117070.0";"5.451271"
"117080.0";"5.602351"
"117090.0";"5.602208"
"117100.0";"5.593968"
"117110.0";"5.523151"
"117120.0";"5.585272"
"117130.0";"5.526637"
"117140.0";"5.486747"
"117150.0";"5.442849"
"117160.0";"5.639496"
"117170.0";"5.644701"
"117180.0";"5.410955"
"117190.0";"5.560953"
"117200.0";"5.671902"
"117210.0";"5.295472"
"117220.0";"5.273614"
"117230.0";"5.093353"
"117240.0";"5.13905"
"117250.0";"5.370431"
"117260.0";"5.287939"
"117270.0";"5.517914"
"117280.0";"5.654134"
"117290.0";"5.899825"
"117300.0";"5.849571"
"117310.0";"5.945593"
"117320.0";"6.01896"
"117330.0";"6.169382"
"117340.0";"6.166299"
"117350.0";"6.145911"
"117360.0";"6.200676"
"117370.0";"6.079372"
"117380.0";"6.115378"
"117390.0";"5.819676"
"117400.0";"5.859762"
"117410.0";"5.891771"
"117420.0";"5.784769"
"117430.0";"5.905566"
"117440.0";"5.991016"
"117450.0";"5.8497"
"117460.0";"5.807616"
"117470.0";"5.815988"
"117480.0";"5.970293"
"117490.0";"5.721406"
"117500.0";"5.656126"
"117510.0";"5.528017"
"117520.0";"5.479999"
"117530.0";"5.401966"
"117540.0";"5.472423"
"117550.0";"5.687898"
"117560.0";"5.709835"
"117570.0";"5.875826"
"117580.0";"5.714053"
"117590.0";"5.699678"
"117600.0";"5.614049"
"117610.0";"5.519602"
"117620.0";"5.283433"
"117630.0";"5.354187"
"117640.0";"5.200639"
"117650.0";"5.219855"
"117660.0";"5.306194"
"117670.0";"5.389991"
"117680.0";"5.215072"
"117690.0";"5.311444"
"117700.0";"5.303296"
"117710.0";"5.205519"
"117720.0";"5.466234"
"117730.0";"5.521892"
"117740.0";"5.637347"
"117750.0";"5.558872"
"117760.0";"5.602844"
"117770.0";"5.825078"
"117780.0";"5.770298"
"117790.0";"5.672213"
"117800.0";"5.74591"
"117810.0";"5.569302"
"117820.0";"5.637408"
"117830.0";"5.725764"
"117840.0";"5.939123"
"117850.0";"6.036512"
"117860.0";"6.158133"
"117870.0";"6.053181"
"117880.0";"6.03824"
"117890.0";"6.292767"
"117900.0";"6.324588"
"117910.0";"6.53451"
"117920.0";"6.520909"
"117930.0";"6.69517"
"117940.0";"6.513689"
"117950.0";"6.456888"
"117960.0";"6.545636"
"117970.0";"6.579208"
"117980.0";"6.37083"
"117990.0";"6.367091"
"118000.0";"6.274601"
"118010.0";"6.258725"
"118020.0";"6.223408"
"118030.0";"6.15667"
"118040.0";"6.228244"
"118050.0";"6.224175"
"118060.0";"6.314008"
"118070.0";"6.357597"
"118080.0";"6.417866"
"118090.0";"6.294347"
"118100.0";"6.16962"
"118110.0";"6.150858"
"118120.0";"6.071187"
"118130.0";"5.871677"
"118140.0";"5.818503"
"118150.0";"5.682949"
"118160.0";"5.88005"
"118170.0";"5.917988"
"118180.0";"6.031072"
"118190.0";"6.086108"
"118200.0";"6.181458"
"118210.0";"6.231682"
"118220.0";"6.113841"
"118230.0";"6.232444"
"118240.0";"6.507902"
"118250.0";"6.709544"
"118260.0";"6.570244"
"118270.0";"6.451698"
"118280.0";"6.310902"
"118290.0";"6.281724"
"118300.0";"6.366586"
"118310.0";"6.262867"
"118320.0";"6.289732"
"118330.0";"6.431962"
"118340.0";"6.322885"
"118350.0";"6.146094"
"118360.0";"6.102827"
"118370.0";"6.15867"
"118380.0";"6.154983"
"118390.0";"6.123896"
"118400.0";"6.21413"
"118410.0";"6.286559"
"118420.0";"6.316369"
"118430.0";"6.312811"
"118440.0";"6.305938"
"118450.0";"6.373888"
"118460.0";"6.279011"
"118470.0";"6.355148"
"118480.0";"6.56116"
"118490.0";"6.478846"
"118500.0";"6.294625"
"118510.0";"6.257798"
"118520.0";"6.468117"
"118530.0";"6.581591"
"118540.0";"6.553134"
"118550.0";"6.485335"
"118560.0";"6.511223"
"118570.0";"6.444704"
"118580.0";"6.438342"
"118590.0";"6.357287"
"118600.0";"6.653447"
"118610.0";"6.431962"
"118620.0";"6.37109"
"118630.0";"6.336231"
"118640.0";"6.583099"
"118650.0";"6.491714"
"118660.0";"6.702587"
"118670.0";"6.722097"
"118680.0";"6.744403"
"118690.0";"6.82026"
"118700.0";"6.630895"
"118710.0";"6.813895"
"118720.0";"6.605457"
"118730.0";"6.717871"
"118740.0";"6.663915"
"118750.0";"6.606742"
"118760.0";"6.511842"
"118770.0";"6.386862"
"118780.0";"6.349487"
"118790.0";"6.437581"
"118800.0";"6.540531"
"118810.0";"6.312775"
"118820.0";"6.246729"
"118830.0";"5.977535"
"118840.0";"6.255889"
"118850.0";"6.323822"
"118860.0";"6.236898"
"118870.0";"6.527103"
"118880.0";"6.451045"
"118890.0";"6.192091"
"118900.0";"6.196474"
"118910.0";"6.205674"
"118920.0";"6.166236"
"118930.0";"6.130002"
"118940.0";"6.052256"
"118950.0";"5.884443"
"118960.0";"5.885519"
"118970.0";"5.742054"
"118980.0";"5.752779"
"118990.0";"5.432949"
"119000.0";"5.671898"
"119010.0";"5.870175"
"119020.0";"5.620293"
"119030.0";"5.667237"
"119040.0";"5.703853"
"119050.0";"5.66652"
"119060.0";"5.750321"
"119070.0";"5.616138"
"119080.0";"5.850568"
"119090.0";"5.950524"
"119100.0";"5.838548"
"119110.0";"5.809959"
"119120.0";"5.754387"
"119130.0";"5.507208"
"119140.0";"5.368217"
"119150.0";"5.364922"
"119160.0";"5.323292"
"119170.0";"5.312195"
"119180.0";"5.214087"
"119190.0";"5.25482"
"119200.0";"5.160559"
"119210.0";"5.100495"
"119220.0";"5.306447"
"119230.0";"5.348092"
"119240.0";"5.214496"
"119250.0";"5.179956"
"119260.0";"5.46089"
"119270.0";"5.52293"
"119280.0";"5.417044"
"119290.0";"5.223377"
"119300.0";"5.365257"
"119310.0";"5.471486"
"119320.0";"5.502357"
"119330.0";"5.161721"
"119340.0";"5.212159"
"119350.0";"5.224602"
"119360.0";"5.070579"
"119370.0";"5.236487"
"119380.0";"5.385955"
"119390.0";"5.299213"
"119400.0";"5.578877"
"119410.0";"5.566747"
"119420.0";"5.531024"
"119430.0";"5.397153"
"119440.0";"5.35939"
"119450.0";"5.39337"
"119460.0";"5.658348"
"119470.0";"5.570141"
"119480.0";"5.641258"
"119490.0";"5.782224"
"119500.0";"5.990741"
"119510.0";"5.854925"
"119520.0";"6.00647"
"119530.0";"5.957607"
"119540.0";"5.873916"
"119550.0";"5.909239"
"119560.0";"5.954338"
"119570.0";"5.896698"
"119580.0";"6.034484"
"119590.0";"6.062129"
"119600.0";"5.810975"
"119610.0";"5.647398"
"119620.0";"5.840323"
"119630.0";"5.894409"
"119640.0";"5.772268"
"119650.0";"5.705927"
"119660.0";"5.750631"
"119670.0";"5.482122"
"119680.0";"5.28889"
"119690.0";"5.440749"
"119700.0";"5.480609"
"119710.0";"5.392337"
"119720.0";"5.446212"
"119730.0";"5.315477"
"119740.0";"5.390062"
"119750.0";"5.135277"
"119760.0";"5.324176"
"119770.0";"5.581802"
"119780.0";"5.371389"
"119790.0";"5.372593"
"119800.0";"5.05563"
"119810.0";"5.075951"
"119820.0";"5.069218"
"119830.0";"5.03889"
"119840.0";"5.034323"
"119850.0";"5.173955"
"119860.0";"5.22022"
"119870.0";"5.4419"
"119880.0";"5.591482"
"119890.0";"5.840836"
"119900.0";"5.633844"
"119910.0";"5.869787"
"119920.0";"5.846656"
"119930.0";"5.94286"
"119940.0";"6.355925"
"119950.0";"6.214045"
"119960.0";"6.310927"
"119970.0";"6.360491"
"119980.0";"6.509064"
"119990.0";"6.477225"
"120000.0";"6.259806"
"120010.0";"6.128604"
"120020.0";"6.007701"
"120030.0";"6.208979"
"120040.0";"6.26906"
"120050.0";"6.200504"
"120060.0";"5.914256"
"120070.0";"5.557214"
"120080.0";"5.150374"
"120090.0";"5.235607"
"120100.0";"5.092139"
"120110.0";"5.210151"
"120120.0";"5.229603"
"120130.0";"5.47313"
"120140.0";"5.370782"
"120150.0";"5.257469"
"120160.0";"5.29347"
"120170.0";"5.402535"
"120180.0";"5.471774"
"120190.0";"5.642384"
"120200.0";"5.839584"
"120210.0";"5.668816"
"120220.0";"5.669127"
"120230.0";"5.718544"
"120240.0";"5.810632"
"120250.0";"5.801796"
"120260.0";"5.945811"
"120270.0";"6.158121"
"120280.0";"6.129826"
"120290.0";"6.284843"
"120300.0";"6.354163"
"120310.0";"6.374805"
"120320.0";"6.412777"
"120330.0";"6.356631"
"120340.0";"6.128296"
"120350.0";"6.217272"
"120360.0";"6.360918"
"120370.0";"6.179176"
"120380.0";"6.243873"
"120390.0";"6.371761"
"120400.0";"6.351953"
"120410.0";"6.297274"
"120420.0";"6.166264"
"120430.0";"6.160057"
"120440.0";"5.900303"
"120450.0";"6.129684"
"120460.0";"6.130798"
"120470.0";"6.157249"
"120480.0";"6.025737"
"120490.0";"5.994073"
"120500.0";"6.074076"
"120510.0";"6.152586"
"120520.0";"6.239846"
"120530.0";"6.180295"
"120540.0";"6.177395"
"120550.0";"5.991627"
"120560.0";"6.002415"
"120570.0";"6.05965"
"120580.0";"5.841902"
"120590.0";"5.7304"
"120600.0";"5.645241"
"120610.0";"5.823011"
"120620.0";"5.612731"
"120630.0";"5.381528"
"120640.0";"5.370959"
"120650.0";"5.420431"
"120660.0";"5.347013"
"120670.0";"5.446878"
"120680.0";"5.536552"
"120690.0";"5.456795"
"120700.0";"5.677093"
"120710.0";"5.70918"
"120720.0";"5.619639"
"120730.0";"5.513808"
"120740.0";"5.640038"
"120750.0";"5.6387"
"120760.0";"5.624451"
"120770.0";"5.268003"
"120780.0";"5.465205"
"120790.0";"5.129259"
"120800.0";"5.242072"
"120810.0";"5.325309"
"120820.0";"5.499232"
"120830.0";"5.592764"
"120840.0";"5.607241"
"120850.0";"5.68305"
"120860.0";"5.969956"
"120870.0";"5.963897"
"120880.0";"5.72027"
"120890.0";"5.63646"
"120900.0";"5.732694"
"120910.0";"5.825455"
"120920.0";"5.837858"
"120930.0";"5.873266"
"120940.0";"5.85251"
"120950.0";"5.834205"
"120960.0";"5.699861"
"120970.0";"5.653644"
"120980.0";"5.734905"
"120990.0";"5.482089"
"121000.0";"5.544093"
"121010.0";"5.716072"
"121020.0";"5.632405"
"121030.0";"5.709072"
"121040.0";"5.773299"
"121050.0";"5.57026"
"121060.0";"5.544414"
"121070.0";"5.521862"
"121080.0";"5.558846"
"121090.0";"5.582732"
"121100.0";"5.646423"
"121110.0";"5.678798"
"121120.0";"5.789253"
"121130.0";"5.810611"
"121140.0";"5.604136"
"121150.0";"5.622447"
"121160.0";"5.522978"
"121170.0";"5.49117"
"121180.0";"5.621713"
"121190.0";"5.647163"
"121200.0";"5.654636"
"121210.0";"5.607528"
"121220.0";"5.57117"
"121230.0";"5.385024"
"121240.0";"5.373942"
"121250.0";"5.310706"
"121260.0";"5.168614"
"121270.0";"5.275388"
"121280.0";"5.166846"
"121290.0";"5.330284"
"121300.0";"5.093711"
"121310.0";"5.23589"
"121320.0";"5.09865"
"121330.0";"5.116279"
"121340.0";"5.13391"
"121350.0";"5.241265"
"121360.0";"5.052896"
"121370.0";"5.153345"
"121380.0";"5.21628"
"121390.0";"5.216585"
"121400.0";"5.293711"
"121410.0";"5.341563"
"121420.0";"5.238662"
"121430.0";"5.298391"
"121440.0";"5.292392"
"121450.0";"5.270392"
"121460.0";"5.238791"
"121470.0";"5.312625"
"121480.0";"5.322979"
"121490.0";"5.29645"
"121500.0";"5.271525"
"121510.0";"5.30044"
"121520.0";"5.108931"
"121530.0";"5.336883"
"121540.0";"5.235067"
"121550.0";"5.302516"
"121560.0";"5.42203"
"121570.0";"5.242202"
"121580.0";"5.176918"
"121590.0";"5.222052"
"121600.0";"5.323756"
"121610.0";"5.276798"
"121620.0";"5.343639"
"121630.0";"4.997076"
"121640.0";"5.000123"
"121650.0";"5.174632"
"121660.0";"4.999845"
"121670.0";"5.113712"
"121680.0";"4.965328"
"121690.0";"5.111912"
"121700.0";"5.06689"
"121710.0";"4.760026"
"121720.0";"4.576428"
"121730.0";"4.469036"
"121740.0";"4.698551"
"121750.0";"4.998458"
"121760.0";"5.083165"
"121770.0";"4.939289"
"121780.0";"4.951452"
"121790.0";"5.226129"
"121800.0";"5.036408"
"121810.0";"4.696593"
"121820.0";"4.794738"
"121830.0";"4.941266"
"121840.0";"4.74456"
"121850.0";"4.852994"
"121860.0";"4.719123"
"121870.0";"4.60376"
"121880.0";"4.534427"
"121890.0";"4.693253"
"121900.0";"4.565474"
"121910.0";"4.65929"
"121920.0";"4.666886"
"121930.0";"4.750801"
"121940.0";"4.651069"
"121950.0";"4.785116"
"121960.0";"4.925739"
"121970.0";"5.087507"
"121980.0";"5.075041"
"121990.0";"4.958422"
"122000.0";"4.94308"
"122010.0";"4.847425"
"122020.0";"4.71275"
"122030.0";"4.650619"
"122040.0";"4.933969"
"122050.0";"4.80835"
"122060.0";"4.879787"
"122070.0";"4.810125"
"122080.0";"4.780327"
"122090.0";"4.692161"
"122100.0";"4.631806"
"122110.0";"4.789824"
"122120.0";"4.591306"
"122130.0";"4.662786"
"122140.0";"4.497504"
"122150.0";"4.607668"
"122160.0";"4.6342"
"122170.0";"4.783913"
"122180.0";"4.874758"
"122190.0";"4.775206"
"122200.0";"4.646427"
"122210.0";"4.722944"
"122220.0";"4.790716"
"122230.0";"4.538744"
"122240.0";"4.766421"
"122250.0";"4.921488"
"122260.0";"4.885385"
"122270.0";"4.822228"
"122280.0";"4.764518"
"122290.0";"4.966192"
"122300.0";"5.025368"
"122310.0";"5.131708"
"122320.0";"4.991173"
"122330.0";"4.716508"
"122340.0";"4.804084"
"122350.0";"4.982682"
"122360.0";"5.258491"
"122370.0";"5.220501"
"122380.0";"5.514159"
"122390.0";"5.454632"
"122400.0";"5.262001"
"122410.0";"5.094897"
"122420.0";"5.104434"
"122430.0";"5.091371"
"122440.0";"4.975522"
"122450.0";"4.928049"
"122460.0";"4.604272"
"122470.0";"4.756591"
"122480.0";"4.884521"
"122490.0";"4.89781"
"122500.0";"4.86041"
"122510.0";"4.915648"
"122520.0";"5.226747"
"122530.0";"5.415147"
"122540.0";"5.490711"
"122550.0";"5.920586"
"122560.0";"5.896371"
"122570.0";"5.706135"
"122580.0";"5.729949"
"122590.0";"5.928941"
"122600.0";"6.014566"
"122610.0";"6.011319"
"122620.0";"5.865993"
"122630.0";"6.028029"
"122640.0";"5.917447"
"122650.0";"5.665722"
"122660.0";"5.681366"
"122670.0";"5.643431"
"122680.0";"5.63981"
"122690.0";"5.507761"
"122700.0";"5.529998"
"122710.0";"5.638838"
"122720.0";"5.476534"
"122730.0";"5.516684"
"122740.0";"5.305131"
"122750.0";"5.281678"
"122760.0";"5.239817"
"122770.0";"5.332357"
"122780.0";"4.95315"
"122790.0";"5.053124"
"122800.0";"5.022383"
"122810.0";"4.943191"
"122820.0";"4.694844"
"122830.0";"4.721173"
"122840.0";"4.740303"
"122850.0";"4.902804"
"122860.0";"5.145478"
"122870.0";"5.218046"
"122880.0";"5.204661"
"122890.0";"4.824784"
"122900.0";"4.725396"
"122910.0";"4.785507"
"122920.0";"4.607008"
"122930.0";"4.505206"
"122940.0";"4.408112"
"122950.0";"4.62078"
"122960.0";"4.700561"
"122970.0";"4.714351"
"122980.0";"4.862079"
"122990.0";"4.858152"
"123000.0";"4.672877"
"123010.0";"4.793711"
"123020.0";"4.545758"
"123030.0";"4.47956"
"123040.0";"4.576705"
"123050.0";"4.736135"
"123060.0";"4.763954"
"123070.0";"4.907467"
"123080.0";"5.085534"
"123090.0";"4.955582"
"123100.0";"4.860007"
"123110.0";"4.752591"
"123120.0";"5.098394"
"123130.0";"5.155555"
"123140.0";"4.932947"
"123150.0";"4.983962"
"123160.0";"4.828457"
"123170.0";"4.821063"
"123180.0";"4.709626"
"123190.0";"4.790795"
"123200.0";"4.701422"
"123210.0";"4.764996"
"123220.0";"4.912943"
"123230.0";"5.020985"
"123240.0";"5.005545"
"123250.0";"5.073221"
"123260.0";"5.326313"
"123270.0";"5.47654"
"123280.0";"5.539197"
"123290.0";"5.1208"
"123300.0";"5.262393"
"123310.0";"5.272104"
"123320.0";"5.4745"
"123330.0";"5.536718"
"123340.0";"5.419137"
"123350.0";"5.505997"
"123360.0";"5.533987"
"123370.0";"5.579019"
"123380.0";"5.571527"
"123390.0";"5.666708"
"123400.0";"5.798194"
"123410.0";"6.017974"
"123420.0";"5.829005"
"123430.0";"5.891335"
"123440.0";"6.053125"
"123450.0";"5.885963"
"123460.0";"6.072787"
"123470.0";"5.905043"
"123480.0";"5.841881"
"123490.0";"5.750726"
"123500.0";"5.809496"
"123510.0";"5.634088"
"123520.0";"5.399565"
"123530.0";"5.348752"
"123540.0";"5.335464"
"123550.0";"5.271692"
"123560.0";"5.332193"
"123570.0";"5.229771"
"123580.0";"5.108029"
"123590.0";"5.173307"
"123600.0";"4.71618"
"123610.0";"4.449232"
"123620.0";"4.653171"
"123630.0";"4.567171"
"123640.0";"4.593932"
"123650.0";"4.757484"
"123660.0";"4.871886"
"123670.0";"5.142598"
"123680.0";"4.861652"
"123690.0";"4.873578"
"123700.0";"4.615281"
"123710.0";"4.699334"
"123720.0";"4.63111"
"123730.0";"4.354421"
"123740.0";"4.1742"
"123750.0";"4.00365"
"123760.0";"3.879381"
"123770.0";"3.730805"
"123780.0";"3.680372"
"123790.0";"3.692634"
"123800.0";"3.764698"
"123810.0";"3.980232"
"123820.0";"3.994817"
"123830.0";"3.956127"
"123840.0";"3.905723"
"123850.0";"3.956547"
"123860.0";"3.98153"
"123870.0";"3.938431"
"123880.0";"3.959243"
"123890.0";"4.001971"
"123900.0";"3.895254"
"123910.0";"3.976521"
"123920.0";"4.103317"
"123930.0";"4.241568"
"123940.0";"4.040864"
"123950.0";"4.092569"
"123960.0";"3.871259"
"123970.0";"3.851111"
"123980.0";"3.828621"
"123990.0";"3.5288"
"124000.0";"3.476044"
"124010.0";"3.356357"
"124020.0";"3.354897"
"124030.0";"3.155695"
"124040.0";"3.161101"
"124050.0";"3.146656"
"124060.0";"3.222306"
"124070.0";"3.153256"
"124080.0";"3.056217"
"124090.0";"3.17616"
"124100.0";"3.218155"
"124110.0";"3.260915"
"124120.0";"3.4052"
"124130.0";"3.1545"
"124140.0";"3.356597"
"124150.0";"3.368421"
"124160.0";"3.362129"
"124170.0";"3.405061"
"124180.0";"3.314641"
"124190.0";"3.28114"
"124200.0";"3.346498"
"124210.0";"3.53732"
"124220.0";"3.391404"
"124230.0";"3.372405"
"124240.0";"3.337814"
"124250.0";"3.38169"
"124260.0";"3.372801"
"124270.0";"3.526682"
"124280.0";"3.675965"
"124290.0";"3.608648"
"124300.0";"3.25193"
"124310.0";"3.113032"
"124320.0";"2.966588"
"124330.0";"2.967426"
"124340.0";"2.941926"
"124350.0";"3.045945"
"124360.0";"2.903192"
"124370.0";"2.899005"
"124380.0";"3.098262"
"124390.0";"3.009266"
"124400.0";"2.968184"
"124410.0";"3.021767"
"124420.0";"3.39053"
"124430.0";"3.407255"
"124440.0";"3.503234"
"124450.0";"3.620288"
"124460.0";"3.325432"
"124470.0";"3.410188"
"124480.0";"3.434636"
"124490.0";"3.360867"
"124500.0";"3.48328"
"124510.0";"3.585731"
"124520.0";"3.781601"
"124530.0";"3.729893"
"124540.0";"3.800593"
"124550.0";"3.701973"
"124560.0";"3.629702"
"124570.0";"3.736414"
"124580.0";"3.678038"
"124590.0";"3.630237"
"124600.0";"3.534728"
"124610.0";"3.675308"
"124620.0";"3.564776"
"124630.0";"3.631817"
"124640.0";"3.525116"
"124650.0";"3.524498"
"124660.0";"3.525002"
"124670.0";"3.795548"
"124680.0";"3.736399"
"124690.0";"3.821397"
"124700.0";"3.848977"
"124710.0";"3.972442"
"124720.0";"3.726774"
"124730.0";"3.96742"
"124740.0";"3.936304"
"124750.0";"3.936563"
"124760.0";"3.892658"
"124770.0";"3.916885"
"124780.0";"3.863958"
"124790.0";"3.87632"
"124800.0";"3.818038"
"124810.0";"3.844284"
"124820.0";"3.787184"
"124830.0";"3.936986"
"124840.0";"3.668923"
"124850.0";"3.560957"
"124860.0";"3.606949"
"124870.0";"3.728181"
"124880.0";"3.641322"
"124890.0";"3.633613"
"124900.0";"3.408945"
"124910.0";"3.584717"
"124920.0";"3.645558"
"124930.0";"3.469209"
"124940.0";"3.405391"
"124950.0";"3.552897"
"124960.0";"3.70508"
"124970.0";"3.609012"
"124980.0";"3.547985"
"124990.0";"3.440156"
"125000.0";"3.497317"
"125010.0";"3.576796"
"125020.0";"3.397814"
"125030.0";"3.577168"
"125040.0";"3.655256"
"125050.0";"3.605051"
"125060.0";"3.545384"
"125070.0";"3.399701"
"125080.0";"3.663782"
"125090.0";"3.657297"
"125100.0";"3.756493"
"125110.0";"3.813083"
"125120.0";"3.768968"
"125130.0";"3.593983"
"125140.0";"3.592021"
"125150.0";"3.813959"
"125160.0";"3.74658"
"125170.0";"3.571119"
"125180.0";"3.833656"
"125190.0";"4.058252"
"125200.0";"4.08237"
"125210.0";"4.02617"
"125220.0";"4.257862"
"125230.0";"4.096607"
"125240.0";"4.235363"
"125250.0";"4.033178"
"125260.0";"4.295858"
"125270.0";"4.338081"
"125280.0";"4.619091"
"125290.0";"4.575048"
"125300.0";"4.580254"
"125310.0";"4.333884"
"125320.0";"4.34383"
"125330.0";"4.475707"
"125340.0";"4.345245"
"125350.0";"4.289547"
"125360.0";"4.258677"
"125370.0";"4.180621"
"125380.0";"4.284297"
"125390.0";"4.21615"
"125400.0";"4.241693"
"125410.0";"4.378484"
"125420.0";"4.600636"
"125430.0";"4.489934"
"125440.0";"4.18613"
"125450.0";"4.085133"
"125460.0";"4.040661"
"125470.0";"4.123418"
"125480.0";"4.008265"
"125490.0";"3.832455"
"125500.0";"3.681167"
"125510.0";"3.819191"
"125520.0";"4.1196"
"125530.0";"3.984477"
"125540.0";"3.928242"
"125550.0";"3.99914"
"125560.0";"4.237485"
"125570.0";"4.065737"
"125580.0";"4.011555"
"125590.0";"3.987037"
"125600.0";"3.871135"
"125610.0";"3.982928"
"125620.0";"4.015331"
"125630.0";"4.086822"
"125640.0";"3.910901"
"125650.0";"3.848288"
"125660.0";"3.973417"
"125670.0";"4.091814"
"125680.0";"4.073"
"125690.0";"4.118614"
"125700.0";"4.211688"
"125710.0";"4.065327"
"125720.0";"4.12703"
"125730.0";"4.017601"
"125740.0";"3.959296"
"125750.0";"4.085746"
"125760.0";"4.288253"
"125770.0";"4.294175"
"125780.0";"4.509207"
"125790.0";"4.541494"
"125800.0";"4.519228"
"125810.0";"4.466106"
"125820.0";"4.488534"
"125830.0";"4.251377"
"125840.0";"4.325111"
"125850.0";"4.390717"
"125860.0";"4.247241"
"125870.0";"4.337348"
"125880.0";"4.408961"
"125890.0";"4.183465"
"125900.0";"4.219864"
"125910.0";"4.357851"
"125920.0";"4.508198"
"125930.0";"4.310431"
"125940.0";"4.491384"
"125950.0";"4.617163"
"125960.0";"4.387312"
"125970.0";"4.379099"
"125980.0";"4.521852"
"125990.0";"4.412436"
"126000.0";"4.616696"
"126010.0";"4.729649"
"126020.0";"4.619592"
"126030.0";"4.407561"
"126040.0";"4.449889"
"126050.0";"4.511926"
"126060.0";"4.259274"
"126070.0";"4.345398"
"126080.0";"4.241022"
"126090.0";"4.255356"
"126100.0";"4.271193"
"126110.0";"4.515645"
"126120.0";"4.569794"
"126130.0";"4.683684"
"126140.0";"5.084983"
"126150.0";"4.990198"
"126160.0";"4.581612"
"126170.0";"4.536334"
"126180.0";"4.363377"
"126190.0";"4.189398"
"126200.0";"4.182651"
"126210.0";"4.2522"
"126220.0";"4.258098"
"126230.0";"4.19257"
"126240.0";"4.10306"
"126250.0";"3.865682"
"126260.0";"4.111354"
"126270.0";"4.330628"
"126280.0";"4.275211"
"126290.0";"4.357491"
"126300.0";"4.250528"
"126310.0";"4.345992"
"126320.0";"4.180919"
"126330.0";"4.331121"
"126340.0";"4.226057"
"126350.0";"4.259019"
"126360.0";"4.419095"
"126370.0";"4.337734"
"126380.0";"4.30056"
"126390.0";"4.154878"
"126400.0";"3.848004"
"126410.0";"3.975377"
"126420.0";"3.872739"
"126430.0";"3.659719"
"126440.0";"3.571631"
"126450.0";"3.441011"
"126460.0";"3.550511"
"126470.0";"3.745732"
"126480.0";"4.05719"
"126490.0";"4.13583"
"126500.0";"3.81405"
"126510.0";"3.868629"
"126520.0";"3.850979"
"126530.0";"3.638637"
"126540.0";"3.805945"
"126550.0";"3.667596"
"126560.0";"3.699227"
"126570.0";"3.551366"
"126580.0";"3.449116"
"126590.0";"3.630898"
"126600.0";"3.511946"
"126610.0";"3.662013"
"126620.0";"3.690593"
"126630.0";"3.49168"
"126640.0";"3.387733"
"126650.0";"3.557042"
"126660.0";"3.612544"
"126670.0";"3.6668"
"126680.0";"3.694184"
"126690.0";"3.705526"
"126700.0";"3.904899"
"126710.0";"3.93966"
"126720.0";"3.909669"
"126730.0";"3.8526"
"126740.0";"3.685844"
"126750.0";"3.663234"
"126760.0";"3.534567"
"126770.0";"3.684464"
"126780.0";"3.638248"
"126790.0";"3.624812"
"126800.0";"3.522116"
"126810.0";"3.651873"
"126820.0";"3.63499"
"126830.0";"3.428171"
"126840.0";"3.233375"
"126850.0";"3.368639"
"126860.0";"3.352515"
"126870.0";"2.88614"
"126880.0";"2.877833"
"126890.0";"2.912353"
"126900.0";"2.768081"
"126910.0";"2.53045"
"126920.0";"2.563859"
"126930.0";"2.521226"
"126940.0";"2.594378"
"126950.0";"2.892686"
"126960.0";"2.897901"
"126970.0";"3.216949"
"126980.0";"3.369235"
"126990.0";"3.533882"
"127000.0";"3.958266"
"127010.0";"4.14621"
"127020.0";"4.146635"
"127030.0";"3.891065"
"127040.0";"4.089384"
"127050.0";"4.199296"
"127060.0";"4.119243"
"127070.0";"4.042336"
"127080.0";"4.316239"
"127090.0";"4.362733"
"127100.0";"4.368854"
"127110.0";"4.344757"
"127120.0";"4.523568"
"127130.0";"4.424981"
"127140.0";"4.451896"
"127150.0";"4.317278"
"127160.0";"4.181923"
"127170.0";"4.179162"
"127180.0";"4.155229"
"127190.0";"4.343192"
"127200.0";"4.346767"
"127210.0";"4.36978"
"127220.0";"4.286791"
"127230.0";"4.391742"
"127240.0";"4.656685"
"127250.0";"4.654497"
"127260.0";"4.545268"
"127270.0";"4.793402"
"127280.0";"4.869102"
"127290.0";"4.651701"
"127300.0";"4.655757"
"127310.0";"4.79281"
"127320.0";"4.889506"
"127330.0";"4.92317"
"127340.0";"4.746886"
"127350.0";"4.67882"
"127360.0";"4.731643"
"127370.0";"4.704679"
"127380.0";"4.758969"
"127390.0";"4.731883"
"127400.0";"4.467566"
"127410.0";"4.589569"
"127420.0";"4.523994"
"127430.0";"4.563668"
"127440.0";"4.356905"
"127450.0";"4.292136"
"127460.0";"3.986655"
"127470.0";"3.826153"
"127480.0";"3.765067"
"127490.0";"3.638302"
"127500.0";"3.541999"
"127510.0";"3.521536"
"127520.0";"3.73075"
"127530.0";"3.699355"
"127540.0";"3.9312"
"127550.0";"3.892191"
"127560.0";"3.817371"
"127570.0";"3.639444"
"127580.0";"3.649148"
"127590.0";"3.431316"
"127600.0";"3.191681"
"127610.0";"3.372112"
"127620.0";"3.346524"
"127630.0";"3.057302"
"127640.0";"3.084345"
"127650.0";"3.027199"
"127660.0";"3.071311"
"127670.0";"3.131606"
"127680.0";"3.094214"
"127690.0";"3.029462"
"127700.0";"3.015977"
"127710.0";"3.161434"
"127720.0";"2.764813"
"127730.0";"2.752217"
"127740.0";"2.96929"
"127750.0";"2.856141"
"127760.0";"3.147717"
"127770.0";"2.770518"
"127780.0";"2.776761"
"127790.0";"2.554482"
"127800.0";"2.70522"
"127810.0";"2.5766"
"127820.0";"2.571655"
"127830.0";"2.376644"
"127840.0";"2.491044"
"127850.0";"2.527521"
"127860.0";"2.360447"
"127870.0";"2.368166"
"127880.0";"2.344044"
"127890.0";"2.417809"
"127900.0";"2.371466"
"127910.0";"2.355361"
"127920.0";"2.382608"
"127930.0";"2.394822"
"127940.0";"2.335107"
"127950.0";"2.167082"
"127960.0";"2.249491"
"127970.0";"2.486725"
"127980.0";"2.526698"
"127990.0";"2.40022"
"128000.0";"2.430481"
"128010.0";"2.385457"
"128020.0";"2.290311"
"128030.0";"2.190841"
"128040.0";"2.254269"
"128050.0";"2.242693"
"128060.0";"2.434901"
"128070.0";"2.436401"
"128080.0";"2.307195"
"128090.0";"2.297858"
"128100.0";"2.272475"
"128110.0";"2.266418"
"128120.0";"2.150666"
"128130.0";"2.073226"
"128140.0";"2.125639"
"128150.0";"1.965457"
"128160.0";"1.90262"
"128170.0";"2.063251"
"128180.0";"2.143703"
"128190.0";"1.928608"
"128200.0";"1.869387"
"128210.0";"2.095392"
"128220.0";"2.068986"
"128230.0";"1.87221"
"128240.0";"1.775957"
"128250.0";"1.86315"
"128260.0";"1.66254"
"128270.0";"1.522173"
"128280.0";"1.639373"
"128290.0";"1.483935"
"128300.0";"1.586747"
"128310.0";"1.622442"
"128320.0";"1.645145"
"128330.0";"1.582551"
"128340.0";"1.516412"
"128350.0";"1.555613"
"128360.0";"1.205329"
"128370.0";"1.303243"
"128380.0";"1.441357"
"128390.0";"1.439303"
"128400.0";"1.178369"
"128410.0";"1.243809"
"128420.0";"1.266339"
"128430.0";"1.331606"
"128440.0";"1.369026"
"128450.0";"1.382532"
"128460.0";"1.403683"
"128470.0";"1.483886"
"128480.0";"1.354975"
"128490.0";"1.49758"
"128500.0";"1.604142"
"128510.0";"1.604419"
"128520.0";"1.568565"
"128530.0";"1.50911"
"128540.0";"1.485804"
"128550.0";"1.484874"
"128560.0";"1.626026"
"128570.0";"1.424105"
"128580.0";"1.464165"
"128590.0";"1.437347"
"128600.0";"1.385881"
"128610.0";"1.277118"
"128620.0";"1.598062"
"128630.0";"1.44088"
"128640.0";"1.575017"
"128650.0";"1.525116"
"128660.0";"1.83461"
"128670.0";"2.248497"
"128680.0";"2.160417"
"128690.0";"2.19585"
"128700.0";"2.094047"
"128710.0";"2.094697"
"128720.0";"2.036233"
"128730.0";"2.08446"
"128740.0";"2.213812"
"128750.0";"2.07574"
"128760.0";"2.200539"
"128770.0";"2.466131"
"128780.0";"2.476001"
"128790.0";"2.31802"
"128800.0";"2.482716"
"128810.0";"2.53589"
"128820.0";"2.575737"
"128830.0";"2.522574"
"128840.0";"2.792876"
"128850.0";"2.792899"
"128860.0";"2.726532"
"128870.0";"2.608534"
"128880.0";"2.68898"
"128890.0";"2.748076"
"128900.0";"2.832274"
"128910.0";"2.551568"
"128920.0";"2.543985"
"128930.0";"2.296256"
"128940.0";"2.001034"
"128950.0";"2.090129"
"128960.0";"2.197145"
"128970.0";"2.248423"
"128980.0";"2.408615"
"128990.0";"2.23971"
"129000.0";"2.245827"
"129010.0";"1.928006"
"129020.0";"2.012731"
"129030.0";"2.047218"
"129040.0";"2.129298"
"129050.0";"2.197042"
"129060.0";"2.276081"
"129070.0";"2.284648"
"129080.0";"2.401965"
"129090.0";"2.285983"
"129100.0";"2.373132"
"129110.0";"2.373712"
"129120.0";"2.362865"
"129130.0";"2.1922"
"129140.0";"2.180194"
"129150.0";"2.313789"
"129160.0";"2.474312"
"129170.0";"2.435227"
"129180.0";"2.337392"
"129190.0";"2.358166"
"129200.0";"2.445922"
"129210.0";"2.407617"
"129220.0";"2.454867"
"129230.0";"2.309907"
"129240.0";"2.294067"
"129250.0";"2.308495"
"129260.0";"2.319033"
"129270.0";"2.368092"
"129280.0";"2.505875"
"129290.0";"2.484033"
"129300.0";"2.438586"
"129310.0";"2.643344"
"129320.0";"2.542916"
"129330.0";"2.443096"
"129340.0";"2.358725"
"129350.0";"2.597527"
"129360.0";"2.655599"
"129370.0";"2.731049"
"129380.0";"2.818233"
"129390.0";"2.591265"
"129400.0";"2.72589"
"129410.0";"2.669412"
"129420.0";"2.734906"
"129430.0";"2.884655"
"129440.0";"2.843736"
"129450.0";"2.732056"
"129460.0";"2.950778"
"129470.0";"2.93636"
"129480.0";"2.958498"
"129490.0";"3.011293"
"129500.0";"2.910843"
"129510.0";"2.842042"
"129520.0";"2.842285"
"129530.0";"2.959674"
"129540.0";"3.038664"
"129550.0";"3.161426"
"129560.0";"3.287685"
"129570.0";"3.238328"
"129580.0";"2.91264"
"129590.0";"2.804709"
"129600.0";"2.874061"
"129610.0";"2.933699"
"129620.0";"2.944285"
"129630.0";"2.742832"
"129640.0";"2.730951"
"129650.0";"2.6249"
"129660.0";"2.718608"
"129670.0";"2.777364"
"129680.0";"2.919124"
"129690.0";"3.07041"
"129700.0";"3.189167"
"129710.0";"3.162917"
"129720.0";"3.316314"
"129730.0";"3.304662"
"129740.0";"3.298226"
"129750.0";"3.430221"
"129760.0";"3.470254"
"129770.0";"3.296153"
"129780.0";"3.428755"
"129790.0";"3.394924"
"129800.0";"3.240716"
"129810.0";"3.134736"
"129820.0";"3.196291"
"129830.0";"3.380824"
"129840.0";"3.28597"
"129850.0";"3.631741"
"129860.0";"3.733933"
"129870.0";"3.890849"
"129880.0";"4.048759"
"129890.0";"4.101099"
"129900.0";"3.826022"
"129910.0";"3.793088"
"129920.0";"3.76717"
"129930.0";"3.796592"
"129940.0";"3.891701"
"129950.0";"3.746019"
"129960.0";"3.917259"
"129970.0";"3.976106"
"129980.0";"4.129591"
"129990.0";"4.150577"
"130000.0";"4.154761"
"130010.0";"4.168692"
"130020.0";"4.171112"
"130030.0";"4.27489"
"130040.0";"4.240355"
"130050.0";"4.235765"
"130060.0";"4.311012"
"130070.0";"4.27806"
"130080.0";"4.333943"
"130090.0";"4.448678"
"130100.0";"4.645695"
"130110.0";"4.44483"
"130120.0";"4.625477"
"130130.0";"4.554326"
"130140.0";"4.65625"
"130150.0";"4.638922"
"130160.0";"4.612226"
"130170.0";"4.900658"
"130180.0";"5.042408"
"130190.0";"4.985211"
"130200.0";"4.832299"
"130210.0";"4.794594"
"130220.0";"4.707675"
"130230.0";"4.793135"
"130240.0";"4.764322"
"130250.0";"5.012714"
"130260.0";"5.063052"
"130270.0";"5.082026"
"130280.0";"4.924703"
"130290.0";"4.870862"
"130300.0";"4.714535"
"130310.0";"4.605171"
"130320.0";"4.386163"
"130330.0";"4.552655"
"130340.0";"4.594934"
"130350.0";"4.437683"
"130360.0";"4.464373"
"130370.0";"4.564298"
"130380.0";"4.357779"
"130390.0";"4.353708"
"130400.0";"4.33836"
"130410.0";"4.313661"
"130420.0";"4.292284"
"130430.0";"4.090948"
"130440.0";"4.217848"
"130450.0";"4.084982"
"130460.0";"3.862749"
"130470.0";"3.907151"
"130480.0";"3.747292"
"130490.0";"3.75492"
"130500.0";"3.735291"
"130510.0";"3.550825"
"130520.0";"3.562691"
"130530.0";"3.517583"
"130540.0";"3.538926"
"130550.0";"3.620938"
"130560.0";"3.528822"
"130570.0";"3.622407"
"130580.0";"3.715555"
"130590.0";"3.864857"
"130600.0";"3.882965"
"130610.0";"3.923887"
"130620.0";"3.837619"
"130630.0";"3.899216"
"130640.0";"3.971877"
"130650.0";"3.939524"
"130660.0";"4.148777"
"130670.0";"3.974986"
"130680.0";"4.250897"
"130690.0";"4.351738"
"130700.0";"4.282334"
"130710.0";"4.309502"
"130720.0";"4.428368"
"130730.0";"4.392731"
"130740.0";"4.562562"
"130750.0";"4.364912"
"130760.0";"4.279729"
"130770.0";"4.008659"
"130780.0";"3.959074"
"130790.0";"3.957758"
"130800.0";"4.117167"
"130810.0";"3.970248"
"130820.0";"3.817703"
"130830.0";"3.890974"
"130840.0";"4.029092"
"130850.0";"3.966441"
"130860.0";"4.029726"
"130870.0";"4.271742"
"130880.0";"4.303184"
"130890.0";"4.158424"
"130900.0";"3.904709"
"130910.0";"4.215102"
"130920.0";"4.098422"
"130930.0";"4.0582"
"130940.0";"4.213389"
"130950.0";"4.433426"
"130960.0";"4.643106"
"130970.0";"4.803863"
"130980.0";"4.830928"
"130990.0";"4.731195"
"131000.0";"4.762695"
"131010.0";"4.672778"
"131020.0";"4.4464"
"131030.0";"4.544941"
"131040.0";"4.701049"
"131050.0";"4.438365"
"131060.0";"4.297943"
"131070.0";"4.363839"
"131080.0";"4.690556"
"131090.0";"4.675273"
"131100.0";"4.874847"
"131110.0";"4.979795"
"131120.0";"4.773529"
"131130.0";"4.896326"
"131140.0";"5.002463"
"131150.0";"4.631865"
"131160.0";"4.724228"
"131170.0";"4.754507"
"131180.0";"4.62466"
"131190.0";"4.682316"
"131200.0";"4.786811"
"131210.0";"4.64831"
"131220.0";"4.98452"
"131230.0";"4.902092"
"131240.0";"5.192131"
"131250.0";"5.275677"
"131260.0";"5.136219"
"131270.0";"5.237214"
"131280.0";"5.418754"
"131290.0";"5.151243"
"131300.0";"5.173904"
"131310.0";"5.209671"
"131320.0";"5.349751"
"131330.0";"5.201376"
"131340.0";"5.108259"
"131350.0";"5.185985"
"131360.0";"5.161615"
"131370.0";"5.33451"
"131380.0";"5.033935"
"131390.0";"5.206683"
"131400.0";"5.171925"
"131410.0";"5.183262"
"131420.0";"5.359505"
"131430.0";"5.485989"
"131440.0";"5.330033"
"131450.0";"5.299209"
"131460.0";"5.137305"
"131470.0";"5.150249"
"131480.0";"5.26463"
"131490.0";"5.316832"
"131500.0";"5.123057"
"131510.0";"5.129052"
"131520.0";"4.913889"
"131530.0";"4.879424"
"131540.0";"4.992516"
"131550.0";"4.737052"
"131560.0";"4.881654"
"131570.0";"4.652762"
"131580.0";"4.819029"
"131590.0";"4.77645"
"131600.0";"4.912869"
"131610.0";"4.843552"
"131620.0";"4.84933"
"131630.0";"4.834882"
"131640.0";"4.871372"
"131650.0";"4.909021"
"131660.0";"4.868385"
"131670.0";"4.729738"
"131680.0";"4.778656"
"131690.0";"4.867701"
"131700.0";"5.07591"
"131710.0";"5.321158"
"131720.0";"5.259034"
"131730.0";"5.296022"
"131740.0";"5.453636"
"131750.0";"5.257203"
"131760.0";"5.469081"
"131770.0";"5.426632"
"131780.0";"5.419759"
"131790.0";"5.681507"
"131800.0";"5.658284"
"131810.0";"5.513633"
"131820.0";"5.753108"
"131830.0";"5.618908"
"131840.0";"5.611813"
"131850.0";"5.387702"
"131860.0";"5.28152"
"131870.0";"5.405199"
"131880.0";"5.563947"
"131890.0";"5.56302"
"131900.0";"5.629873"
"131910.0";"5.536448"
"131920.0";"5.420407"
"131930.0";"5.264397"
"131940.0";"5.275645"
"131950.0";"5.273492"
"131960.0";"5.37615"
"131970.0";"5.287545"
"131980.0";"5.285905"
"131990.0";"5.31644"
"132000.0";"5.302324"
"132010.0";"5.406792"
"132020.0";"5.270825"
"132030.0";"5.459913"
"132040.0";"5.652704"
"132050.0";"5.756711"
"132060.0";"5.633576"
"132070.0";"5.692902"
"132080.0";"5.687428"
"132090.0";"5.543349"
"132100.0";"5.468874"
"132110.0";"5.476902"
"132120.0";"5.371803"
"132130.0";"5.245924"
"132140.0";"5.391565"
"132150.0";"5.309391"
"132160.0";"5.399651"
"132170.0";"5.32264"
"132180.0";"5.053801"
"132190.0";"4.923084"
"132200.0";"4.800813"
"132210.0";"4.703293"
"132220.0";"4.687859"
"132230.0";"4.865747"
"132240.0";"4.893659"
"132250.0";"4.55903"
"132260.0";"4.478277"
"132270.0";"4.712014"
"132280.0";"4.67135"
"132290.0";"4.787743"
"132300.0";"4.724552"
"132310.0";"4.832776"
"132320.0";"4.958204"
"132330.0";"5.180917"
"132340.0";"5.173936"
"132350.0";"5.228518"
"132360.0";"5.550703"
"132370.0";"5.820701"
"132380.0";"5.785224"
"132390.0";"5.805449"
"132400.0";"5.50162"
"132410.0";"5.528533"
"132420.0";"5.435529"
"132430.0";"5.559827"
"132440.0";"5.462118"
"132450.0";"5.512906"
"132460.0";"5.490895"
"132470.0";"5.422039"
"132480.0";"5.355618"
"132490.0";"5.295515"
"132500.0";"5.532969"
"132510.0";"5.526833"
"132520.0";"5.580851"
"132530.0";"5.674608"
"132540.0";"5.635413"
"132550.0";"5.342362"
"132560.0";"5.438992"
"132570.0";"5.461006"
"132580.0";"5.237673"
"132590.0";"5.500287"
"132600.0";"5.617766"
"132610.0";"5.589723"
"132620.0";"5.730187"
"132630.0";"5.874384"
"132640.0";"5.436639"
"132650.0";"5.543671"
"132660.0";"5.554928"
"132670.0";"5.618637"
"132680.0";"5.768442"
"132690.0";"5.661184"
"132700.0";"5.557473"
"132710.0";"5.519176"
"132720.0";"5.582028"
"132730.0";"5.487713"
"132740.0";"5.616464"
"132750.0";"5.73699"
"132760.0";"5.654071"
"132770.0";"5.450871"
"132780.0";"5.614244"
"132790.0";"5.403282"
"132800.0";"5.418199"
"132810.0";"5.339521"
"132820.0";"5.368157"
"132830.0";"5.688474"
"132840.0";"5.636311"
"132850.0";"5.702484"
"132860.0";"5.914195"
"132870.0";"5.957246"
"132880.0";"5.794087"
"132890.0";"5.785372"
"132900.0";"5.412361"
"132910.0";"5.79433"
"132920.0";"5.810026"
"132930.0";"5.599095"
"132940.0";"5.524432"
"132950.0";"5.746757"
"132960.0";"5.855699"
"132970.0";"5.76303"
"132980.0";"5.525252"
"132990.0";"5.51618"
"133000.0";"5.875869"
"133010.0";"5.990934"
"133020.0";"5.924136"
"133030.0";"5.909589"
"133040.0";"5.976753"
"133050.0";"6.21927"
"133060.0";"6.099405"
"133070.0";"6.034692"
"133080.0";"6.130702"
"133090.0";"6.077347"
"133100.0";"6.093496"
"133110.0";"5.99757"
"133120.0";"5.984149"
"133130.0";"5.825315"
"133140.0";"5.958386"
"133150.0";"5.968847"
"133160.0";"5.797331"
"133170.0";"5.656794"
"133180.0";"5.606283"
"133190.0";"5.702393"
"133200.0";"5.752034"
"133210.0";"5.920239"
"133220.0";"5.871903"
"133230.0";"5.857001"
"133240.0";"5.948952"
"133250.0";"5.909702"
"133260.0";"5.874345"
"133270.0";"5.86566"
"133280.0";"5.713788"
"133290.0";"5.600308"
"133300.0";"5.477915"
"133310.0";"5.354417"
"133320.0";"5.492788"
"133330.0";"5.383864"
"133340.0";"5.272842"
"133350.0";"5.121732"
"133360.0";"5.237924"
"133370.0";"5.244637"
"133380.0";"5.055045"
"133390.0";"5.230975"
"133400.0";"5.268097"
"133410.0";"5.355872"
"133420.0";"5.303439"
"133430.0";"5.226734"
"133440.0";"5.392013"
"133450.0";"5.345011"
"133460.0";"5.495851"
"133470.0";"5.519321"
"133480.0";"5.539363"
"133490.0";"5.652446"
"133500.0";"5.668639"
"133510.0";"5.68626"
"133520.0";"5.77354"
"133530.0";"5.861048"
"133540.0";"5.708609"
"133550.0";"5.580048"
"133560.0";"5.698419"
"133570.0";"5.415191"
"133580.0";"5.493916"
"133590.0";"5.697271"
"133600.0";"5.732927"
"133610.0";"5.608163"
"133620.0";"5.617475"
"133630.0";"5.702894"
"133640.0";"5.740318"
"133650.0";"5.798155"
"133660.0";"5.702741"
"133670.0";"5.778986"
"133680.0";"5.714003"
"133690.0";"5.557636"
"133700.0";"5.439132"
"133710.0";"5.436841"
"133720.0";"5.190249"
"133730.0";"5.580712"
"133740.0";"5.476099"
"133750.0";"5.484327"
"133760.0";"5.368572"
"133770.0";"5.332157"
"133780.0";"5.487968"
"133790.0";"5.446934"
"133800.0";"5.379494"
"133810.0";"5.365947"
"133820.0";"5.237905"
"133830.0";"5.554556"
"133840.0";"5.626283"
"133850.0";"5.706024"
"133860.0";"5.789914"
"133870.0";"5.942122"
"133880.0";"5.983812"
"133890.0";"6.012032"
"133900.0";"6.01175"
"133910.0";"5.930127"
"133920.0";"5.848345"
"133930.0";"6.032246"
"133940.0";"5.906582"
"133950.0";"5.493318"
"133960.0";"5.520662"
"133970.0";"5.42385"
"133980.0";"5.563169"
"133990.0";"5.468301"
"134000.0";"5.418495"
"134010.0";"5.162501"
"134020.0";"5.013076"
"134030.0";"4.957503"
"134040.0";"4.895871"
"134050.0";"4.815747"
"134060.0";"5.024846"
"134070.0";"4.967651"
"134080.0";"4.931418"
"134090.0";"4.709578"
"134100.0";"4.604679"
"134110.0";"4.595865"
"134120.0";"4.575145"
"134130.0";"4.304101"
"134140.0";"4.469276"
"134150.0";"4.421291"
"134160.0";"4.662246"
"134170.0";"4.432991"
"134180.0";"4.436228"
"134190.0";"4.307049"
"134200.0";"4.340534"
"134210.0";"4.254669"
"134220.0";"4.097198"
"134230.0";"4.312807"
"134240.0";"4.212437"
"134250.0";"4.152777"
"134260.0";"4.211409"
"134270.0";"4.324355"
"134280.0";"4.243968"
"134290.0";"4.204197"
"134300.0";"4.179669"
"134310.0";"4.295349"
"134320.0";"4.172275"
"134330.0";"4.051387"
"134340.0";"3.844166"
"134350.0";"3.972291"
"134360.0";"3.778797"
"134370.0";"3.678492"
"134380.0";"3.609475"
"134390.0";"3.586798"
"134400.0";"3.622987"
"134410.0";"3.555905"
"134420.0";"3.384933"
"134430.0";"3.53473"
"134440.0";"3.565574"
"134450.0";"3.821863"
"134460.0";"3.872784"
"134470.0";"3.871667"
"134480.0";"3.592578"
"134490.0";"3.416769"
"134500.0";"3.5031"
"134510.0";"3.388959"
"134520.0";"3.336025"
"134530.0";"3.205228"
"134540.0";"3.025095"
"134550.0";"2.910792"
"134560.0";"2.94315"
"134570.0";"2.719725"
"134580.0";"2.77476"
"134590.0";"2.813525"
"134600.0";"2.742546"
"134610.0";"2.690462"
"134620.0";"2.655046"
"134630.0";"2.49851"
"134640.0";"2.358914"
"134650.0";"2.559943"
"134660.0";"2.422355"
"134670.0";"2.616304"
"134680.0";"2.378535"
"134690.0";"2.099082"
"134700.0";"2.140472"
"134710.0";"2.054303"
"134720.0";"2.216585"
"134730.0";"2.323906"
"134740.0";"2.366669"
"134750.0";"2.141025"
"134760.0";"2.163848"
"134770.0";"2.352494"
"134780.0";"2.320705"
"134790.0";"2.31187"
"134800.0";"2.390664"
"134810.0";"2.459095"
"134820.0";"2.632976"
"134830.0";"2.710364"
"134840.0";"2.608908"
"134850.0";"2.65308"
"134860.0";"2.699455"
"134870.0";"2.639247"
"134880.0";"2.563593"
"134890.0";"2.568764"
"134900.0";"2.629818"
"134910.0";"2.417321"
"134920.0";"2.253045"
"134930.0";"2.096771"
"134940.0";"2.30201"
"134950.0";"2.402971"
"134960.0";"2.12194"
"134970.0";"2.247007"
"134980.0";"2.088059"
"134990.0";"2.087914"
"135000.0";"1.669604"
"135010.0";"1.681206"
"135020.0";"1.776342"
"135030.0";"1.797266"
"135040.0";"1.799377"
"135050.0";"2.028513"
"135060.0";"1.903854"
"135070.0";"1.947755"
"135080.0";"1.962609"
"135090.0";"2.187309"
"135100.0";"2.275031"
"135110.0";"2.378392"
"135120.0";"2.17843"
"135130.0";"2.285418"
"135140.0";"2.217121"
"135150.0";"2.453911"
"135160.0";"2.427554"
"135170.0";"2.41965"
"135180.0";"2.554452"
"135190.0";"2.304143"
"135200.0";"2.472103"
"135210.0";"2.602466"
"135220.0";"2.619175"
"135230.0";"2.684868"
"135240.0";"2.606506"
"135250.0";"2.809444"
"135260.0";"2.769208"
"135270.0";"2.739343"
"135280.0";"2.709283"
"135290.0";"2.469139"
"135300.0";"2.333856"
"135310.0";"2.46924"
"135320.0";"2.312307"
"135330.0";"2.019122"
"135340.0";"2.087128"
"135350.0";"2.158118"
"135360.0";"2.169792"
"135370.0";"2.101465"
"135380.0";"2.235799"
"135390.0";"2.177822"
"135400.0";"2.241052"
"135410.0";"2.29046"
"135420.0";"2.341449"
"135430.0";"2.362288"
"135440.0";"2.232876"
"135450.0";"2.177689"
"135460.0";"2.268985"
"135470.0";"2.531517"
"135480.0";"2.469297"
"135490.0";"2.395697"
"135500.0";"2.665434"
"135510.0";"2.802939"
"135520.0";"2.875449"
"135530.0";"2.919016"
"135540.0";"2.967563"
"135550.0";"2.943329"
"135560.0";"3.070709"
"135570.0";"2.961239"
"135580.0";"2.953768"
"135590.0";"2.911367"
"135600.0";"3.049745"
"135610.0";"3.155251"
"135620.0";"2.982173"
"135630.0";"3.180428"
"135640.0";"3.422115"
"135650.0";"3.48215"
"135660.0";"3.590456"
"135670.0";"3.821855"
"135680.0";"3.877021"
"135690.0";"3.785848"
"135700.0";"3.702216"
"135710.0";"3.510776"
"135720.0";"3.683189"
"135730.0";"3.658007"
"135740.0";"3.774849"
"135750.0";"3.657106"
"135760.0";"3.594929"
"135770.0";"3.518833"
"135780.0";"3.559909"
"135790.0";"3.499189"
"135800.0";"3.531401"
"135810.0";"3.589033"
"135820.0";"3.604342"
"135830.0";"3.597881"
"135840.0";"3.436201"
"135850.0";"3.381133"
"135860.0";"3.21439"
"135870.0";"3.156116"
"135880.0";"2.952523"
"135890.0";"3.033737"
"135900.0";"3.062638"
"135910.0";"2.989595"
"135920.0";"3.187109"
"135930.0";"3.091818"
"135940.0";"3.297958"
"135950.0";"3.376294"
"135960.0";"3.305454"
"135970.0";"3.315001"
"135980.0";"3.386919"
"135990.0";"3.313232"
"136000.0";"3.226113"
"136010.0";"3.237883"
"136020.0";"3.131366"
"136030.0";"3.102356"
"136040.0";"3.12133"
"136050.0";"3.101552"
"136060.0";"2.982213"
"136070.0";"3.093528"
"136080.0";"3.371199"
"136090.0";"3.421139"
"136100.0";"3.175877"
"136110.0";"3.054475"
"136120.0";"3.269549"
"136130.0";"3.229957"
"136140.0";"3.230603"
"136150.0";"3.112033"
"136160.0";"3.013731"
"136170.0";"3.291798"
"136180.0";"3.353456"
"136190.0";"3.425099"
"136200.0";"3.230425"
"136210.0";"3.166109"
"136220.0";"3.116045"
"136230.0";"3.008158"
"136240.0";"3.023977"
"136250.0";"2.825202"
"136260.0";"3.104602"
"136270.0";"3.125486"
"136280.0";"3.353552"
"136290.0";"3.742298"
"136300.0";"3.750889"
"136310.0";"3.887865"
"136320.0";"4.204344"
"136330.0";"3.884426"
"136340.0";"3.867909"
"136350.0";"4.128956"
"136360.0";"4.015696"
"136370.0";"4.152174"
"136380.0";"4.164242"
"136390.0";"3.877627"
"136400.0";"3.779463"
"136410.0";"3.946141"
"136420.0";"4.079164"
"136430.0";"4.244753"
"136440.0";"4.276412"
"136450.0";"4.437926"
"136460.0";"4.537073"
"136470.0";"4.501112"
"136480.0";"4.583189"
"136490.0";"4.452664"
"136500.0";"4.509134"
"136510.0";"4.349878"
"136520.0";"4.623304"
"136530.0";"4.549413"
"136540.0";"4.611885"
"136550.0";"4.566911"
"136560.0";"4.45508"
"136570.0";"4.401514"
"136580.0";"4.487353"
"136590.0";"4.423345"
"136600.0";"4.725634"
"136610.0";"4.421253"
"136620.0";"4.418084"
"136630.0";"4.52194"
"136640.0";"4.228651"
"136650.0";"4.351775"
"136660.0";"4.58303"
"136670.0";"4.471159"
"136680.0";"4.273201"
"136690.0";"4.355635"
"136700.0";"4.607059"
"136710.0";"4.825552"
"136720.0";"4.882762"
"136730.0";"4.854742"
"136740.0";"4.914608"
"136750.0";"4.868463"
"136760.0";"4.972645"
"136770.0";"5.037691"
"136780.0";"5.134853"
"136790.0";"5.283386"
"136800.0";"5.222042"
"136810.0";"4.977969"
"136820.0";"4.960964"
"136830.0";"5.130446"
"136840.0";"5.28176"
"136850.0";"5.341368"
"136860.0";"5.16131"
"136870.0";"5.331204"
"136880.0";"5.105686"
"136890.0";"5.12321"
"136900.0";"5.326254"
"136910.0";"5.400607"
"136920.0";"5.162759"
"136930.0";"5.023711"
"136940.0";"5.186606"
"136950.0";"5.108387"
"136960.0";"5.20952"
"136970.0";"5.427574"
"136980.0";"5.417747"
"136990.0";"5.403465"
"137000.0";"5.381249"
"137010.0";"5.498568"
"137020.0";"5.583934"
"137030.0";"5.541554"
"137040.0";"5.599236"
"137050.0";"5.499725"
"137060.0";"5.431265"
"137070.0";"5.419815"
"137080.0";"5.535706"
"137090.0";"5.565195"
"137100.0";"5.660036"
"137110.0";"5.5896"
"137120.0";"5.563476"
"137130.0";"5.418387"
"137140.0";"5.445917"
"137150.0";"5.434334"
"137160.0";"5.394136"
"137170.0";"5.330809"
"137180.0";"5.109117"
"137190.0";"5.27825"
"137200.0";"5.290742"
"137210.0";"5.191903"
"137220.0";"5.198096"
"137230.0";"5.359455"
"137240.0";"5.447231"
"137250.0";"5.326293"
"137260.0";"5.45107"
"137270.0";"5.658804"
"137280.0";"5.749591"
"137290.0";"5.59797"
"137300.0";"5.537168"
"137310.0";"5.484853"
"137320.0";"5.419002"
"137330.0";"5.342991"
"137340.0";"5.417449"
"137350.0";"5.29006"
"137360.0";"5.234655"
"137370.0";"5.066262"
"137380.0";"4.907798"
"137390.0";"5.114418"
"137400.0";"5.042853"
"137410.0";"4.972675"
"137420.0";"5.12541"
"137430.0";"5.149508"
"137440.0";"5.044176"
"137450.0";"4.998536"
"137460.0";"5.044028"
"137470.0";"4.919523"
"137480.0";"5.035872"
"137490.0";"5.150257"
"137500.0";"5.352925"
"137510.0";"5.174522"
"137520.0";"5.152976"
"137530.0";"5.078685"
"137540.0";"5.077489"
"137550.0";"5.172581"
"137560.0";"5.01231"
"137570.0";"5.187132"
"137580.0";"5.227229"
"137590.0";"5.300658"
"137600.0";"5.224391"
"137610.0";"5.240759"
"137620.0";"5.195076"
"137630.0";"5.193576"
"137640.0";"5.287117"
"137650.0";"5.550756"
"137660.0";"5.756391"
"137670.0";"5.574299"
"137680.0";"5.767313"
"137690.0";"5.54502"
"137700.0";"5.789026"
"137710.0";"5.708996"
"137720.0";"5.474342"
"137730.0";"5.407687"
"137740.0";"5.100062"
"137750.0";"5.170599"
"137760.0";"5.338177"
"137770.0";"5.271461"
"137780.0";"5.187249"
"137790.0";"5.314555"
"137800.0";"5.119456"
"137810.0";"5.123994"
"137820.0";"5.39142"
"137830.0";"5.423699"
"137840.0";"5.453135"
"137850.0";"5.468968"
"137860.0";"5.405476"
"137870.0";"5.213923"
"137880.0";"5.208954"
"137890.0";"5.126079"
"137900.0";"5.234863"
"137910.0";"5.202168"
"137920.0";"5.098155"
"137930.0";"5.050034"
"137940.0";"5.070931"
"137950.0";"5.23974"
"137960.0";"5.143101"
"137970.0";"5.094131"
"137980.0";"4.994243"
"137990.0";"4.91123"
"138000.0";"4.977689"
"138010.0";"4.917353"
"138020.0";"5.15192"
"138030.0";"5.174283"
"138040.0";"5.049408"
"138050.0";"5.058139"
"138060.0";"4.879874"
"138070.0";"4.815996"
"138080.0";"4.928033"
"138090.0";"4.946265"
"138100.0";"5.468388"
"138110.0";"5.505829"
"138120.0";"5.41704"
"138130.0";"5.235919"
"138140.0";"5.33936"
"138150.0";"5.465844"
"138160.0";"5.641089"
"138170.0";"5.705416"
"138180.0";"5.809339"
"138190.0";"6.043534"
"138200.0";"6.108493"
"138210.0";"6.267548"
"138220.0";"6.458313"
"138230.0";"6.594942"
"138240.0";"6.584192"
"138250.0";"6.516034"
"138260.0";"6.379009"
"138270.0";"6.33301"
"138280.0";"6.259083"
"138290.0";"6.203832"
"138300.0";"6.109903"
"138310.0";"6.143316"
"138320.0";"5.984701"
"138330.0";"6.009257"
"138340.0";"5.940464"
"138350.0";"6.070042"
"138360.0";"5.88025"
"138370.0";"5.889379"
"138380.0";"5.919405"
"138390.0";"5.997756"
"138400.0";"5.948418"
"138410.0";"6.196345"
"138420.0";"6.171335"
"138430.0";"6.30082"
"138440.0";"6.179054"
"138450.0";"6.158677"
"138460.0";"6.094969"
"138470.0";"6.089395"
"138480.0";"5.964798"
"138490.0";"6.121155"
"138500.0";"5.96863"
"138510.0";"6.181221"
"138520.0";"6.089591"
"138530.0";"6.229227"
"138540.0";"6.242952"
"138550.0";"6.307651"
"138560.0";"6.282124"
"138570.0";"6.368942"
"138580.0";"6.184891"
"138590.0";"6.270007"
"138600.0";"6.328794"
"138610.0";"6.264247"
"138620.0";"6.315511"
"138630.0";"6.454891"
"138640.0";"6.660389"
"138650.0";"6.616593"
"138660.0";"6.48385"
"138670.0";"6.383615"
"138680.0";"6.508789"
"138690.0";"6.46089"
"138700.0";"6.564495"
"138710.0";"6.674212"
"138720.0";"6.836899"
"138730.0";"6.465583"
"138740.0";"6.188691"
"138750.0";"6.258412"
"138760.0";"6.010682"
"138770.0";"6.024164"
"138780.0";"5.921774"
"138790.0";"6.01631"
"138800.0";"5.972613"
"138810.0";"5.803013"
"138820.0";"5.540546"
"138830.0";"5.462399"
"138840.0";"5.792217"
"138850.0";"5.822822"
"138860.0";"5.792081"
"138870.0";"5.786245"
"138880.0";"5.780698"
"138890.0";"5.751618"
"138900.0";"5.879339"
"138910.0";"5.784009"
"138920.0";"5.822232"
"138930.0";"5.903366"
"138940.0";"5.809047"
"138950.0";"5.883751"
"138960.0";"6.004652"
"138970.0";"5.953365"
"138980.0";"5.803107"
"138990.0";"5.93744"
"139000.0";"5.925592"
"139010.0";"5.930659"
"139020.0";"5.927735"
"139030.0";"6.017274"
"139040.0";"6.034352"
"139050.0";"6.107471"
"139060.0";"6.091286"
"139070.0";"5.938105"
"139080.0";"5.962275"
"139090.0";"6.260722"
"139100.0";"6.12482"
"139110.0";"6.032077"
"139120.0";"6.055233"
"139130.0";"6.245371"
"139140.0";"6.363232"
"139150.0";"6.373763"
"139160.0";"6.467912"
"139170.0";"6.701256"
"139180.0";"6.799748"
"139190.0";"6.607016"
"139200.0";"6.631848"
"139210.0";"6.725087"
"139220.0";"6.604336"
"139230.0";"6.793693"
"139240.0";"6.673289"
"139250.0";"6.781263"
"139260.0";"6.928091"
"139270.0";"6.944825"
"139280.0";"7.02212"
"139290.0";"6.739523"
"139300.0";"6.644016"
"139310.0";"6.84895"
"139320.0";"6.717803"
"139330.0";"6.86346"
"139340.0";"7.090495"
"139350.0";"7.176127"
"139360.0";"7.140657"
"139370.0";"7.105996"
"139380.0";"7.129665"
"139390.0";"6.846086"
"139400.0";"6.555244"
"139410.0";"6.563925"
"139420.0";"6.600481"
"139430.0";"6.537765"
"139440.0";"6.88945"
"139450.0";"6.645029"
"139460.0";"6.629242"
"139470.0";"6.825401"
"139480.0";"6.735321"
"139490.0";"6.527386"
"139500.0";"6.811855"
"139510.0";"6.931113"
"139520.0";"6.917338"
"139530.0";"7.074328"
"139540.0";"6.995449"
"139550.0";"6.875966"
"139560.0";"6.723259"
"139570.0";"6.855826"
"139580.0";"6.648627"
"139590.0";"6.617023"
"139600.0";"6.768972"
"139610.0";"6.728942"
"139620.0";"6.668912"
"139630.0";"6.936145"
"139640.0";"6.831787"
"139650.0";"6.668147"
"139660.0";"6.726717"
"139670.0";"6.739342"
"139680.0";"6.767426"
"139690.0";"6.904015"
"139700.0";"6.638766"
"139710.0";"6.961351"
"139720.0";"6.946778"
"139730.0";"6.893677"
"139740.0";"6.899755"
"139750.0";"6.756964"
"139760.0";"6.881169"
"139770.0";"6.933778"
"139780.0";"6.753998"
"139790.0";"6.713342"
"139800.0";"6.699625"
"139810.0";"7.028529"
"139820.0";"6.923117"
"139830.0";"6.775761"
"139840.0";"6.546794"
"139850.0";"6.516618"
"139860.0";"6.434473"
"139870.0";"6.453944"
"139880.0";"6.498112"
"139890.0";"6.535901"
"139900.0";"6.736941"
"139910.0";"7.089758"
"139920.0";"7.247375"
"139930.0";"7.227561"
"139940.0";"7.057081"
"139950.0";"7.180204"
"139960.0";"6.795278"
"139970.0";"6.844467"
"139980.0";"6.801369"
"139990.0";"6.631725"
"140000.0";"6.471207"
"140010.0";"6.271953"
"140020.0";"6.22228"
"140030.0";"6.180356"
"140040.0";"6.416064"
"140050.0";"6.427542"
"140060.0";"6.257318"
"140070.0";"6.129381"
"140080.0";"6.392929"
"140090.0";"6.563528"
"140100.0";"6.931365"
"140110.0";"6.943392"
"140120.0";"6.991728"
"140130.0";"7.027724"
"140140.0";"6.801695"
"140150.0";"6.747936"
"140160.0";"6.898615"
"140170.0";"7.075786"
"140180.0";"7.048087"
"140190.0";"6.874573"
"140200.0";"6.494456"
"140210.0";"6.579311"
"140220.0";"6.593103"
"140230.0";"6.556619"
"140240.0";"6.524915"
"140250.0";"6.385425"
"140260.0";"6.452678"
"140270.0";"6.134924"
"140280.0";"6.132004"
"140290.0";"6.092047"
"140300.0";"5.965149"
"140310.0";"6.013803"
"140320.0";"5.993632"
"140330.0";"5.942536"
"140340.0";"5.957513"
"140350.0";"5.9621"
"140360.0";"5.753557"
"140370.0";"5.879536"
"140380.0";"5.953773"
"140390.0";"5.983952"
"140400.0";"5.987195"
"140410.0";"5.958519"
"140420.0";"6.045908"
"140430.0";"6.057288"
"140440.0";"5.908408"
"140450.0";"5.828497"
"140460.0";"5.845017"
"140470.0";"5.557338"
"140480.0";"5.497224"
"140490.0";"5.552784"
"140500.0";"5.422097"
"140510.0";"5.63612"
"140520.0";"5.566954"
"140530.0";"5.401293"
"140540.0";"5.523881"
"140550.0";"5.480721"
"140560.0";"5.367048"
"140570.0";"5.309297"
"140580.0";"5.191949"
"140590.0";"5.093718"
"140600.0";"5.072918"
"140610.0";"5.174983"
"140620.0";"5.130468"
"140630.0";"5.2704"
"140640.0";"5.388181"
"140650.0";"5.257252"
"140660.0";"5.341162"
"140670.0";"5.284862"
"140680.0";"5.110019"
"140690.0";"5.328779"
"140700.0";"5.205939"
"140710.0";"5.148312"
"140720.0";"5.350496"
"140730.0";"5.536302"
"140740.0";"5.436569"
"140750.0";"5.659755"
"140760.0";"5.680296"
"140770.0";"5.767742"
"140780.0";"5.830103"
"140790.0";"5.847133"
"140800.0";"5.84815"
"140810.0";"5.938671"
"140820.0";"5.925336"
"140830.0";"5.978372"
"140840.0";"5.927626"
"140850.0";"5.978525"
"140860.0";"5.72775"
"140870.0";"5.734442"
"140880.0";"5.762642"
"140890.0";"5.844154"
"140900.0";"5.655375"
"140910.0";"5.647537"
"140920.0";"5.597318"
"140930.0";"5.631464"
"140940.0";"5.523148"
"140950.0";"5.628691"
"140960.0";"5.519282"
"140970.0";"5.366381"
"140980.0";"5.304066"
"140990.0";"5.54594"
"141000.0";"5.517659"
"141010.0";"5.74112"
"141020.0";"5.625973"
"141030.0";"5.617569"
"141040.0";"5.776785"
"141050.0";"5.831247"
"141060.0";"5.866477"
"141070.0";"5.852757"
"141080.0";"5.850743"
"141090.0";"5.665411"
"141100.0";"5.590865"
"141110.0";"5.592358"
"141120.0";"5.742701"
"141130.0";"5.634415"
"141140.0";"5.761495"
"141150.0";"5.774117"
"141160.0";"5.838287"
"141170.0";"5.869373"
"141180.0";"5.734209"
"141190.0";"5.668179"
"141200.0";"5.618226"
"141210.0";"5.616765"
"141220.0";"5.703885"
"141230.0";"5.608194"
"141240.0";"5.459457"
"141250.0";"5.732123"
"141260.0";"5.579624"
"141270.0";"5.606672"
"141280.0";"5.668655"
"141290.0";"5.489409"
"141300.0";"5.177488"
"141310.0";"5.089617"
"141320.0";"5.315132"
"141330.0";"5.006442"
"141340.0";"4.831093"
"141350.0";"4.945472"
"141360.0";"4.983007"
"141370.0";"5.246553"
"141380.0";"5.163196"
"141390.0";"5.339643"
"141400.0";"5.363579"
"141410.0";"5.557662"
"141420.0";"5.405221"
"141430.0";"5.498672"
"141440.0";"5.596595"
"141450.0";"5.646234"
"141460.0";"5.668756"
"141470.0";"5.582527"
"141480.0";"5.518716"
"141490.0";"5.661503"
"141500.0";"5.416553"
"141510.0";"5.474761"
"141520.0";"5.518554"
"141530.0";"5.612192"
"141540.0";"5.500096"
"141550.0";"5.603605"
"141560.0";"5.369002"
"141570.0";"5.460547"
"141580.0";"5.229082"
"141590.0";"5.125895"
"141600.0";"5.071072"
"141610.0";"5.061775"
"141620.0";"5.042423"
"141630.0";"5.323844"
"141640.0";"5.332525"
"141650.0";"5.194647"
"141660.0";"5.16307"
"141670.0";"5.121151"
"141680.0";"4.996255"
"141690.0";"5.038254"
"141700.0";"4.933526"
"141710.0";"5.04729"
"141720.0";"5.120706"
"141730.0";"5.325682"
"141740.0";"5.147616"
"141750.0";"5.270594"
"141760.0";"5.192331"
"141770.0";"5.037533"
"141780.0";"5.014594"
"141790.0";"4.996346"
"141800.0";"5.159195"
"141810.0";"4.937726"
"141820.0";"5.083021"
"141830.0";"4.958961"
"141840.0";"4.963539"
"141850.0";"4.919579"
"141860.0";"5.01157"
"141870.0";"4.892647"
"141880.0";"4.798359"
"141890.0";"4.971069"
"141900.0";"4.810011"
"141910.0";"5.15533"
"141920.0";"5.015918"
"141930.0";"4.800899"
"141940.0";"4.895175"
"141950.0";"4.810287"
"141960.0";"4.395184"
"141970.0";"4.398831"
"141980.0";"4.426271"
"141990.0";"4.580317"
"142000.0";"4.417241"
"142010.0";"4.421601"
"142020.0";"4.48876"
"142030.0";"4.739151"
"142040.0";"4.623642"
"142050.0";"4.323259"
"142060.0";"4.440978"
"142070.0";"4.721906"
"142080.0";"4.79756"
"142090.0";"4.890342"
"142100.0";"4.938077"
"142110.0";"4.743695"
"142120.0";"4.807665"
"142130.0";"4.983583"
"142140.0";"4.703678"
"142150.0";"4.908379"
"142160.0";"5.060001"
"142170.0";"5.212896"
"142180.0";"5.319329"
"142190.0";"4.97408"
"142200.0";"4.984383"
"142210.0";"4.941683"
"142220.0";"5.027944"
"142230.0";"4.842794"
"142240.0";"4.702074"
"142250.0";"4.726645"
"142260.0";"4.799632"
"142270.0";"4.771627"
"142280.0";"4.91491"
"142290.0";"4.863998"
"142300.0";"4.743543"
"142310.0";"4.625055"
"142320.0";"4.727917"
"142330.0";"4.568827"
"142340.0";"4.693574"
"142350.0";"4.658162"
"142360.0";"4.775045"
"142370.0";"4.765861"
"142380.0";"4.44206"
"142390.0";"4.522878"
"142400.0";"4.577866"
"142410.0";"4.485455"
"142420.0";"4.425406"
"142430.0";"4.366169"
"142440.0";"4.510083"
"142450.0";"4.517518"
"142460.0";"4.631769"
"142470.0";"4.482669"
"142480.0";"4.522502"
"142490.0";"4.659634"
"142500.0";"4.728378"
"142510.0";"4.749172"
"142520.0";"4.935553"
"142530.0";"5.026883"
"142540.0";"5.172662"
"142550.0";"4.951569"
"142560.0";"4.89951"
"142570.0";"5.078911"
"142580.0";"4.757653"
"142590.0";"4.656442"
"142600.0";"4.687869"
"142610.0";"4.772844"
"142620.0";"4.751255"
"142630.0";"4.554686"
"142640.0";"4.871819"
"142650.0";"4.643474"
"142660.0";"4.689128"
"142670.0";"4.604391"
"142680.0";"4.647989"
"142690.0";"4.685444"
"142700.0";"4.548143"
"142710.0";"4.537045"
"142720.0";"4.420156"
"142730.0";"4.50379"
"142740.0";"4.420017"
"142750.0";"4.599704"
"142760.0";"4.585499"
"142770.0";"4.657632"
"142780.0";"4.675161"
"142790.0";"4.662026"
"142800.0";"4.584369"
"142810.0";"4.780423"
"142820.0";"4.886178"
"142830.0";"5.128242"
"142840.0";"5.038967"
"142850.0";"5.138926"
"142860.0";"5.292897"
"142870.0";"5.310971"
"142880.0";"5.69554"
"142890.0";"5.7086"
"142900.0";"5.870988"
"142910.0";"5.945589"
"142920.0";"6.098115"
"142930.0";"6.28116"
"142940.0";"6.453224"
"142950.0";"6.564536"
"142960.0";"6.502789"
"142970.0";"6.42092"
"142980.0";"6.498848"
"142990.0";"6.486733"
"143000.0";"6.323161"
"143010.0";"6.044519"
"143020.0";"6.153034"
"143030.0";"6.131722"
"143040.0";"6.250094"
"143050.0";"6.169903"
"143060.0";"6.127353"
"143070.0";"6.323066"
"143080.0";"6.316632"
"143090.0";"6.398746"
"143100.0";"6.534711"
"143110.0";"6.667625"
"143120.0";"6.824773"
"143130.0";"6.436677"
"143140.0";"6.633888"
"143150.0";"6.73318"
"143160.0";"6.819732"
"143170.0";"6.721744"
"143180.0";"6.472683"
"143190.0";"6.612213"
"143200.0";"6.604791"
"143210.0";"6.262767"
"143220.0";"6.357407"
"143230.0";"6.391544"
"143240.0";"6.658134"
"143250.0";"6.660412"
"143260.0";"6.498246"
"143270.0";"6.550558"
"143280.0";"6.383816"
"143290.0";"6.47874"
"143300.0";"6.448536"
"143310.0";"6.408248"
"143320.0";"6.293797"
"143330.0";"6.432484"
"143340.0";"6.36432"
"143350.0";"6.286797"
"143360.0";"5.978451"
"143370.0";"6.041337"
"143380.0";"6.343383"
"143390.0";"6.430442"
"143400.0";"6.407937"
"143410.0";"6.507172"
"143420.0";"6.373676"
"143430.0";"6.349606"
"143440.0";"6.212665"
"143450.0";"6.321054"
"143460.0";"6.347694"
"143470.0";"6.507897"
"143480.0";"6.384284"
"143490.0";"6.269859"
"143500.0";"6.396729"
"143510.0";"6.39901"
"143520.0";"6.438939"
"143530.0";"6.158695"
"143540.0";"6.106404"
"143550.0";"6.1316"
"143560.0";"6.196017"
"143570.0";"6.401592"
"143580.0";"6.330176"
"143590.0";"6.39269"
"143600.0";"6.72709"
"143610.0";"6.691407"
"143620.0";"6.661174"
"143630.0";"6.683314"
"143640.0";"6.876962"
"143650.0";"6.867673"
"143660.0";"6.791855"
"143670.0";"6.625203"
"143680.0";"6.768038"
"143690.0";"6.81776"
"143700.0";"6.790154"
"143710.0";"6.865197"
"143720.0";"6.835867"
"143730.0";"6.689721"
"143740.0";"6.688274"
"143750.0";"6.585169"
"143760.0";"6.638824"
"143770.0";"6.664659"
"143780.0";"6.753163"
"143790.0";"6.68093"
"143800.0";"6.686356"
"143810.0";"6.741588"
"143820.0";"6.809826"
"143830.0";"6.709292"
"143840.0";"6.771613"
"143850.0";"6.669702"
"143860.0";"6.71093"
"143870.0";"6.75998"
"143880.0";"6.694173"
"143890.0";"6.691865"
"143900.0";"6.61745"
"143910.0";"6.655398"
"143920.0";"6.515666"
"143930.0";"6.603432"
"143940.0";"6.423547"
"143950.0";"6.61129"
"143960.0";"6.692728"
"143970.0";"6.629721"
"143980.0";"6.574596"
"143990.0";"6.466604"
"144000.0";"6.44617"
"144010.0";"6.55154"
"144020.0";"6.45089"
"144030.0";"6.408743"
"144040.0";"6.290277"
"144050.0";"6.153222"
"144060.0";"6.353745"
"144070.0";"6.144371"
"144080.0";"6.062971"
"144090.0";"6.180839"
"144100.0";"5.797389"
"144110.0";"5.847426"
"144120.0";"5.927141"
"144130.0";"5.938849"
"144140.0";"5.769876"
"144150.0";"5.83303"
"144160.0";"5.970156"
"144170.0";"6.166909"
"144180.0";"6.206273"
"144190.0";"5.73686"
"144200.0";"5.611909"
"144210.0";"5.652336"
"144220.0";"5.437371"
"144230.0";"5.226419"
"144240.0";"5.283604"
"144250.0";"5.112231"
"144260.0";"4.916944"
"144270.0";"5.166646"
"144280.0";"4.96269"
"144290.0";"4.988566"
"144300.0";"4.847358"
"144310.0";"4.949484"
"144320.0";"5.068125"
"144330.0";"4.916252"
"144340.0";"4.816626"
"144350.0";"4.746711"
"144360.0";"4.804041"
"144370.0";"4.87762"
"144380.0";"4.710645"
"144390.0";"4.692529"
"144400.0";"4.752297"
"144410.0";"4.632123"
"144420.0";"4.788138"
"144430.0";"4.661647"
"144440.0";"4.546988"
"144450.0";"4.588036"
"144460.0";"4.474258"
"144470.0";"4.842954"
"144480.0";"4.743448"
"144490.0";"4.621308"
"144500.0";"4.829604"
"144510.0";"4.887359"
"144520.0";"5.030663"
"144530.0";"4.759838"
"144540.0";"4.751546"
"144550.0";"4.7394"
"144560.0";"4.962616"
"144570.0";"5.03101"
"144580.0";"5.133885"
"144590.0";"5.220041"
"144600.0";"5.248937"
"144610.0";"5.280519"
"144620.0";"5.355103"
"144630.0";"5.371942"
"144640.0";"5.550529"
"144650.0";"5.268813"
"144660.0";"5.11235"
"144670.0";"5.088295"
"144680.0";"4.820995"
"144690.0";"5.036728"
"144700.0";"4.797893"
"144710.0";"4.904465"
"144720.0";"5.0666"
"144730.0";"5.161075"
"144740.0";"5.137525"
"144750.0";"5.304874"
"144760.0";"5.424075"
"144770.0";"5.515456"
"144780.0";"5.365362"
"144790.0";"5.331391"
"144800.0";"5.254562"
"144810.0";"5.092943"
"144820.0";"4.933452"
"144830.0";"5.032139"
"144840.0";"5.008528"
"144850.0";"5.165029"
"144860.0";"5.310532"
"144870.0";"5.382183"
"144880.0";"5.412359"
"144890.0";"5.309142"
"144900.0";"5.30503"
"144910.0";"5.15684"
"144920.0";"5.288245"
"144930.0";"5.162522"
"144940.0";"5.212233"
"144950.0";"4.935595"
"144960.0";"4.566277"
"144970.0";"4.641578"
"144980.0";"4.593474"
"144990.0";"4.688892"
"145000.0";"4.870098"
"145010.0";"4.958028"
"145020.0";"4.937505"
"145030.0";"4.768612"
"145040.0";"4.673012"
"145050.0";"4.760362"
"145060.0";"4.868562"
"145070.0";"4.780684"
"145080.0";"4.849927"
"145090.0";"4.866026"
"145100.0";"4.566129"
"145110.0";"4.5624"
"145120.0";"4.599933"
"145130.0";"4.531227"
"145140.0";"4.574821"
"145150.0";"4.694214"
"145160.0";"4.576984"
"145170.0";"4.537523"
"145180.0";"4.347717"
"145190.0";"4.368121"
"145200.0";"4.502489"
"145210.0";"4.487712"
"145220.0";"4.500103"
"145230.0";"4.602974"
"145240.0";"4.593726"
"145250.0";"4.630238"
"145260.0";"4.543474"
"145270.0";"4.681944"
"145280.0";"4.971371"
"145290.0";"4.821071"
"145300.0";"4.647893"
"145310.0";"4.539134"
"145320.0";"4.577817"
"145330.0";"4.806462"
"145340.0";"4.801594"
"145350.0";"4.661919"
"145360.0";"4.614918"
"145370.0";"4.417581"
"145380.0";"4.500601"
"145390.0";"4.669548"
"145400.0";"4.842724"
"145410.0";"4.629671"
"145420.0";"4.89371"
"145430.0";"5.195345"
"145440.0";"5.053732"
"145450.0";"5.152722"
"145460.0";"5.399295"
"145470.0";"5.406154"
"145480.0";"5.376514"
"145490.0";"5.43114"
"145500.0";"5.481761"
"145510.0";"5.642827"
"145520.0";"5.401907"
"145530.0";"5.484092"
"145540.0";"5.372213"
"145550.0";"5.454155"
"145560.0";"5.506063"
"145570.0";"5.434456"
"145580.0";"5.301165"
"145590.0";"5.280238"
"145600.0";"5.385614"
"145610.0";"5.335083"
"145620.0";"5.510985"
"145630.0";"5.419925"
"145640.0";"5.332262"
"145650.0";"5.450806"
"145660.0";"5.362804"
"145670.0";"5.409174"
"145680.0";"5.462568"
"145690.0";"5.438418"
"145700.0";"5.383903"
"145710.0";"5.43714"
"145720.0";"5.392128"
"145730.0";"5.391829"
"145740.0";"5.323215"
"145750.0";"5.258862"
"145760.0";"5.147233"
"145770.0";"5.025557"
"145780.0";"4.910676"
"145790.0";"5.045536"
"145800.0";"5.403252"
"145810.0";"5.535527"
"145820.0";"5.485892"
"145830.0";"5.494707"
"145840.0";"5.506979"
"145850.0";"5.520839"
"145860.0";"5.424089"
"145870.0";"5.515357"
"145880.0";"5.620492"
"145890.0";"5.745702"
"145900.0";"5.692925"
"145910.0";"5.557138"
"145920.0";"5.537402"
"145930.0";"5.615371"
"145940.0";"5.540131"
"145950.0";"5.508186"
"145960.0";"5.525044"
"145970.0";"5.395172"
"145980.0";"5.462618"
"145990.0";"5.701317"
"146000.0";"5.573055"
"146010.0";"5.667177"
"146020.0";"5.708112"
"146030.0";"5.630382"
"146040.0";"5.538491"
"146050.0";"5.715502"
"146060.0";"5.717888"
"146070.0";"5.521786"
"146080.0";"5.524253"
"146090.0";"5.331274"
"146100.0";"5.404032"
"146110.0";"5.313229"
"146120.0";"5.310647"
"146130.0";"5.075294"
"146140.0";"5.106954"
"146150.0";"4.944302"
"146160.0";"5.126066"
"146170.0";"5.348565"
"146180.0";"5.3385"
"146190.0";"5.251791"
"146200.0";"5.433716"
"146210.0";"5.179822"
"146220.0";"4.97981"
"146230.0";"5.086801"
"146240.0";"5.078723"
"146250.0";"5.303536"
"146260.0";"5.192314"
"146270.0";"5.01381"
"146280.0";"4.977825"
"146290.0";"5.009976"
"146300.0";"5.077707"
"146310.0";"5.088237"
"146320.0";"5.078689"
"146330.0";"5.05907"
"146340.0";"5.148556"
"146350.0";"5.107419"
"146360.0";"5.179299"
"146370.0";"5.009302"
"146380.0";"5.124472"
"146390.0";"5.224395"
"146400.0";"5.214444"
"146410.0";"5.157595"
"146420.0";"5.22205"
"146430.0";"4.989575"
"146440.0";"5.037813"
"146450.0";"5.031654"
"146460.0";"5.096938"
"146470.0";"5.121708"
"146480.0";"5.262264"
"146490.0";"5.170523"
"146500.0";"5.214591"
"146510.0";"5.291492"
"146520.0";"5.340792"
"146530.0";"5.845096"
"146540.0";"5.803751"
"146550.0";"5.991386"
"146560.0";"5.759674"
"146570.0";"5.714872"
"146580.0";"5.702261"
"146590.0";"5.625404"
"146600.0";"5.594176"
"146610.0";"5.497633"
"146620.0";"5.497498"
"146630.0";"5.416533"
"146640.0";"5.32796"
"146650.0";"5.385217"
"146660.0";"5.28931"
"146670.0";"5.317659"
"146680.0";"5.299287"
"146690.0";"5.339546"
"146700.0";"5.082248"
"146710.0";"5.030388"
"146720.0";"5.014887"
"146730.0";"4.944595"
"146740.0";"4.859931"
"146750.0";"4.824054"
"146760.0";"4.862782"
"146770.0";"4.890317"
"146780.0";"4.958379"
"146790.0";"4.959525"
"146800.0";"4.952168"
"146810.0";"5.002731"
"146820.0";"4.931539"
"146830.0";"4.971917"
"146840.0";"5.047323"
"146850.0";"4.898814"
"146860.0";"4.859265"
"146870.0";"4.875472"
"146880.0";"4.812331"
"146890.0";"4.675605"
"146900.0";"4.632263"
"146910.0";"4.674076"
"146920.0";"4.619938"
"146930.0";"4.482692"
"146940.0";"4.47353"
"146950.0";"4.716207"
"146960.0";"4.872591"
"146970.0";"4.841716"
"146980.0";"4.965133"
"146990.0";"4.860633"
"147000.0";"4.979488"
"147010.0";"5.002122"
"147020.0";"4.853258"
"147030.0";"4.87865"
"147040.0";"4.779447"
"147050.0";"4.540555"
"147060.0";"4.590797"
"147070.0";"4.590809"
"147080.0";"4.48397"
"147090.0";"4.432258"
"147100.0";"4.365734"
"147110.0";"4.258302"
"147120.0";"4.26202"
"147130.0";"4.334906"
"147140.0";"4.320502"
"147150.0";"4.238518"
"147160.0";"4.375931"
"147170.0";"4.391825"
"147180.0";"4.582586"
"147190.0";"4.67539"
"147200.0";"4.733719"
"147210.0";"4.719204"
"147220.0";"4.516199"
"147230.0";"4.658765"
"147240.0";"4.630207"
"147250.0";"4.577168"
"147260.0";"4.454715"
"147270.0";"4.440849"
"147280.0";"4.686205"
"147290.0";"4.788961"
"147300.0";"4.81719"
"147310.0";"4.97965"
"147320.0";"5.024877"
"147330.0";"4.710894"
"147340.0";"4.612551"
"147350.0";"4.753845"
"147360.0";"4.409802"
"147370.0";"4.412433"
"147380.0";"4.46992"
"147390.0";"4.419093"
"147400.0";"4.656743"
"147410.0";"4.857641"
"147420.0";"4.783809"
"147430.0";"4.583331"
"147440.0";"4.608777"
"147450.0";"4.283274"
"147460.0";"4.079329"
"147470.0";"4.253851"
"147480.0";"4.142153"
"147490.0";"4.166633"
"147500.0";"4.225185"
"147510.0";"4.189919"
"147520.0";"4.239576"
"147530.0";"4.291508"
"147540.0";"4.349751"
"147550.0";"4.329148"
"147560.0";"4.198143"
"147570.0";"4.190954"
"147580.0";"4.303805"
"147590.0";"4.301068"
"147600.0";"4.243153"
"147610.0";"4.308213"
"147620.0";"4.191001"
"147630.0";"4.26517"
"147640.0";"4.008346"
"147650.0";"4.03058"
"147660.0";"4.06198"
"147670.0";"4.161785"
"147680.0";"4.178818"
"147690.0";"4.206869"
"147700.0";"4.240953"
"147710.0";"4.206898"
"147720.0";"4.337413"
"147730.0";"4.257672"
"147740.0";"4.278144"
"147750.0";"4.278106"
"147760.0";"4.232774"
"147770.0";"4.221637"
"147780.0";"4.255181"
"147790.0";"4.454623"
"147800.0";"4.502797"
"147810.0";"4.639473"
"147820.0";"4.75529"
"147830.0";"4.730782"
"147840.0";"4.658846"
"147850.0";"4.533441"
"147860.0";"4.501542"
"147870.0";"4.405738"
"147880.0";"4.373666"
"147890.0";"4.298505"
"147900.0";"4.268536"
"147910.0";"4.525695"
"147920.0";"4.657385"
"147930.0";"4.62182"
"147940.0";"4.582816"
"147950.0";"4.523715"
"147960.0";"4.552945"
"147970.0";"4.553853"
"147980.0";"4.57263"
"147990.0";"4.570725"
"148000.0";"4.558209"
"148010.0";"4.486055"
"148020.0";"4.551387"
"148030.0";"4.71512"
"148040.0";"4.498754"
"148050.0";"4.680251"
"148060.0";"4.701565"
"148070.0";"4.760206"
"148080.0";"4.666485"
"148090.0";"4.621008"
"148100.0";"4.846166"
"148110.0";"4.937497"
"148120.0";"5.038763"
"148130.0";"5.084881"
"148140.0";"5.044809"
"148150.0";"5.213583"
"148160.0";"5.147534"
"148170.0";"5.387626"
"148180.0";"5.661342"
"148190.0";"5.589208"
"148200.0";"5.61483"
"148210.0";"5.642977"
"148220.0";"5.790588"
"148230.0";"5.781407"
"148240.0";"5.452968"
"148250.0";"5.216452"
"148260.0";"5.130003"
"148270.0";"5.18395"
"148280.0";"5.201855"
"148290.0";"5.132861"
"148300.0";"5.201476"
"148310.0";"4.922504"
"148320.0";"4.954115"
"148330.0";"5.116863"
"148340.0";"5.124073"
"148350.0";"5.155623"
"148360.0";"5.214794"
"148370.0";"5.133542"
"148380.0";"5.264588"
"148390.0";"5.142891"
"148400.0";"5.175451"
"148410.0";"5.350203"
"148420.0";"5.355969"
"148430.0";"5.246874"
"148440.0";"5.40696"
"148450.0";"5.279999"
"148460.0";"5.453212"
"148470.0";"5.364261"
"148480.0";"5.563653"
"148490.0";"5.551697"
"148500.0";"5.689417"
"148510.0";"5.834225"
"148520.0";"5.736669"
"148530.0";"5.762636"
"148540.0";"5.716828"
"148550.0";"5.809566"
"148560.0";"5.830632"
"148570.0";"5.650886"
"148580.0";"5.491486"
"148590.0";"5.849664"
"148600.0";"5.847097"
"148610.0";"5.963581"
"148620.0";"5.658491"
"148630.0";"5.81155"
"148640.0";"5.86128"
"148650.0";"5.887874"
"148660.0";"5.896513"
"148670.0";"5.785094"
"148680.0";"5.767501"
"148690.0";"5.769617"
"148700.0";"5.78275"
"148710.0";"5.824115"
"148720.0";"5.71176"
"148730.0";"5.715635"
"148740.0";"5.881782"
"148750.0";"5.818931"
"148760.0";"5.886046"
"148770.0";"5.81108"
"148780.0";"5.73082"
"148790.0";"5.72507"
"148800.0";"5.847421"
"148810.0";"5.884677"
"148820.0";"5.81852"
"148830.0";"5.914832"
"148840.0";"5.763241"
"148850.0";"5.736696"
"148860.0";"5.731052"
"148870.0";"5.90544"
"148880.0";"5.834121"
"148890.0";"5.809624"
"148900.0";"5.487982"
"148910.0";"5.486577"
"148920.0";"5.108926"
"148930.0";"5.203863"
"148940.0";"5.376817"
"148950.0";"5.51113"
"148960.0";"5.36751"
"148970.0";"5.03291"
"148980.0";"5.026493"
"148990.0";"5.303864"
"149000.0";"5.322237"
"149010.0";"5.422784"
"149020.0";"5.535355"
"149030.0";"5.556942"
"149040.0";"5.500935"
"149050.0";"5.781662"
"149060.0";"5.656418"
"149070.0";"5.883179"
"149080.0";"5.70563"
"149090.0";"6.051353"
"149100.0";"5.98634"
"149110.0";"6.029429"
"149120.0";"5.950246"
"149130.0";"5.894414"
"149140.0";"5.681922"
"149150.0";"5.488644"
"149160.0";"5.686418"
"149170.0";"5.904688"
"149180.0";"5.75699"
"149190.0";"5.737299"
"149200.0";"5.924694"
"149210.0";"5.892419"
"149220.0";"5.879953"
"149230.0";"5.953127"
"149240.0";"5.933928"
"149250.0";"5.735519"
"149260.0";"5.639027"
"149270.0";"5.928005"
"149280.0";"6.033466"
"149290.0";"5.923565"
"149300.0";"5.930073"
"149310.0";"6.017414"
"149320.0";"5.971482"
"149330.0";"5.987705"
"149340.0";"6.046193"
"149350.0";"5.92433"
"149360.0";"5.97094"
"149370.0";"5.965622"
"149380.0";"5.975128"
"149390.0";"6.017046"
"149400.0";"5.900964"
"149410.0";"6.06221"
"149420.0";"5.981746"
"149430.0";"6.081284"
"149440.0";"5.824258"
"149450.0";"6.044223"
"149460.0";"6.055933"
"149470.0";"6.047452"
"149480.0";"5.984242"
"149490.0";"6.077305"
"149500.0";"5.739059"
"149510.0";"5.486279"
"149520.0";"5.515306"
"149530.0";"5.597741"
"149540.0";"5.751134"
"149550.0";"5.773586"
"149560.0";"5.726394"
"149570.0";"5.886288"
"149580.0";"5.863107"
"149590.0";"5.862582"
"149600.0";"5.861043"
"149610.0";"5.878409"
"149620.0";"5.99165"
"149630.0";"5.996156"
"149640.0";"5.875618"
"149650.0";"5.597204"
"149660.0";"5.501539"
"149670.0";"5.454413"
"149680.0";"5.592355"
"149690.0";"5.616744"
"149700.0";"5.52753"
"149710.0";"5.615733"
"149720.0";"5.43077"
"149730.0";"5.432"
"149740.0";"5.29123"
"149750.0";"5.448239"
"149760.0";"5.421521"
"149770.0";"5.643952"
"149780.0";"5.804637"
"149790.0";"5.757423"
"149800.0";"5.971557"
"149810.0";"6.093639"
"149820.0";"6.038137"
"149830.0";"5.88041"
"149840.0";"5.725554"
"149850.0";"5.732292"
"149860.0";"5.619237"
"149870.0";"5.330365"
"149880.0";"5.335568"
"149890.0";"5.377251"
"149900.0";"5.307392"
"149910.0";"4.814029"
"149920.0";"4.703819"
"149930.0";"4.616024"
"149940.0";"4.57505"
"149950.0";"4.645125"
"149960.0";"4.817008"
"149970.0";"5.011143"
"149980.0";"4.727229"
"149990.0";"4.79904"
"150000.0";"4.73112"
"150010.0";"4.716453"
"150020.0";"4.758448"
"150030.0";"5.058638"
"150040.0";"5.118245"
"150050.0";"5.134671"
"150060.0";"5.201959"
"150070.0";"5.489972"
"150080.0";"5.395759"
"150090.0";"5.67732"
"150100.0";"5.617924"
"150110.0";"5.71951"
"150120.0";"5.577746"
"150130.0";"5.79184"
"150140.0";"5.756836"
"150150.0";"5.941893"
"150160.0";"5.760466"
"150170.0";"5.903779"
"150180.0";"5.997558"
"150190.0";"5.997129"
"150200.0";"5.819788"
"150210.0";"5.810018"
"150220.0";"5.731521"
"150230.0";"5.739054"
"150240.0";"5.697665"
"150250.0";"5.263458"
"150260.0";"5.324468"
"150270.0";"5.630819"
"150280.0";"5.402853"
"150290.0";"5.598879"
"150300.0";"5.497831"
"150310.0";"5.570027"
"150320.0";"5.577206"
"150330.0";"5.432486"
"150340.0";"5.497609"
"150350.0";"5.422336"
"150360.0";"5.278658"
"150370.0";"5.330861"
"150380.0";"5.410324"
"150390.0";"5.234312"
"150400.0";"5.184731"
"150410.0";"5.249537"
"150420.0";"5.394734"
"150430.0";"5.371755"
"150440.0";"5.330924"
"150450.0";"5.372047"
"150460.0";"5.208435"
"150470.0";"5.124359"
"150480.0";"5.362139"
"150490.0";"5.314898"
"150500.0";"5.35694"
"150510.0";"5.146108"
"150520.0";"5.187399"
"150530.0";"5.141529"
"150540.0";"5.025039"
"150550.0";"4.903368"
"150560.0";"5.107856"
"150570.0";"5.311918"
"150580.0";"5.360759"
"150590.0";"5.471967"
"150600.0";"5.562085"
"150610.0";"5.514742"
"150620.0";"5.535934"
"150630.0";"5.554345"
"150640.0";"5.595689"
"150650.0";"5.5286"
"150660.0";"5.345976"
"150670.0";"5.133305"
"150680.0";"5.224603"
"150690.0";"5.441576"
"150700.0";"5.291869"
"150710.0";"5.220558"
"150720.0";"5.132179"
"150730.0";"5.019927"
"150740.0";"5.06898"
"150750.0";"5.191036"
"150760.0";"5.146154"
"150770.0";"5.188973"
"150780.0";"4.882543"
"150790.0";"4.904632"
"150800.0";"4.581584"
"150810.0";"4.747885"
"150820.0";"5.035713"
"150830.0";"5.024671"
"150840.0";"4.977182"
"150850.0";"4.912293"
"150860.0";"4.840444"
"150870.0";"4.778322"
"150880.0";"4.696784"
"150890.0";"4.802617"
"150900.0";"4.756035"
"150910.0";"4.853012"
"150920.0";"4.826316"
"150930.0";"4.841144"
"150940.0";"4.753061"
"150950.0";"4.622231"
"150960.0";"4.305395"
"150970.0";"4.329048"
"150980.0";"4.069058"
"150990.0";"4.026441"
"151000.0";"4.019524"
"151010.0";"4.118067"
"151020.0";"4.180139"
"151030.0";"4.280901"
"151040.0";"4.535396"
"151050.0";"4.400756"
"151060.0";"4.216443"
"151070.0";"4.0802"
"151080.0";"4.162943"
"151090.0";"4.062843"
"151100.0";"4.070883"
"151110.0";"4.137761"
"151120.0";"4.082057"
"151130.0";"3.828085"
"151140.0";"4.070587"
"151150.0";"4.128081"
"151160.0";"4.046301"
"151170.0";"4.040849"
"151180.0";"4.044133"
"151190.0";"3.912809"
"151200.0";"3.753279"
"151210.0";"3.849751"
"151220.0";"3.886113"
"151230.0";"3.739863"
"151240.0";"3.658994"
"151250.0";"3.861835"
"151260.0";"3.902231"
"151270.0";"4.075854"
"151280.0";"4.177493"
"151290.0";"4.144645"
"151300.0";"4.171796"
"151310.0";"4.244884"
"151320.0";"4.101229"
"151330.0";"4.05363"
"151340.0";"3.911558"
"151350.0";"3.98377"
"151360.0";"4.192502"
"151370.0";"4.085419"
"151380.0";"4.142661"
"151390.0";"4.016742"
"151400.0";"3.829857"
"151410.0";"3.531642"
"151420.0";"3.554775"
"151430.0";"3.41184"
"151440.0";"3.150236"
"151450.0";"3.206454"
"151460.0";"3.015428"
"151470.0";"2.895883"
"151480.0";"2.760442"
"151490.0";"2.958626"
"151500.0";"3.058973"
"151510.0";"3.262035"
"151520.0";"3.186712"
"151530.0";"3.161322"
"151540.0";"3.363785"
"151550.0";"3.159123"
"151560.0";"3.15978"
"151570.0";"3.212847"
"151580.0";"3.099877"
"151590.0";"2.890093"
"151600.0";"2.923841"
"151610.0";"3.001677"
"151620.0";"3.176726"
"151630.0";"3.208253"
"151640.0";"3.097076"
"151650.0";"3.20474"
"151660.0";"3.301887"
"151670.0";"3.451881"
"151680.0";"3.48917"
"151690.0";"3.56855"
"151700.0";"3.611982"
"151710.0";"3.842459"
"151720.0";"3.831259"
"151730.0";"3.570139"
"151740.0";"3.621423"
"151750.0";"3.416982"
"151760.0";"3.389938"
"151770.0";"3.416941"
"151780.0";"3.54862"
"151790.0";"3.654302"
"151800.0";"3.5739"
"151810.0";"3.696856"
"151820.0";"3.742177"
"151830.0";"3.630111"
"151840.0";"3.811515"
"151850.0";"3.606172"
"151860.0";"3.81949"
"151870.0";"3.769599"
"151880.0";"3.829288"
"151890.0";"3.619387"
"151900.0";"3.460271"
"151910.0";"3.400425"
"151920.0";"3.368098"
"151930.0";"3.34376"
"151940.0";"3.48596"
"151950.0";"3.534982"
"151960.0";"3.398559"
"151970.0";"3.558528"
"151980.0";"3.553535"
"151990.0";"3.744609"
"152000.0";"4.033932"
"152010.0";"4.249496"
"152020.0";"4.120279"
"152030.0";"3.903786"
"152040.0";"4.016466"
"152050.0";"4.274823"
"152060.0";"4.080695"
"152070.0";"3.946349"
"152080.0";"3.939095"
"152090.0";"4.017467"
"152100.0";"4.131578"
"152110.0";"4.254795"
"152120.0";"4.30904"
"152130.0";"4.39996"
"152140.0";"4.710308"
"152150.0";"4.661503"
"152160.0";"4.644659"
"152170.0";"4.721367"
"152180.0";"4.581584"
"152190.0";"4.470551"
"152200.0";"4.341352"
"152210.0";"4.267282"
"152220.0";"4.32123"
"152230.0";"4.392551"
"152240.0";"4.2121"
"152250.0";"4.25012"
"152260.0";"4.098581"
"152270.0";"4.11929"
"152280.0";"4.254588"
"152290.0";"4.168761"
"152300.0";"3.980576"
"152310.0";"3.89197"
"152320.0";"3.781374"
"152330.0";"3.830215"
"152340.0";"3.729663"
"152350.0";"3.827877"
"152360.0";"3.692824"
"152370.0";"3.760604"
"152380.0";"3.606466"
"152390.0";"3.558865"
"152400.0";"3.623021"
"152410.0";"3.466614"
"152420.0";"3.338681"
"152430.0";"3.252605"
"152440.0";"3.377827"
"152450.0";"3.513046"
"152460.0";"3.606884"
"152470.0";"3.661255"
"152480.0";"3.745263"
"152490.0";"3.714382"
"152500.0";"3.704736"
"152510.0";"3.708034"
"152520.0";"3.575778"
"152530.0";"3.594007"
"152540.0";"3.60503"
"152550.0";"3.371741"
"152560.0";"3.370633"
"152570.0";"3.257313"
"152580.0";"3.100771"
"152590.0";"3.209256"
"152600.0";"3.452175"
"152610.0";"3.345719"
"152620.0";"3.332199"
"152630.0";"3.409748"
"152640.0";"3.621603"
"152650.0";"3.600753"
"152660.0";"3.436759"
"152670.0";"3.626519"
"152680.0";"3.801453"
"152690.0";"3.792458"
"152700.0";"3.877685"
"152710.0";"3.926436"
"152720.0";"4.049372"
"152730.0";"3.850773"
"152740.0";"3.947742"
"152750.0";"4.0389"
"152760.0";"4.125828"
"152770.0";"4.125166"
"152780.0";"4.111975"
"152790.0";"4.184937"
"152800.0";"4.087237"
"152810.0";"4.368325"
"152820.0";"4.248147"
"152830.0";"4.083631"
"152840.0";"4.24156"
"152850.0";"4.427429"
"152860.0";"4.343472"
"152870.0";"4.492905"
"152880.0";"4.462147"
"152890.0";"4.138914"
"152900.0";"4.280122"
"152910.0";"4.1993"
"152920.0";"4.194662"
"152930.0";"4.265468"
"152940.0";"4.354242"
"152950.0";"4.112034"
"152960.0";"3.724029"
"152970.0";"3.61848"
"152980.0";"3.808341"
"152990.0";"3.849208"
"153000.0";"3.751452"
"153010.0";"3.811073"
"153020.0";"3.854949"
"153030.0";"3.605011"
"153040.0";"3.625311"
"153050.0";"3.608655"
"153060.0";"3.634325"
"153070.0";"3.903802"
"153080.0";"4.190176"
"153090.0";"4.139442"
"153100.0";"4.075069"
"153110.0";"4.040847"
"153120.0";"4.110726"
"153130.0";"4.164614"
"153140.0";"4.504194"
"153150.0";"4.591125"
"153160.0";"4.662989"
"153170.0";"4.451016"
"153180.0";"4.444827"
"153190.0";"4.401922"
"153200.0";"4.349044"
"153210.0";"4.325749"
"153220.0";"4.229222"
"153230.0";"4.273303"
"153240.0";"4.226788"
"153250.0";"4.122185"
"153260.0";"4.113244"
"153270.0";"4.382257"
"153280.0";"4.355947"
"153290.0";"4.250849"
"153300.0";"4.203402"
"153310.0";"4.163987"
"153320.0";"4.143624"
"153330.0";"4.361436"
"153340.0";"4.296045"
"153350.0";"4.294113"
"153360.0";"4.066318"
"153370.0";"4.076961"
"153380.0";"3.866124"
"153390.0";"4.092049"
"153400.0";"4.131693"
"153410.0";"4.304344"
"153420.0";"4.33415"
"153430.0";"4.202096"
"153440.0";"4.190478"
"153450.0";"4.292622"
"153460.0";"4.268667"
"153470.0";"4.196871"
"153480.0";"4.277568"
"153490.0";"4.289045"
"153500.0";"4.336577"
"153510.0";"4.218452"
"153520.0";"4.289311"
"153530.0";"4.102887"
"153540.0";"4.046365"
"153550.0";"4.025046"
"153560.0";"4.194075"
"153570.0";"4.351439"
"153580.0";"4.30368"
"153590.0";"4.253895"
"153600.0";"4.195032"
"153610.0";"4.165815"
"153620.0";"4.211606"
"153630.0";"4.247428"
"153640.0";"4.183297"
"153650.0";"4.10378"
"153660.0";"3.973607"
"153670.0";"3.889083"
"153680.0";"4.0037"
"153690.0";"4.021478"
"153700.0";"4.089903"
"153710.0";"3.990996"
"153720.0";"3.657879"
"153730.0";"3.656514"
"153740.0";"3.387182"
"153750.0";"3.302387"
"153760.0";"3.315544"
"153770.0";"3.315328"
"153780.0";"3.404502"
"153790.0";"3.766741"
"153800.0";"3.67462"
"153810.0";"3.617415"
"153820.0";"3.934234"
"153830.0";"3.817196"
"153840.0";"3.90644"
"153850.0";"3.696994"
"153860.0";"3.791259"
"153870.0";"3.683906"
"153880.0";"3.53834"
"153890.0";"3.506728"
"153900.0";"3.671509"
"153910.0";"3.881566"
"153920.0";"3.920768"
"153930.0";"3.860543"
"153940.0";"3.92644"
"153950.0";"3.964949"
"153960.0";"3.949913"
"153970.0";"3.936723"
"153980.0";"3.91581"
"153990.0";"4.050097"
"154000.0";"3.976543"
"154010.0";"3.848627"
"154020.0";"3.788265"
"154030.0";"3.929585"
"154040.0";"3.951291"
"154050.0";"3.656347"
"154060.0";"3.389674"
"154070.0";"3.37888"
"154080.0";"3.540778"
"154090.0";"3.384111"
"154100.0";"3.438957"
"154110.0";"3.499347"
"154120.0";"3.648096"
"154130.0";"3.362408"
"154140.0";"3.164596"
"154150.0";"3.371388"
"154160.0";"3.8513"
"154170.0";"3.573273"
"154180.0";"3.706097"
"154190.0";"3.595079"
"154200.0";"3.645449"
"154210.0";"3.70564"
"154220.0";"3.719899"
"154230.0";"3.476156"
"154240.0";"3.365117"
"154250.0";"3.804569"
"154260.0";"3.523913"
"154270.0";"3.469374"
"154280.0";"3.311362"
"154290.0";"3.384669"
"154300.0";"3.286524"
"154310.0";"3.403445"
"154320.0";"3.242204"
"154330.0";"3.313881"
"154340.0";"2.892958"
"154350.0";"2.970727"
"154360.0";"3.078929"
"154370.0";"3.117453"
"154380.0";"2.838053"
"154390.0";"2.809032"
"154400.0";"2.800683"
"154410.0";"2.666855"
"154420.0";"2.798681"
"154430.0";"3.034872"
"154440.0";"3.087193"
"154450.0";"3.202216"
"154460.0";"3.34273"
"154470.0";"3.305464"
"154480.0";"3.295221"
"154490.0";"3.338392"
"154500.0";"3.285031"
"154510.0";"3.150539"
"154520.0";"3.225054"
"154530.0";"3.221798"
"154540.0";"3.252323"
"154550.0";"3.291203"
"154560.0";"3.351013"
"154570.0";"3.388528"
"154580.0";"3.667373"
"154590.0";"3.863524"
"154600.0";"3.775711"
"154610.0";"3.80245"
"154620.0";"3.865041"
"154630.0";"3.948097"
"154640.0";"3.919382"
"154650.0";"3.965002"
"154660.0";"3.823496"
"154670.0";"3.959938"
"154680.0";"3.942344"
"154690.0";"3.982576"
"154700.0";"4.070016"
"154710.0";"4.103577"
"154720.0";"4.297906"
"154730.0";"4.406734"
"154740.0";"4.411391"
"154750.0";"4.302967"
"154760.0";"4.457914"
"154770.0";"4.20567"
"154780.0";"4.087345"
"154790.0";"4.089195"
"154800.0";"3.910472"
"154810.0";"3.704869"
"154820.0";"3.694168"
"154830.0";"3.732393"
"154840.0";"3.751221"
"154850.0";"3.534711"
"154860.0";"3.488837"
"154870.0";"3.440948"
"154880.0";"3.413739"
"154890.0";"3.612582"
"154900.0";"3.592726"
"154910.0";"3.543981"
"154920.0";"3.468724"
"154930.0";"3.566288"
"154940.0";"3.70679"
"154950.0";"3.609299"
"154960.0";"3.655308"
"154970.0";"3.530452"
"154980.0";"3.673557"
"154990.0";"3.903891"
"155000.0";"3.71274"
"155010.0";"3.756379"
"155020.0";"3.728331"
"155030.0";"3.600107"
"155040.0";"3.651949"
"155050.0";"3.578821"
"155060.0";"3.243172"
"155070.0";"3.204385"
"155080.0";"3.219313"
"155090.0";"3.164264"
"155100.0";"3.219225"
"155110.0";"3.1649"
"155120.0";"3.137467"
"155130.0";"3.332876"
"155140.0";"3.331598"
"155150.0";"3.323602"
"155160.0";"3.296061"
"155170.0";"3.16699"
"155180.0";"3.159276"
"155190.0";"3.15939"
"155200.0";"3.058773"
"155210.0";"2.822231"
"155220.0";"2.893354"
"155230.0";"2.947186"
"155240.0";"2.908569"
"155250.0";"2.765693"
"155260.0";"2.773086"
"155270.0";"2.831317"
"155280.0";"2.906343"
"155290.0";"3.029667"
"155300.0";"3.035595"
"155310.0";"3.131646"
"155320.0";"3.31749"
"155330.0";"3.266209"
"155340.0";"3.265285"
"155350.0";"3.270602"
"155360.0";"3.3826"
"155370.0";"3.300079"
"155380.0";"3.245035"
"155390.0";"3.287219"
"155400.0";"3.017015"
"155410.0";"2.988933"
"155420.0";"3.077082"
"155430.0";"3.10429"
"155440.0";"3.302649"
"155450.0";"3.427923"
"155460.0";"3.310768"
"155470.0";"3.290528"
"155480.0";"3.398805"
"155490.0";"3.279605"
"155500.0";"3.243764"
"155510.0";"3.227735"
"155520.0";"3.283429"
"155530.0";"3.389951"
"155540.0";"3.607641"
"155550.0";"3.524035"
"155560.0";"3.515739"
"155570.0";"3.618614"
"155580.0";"3.841781"
"155590.0";"3.850147"
"155600.0";"3.905336"
"155610.0";"3.895907"
"155620.0";"3.719808"
"155630.0";"3.887022"
"155640.0";"3.931742"
"155650.0";"3.992935"
"155660.0";"3.820375"
"155670.0";"3.796347"
"155680.0";"3.860307"
"155690.0";"3.820339"
"155700.0";"3.55379"
"155710.0";"3.507016"
"155720.0";"3.422431"
"155730.0";"3.44655"
"155740.0";"3.20538"
"155750.0";"2.863909"
"155760.0";"2.736181"
"155770.0";"2.94187"
"155780.0";"2.975306"
"155790.0";"2.839656"
"155800.0";"2.888881"
"155810.0";"2.945417"
"155820.0";"3.117136"
"155830.0";"3.065772"
"155840.0";"3.228555"
"155850.0";"3.348412"
"155860.0";"3.20697"
"155870.0";"3.222094"
"155880.0";"3.408492"
"155890.0";"3.449164"
"155900.0";"3.395452"
"155910.0";"3.493132"
"155920.0";"3.478173"
"155930.0";"3.400695"
"155940.0";"3.449773"
"155950.0";"3.262046"
"155960.0";"2.948818"
"155970.0";"2.822506"
"155980.0";"2.927788"
"155990.0";"3.056245"
"156000.0";"3.024405"
"156010.0";"3.075375"
"156020.0";"3.055673"
"156030.0";"3.158993"
"156040.0";"3.313125"
"156050.0";"3.372642"
"156060.0";"3.436675"
"156070.0";"3.491383"
"156080.0";"3.454694"
"156090.0";"3.564921"
"156100.0";"3.438986"
"156110.0";"3.461197"
"156120.0";"3.615522"
"156130.0";"3.728867"
"156140.0";"3.893832"
"156150.0";"3.961527"
"156160.0";"4.021861"
"156170.0";"3.976113"
"156180.0";"4.042221"
"156190.0";"3.660939"
"156200.0";"3.593191"
"156210.0";"3.496318"
"156220.0";"3.290282"
"156230.0";"3.414314"
"156240.0";"3.488503"
"156250.0";"3.353333"
"156260.0";"3.609253"
"156270.0";"3.580845"
"156280.0";"3.752503"
"156290.0";"3.833323"
"156300.0";"3.926728"
"156310.0";"3.94423"
"156320.0";"4.168757"
"156330.0";"4.176466"
"156340.0";"4.166182"
"156350.0";"4.361021"
"156360.0";"4.410663"
"156370.0";"4.451293"
"156380.0";"4.320508"
"156390.0";"4.308677"
"156400.0";"4.313287"
"156410.0";"4.146142"
"156420.0";"4.189439"
"156430.0";"4.216673"
"156440.0";"4.122129"
"156450.0";"4.215574"
"156460.0";"4.116863"
"156470.0";"4.044792"
"156480.0";"3.9589"
"156490.0";"3.994037"
"156500.0";"3.691174"
"156510.0";"3.532648"
"156520.0";"3.490309"
"156530.0";"3.381031"
"156540.0";"3.550445"
"156550.0";"3.367782"
"156560.0";"3.317554"
"156570.0";"3.478049"
"156580.0";"3.481012"
"156590.0";"3.577025"
"156600.0";"3.566172"
"156610.0";"3.414749"
"156620.0";"3.467956"
"156630.0";"3.641994"
"156640.0";"3.593727"
"156650.0";"3.681734"
"156660.0";"3.544926"
"156670.0";"3.511284"
"156680.0";"3.492506"
"156690.0";"3.364416"
"156700.0";"3.311803"
"156710.0";"3.328087"
"156720.0";"3.206656"
"156730.0";"3.322242"
"156740.0";"3.31555"
"156750.0";"3.309567"
"156760.0";"3.348704"
"156770.0";"3.272062"
"156780.0";"3.425083"
"156790.0";"3.27175"
"156800.0";"3.39324"
"156810.0";"3.512558"
"156820.0";"3.606271"
"156830.0";"3.535511"
"156840.0";"3.500497"
"156850.0";"3.394782"
"156860.0";"3.487355"
"156870.0";"3.400247"
"156880.0";"3.409892"
"156890.0";"3.437657"
"156900.0";"3.527209"
"156910.0";"3.715573"
"156920.0";"3.490838"
"156930.0";"3.418386"
"156940.0";"3.463015"
"156950.0";"3.427717"
"156960.0";"3.452841"
"156970.0";"3.349338"
"156980.0";"3.178172"
"156990.0";"3.299654"
"157000.0";"3.214492"
"157010.0";"3.449706"
"157020.0";"3.187783"
"157030.0";"3.299517"
"157040.0";"3.389731"
"157050.0";"3.552395"
"157060.0";"3.67925"
"157070.0";"3.637431"
"157080.0";"3.619273"
"157090.0";"3.589307"
"157100.0";"3.366872"
"157110.0";"3.529417"
"157120.0";"3.682044"
"157130.0";"3.737327"
"157140.0";"3.736557"
"157150.0";"3.604264"
"157160.0";"3.53196"
"157170.0";"3.503681"
"157180.0";"3.253262"
"157190.0";"3.253181"
"157200.0";"3.417738"
"157210.0";"3.617004"
"157220.0";"3.40381"
"157230.0";"3.427583"
"157240.0";"3.510218"
"157250.0";"3.470238"
"157260.0";"3.695409"
"157270.0";"3.578576"
"157280.0";"3.730361"
"157290.0";"3.663826"
"157300.0";"3.603405"
"157310.0";"3.664819"
"157320.0";"3.795004"
"157330.0";"3.784193"
"157340.0";"3.562435"
"157350.0";"3.55206"
"157360.0";"3.499646"
"157370.0";"3.536282"
"157380.0";"3.479105"
"157390.0";"3.681764"
"157400.0";"3.645633"
"157410.0";"3.712035"
"157420.0";"3.790092"
"157430.0";"3.817122"
"157440.0";"3.778663"
"157450.0";"3.729202"
"157460.0";"3.77352"
"157470.0";"3.797829"
"157480.0";"3.824624"
"157490.0";"3.822833"
"157500.0";"3.756827"
"157510.0";"3.863312"
"157520.0";"3.884762"
"157530.0";"3.913389"
"157540.0";"3.966359"
"157550.0";"3.968554"
"157560.0";"3.757466"
"157570.0";"3.944594"
"157580.0";"3.98055"
"157590.0";"3.853414"
"157600.0";"3.977952"
"157610.0";"3.928041"
"157620.0";"3.8678"
"157630.0";"3.842885"
"157640.0";"3.775516"
"157650.0";"3.826519"
"157660.0";"3.652456"
"157670.0";"3.45837"
"157680.0";"3.305225"
"157690.0";"3.50782"
"157700.0";"3.328202"
"157710.0";"3.481783"
"157720.0";"3.200983"
"157730.0";"3.16107"
"157740.0";"3.280894"
"157750.0";"3.37699"
"157760.0";"3.364613"
"157770.0";"3.290029"
"157780.0";"3.336969"
"157790.0";"3.388718"
"157800.0";"3.330438"
"157810.0";"3.424506"
"157820.0";"3.4401"
"157830.0";"3.387534"
"157840.0";"3.505948"
"157850.0";"3.395707"
"157860.0";"3.194828"
"157870.0";"3.160193"
"157880.0";"3.21512"
"157890.0";"3.389721"
"157900.0";"3.256177"
"157910.0";"3.147041"
"157920.0";"3.199398"
"157930.0";"3.232591"
"157940.0";"3.261181"
"157950.0";"3.301247"
"157960.0";"3.332101"
"157970.0";"3.077022"
"157980.0";"3.122171"
"157990.0";"3.272206"
"158000.0";"3.357695"
"158010.0";"3.612771"
"158020.0";"3.838177"
"158030.0";"3.838039"
"158040.0";"3.885001"
"158050.0";"3.931617"
"158060.0";"4.013936"
"158070.0";"3.944254"
"158080.0";"3.639527"
"158090.0";"3.865444"
"158100.0";"3.870545"
"158110.0";"3.937884"
"158120.0";"3.927067"
"158130.0";"3.771089"
"158140.0";"3.858587"
"158150.0";"3.666181"
"158160.0";"3.510387"
"158170.0";"3.493828"
"158180.0";"3.387991"
"158190.0";"3.603541"
"158200.0";"3.376401"
"158210.0";"3.393645"
"158220.0";"3.40798"
"158230.0";"3.499398"
"158240.0";"3.562294"
"158250.0";"3.629045"
"158260.0";"3.438685"
"158270.0";"3.731938"
"158280.0";"4.033711"
"158290.0";"4.021338"
"158300.0";"4.085315"
"158310.0";"4.020189"
"158320.0";"3.901429"
"158330.0";"4.002818"
"158340.0";"4.047549"
"158350.0";"3.95633"
"158360.0";"3.892525"
"158370.0";"3.739166"
"158380.0";"3.644026"
"158390.0";"3.742424"
"158400.0";"3.889466"
"158410.0";"3.755084"
"158420.0";"4.043921"
"158430.0";"4.147733"
"158440.0";"4.199216"
"158450.0";"4.183411"
"158460.0";"4.265774"
"158470.0";"4.275479"
"158480.0";"4.274867"
"158490.0";"4.429843"
"158500.0";"4.482657"
"158510.0";"4.366335"
"158520.0";"4.259017"
"158530.0";"4.141708"
"158540.0";"4.106133"
"158550.0";"4.227014"
"158560.0";"4.192883"
"158570.0";"4.206466"
"158580.0";"4.126306"
"158590.0";"4.117705"
"158600.0";"4.234867"
"158610.0";"4.461278"
"158620.0";"4.823226"
"158630.0";"4.683068"
"158640.0";"4.816211"
"158650.0";"4.826927"
"158660.0";"4.898944"
"158670.0";"4.767206"
"158680.0";"4.888538"
"158690.0";"4.885549"
"158700.0";"4.856562"
"158710.0";"4.68704"
"158720.0";"4.596108"
"158730.0";"4.59218"
"158740.0";"4.55519"
"158750.0";"4.393479"
"158760.0";"4.543118"
"158770.0";"4.391953"
"158780.0";"4.128685"
"158790.0";"4.087166"
"158800.0";"3.939991"
"158810.0";"3.92855"
"158820.0";"3.921593"
"158830.0";"3.820234"
"158840.0";"3.761086"
"158850.0";"3.763511"
"158860.0";"3.99008"
"158870.0";"3.847125"
"158880.0";"3.860006"
"158890.0";"3.84591"
"158900.0";"3.652261"
"158910.0";"3.817962"
"158920.0";"3.836569"
"158930.0";"3.877116"
"158940.0";"3.712219"
"158950.0";"3.881231"
"158960.0";"3.805938"
"158970.0";"3.76835"
"158980.0";"4.066348"
"158990.0";"4.046141"
"159000.0";"3.731913"
"159010.0";"3.831333"
"159020.0";"3.658491"
"159030.0";"3.549988"
"159040.0";"3.646952"
"159050.0";"3.537666"
"159060.0";"3.378063"
"159070.0";"3.288881"
"159080.0";"3.378881"
"159090.0";"3.305071"
"159100.0";"3.347312"
"159110.0";"3.433968"
"159120.0";"3.16317"
"159130.0";"3.068714"
"159140.0";"3.163247"
"159150.0";"3.144522"
"159160.0";"3.127692"
"159170.0";"2.938564"
"159180.0";"2.733638"
"159190.0";"2.748605"
"159200.0";"2.512675"
"159210.0";"2.66415"
"159220.0";"2.467947"
"159230.0";"2.811658"
"159240.0";"3.005157"
"159250.0";"3.119438"
"159260.0";"3.111312"
"159270.0";"3.026877"
"159280.0";"2.860716"
"159290.0";"2.97271"
"159300.0";"2.861419"
"159310.0";"2.781422"
"159320.0";"3.000411"
"159330.0";"3.076438"
"159340.0";"3.11397"
"159350.0";"3.059736"
"159360.0";"3.026465"
"159370.0";"2.904992"
"159380.0";"2.861826"
"159390.0";"3.041002"
"159400.0";"2.953237"
"159410.0";"2.785567"
"159420.0";"2.703991"
"159430.0";"2.475258"
"159440.0";"2.633423"
"159450.0";"2.720693"
"159460.0";"2.754035"
"159470.0";"2.598624"
"159480.0";"2.563058"
"159490.0";"2.700616"
"159500.0";"2.736243"
"159510.0";"2.702597"
"159520.0";"2.506469"
"159530.0";"2.299808"
"159540.0";"2.388037"
"159550.0";"2.374366"
"159560.0";"2.337723"
"159570.0";"2.272285"
"159580.0";"2.228686"
"159590.0";"2.271971"
"159600.0";"2.393098"
"159610.0";"2.279723"
"159620.0";"2.156111"
"159630.0";"2.305959"
"159640.0";"2.040679"
"159650.0";"2.382191"
"159660.0";"2.299227"
"159670.0";"2.389781"
"159680.0";"2.453625"
"159690.0";"2.213397"
"159700.0";"2.373584"
"159710.0";"2.334119"
"159720.0";"2.465153"
"159730.0";"2.646173"
"159740.0";"2.690414"
"159750.0";"2.888054"
"159760.0";"2.643972"
"159770.0";"2.714655"
"159780.0";"2.815996"
"159790.0";"2.942206"
"159800.0";"2.907613"
"159810.0";"2.873254"
"159820.0";"2.848123"
"159830.0";"2.733011"
"159840.0";"2.603215"
"159850.0";"2.547684"
"159860.0";"2.744866"
"159870.0";"2.726249"
"159880.0";"2.440468"
"159890.0";"2.325398"
"159900.0";"2.352101"
"159910.0";"2.373088"
"159920.0";"2.45071"
"159930.0";"2.388919"
"159940.0";"2.406701"
"159950.0";"2.478931"
"159960.0";"2.604652"
"159970.0";"2.764227"
"159980.0";"2.692504"
"159990.0";"2.543582"
"160000.0";"2.602283"
"160010.0";"2.579966"
"160020.0";"2.638647"
"160030.0";"2.869037"
"160040.0";"2.836151"
"160050.0";"2.757344"
"160060.0";"2.754972"
"160070.0";"2.617734"
"160080.0";"2.584258"
"160090.0";"2.679657"
"160100.0";"2.590705"
"160110.0";"2.707682"
"160120.0";"2.848607"
"160130.0";"2.836583"
"160140.0";"2.87927"
"160150.0";"2.947694"
"160160.0";"3.134818"
"160170.0";"2.919802"
"160180.0";"2.932608"
"160190.0";"2.809216"
"160200.0";"2.762626"
"160210.0";"2.750546"
"160220.0";"2.764513"
"160230.0";"2.845028"
"160240.0";"2.890829"
"160250.0";"2.748765"
"160260.0";"2.910893"
"160270.0";"2.768492"
"160280.0";"2.517799"
"160290.0";"2.6013"
"160300.0";"2.858421"
"160310.0";"2.963699"
"160320.0";"3.027246"
"160330.0";"3.066439"
"160340.0";"2.912031"
"160350.0";"2.883883"
"160360.0";"2.889349"
"160370.0";"2.764711"
"160380.0";"2.864948"
"160390.0";"2.65068"
"160400.0";"2.583277"
"160410.0";"2.602217"
"160420.0";"2.555221"
"160430.0";"2.444374"
"160440.0";"2.54925"
"160450.0";"2.494312"
"160460.0";"2.348837"
"160470.0";"2.279192"
"160480.0";"2.304676"
"160490.0";"2.200633"
"160500.0";"2.293777"
"160510.0";"2.194229"
"160520.0";"2.133062"
"160530.0";"2.355009"
"160540.0";"2.460624"
"160550.0";"2.570961"
"160560.0";"2.570696"
"160570.0";"2.557956"
"160580.0";"2.56486"
"160590.0";"2.649247"
"160600.0";"2.730103"
"160610.0";"2.811889"
"160620.0";"2.794513"
"160630.0";"2.752254"
"160640.0";"2.59889"
"160650.0";"2.766489"
"160660.0";"2.935858"
"160670.0";"3.010062"
"160680.0";"3.212197"
"160690.0";"3.32017"
"160700.0";"3.316013"
"160710.0";"3.504601"
"160720.0";"3.640887"
"160730.0";"3.694317"
"160740.0";"3.490258"
"160750.0";"3.53061"
"160760.0";"3.292879"
"160770.0";"3.304356"
"160780.0";"3.131052"
"160790.0";"3.004141"
"160800.0";"3.082407"
"160810.0";"2.979974"
"160820.0";"3.060034"
"160830.0";"3.139558"
"160840.0";"3.181583"
"160850.0";"3.300041"
"160860.0";"3.19998"
"160870.0";"3.27006"
"160880.0";"3.20557"
"160890.0";"3.254479"
"160900.0";"3.301708"
"160910.0";"3.379189"
"160920.0";"3.457692"
"160930.0";"3.586748"
"160940.0";"3.615513"
"160950.0";"3.613207"
"160960.0";"3.415931"
"160970.0";"3.37394"
"160980.0";"3.338949"
"160990.0";"3.217408"
"161000.0";"3.155331"
"161010.0";"3.221458"
"161020.0";"3.347027"
"161030.0";"3.226859"
"161040.0";"3.03445"
"161050.0";"2.796291"
"161060.0";"3.060008"
"161070.0";"3.199484"
"161080.0";"3.267608"
"161090.0";"3.202497"
"161100.0";"3.087333"
"161110.0";"3.149416"
"161120.0";"2.896608"
"161130.0";"2.876814"
"161140.0";"2.953937"
"161150.0";"3.192619"
"161160.0";"3.234585"
"161170.0";"3.170094"
"161180.0";"3.176645"
"161190.0";"3.061968"
"161200.0";"3.075375"
"161210.0";"3.284736"
"161220.0";"3.498801"
"161230.0";"3.408806"
"161240.0";"3.375997"
"161250.0";"3.515752"
"161260.0";"3.478346"
"161270.0";"3.426733"
"161280.0";"3.365699"
"161290.0";"3.221286"
"161300.0";"3.230966"
"161310.0";"3.199195"
"161320.0";"3.093631"
"161330.0";"3.084311"
"161340.0";"3.085328"
"161350.0";"3.039283"
"161360.0";"2.915475"
"161370.0";"3.000602"
"161380.0";"2.895857"
"161390.0";"2.989707"
"161400.0";"2.981593"
"161410.0";"3.24565"
"161420.0";"3.354494"
"161430.0";"3.403726"
"161440.0";"3.551211"
"161450.0";"3.712677"
"161460.0";"3.663644"
"161470.0";"3.652515"
"161480.0";"3.471555"
"161490.0";"3.456319"
"161500.0";"3.688991"
"161510.0";"3.863724"
"161520.0";"4.114061"
"161530.0";"4.168577"
"161540.0";"4.034527"
"161550.0";"4.141687"
"161560.0";"4.196016"
"161570.0";"4.015861"
"161580.0";"4.119004"
"161590.0";"4.11307"
"161600.0";"4.094707"
"161610.0";"4.063511"
"161620.0";"4.041506"
"161630.0";"4.066102"
"161640.0";"4.093363"
"161650.0";"4.223738"
"161660.0";"4.38412"
"161670.0";"4.241449"
"161680.0";"4.29277"
"161690.0";"4.030355"
"161700.0";"4.092061"
"161710.0";"3.987844"
"161720.0";"4.064475"
"161730.0";"4.045911"
"161740.0";"3.894158"
"161750.0";"4.268613"
"161760.0";"4.425409"
"161770.0";"4.43953"
"161780.0";"4.400792"
"161790.0";"4.412955"
"161800.0";"4.25726"
"161810.0";"4.200753"
"161820.0";"3.875571"
"161830.0";"3.925566"
"161840.0";"4.009916"
"161850.0";"4.039048"
"161860.0";"3.851194"
"161870.0";"3.695133"
"161880.0";"3.882518"
"161890.0";"4.009369"
"161900.0";"4.211981"
"161910.0";"4.307862"
"161920.0";"4.301069"
"161930.0";"4.301506"
"161940.0";"4.407265"
"161950.0";"4.242926"
"161960.0";"4.196372"
"161970.0";"4.223101"
"161980.0";"4.021375"
"161990.0";"4.016559"
"162000.0";"4.126627"
"162010.0";"4.23866"
"162020.0";"4.299224"
"162030.0";"4.112418"
"162040.0";"4.398537"
"162050.0";"4.489436"
"162060.0";"4.473396"
"162070.0";"4.344768"
"162080.0";"4.272618"
"162090.0";"4.363902"
"162100.0";"4.532"
"162110.0";"4.583541"
"162120.0";"4.47247"
"162130.0";"4.326029"
"162140.0";"4.112926"
"162150.0";"4.131258"
"162160.0";"4.216831"
"162170.0";"4.035107"
"162180.0";"4.06771"
"162190.0";"4.174258"
"162200.0";"4.188704"
"162210.0";"4.039968"
"162220.0";"3.975482"
"162230.0";"4.037757"
"162240.0";"4.180011"
"162250.0";"4.163963"
"162260.0";"3.968473"
"162270.0";"3.769232"
"162280.0";"3.964072"
"162290.0";"3.926531"
"162300.0";"3.8489"
"162310.0";"3.69695"
"162320.0";"3.474767"
"162330.0";"3.576143"
"162340.0";"3.627472"
"162350.0";"3.703313"
"162360.0";"3.71477"
"162370.0";"3.724606"
"162380.0";"3.980839"
"162390.0";"4.072631"
"162400.0";"4.133121"
"162410.0";"4.015759"
"162420.0";"4.086492"
"162430.0";"4.272544"
"162440.0";"4.047146"
"162450.0";"4.18915"
"162460.0";"4.364345"
"162470.0";"4.601048"
"162480.0";"4.543186"
"162490.0";"4.696107"
"162500.0";"4.745675"
"162510.0";"4.836007"
"162520.0";"4.805499"
"162530.0";"4.86917"
"162540.0";"5.01357"
"162550.0";"5.432259"
"162560.0";"5.53054"
"162570.0";"5.537276"
"162580.0";"5.410323"
"162590.0";"5.17918"
"162600.0";"5.075812"
"162610.0";"4.899272"
"162620.0";"4.870788"
"162630.0";"4.682835"
"162640.0";"4.651504"
"162650.0";"4.744988"
"162660.0";"4.858037"
"162670.0";"4.907331"
"162680.0";"4.842847"
"162690.0";"4.548832"
"162700.0";"4.588455"
"162710.0";"4.635477"
"162720.0";"4.813811"
"162730.0";"4.848758"
"162740.0";"4.996674"
"162750.0";"4.815455"
"162760.0";"4.782393"
"162770.0";"4.740606"
"162780.0";"4.994238"
"162790.0";"4.898021"
"162800.0";"5.092223"
"162810.0";"5.108718"
"162820.0";"4.926305"
"162830.0";"5.017639"
"162840.0";"5.040255"
"162850.0";"5.064805"
"162860.0";"4.94489"
"162870.0";"4.90705"
"162880.0";"4.865334"
"162890.0";"5.082426"
"162900.0";"5.06398"
"162910.0";"5.236847"
"162920.0";"5.19009"
"162930.0";"4.981538"
"162940.0";"5.084777"
"162950.0";"5.085412"
"162960.0";"5.056401"
"162970.0";"4.864366"
"162980.0";"5.053995"
"162990.0";"5.017089"
"163000.0";"5.18664"
"163010.0";"5.310907"
"163020.0";"5.380111"
"163030.0";"5.41997"
"163040.0";"5.351076"
"163050.0";"5.380221"
"163060.0";"5.440608"
"163070.0";"5.308268"
"163080.0";"5.386941"
"163090.0";"5.149503"
"163100.0";"5.153314"
"163110.0";"5.495203"
"163120.0";"5.574336"
"163130.0";"5.446097"
"163140.0";"5.460511"
"163150.0";"5.576695"
"163160.0";"5.504509"
"163170.0";"5.582671"
"163180.0";"5.502518"
"163190.0";"5.511203"
"163200.0";"5.494424"
"163210.0";"5.344593"
"163220.0";"5.18977"
"163230.0";"5.178889"
"163240.0";"5.204962"
"163250.0";"4.994509"
"163260.0";"4.983606"
"163270.0";"4.93668"
"163280.0";"4.8446"
"163290.0";"4.891939"
"163300.0";"4.919256"
"163310.0";"4.765326"
"163320.0";"4.611121"
"163330.0";"4.207063"
"163340.0";"4.171394"
"163350.0";"4.215654"
"163360.0";"4.074214"
"163370.0";"4.185688"
"163380.0";"3.973612"
"163390.0";"3.893704"
"163400.0";"4.084911"
"163410.0";"3.922973"
"163420.0";"3.992004"
"163430.0";"4.082321"
"163440.0";"4.233105"
"163450.0";"4.224483"
"163460.0";"4.04761"
"163470.0";"3.947654"
"163480.0";"3.859807"
"163490.0";"3.963434"
"163500.0";"4.062388"
"163510.0";"4.131986"
"163520.0";"4.039573"
"163530.0";"4.120724"
"163540.0";"4.090529"
"163550.0";"4.180157"
"163560.0";"4.322074"
"163570.0";"4.344727"
"163580.0";"4.344429"
"163590.0";"4.223458"
"163600.0";"4.237612"
"163610.0";"4.136086"
"163620.0";"4.102068"
"163630.0";"4.24746"
"163640.0";"4.196167"
"163650.0";"3.850291"
"163660.0";"3.837407"
"163670.0";"3.804847"
"163680.0";"3.847246"
"163690.0";"3.856901"
"163700.0";"3.775789"
"163710.0";"3.774325"
"163720.0";"3.922633"
"163730.0";"3.936038"
"163740.0";"4.025926"
"163750.0";"3.859441"
"163760.0";"4.077691"
"163770.0";"3.842627"
"163780.0";"3.927623"
"163790.0";"3.81206"
"163800.0";"4.113058"
"163810.0";"4.359978"
"163820.0";"4.058244"
"163830.0";"4.121504"
"163840.0";"4.4322"
"163850.0";"4.353825"
"163860.0";"4.434105"
"163870.0";"4.263784"
"163880.0";"4.337083"
"163890.0";"4.289731"
"163900.0";"4.357965"
"163910.0";"4.376245"
"163920.0";"4.356268"
"163930.0";"4.322565"
"163940.0";"4.450103"
"163950.0";"4.292089"
"163960.0";"4.353581"
"163970.0";"4.319891"
"163980.0";"4.316861"
"163990.0";"4.110946"
"164000.0";"4.142119"
"164010.0";"3.995052"
"164020.0";"4.250577"
"164030.0";"4.40784"
"164040.0";"4.365386"
"164050.0";"4.396655"
"164060.0";"4.341718"
"164070.0";"4.312835"
"164080.0";"4.591126"
"164090.0";"4.463798"
"164100.0";"4.501795"
"164110.0";"4.637615"
"164120.0";"4.527454"
"164130.0";"4.610888"
"164140.0";"4.728278"
"164150.0";"4.732571"
"164160.0";"4.842813"
"164170.0";"4.587226"
"164180.0";"4.778927"
"164190.0";"4.83518"
"164200.0";"4.820049"
"164210.0";"5.01558"
"164220.0";"5.109286"
"164230.0";"5.174018"
"164240.0";"5.05342"
"164250.0";"4.837938"
"164260.0";"4.852013"
"164270.0";"4.687815"
"164280.0";"4.786179"
"164290.0";"4.614768"
"164300.0";"4.654105"
"164310.0";"4.564912"
"164320.0";"4.565723"
"164330.0";"4.642322"
"164340.0";"4.567815"
"164350.0";"4.572098"
"164360.0";"4.62354"
"164370.0";"4.701358"
"164380.0";"4.578681"
"164390.0";"4.726014"
"164400.0";"4.816223"
"164410.0";"4.707907"
"164420.0";"4.60364"
"164430.0";"4.610415"
"164440.0";"4.456625"
"164450.0";"4.463185"
"164460.0";"4.621486"
"164470.0";"4.222133"
"164480.0";"4.368856"
"164490.0";"4.282399"
"164500.0";"4.570421"
"164510.0";"4.248968"
"164520.0";"4.246578"
"164530.0";"4.29248"
"164540.0";"4.216057"
"164550.0";"4.017258"
"164560.0";"4.147909"
"164570.0";"4.142612"
"164580.0";"3.905782"
"164590.0";"3.869163"
"164600.0";"4.039165"
"164610.0";"4.026811"
"164620.0";"3.890158"
"164630.0";"3.876632"
"164640.0";"4.071381"
"164650.0";"4.033194"
"164660.0";"3.905522"
"164670.0";"3.881065"
"164680.0";"4.1489"
"164690.0";"4.180036"
"164700.0";"4.447038"
"164710.0";"4.365551"
"164720.0";"4.286099"
"164730.0";"4.252224"
"164740.0";"4.285196"
"164750.0";"4.323914"
"164760.0";"4.395297"
"164770.0";"4.27361"
"164780.0";"4.075784"
"164790.0";"4.12982"
"164800.0";"4.414808"
"164810.0";"4.551701"
"164820.0";"4.695627"
"164830.0";"4.851377"
"164840.0";"4.919449"
"164850.0";"5.040167"
"164860.0";"5.210613"
"164870.0";"5.324066"
"164880.0";"5.16562"
"164890.0";"4.859442"
"164900.0";"4.847942"
"164910.0";"4.640291"
"164920.0";"4.47907"
"164930.0";"4.506463"
"164940.0";"4.491702"
"164950.0";"4.484603"
"164960.0";"4.666684"
"164970.0";"4.80104"
"164980.0";"4.63997"
"164990.0";"4.586053"
"165000.0";"4.719676"
"165010.0";"4.620852"
"165020.0";"4.638691"
"165030.0";"4.906365"
"165040.0";"4.946118"
"165050.0";"4.961647"
"165060.0";"5.27352"
"165070.0";"5.196876"
"165080.0";"5.167912"
"165090.0";"5.238169"
"165100.0";"5.60469"
"165110.0";"5.661084"
"165120.0";"5.61166"
"165130.0";"5.477944"
"165140.0";"5.54536"
"165150.0";"5.327308"
"165160.0";"5.336151"
"165170.0";"5.491897"
"165180.0";"5.3435"
"165190.0";"5.365396"
"165200.0";"5.511233"
"165210.0";"5.491384"
"165220.0";"5.49117"
"165230.0";"5.293715"
"165240.0";"5.245594"
"165250.0";"5.124777"
"165260.0";"4.811346"
"165270.0";"4.778573"
"165280.0";"4.626259"
"165290.0";"4.479834"
"165300.0";"4.571961"
"165310.0";"4.519208"
"165320.0";"4.810002"
"165330.0";"4.557772"
"165340.0";"4.447724"
"165350.0";"4.267293"
"165360.0";"4.281606"
"165370.0";"4.398138"
"165380.0";"4.150327"
"165390.0";"4.173036"
"165400.0";"4.022758"
"165410.0";"3.729654"
"165420.0";"3.568751"
"165430.0";"3.658041"
"165440.0";"3.891624"
"165450.0";"3.603796"
"165460.0";"3.50917"
"165470.0";"3.38842"
"165480.0";"3.510264"
"165490.0";"3.53422"
"165500.0";"3.583122"
"165510.0";"3.574412"
"165520.0";"3.733884"
"165530.0";"3.741602"
"165540.0";"3.734342"
"165550.0";"3.964237"
"165560.0";"3.990454"
"165570.0";"4.002267"
"165580.0";"4.082678"
"165590.0";"4.12484"
"165600.0";"3.977942"
"165610.0";"3.882781"
"165620.0";"3.570286"
"165630.0";"3.74899"
"165640.0";"3.54798"
"165650.0";"3.584696"
"165660.0";"3.449887"
"165670.0";"3.498354"
"165680.0";"3.902991"
"165690.0";"4.228751"
"165700.0";"4.077013"
"165710.0";"4.299774"
"165720.0";"4.268126"
"165730.0";"4.430924"
"165740.0";"4.379785"
"165750.0";"4.545286"
"165760.0";"4.472924"
"165770.0";"4.493487"
"165780.0";"4.647732"
"165790.0";"4.708882"
"165800.0";"4.542348"
"165810.0";"4.598938"
"165820.0";"4.739568"
"165830.0";"4.54809"
"165840.0";"4.545764"
"165850.0";"4.664541"
"165860.0";"4.726576"
"165870.0";"4.595624"
"165880.0";"4.458403"
"165890.0";"4.551488"
"165900.0";"4.469114"
"165910.0";"4.678022"
"165920.0";"4.650931"
"165930.0";"4.433908"
"165940.0";"4.422999"
"165950.0";"4.456055"
"165960.0";"4.596144"
"165970.0";"4.60824"
"165980.0";"4.613793"
"165990.0";"4.69845"
"166000.0";"4.932199"
"166010.0";"5.035141"
"166020.0";"4.984368"
"166030.0";"4.956728"
"166040.0";"4.959745"
"166050.0";"4.936115"
"166060.0";"4.964748"
"166070.0";"4.828962"
"166080.0";"4.833741"
"166090.0";"4.896775"
"166100.0";"4.777837"
"166110.0";"4.947238"
"166120.0";"5.270194"
"166130.0";"5.129177"
"166140.0";"5.175968"
"166150.0";"5.229856"
"166160.0";"5.128964"
"166170.0";"5.020871"
"166180.0";"5.061495"
"166190.0";"5.218205"
"166200.0";"5.490051"
"166210.0";"5.538518"
"166220.0";"5.407971"
"166230.0";"5.519648"
"166240.0";"5.404914"
"166250.0";"5.295777"
"166260.0";"5.206232"
"166270.0";"5.284019"
"166280.0";"5.390203"
"166290.0";"5.356146"
"166300.0";"5.297783"
"166310.0";"5.265142"
"166320.0";"5.032598"
"166330.0";"5.198325"
"166340.0";"5.261308"
"166350.0";"5.345094"
"166360.0";"5.333666"
"166370.0";"5.341248"
"166380.0";"5.382489"
"166390.0";"5.360224"
"166400.0";"5.567029"
"166410.0";"5.372645"
"166420.0";"5.268665"
"166430.0";"5.489048"
"166440.0";"5.208713"
"166450.0";"5.283053"
"166460.0";"5.165035"
"166470.0";"5.042329"
"166480.0";"5.126979"
"166490.0";"5.035316"
"166500.0";"5.036494"
"166510.0";"5.173345"
"166520.0";"5.058384"
"166530.0";"4.874768"
"166540.0";"4.95577"
"166550.0";"4.596009"
"166560.0";"4.831629"
"166570.0";"4.532093"
"166580.0";"4.33917"
"166590.0";"4.56463"
"166600.0";"4.495622"
"166610.0";"4.686458"
"166620.0";"4.65686"
"166630.0";"4.700336"
"166640.0";"4.626549"
"166650.0";"4.578638"
"166660.0";"4.425576"
"166670.0";"4.233548"
"166680.0";"4.1898"
"166690.0";"4.206256"
"166700.0";"4.180098"
"166710.0";"4.242608"
"166720.0";"4.396062"
"166730.0";"4.330465"
"166740.0";"4.44551"
"166750.0";"4.65424"
"166760.0";"4.370095"
"166770.0";"4.105766"
"166780.0";"4.095909"
"166790.0";"4.053783"
"166800.0";"4.24974"
"166810.0";"4.303823"
"166820.0";"4.477784"
"166830.0";"4.031107"
"166840.0";"3.963799"
"166850.0";"3.914341"
"166860.0";"4.160398"
"166870.0";"4.376902"
"166880.0";"4.357197"
"166890.0";"4.476614"
"166900.0";"4.595789"
"166910.0";"4.714737"
"166920.0";"4.438623"
"166930.0";"4.377457"
"166940.0";"4.572835"
"166950.0";"4.599643"
"166960.0";"4.487366"
"166970.0";"4.597181"
"166980.0";"4.59184"
"166990.0";"4.506139"
"167000.0";"4.614986"
"167010.0";"4.646291"
"167020.0";"4.661668"
"167030.0";"4.620794"
"167040.0";"4.825743"
"167050.0";"4.840993"
"167060.0";"5.065989"
"167070.0";"4.888687"
"167080.0";"4.918261"
"167090.0";"4.797522"
"167100.0";"4.890958"
"167110.0";"5.023517"
"167120.0";"5.129074"
"167130.0";"4.991511"
"167140.0";"4.923399"
"167150.0";"4.791255"
"167160.0";"4.681435"
"167170.0";"4.765705"
"167180.0";"4.90112"
"167190.0";"5.120681"
"167200.0";"5.184702"
"167210.0";"5.368573"
"167220.0";"5.493638"
"167230.0";"5.455394"
"167240.0";"5.386917"
"167250.0";"5.345861"
"167260.0";"5.362001"
"167270.0";"5.462753"
"167280.0";"5.419552"
"167290.0";"5.409958"
"167300.0";"5.468017"
"167310.0";"5.481895"
"167320.0";"5.648575"
"167330.0";"5.592555"
"167340.0";"5.555721"
"167350.0";"5.591153"
"167360.0";"5.681073"
"167370.0";"5.60044"
"167380.0";"5.686327"
"167390.0";"5.532853"
"167400.0";"5.690702"
"167410.0";"5.685634"
"167420.0";"5.726863"
"167430.0";"5.627749"
"167440.0";"5.697193"
"167450.0";"5.791004"
"167460.0";"5.654868"
"167470.0";"5.757682"
"167480.0";"5.795602"
"167490.0";"5.854221"
"167500.0";"5.902798"
"167510.0";"5.866001"
"167520.0";"5.971323"
"167530.0";"5.96754"
"167540.0";"5.695407"
"167550.0";"5.617669"
"167560.0";"5.653318"
"167570.0";"5.786026"
"167580.0";"5.696197"
"167590.0";"6.054699"
"167600.0";"5.796947"
"167610.0";"5.871626"
"167620.0";"5.800322"
"167630.0";"5.702055"
"167640.0";"5.595934"
"167650.0";"5.821732"
"167660.0";"5.707185"
"167670.0";"5.85035"
"167680.0";"5.801481"
"167690.0";"5.956146"
"167700.0";"5.952795"
"167710.0";"6.218352"
"167720.0";"6.088111"
"167730.0";"6.056504"
"167740.0";"6.213755"
"167750.0";"6.025631"
"167760.0";"6.097696"
"167770.0";"5.839196"
"167780.0";"5.942486"
"167790.0";"6.030389"
"167800.0";"6.114999"
"167810.0";"6.085408"
"167820.0";"5.957651"
"167830.0";"6.203873"
"167840.0";"6.18165"
"167850.0";"6.151654"
"167860.0";"6.142998"
"167870.0";"6.153706"
"167880.0";"5.936707"
"167890.0";"5.974729"
"167900.0";"5.860361"
"167910.0";"5.769553"
"167920.0";"5.923618"
"167930.0";"5.93443"
"167940.0";"5.793762"
"167950.0";"5.657804"
"167960.0";"5.796789"
"167970.0";"5.992085"
"167980.0";"5.960876"
"167990.0";"6.075402"
"168000.0";"5.896709"
"168010.0";"5.862517"
"168020.0";"5.85543"
"168030.0";"5.753892"
"168040.0";"5.730787"
"168050.0";"5.553045"
"168060.0";"5.414002"
"168070.0";"5.270597"
"168080.0";"5.280477"
"168090.0";"5.206904"
"168100.0";"5.430033"
"168110.0";"5.527214"
"168120.0";"5.368206"
"168130.0";"5.411803"
"168140.0";"5.379963"
"168150.0";"5.340363"
"168160.0";"5.336522"
"168170.0";"5.32688"
"168180.0";"5.350807"
"168190.0";"5.397282"
"168200.0";"5.336628"
"168210.0";"5.180589"
"168220.0";"5.170712"
"168230.0";"5.260044"
"168240.0";"5.147838"
"168250.0";"4.996812"
"168260.0";"4.985693"
"168270.0";"4.921462"
"168280.0";"4.845658"
"168290.0";"4.861182"
"168300.0";"4.96812"
"168310.0";"5.09962"
"168320.0";"5.277318"
"168330.0";"5.116578"
"168340.0";"5.093342"
"168350.0";"5.211919"
"168360.0";"5.145626"
"168370.0";"5.16919"
"168380.0";"5.129978"
"168390.0";"5.188083"
"168400.0";"5.016197"
"168410.0";"5.103412"
"168420.0";"4.9856"
"168430.0";"5.024716"
"168440.0";"5.125639"
"168450.0";"5.163998"
"168460.0";"5.030035"
"168470.0";"4.9295"
"168480.0";"4.866208"
"168490.0";"4.756182"
"168500.0";"4.591028"
"168510.0";"4.539631"
"168520.0";"4.591613"
"168530.0";"4.496895"
"168540.0";"4.460569"
"168550.0";"4.681644"
"168560.0";"4.708995"
"168570.0";"4.874894"
"168580.0";"4.857462"
"168590.0";"4.970161"
"168600.0";"4.96808"
"168610.0";"4.952844"
"168620.0";"4.982749"
"168630.0";"5.003844"
"168640.0";"5.131729"
"168650.0";"5.021993"
"168660.0";"5.003232"
"168670.0";"4.887773"
"168680.0";"4.8384"
"168690.0";"4.9068"
"168700.0";"4.990848"
"168710.0";"5.062862"
"168720.0";"5.067294"
"168730.0";"5.146955"
"168740.0";"4.976366"
"168750.0";"5.131829"
"168760.0";"4.774422"
"168770.0";"4.687687"
"168780.0";"4.44423"
"168790.0";"4.443903"
"168800.0";"4.350709"
"168810.0";"4.330396"
"168820.0";"4.386925"
"168830.0";"4.422303"
"168840.0";"4.477309"
"168850.0";"4.613858"
"168860.0";"4.738213"
"168870.0";"4.453005"
"168880.0";"4.578864"
"168890.0";"4.466588"
"168900.0";"4.734926"
"168910.0";"4.821751"
"168920.0";"4.795989"
"168930.0";"4.588096"
"168940.0";"4.656337"
"168950.0";"4.9533"
"168960.0";"4.87176"
"168970.0";"4.781827"
"168980.0";"4.88639"
"168990.0";"4.950383"
"169000.0";"5.195584"
"169010.0";"5.295019"
"169020.0";"5.269884"
"169030.0";"5.393394"
"169040.0";"5.416792"
"169050.0";"5.161186"
"169060.0";"5.001672"
"169070.0";"4.942215"
"169080.0";"5.207952"
"169090.0";"4.957522"
"169100.0";"4.976987"
"169110.0";"5.163633"
"169120.0";"5.006494"
"169130.0";"5.05255"
"169140.0";"5.107876"
"169150.0";"5.161333"
"169160.0";"5.231336"
"169170.0";"5.354735"
"169180.0";"5.484312"
"169190.0";"5.482628"
"169200.0";"5.585247"
"169210.0";"5.672971"
"169220.0";"5.675981"
"169230.0";"5.670557"
"169240.0";"5.682283"
"169250.0";"5.718013"
"169260.0";"5.678091"
"169270.0";"5.588119"
"169280.0";"5.414503"
"169290.0";"5.417705"
"169300.0";"5.320243"
"169310.0";"5.159636"
"169320.0";"5.189962"
"169330.0";"5.426643"
"169340.0";"5.324306"
"169350.0";"5.497013"
"169360.0";"5.626922"
"169370.0";"5.508832"
"169380.0";"5.698721"
"169390.0";"5.709373"
"169400.0";"5.565099"
"169410.0";"5.463577"
"169420.0";"5.381083"
"169430.0";"5.684423"
"169440.0";"5.665745"
"169450.0";"5.316622"
"169460.0";"5.519488"
"169470.0";"5.651864"
"169480.0";"5.443933"
"169490.0";"5.604337"
"169500.0";"5.634166"
"169510.0";"5.76304"
"169520.0";"5.67154"
"169530.0";"5.678746"
"169540.0";"5.682174"
"169550.0";"5.636874"
"169560.0";"5.50243"
"169570.0";"5.507147"
"169580.0";"5.351821"
"169590.0";"5.37219"
"169600.0";"5.484251"
"169610.0";"5.219253"
"169620.0";"5.404548"
"169630.0";"5.45043"
"169640.0";"5.411933"
"169650.0";"5.339638"
"169660.0";"5.16255"
"169670.0";"5.022971"
"169680.0";"5.01123"
"169690.0";"4.747217"
"169700.0";"4.713776"
"169710.0";"4.472097"
"169720.0";"4.433104"
"169730.0";"4.392537"
"169740.0";"4.369549"
"169750.0";"4.33181"
"169760.0";"4.283684"
"169770.0";"4.174938"
"169780.0";"4.066541"
"169790.0";"4.128417"
"169800.0";"4.226959"
"169810.0";"4.219171"
"169820.0";"4.187723"
"169830.0";"4.215405"
"169840.0";"4.186986"
"169850.0";"4.291445"
"169860.0";"4.287029"
"169870.0";"4.22568"
"169880.0";"4.335833"
"169890.0";"4.401193"
"169900.0";"4.409724"
"169910.0";"4.51"
"169920.0";"4.728953"
"169930.0";"4.863264"
"169940.0";"5.092992"
"169950.0";"5.122886"
"169960.0";"4.998152"
"169970.0";"4.918664"
"169980.0";"4.63418"
"169990.0";"4.443877"
"170000.0";"4.325988"
"170010.0";"4.318264"
"170020.0";"4.33285"
"170030.0";"4.436963"
"170040.0";"4.389105"
"170050.0";"4.302601"
"170060.0";"4.404549"
"170070.0";"4.299644"
"170080.0";"4.072247"
"170090.0";"4.010019"
"170100.0";"4.105083"
"170110.0";"4.29632"
"170120.0";"4.225078"
"170130.0";"4.350187"
"170140.0";"4.290301"
"170150.0";"4.028292"
"170160.0";"4.313361"
"170170.0";"4.142012"
"170180.0";"4.267591"
"170190.0";"4.260691"
"170200.0";"4.210473"
"170210.0";"4.158528"
"170220.0";"4.13636"
"170230.0";"4.070379"
"170240.0";"4.104765"
"170250.0";"4.123989"
"170260.0";"4.176049"
"170270.0";"4.259468"
"170280.0";"4.291772"
"170290.0";"4.526717"
"170300.0";"4.311541"
"170310.0";"4.49372"
"170320.0";"4.714462"
"170330.0";"5.040317"
"170340.0";"4.828267"
"170350.0";"4.780593"
"170360.0";"4.865901"
"170370.0";"4.805353"
"170380.0";"4.535953"
"170390.0";"4.246167"
"170400.0";"4.490621"
"170410.0";"4.257029"
"170420.0";"4.016106"
"170430.0";"3.940643"
"170440.0";"4.090871"
"170450.0";"3.926581"
"170460.0";"3.980011"
"170470.0";"4.006939"
"170480.0";"3.836879"
"170490.0";"3.96354"
"170500.0";"3.693889"
"170510.0";"3.62895"
"170520.0";"3.505145"
"170530.0";"3.759657"
"170540.0";"3.938691"
"170550.0";"4.034144"
"170560.0";"4.36526"
"170570.0";"4.258872"
"170580.0";"3.999388"
"170590.0";"3.829524"
"170600.0";"3.785376"
"170610.0";"3.97239"
"170620.0";"4.154596"
"170630.0";"4.350095"
"170640.0";"4.511152"
"170650.0";"4.394998"
"170660.0";"4.557255"
"170670.0";"4.633047"
"170680.0";"4.607059"
"170690.0";"4.632899"
"170700.0";"4.499964"
"170710.0";"4.727816"
"170720.0";"4.775239"
"170730.0";"4.855139"
"170740.0";"4.79223"
"170750.0";"4.660569"
"170760.0";"4.599542"
"170770.0";"4.545392"
"170780.0";"4.556777"
"170790.0";"4.742507"
"170800.0";"5.177145"
"170810.0";"5.152717"
"170820.0";"5.204481"
"170830.0";"5.243507"
"170840.0";"5.282902"
"170850.0";"5.475441"
"170860.0";"5.479623"
"170870.0";"5.513038"
"170880.0";"5.442913"
"170890.0";"5.288731"
"170900.0";"5.443452"
"170910.0";"5.461847"
"170920.0";"5.255598"
"170930.0";"5.12309"
"170940.0";"5.170499"
"170950.0";"4.964377"
"170960.0";"5.133762"
"170970.0";"5.015411"
"170980.0";"5.159614"
"170990.0";"5.104881"
"171000.0";"5.213936"
"171010.0";"5.207795"
"171020.0";"4.936719"
"171030.0";"5.275729"
"171040.0";"5.103199"
"171050.0";"5.282557"
"171060.0";"5.221221"
"171070.0";"5.205174"
"171080.0";"5.0196"
"171090.0";"4.930171"
"171100.0";"4.968237"
"171110.0";"5.309991"
"171120.0";"5.168159"
"171130.0";"5.383795"
"171140.0";"5.535675"
"171150.0";"5.557842"
"171160.0";"5.34257"
"171170.0";"5.185959"
"171180.0";"4.93855"
"171190.0";"4.872569"
"171200.0";"5.08116"
"171210.0";"5.063071"
"171220.0";"4.899498"
"171230.0";"4.798705"
"171240.0";"4.941182"
"171250.0";"4.747067"
"171260.0";"4.676058"
"171270.0";"4.725414"
"171280.0";"4.791155"
"171290.0";"4.746908"
"171300.0";"4.84455"
"171310.0";"4.813299"
"171320.0";"4.863369"
"171330.0";"4.915267"
"171340.0";"4.789837"
"171350.0";"4.561576"
"171360.0";"4.586125"
"171370.0";"4.473777"
"171380.0";"4.638058"
"171390.0";"4.577845"
"171400.0";"4.784932"
"171410.0";"4.6455"
"171420.0";"4.697351"
"171430.0";"4.684823"
"171440.0";"4.823368"
"171450.0";"4.846497"
"171460.0";"4.852384"
"171470.0";"4.940471"
"171480.0";"4.748845"
"171490.0";"4.596863"
"171500.0";"4.574924"
"171510.0";"4.523522"
"171520.0";"4.770857"
"171530.0";"4.738816"
"171540.0";"4.744295"
"171550.0";"4.812744"
"171560.0";"4.894586"
"171570.0";"4.901439"
"171580.0";"4.917758"
"171590.0";"4.906787"
"171600.0";"4.898442"
"171610.0";"4.818866"
"171620.0";"4.843301"
"171630.0";"4.832491"
"171640.0";"5.100107"
"171650.0";"5.115841"
"171660.0";"5.290359"
"171670.0";"5.137612"
"171680.0";"4.898777"
"171690.0";"4.684908"
"171700.0";"4.846323"
"171710.0";"4.609791"
"171720.0";"4.801404"
"171730.0";"4.675935"
"171740.0";"4.766004"
"171750.0";"4.918857"
"171760.0";"4.947206"
"171770.0";"4.943657"
"171780.0";"4.847774"
"171790.0";"4.919294"
"171800.0";"4.847143"
"171810.0";"4.760961"
"171820.0";"4.841026"
"171830.0";"4.602789"
"171840.0";"4.592726"
"171850.0";"4.582458"
"171860.0";"4.612858"
"171870.0";"4.40548"
"171880.0";"4.218481"
"171890.0";"4.388676"
"171900.0";"4.202015"
"171910.0";"4.203625"
"171920.0";"4.237399"
"171930.0";"4.082531"
"171940.0";"3.919037"
"171950.0";"3.944137"
"171960.0";"3.887652"
"171970.0";"3.70262"
"171980.0";"3.822754"
"171990.0";"3.963598"
"172000.0";"3.895017"
"172010.0";"3.993866"
"172020.0";"4.011336"
"172030.0";"3.974947"
"172040.0";"3.898904"
"172050.0";"3.732478"
"172060.0";"3.570623"
"172070.0";"3.544845"
"172080.0";"3.560777"
"172090.0";"3.519642"
"172100.0";"3.493343"
"172110.0";"3.418098"
"172120.0";"3.3073"
"172130.0";"3.341786"
"172140.0";"3.237051"
"172150.0";"3.312524"
"172160.0";"3.36825"
"172170.0";"3.247334"
"172180.0";"3.316312"
"172190.0";"3.102354"
"172200.0";"3.114779"
"172210.0";"3.299952"
"172220.0";"3.248148"
"172230.0";"3.259917"
"172240.0";"3.184751"
"172250.0";"3.078966"
"172260.0";"3.133714"
"172270.0";"3.133644"
"172280.0";"3.09197"
"172290.0";"3.256708"
"172300.0";"3.311239"
"172310.0";"3.155154"
"172320.0";"3.1442"
"172330.0";"3.438961"
"172340.0";"3.44293"
"172350.0";"3.332109"
"172360.0";"3.397291"
"172370.0";"3.54787"
"172380.0";"3.559196"
"172390.0";"3.376137"
"172400.0";"3.438814"
"172410.0";"3.373418"
"172420.0";"3.405819"
"172430.0";"3.312079"
"172440.0";"3.398682"
"172450.0";"3.287396"
"172460.0";"3.082028"
"172470.0";"3.190638"
"172480.0";"3.1319"
"172490.0";"3.355576"
"172500.0";"3.326308"
"172510.0";"3.315469"
"172520.0";"3.223317"
"172530.0";"3.215661"
"172540.0";"3.154469"
"172550.0";"3.23433"
"172560.0";"3.084264"
"172570.0";"2.697047"
"172580.0";"2.894538"
"172590.0";"2.878403"
"172600.0";"3.072094"
"172610.0";"3.145377"
"172620.0";"3.019858"
"172630.0";"3.029647"
"172640.0";"3.012034"
"172650.0";"2.835822"
"172660.0";"2.616835"
"172670.0";"2.381617"
"172680.0";"2.29796"
"172690.0";"2.317063"
"172700.0";"2.525481"
"172710.0";"2.475626"
"172720.0";"2.403407"
"172730.0";"2.196956"
"172740.0";"2.419949"
"172750.0";"2.306942"
"172760.0";"2.236887"
"172770.0";"2.288722"
"172780.0";"2.324821"
"172790.0";"2.34665"
"172800.0";"2.25367"
"172810.0";"2.556481"
"172820.0";"2.515912"
"172830.0";"2.647172"
"172840.0";"2.547104"
"172850.0";"2.630741"
"172860.0";"2.841517"
"172870.0";"2.69002"
"172880.0";"2.511893"
"172890.0";"2.423101"
"172900.0";"2.482957"
"172910.0";"2.609798"
"172920.0";"2.617399"
"172930.0";"2.520821"
"172940.0";"2.354856"
"172950.0";"2.53492"
"172960.0";"2.477415"
"172970.0";"2.676451"
"172980.0";"2.639117"
"172990.0";"2.776983"
"173000.0";"2.606103"
"173010.0";"2.870872"
"173020.0";"2.914144"
"173030.0";"2.987087"
"173040.0";"2.932457"
"173050.0";"3.016471"
"173060.0";"2.843815"
"173070.0";"2.9032"
"173080.0";"3.065988"
"173090.0";"3.152738"
"173100.0";"3.254871"
"173110.0";"3.514158"
"173120.0";"3.435307"
"173130.0";"3.557256"
"173140.0";"3.442772"
"173150.0";"3.521261"
"173160.0";"3.400996"
"173170.0";"3.384071"
"173180.0";"3.465693"
"173190.0";"3.287153"
"173200.0";"3.389633"
"173210.0";"3.431901"
"173220.0";"3.449167"
"173230.0";"3.437332"
"173240.0";"3.443699"
"173250.0";"3.370275"
"173260.0";"3.054091"
"173270.0";"2.945107"
"173280.0";"2.92051"
"173290.0";"2.937454"
"173300.0";"3.182891"
"173310.0";"3.262059"
"173320.0";"3.37868"
"173330.0";"3.323907"
"173340.0";"3.31438"
"173350.0";"3.162589"
"173360.0";"3.285057"
"173370.0";"3.073683"
"173380.0";"3.230111"
"173390.0";"3.173576"
"173400.0";"3.289999"
"173410.0";"3.288002"
"173420.0";"3.202317"
"173430.0";"3.23715"
"173440.0";"3.48633"
"173450.0";"3.566525"
"173460.0";"3.59381"
"173470.0";"3.395701"
"173480.0";"3.547395"
"173490.0";"3.539585"
"173500.0";"3.629388"
"173510.0";"3.425072"
"173520.0";"3.356077"
"173530.0";"3.303869"
"173540.0";"3.421137"
"173550.0";"3.434888"
"173560.0";"3.215079"
"173570.0";"3.352724"
"173580.0";"3.259339"
"173590.0";"3.298415"
"173600.0";"3.114963"
"173610.0";"3.26186"
"173620.0";"3.231954"
"173630.0";"3.214233"
"173640.0";"3.301605"
"173650.0";"3.544968"
"173660.0";"3.675127"
"173670.0";"3.655962"
"173680.0";"3.43754"
"173690.0";"3.258508"
"173700.0";"3.321131"
"173710.0";"3.330761"
"173720.0";"3.25017"
"173730.0";"3.447495"
"173740.0";"3.393668"
"173750.0";"3.323082"
"173760.0";"3.25612"
"173770.0";"3.39426"
"173780.0";"3.28197"
"173790.0";"3.323554"
"173800.0";"3.25208"
"173810.0";"3.035161"
"173820.0";"3.133301"
"173830.0";"2.858164"
"173840.0";"2.910376"
"173850.0";"2.86291"
"173860.0";"2.859067"
"173870.0";"2.940078"
"173880.0";"2.995921"
"173890.0";"2.811648"
"173900.0";"3.058811"
"173910.0";"3.119882"
"173920.0";"2.983538"
"173930.0";"2.868778"
"173940.0";"2.938789"
"173950.0";"3.071521"
"173960.0";"3.044169"
"173970.0";"2.915976"
"173980.0";"2.893375"
"173990.0";"2.882773"
"174000.0";"2.959059"
"174010.0";"2.947749"
"174020.0";"2.965611"
"174030.0";"3.006352"
"174040.0";"3.163984"
"174050.0";"2.915457"
"174060.0";"2.95716"
"174070.0";"3.025601"
"174080.0";"2.979206"
"174090.0";"3.132898"
"174100.0";"3.225929"
"174110.0";"3.19048"
"174120.0";"3.222421"
"174130.0";"3.356124"
"174140.0";"3.326725"
"174150.0";"3.466338"
"174160.0";"3.402245"
"174170.0";"3.52005"
"174180.0";"3.547264"
"174190.0";"3.37054"
"174200.0";"3.554578"
"174210.0";"3.679204"
"174220.0";"3.864013"
"174230.0";"3.58372"
"174240.0";"3.928579"
"174250.0";"4.021853"
"174260.0";"4.15282"
"174270.0";"4.176534"
"174280.0";"3.871382"
"174290.0";"3.841263"
"174300.0";"3.680147"
"174310.0";"3.670448"
"174320.0";"3.629027"
"174330.0";"3.769209"
"174340.0";"3.724347"
"174350.0";"3.883272"
"174360.0";"4.050703"
"174370.0";"4.035995"
"174380.0";"3.798965"
"174390.0";"4.015457"
"174400.0";"3.868778"
"174410.0";"4.002446"
"174420.0";"3.949296"
"174430.0";"3.963584"
"174440.0";"3.988816"
"174450.0";"4.012578"
"174460.0";"3.885994"
"174470.0";"4.16494"
"174480.0";"4.3397"
"174490.0";"4.527573"
"174500.0";"4.521654"
"174510.0";"4.307647"
"174520.0";"4.056456"
"174530.0";"4.156689"
"174540.0";"3.861248"
"174550.0";"3.613726"
"174560.0";"3.444093"
"174570.0";"3.477812"
"174580.0";"3.415106"
"174590.0";"3.464524"
"174600.0";"3.324311"
"174610.0";"3.270494"
"174620.0";"3.132041"
"174630.0";"3.203274"
"174640.0";"3.094598"
"174650.0";"2.9482"
"174660.0";"3.074206"
"174670.0";"3.016782"
"174680.0";"2.914231"
"174690.0";"2.938993"
"174700.0";"2.876122"
"174710.0";"2.786824"
"174720.0";"2.806307"
"174730.0";"3.248901"
"174740.0";"3.374543"
"174750.0";"3.524717"
"174760.0";"3.429121"
"174770.0";"3.426529"
"174780.0";"3.231846"
"174790.0";"3.044732"
"174800.0";"3.11721"
"174810.0";"3.125643"
"174820.0";"3.108149"
"174830.0";"3.19486"
"174840.0";"3.292952"
"174850.0";"3.186808"
"174860.0";"3.212044"
"174870.0";"3.293144"
"174880.0";"3.326902"
"174890.0";"3.443357"
"174900.0";"3.403"
"174910.0";"3.447814"
"174920.0";"3.538171"
"174930.0";"3.563036"
"174940.0";"3.672234"
"174950.0";"3.40776"
"174960.0";"3.355867"
"174970.0";"3.551464"
"174980.0";"3.431883"
"174990.0";"3.532333"
"175000.0";"3.72159"
"175010.0";"3.688853"
"175020.0";"3.788029"
"175030.0";"3.989912"
"175040.0";"3.93876"
"175050.0";"4.014484"
"175060.0";"3.911373"
"175070.0";"3.942693"
"175080.0";"3.950739"
"175090.0";"3.938834"
"175100.0";"4.009763"
"175110.0";"4.283588"
"175120.0";"4.394843"
"175130.0";"4.220618"
"175140.0";"4.260215"
"175150.0";"4.284944"
"175160.0";"4.310281"
"175170.0";"4.187383"
"175180.0";"4.027116"
"175190.0";"3.7026"
"175200.0";"3.815542"
"175210.0";"3.837914"
"175220.0";"4.015105"
"175230.0";"3.945734"
"175240.0";"4.008588"
"175250.0";"4.102305"
"175260.0";"4.027759"
"175270.0";"3.956502"
"175280.0";"3.901133"
"175290.0";"3.892116"
"175300.0";"3.770187"
"175310.0";"3.892434"
"175320.0";"3.741823"
"175330.0";"3.6656"
"175340.0";"3.745217"
"175350.0";"3.729758"
"175360.0";"3.772587"
"175370.0";"3.859635"
"175380.0";"3.96491"
"175390.0";"4.231955"
"175400.0";"4.291703"
"175410.0";"4.461956"
"175420.0";"4.486926"
"175430.0";"4.58452"
"175440.0";"4.464378"
"175450.0";"4.305719"
"175460.0";"4.237793"
"175470.0";"4.067628"
"175480.0";"4.198309"
"175490.0";"4.36218"
"175500.0";"4.259299"
"175510.0";"4.358409"
"175520.0";"4.491874"
"175530.0";"4.591289"
"175540.0";"4.553482"
"175550.0";"4.590097"
"175560.0";"4.541825"
"175570.0";"4.644306"
"175580.0";"4.73889"
"175590.0";"4.803332"
"175600.0";"4.919138"
"175610.0";"4.844017"
"175620.0";"4.866602"
"175630.0";"4.896827"
"175640.0";"5.044383"
"175650.0";"5.22761"
"175660.0";"5.05215"
"175670.0";"5.100595"
"175680.0";"5.068141"
"175690.0";"5.079372"
"175700.0";"5.020463"
"175710.0";"5.042206"
"175720.0";"4.820561"
"175730.0";"4.577419"
"175740.0";"4.572115"
"175750.0";"4.735266"
"175760.0";"4.851398"
"175770.0";"4.777085"
"175780.0";"4.938901"
"175790.0";"5.151144"
"175800.0";"5.102674"
"175810.0";"5.078151"
"175820.0";"5.201823"
"175830.0";"5.261806"
"175840.0";"5.362262"
"175850.0";"5.418136"
"175860.0";"5.471585"
"175870.0";"5.387379"
"175880.0";"5.413875"
"175890.0";"5.324557"
"175900.0";"5.452587"
"175910.0";"5.220716"
"175920.0";"5.545714"
"175930.0";"5.621802"
"175940.0";"5.574665"
"175950.0";"5.469575"
"175960.0";"5.445293"
"175970.0";"5.335947"
"175980.0";"5.168139"
"175990.0";"5.282431"
"176000.0";"5.266452"
"176010.0";"5.323997"
"176020.0";"5.067199"
"176030.0";"5.212601"
"176040.0";"5.021507"
"176050.0";"5.160392"
"176060.0";"5.044793"
"176070.0";"4.98216"
"176080.0";"5.030451"
"176090.0";"5.066229"
"176100.0";"5.120362"
"176110.0";"5.157785"
"176120.0";"5.134917"
"176130.0";"5.208632"
"176140.0";"5.255726"
"176150.0";"5.183857"
"176160.0";"5.303883"
"176170.0";"5.455534"
"176180.0";"5.37295"
"176190.0";"5.342575"
"176200.0";"5.216434"
"176210.0";"5.317132"
"176220.0";"5.41043"
"176230.0";"5.302893"
"176240.0";"5.203445"
"176250.0";"5.263205"
"176260.0";"5.098117"
"176270.0";"5.180203"
"176280.0";"5.328839"
"176290.0";"5.557579"
"176300.0";"5.511636"
"176310.0";"5.470881"
"176320.0";"5.528254"
"176330.0";"5.577237"
"176340.0";"5.618643"
"176350.0";"5.740592"
"176360.0";"5.670325"
"176370.0";"5.708177"
"176380.0";"5.692601"
"176390.0";"5.699942"
"176400.0";"5.762831"
"176410.0";"5.800701"
"176420.0";"5.800878"
"176430.0";"5.767613"
"176440.0";"5.535064"
"176450.0";"5.618837"
"176460.0";"5.833039"
"176470.0";"5.902395"
"176480.0";"5.902682"
"176490.0";"5.913168"
"176500.0";"5.839512"
"176510.0";"5.754584"
"176520.0";"5.646222"
"176530.0";"5.729373"
"176540.0";"5.427961"
"176550.0";"5.51148"
"176560.0";"5.77588"
"176570.0";"5.86815"
"176580.0";"5.857531"
"176590.0";"5.892381"
"176600.0";"5.968348"
"176610.0";"5.855588"
"176620.0";"5.938916"
"176630.0";"6.134314"
"176640.0";"6.113698"
"176650.0";"6.372407"
"176660.0";"6.368177"
"176670.0";"6.53374"
"176680.0";"6.465137"
"176690.0";"6.45001"
"176700.0";"6.305492"
"176710.0";"6.221292"
"176720.0";"6.357331"
"176730.0";"6.296476"
"176740.0";"6.230226"
"176750.0";"6.528951"
"176760.0";"6.348184"
"176770.0";"6.433238"
"176780.0";"6.543881"
"176790.0";"6.48257"
"176800.0";"6.354597"
"176810.0";"6.398087"
"176820.0";"6.263374"
"176830.0";"6.314291"
"176840.0";"6.20347"
"176850.0";"6.381523"
"176860.0";"6.543479"
"176870.0";"6.503013"
"176880.0";"6.560406"
"176890.0";"6.54394"
"176900.0";"6.507387"
"176910.0";"6.148715"
"176920.0";"6.462667"
"176930.0";"6.211363"
"176940.0";"6.051962"
"176950.0";"6.071504"
"176960.0";"6.337945"
"176970.0";"6.3522"
"176980.0";"6.071383"
"176990.0";"6.139676"
"177000.0";"6.191199"
"177010.0";"6.278573"
"177020.0";"6.241149"
"177030.0";"6.255377"
"177040.0";"6.328339"
"177050.0";"6.385686"
"177060.0";"6.744339"
"177070.0";"6.794808"
"177080.0";"6.968253"
"177090.0";"6.867633"
"177100.0";"6.775278"
"177110.0";"6.725077"
"177120.0";"6.562511"
"177130.0";"6.712641"
"177140.0";"6.881918"
"177150.0";"6.898585"
"177160.0";"6.692356"
"177170.0";"6.643859"
"177180.0";"6.370418"
"177190.0";"6.434294"
"177200.0";"6.505551"
"177210.0";"6.589989"
"177220.0";"6.705805"
"177230.0";"6.667409"
"177240.0";"6.606595"
"177250.0";"6.639403"
"177260.0";"6.657576"
"177270.0";"6.662472"
"177280.0";"6.332418"
"177290.0";"6.217854"
"177300.0";"6.077026"
"177310.0";"6.150932"
"177320.0";"6.218943"
"177330.0";"6.167829"
"177340.0";"6.072308"
"177350.0";"6.068246"
"177360.0";"6.069274"
"177370.0";"6.010698"
"177380.0";"6.025741"
"177390.0";"5.998019"
"177400.0";"5.921302"
"177410.0";"6.093078"
"177420.0";"6.187853"
"177430.0";"6.382647"
"177440.0";"6.291956"
"177450.0";"6.141308"
"177460.0";"5.881914"
"177470.0";"5.871706"
"177480.0";"5.924822"
"177490.0";"5.924799"
"177500.0";"5.936219"
"177510.0";"6.004259"
"177520.0";"5.964303"
"177530.0";"5.778165"
"177540.0";"5.745001"
"177550.0";"5.735073"
"177560.0";"5.895975"
"177570.0";"5.811988"
"177580.0";"5.865883"
"177590.0";"5.678703"
"177600.0";"5.811348"
"177610.0";"5.764196"
"177620.0";"5.794476"
"177630.0";"5.767935"
"177640.0";"5.726109"
"177650.0";"5.759989"
"177660.0";"5.539339"
"177670.0";"5.645012"
"177680.0";"5.745767"
"177690.0";"5.505415"
"177700.0";"5.576713"
"177710.0";"5.485786"
"177720.0";"5.283757"
"177730.0";"5.332765"
"177740.0";"5.347363"
"177750.0";"5.420568"
"177760.0";"5.558601"
"177770.0";"5.327805"
"177780.0";"5.685238"
"177790.0";"5.590918"
"177800.0";"5.676472"
"177810.0";"5.57556"
"177820.0";"5.683681"
"177830.0";"5.671574"
"177840.0";"5.490767"
"177850.0";"5.501141"
"177860.0";"5.474947"
"177870.0";"5.539405"
"177880.0";"5.569545"
"177890.0";"5.508951"
"177900.0";"5.567831"
"177910.0";"5.466784"
"177920.0";"5.464046"
"177930.0";"5.339334"
"177940.0";"5.417491"
"177950.0";"5.226894"
"177960.0";"4.925862"
"177970.0";"5.034331"
"177980.0";"5.135823"
"177990.0";"5.083846"
"178000.0";"4.907576"
"178010.0";"4.840206"
"178020.0";"4.877671"
"178030.0";"4.794777"
"178040.0";"4.881428"
"178050.0";"5.118855"
"178060.0";"5.38831"
"178070.0";"5.186693"
"178080.0";"5.113964"
"178090.0";"5.039636"
"178100.0";"4.874221"
"178110.0";"4.822338"
"178120.0";"4.874043"
"178130.0";"4.88845"
"178140.0";"4.87077"
"178150.0";"4.863069"
"178160.0";"5.01624"
"178170.0";"5.019686"
"178180.0";"4.993845"
"178190.0";"4.712958"
"178200.0";"4.624352"
"178210.0";"4.846545"
"178220.0";"4.741875"
"178230.0";"4.910989"
"178240.0";"4.771382"
"178250.0";"4.830489"
"178260.0";"4.660142"
"178270.0";"4.633091"
"178280.0";"4.899907"
"178290.0";"4.774429"
"178300.0";"4.590675"
"178310.0";"4.603027"
"178320.0";"4.672243"
"178330.0";"4.441662"
"178340.0";"4.559061"
"178350.0";"4.510427"
"178360.0";"4.397754"
"178370.0";"4.429874"
"178380.0";"4.668334"
"178390.0";"4.504428"
"178400.0";"4.684009"
"178410.0";"4.729268"
"178420.0";"4.520659"
"178430.0";"4.511171"
"178440.0";"4.555736"
"178450.0";"4.589985"
"178460.0";"4.768544"
"178470.0";"4.650672"
"178480.0";"4.588674"
"178490.0";"4.551661"
"178500.0";"4.719744"
"178510.0";"4.643397"
"178520.0";"4.614002"
"178530.0";"4.745173"
"178540.0";"4.90717"
"178550.0";"4.852017"
"178560.0";"5.02723"
"178570.0";"4.887992"
"178580.0";"4.742982"
"178590.0";"4.645709"
"178600.0";"4.696094"
"178610.0";"4.715912"
"178620.0";"4.80813"
"178630.0";"5.100655"
"178640.0";"5.100893"
"178650.0";"5.181702"
"178660.0";"5.228701"
"178670.0";"5.075106"
"178680.0";"5.062791"
"178690.0";"5.022632"
"178700.0";"4.920529"
"178710.0";"5.041998"
"178720.0";"5.193912"
"178730.0";"5.242261"
"178740.0";"5.261987"
"178750.0";"5.336141"
"178760.0";"5.255816"
"178770.0";"5.179705"
"178780.0";"5.059398"
"178790.0";"4.99575"
"178800.0";"5.24318"
"178810.0";"5.544874"
"178820.0";"5.432608"
"178830.0";"5.316311"
"178840.0";"5.06453"
"178850.0";"5.037421"
"178860.0";"5.068033"
"178870.0";"4.884791"
"178880.0";"4.785964"
"178890.0";"4.824492"
"178900.0";"4.776242"
"178910.0";"4.738268"
"178920.0";"4.779968"
"178930.0";"4.692046"
"178940.0";"4.534419"
"178950.0";"4.613232"
"178960.0";"4.50371"
"178970.0";"4.327517"
"178980.0";"4.256302"
"178990.0";"4.024161"
"179000.0";"4.082617"
"179010.0";"4.049479"
"179020.0";"4.136807"
"179030.0";"3.979595"
"179040.0";"4.073649"
"179050.0";"4.148557"
"179060.0";"3.92071"
"179070.0";"4.001541"
"179080.0";"4.028761"
"179090.0";"4.166308"
"179100.0";"4.198649"
"179110.0";"4.371862"
"179120.0";"4.390291"
"179130.0";"4.533277"
"179140.0";"4.643992"
"179150.0";"4.459752"
"179160.0";"4.484095"
"179170.0";"4.532114"
"179180.0";"4.526118"
"179190.0";"4.972446"
"179200.0";"4.959586"
"179210.0";"4.94266"
"179220.0";"5.188519"
"179230.0";"5.059296"
"179240.0";"4.939399"
"179250.0";"4.854906"
"179260.0";"4.895004"
"179270.0";"5.213468"
"179280.0";"5.259321"
"179290.0";"5.417012"
"179300.0";"5.297273"
"179310.0";"5.027508"
"179320.0";"5.209697"
"179330.0";"5.227612"
"179340.0";"5.489683"
"179350.0";"5.466339"
"179360.0";"5.410269"
"179370.0";"5.387852"
"179380.0";"5.479508"
"179390.0";"5.3851"
"179400.0";"5.160177"
"179410.0";"5.345029"
"179420.0";"5.428218"
"179430.0";"5.542995"
"179440.0";"5.236559"
"179450.0";"5.310935"
"179460.0";"5.605409"
"179470.0";"5.800294"
"179480.0";"5.792032"
"179490.0";"5.622804"
"179500.0";"5.875147"
"179510.0";"5.817891"
"179520.0";"5.677243"
"179530.0";"5.778288"
"179540.0";"5.79594"
"179550.0";"5.525445"
"179560.0";"5.706268"
"179570.0";"5.39368"
"179580.0";"5.473953"
"179590.0";"5.462883"
"179600.0";"5.12256"
"179610.0";"5.137074"
"179620.0";"5.279573"
"179630.0";"5.394876"
"179640.0";"5.500584"
"179650.0";"5.410834"
"179660.0";"5.473431"
"179670.0";"5.493048"
"179680.0";"5.311856"
"179690.0";"5.270967"
"179700.0";"5.321863"
"179710.0";"5.312604"
"179720.0";"5.378685"
"179730.0";"5.506266"
"179740.0";"5.438443"
"179750.0";"5.473743"
"179760.0";"5.534185"
"179770.0";"5.355225"
"179780.0";"5.273265"
"179790.0";"5.649156"
"179800.0";"5.536347"
"179810.0";"5.4675"
"179820.0";"5.697687"
"179830.0";"5.650264"
"179840.0";"5.64319"
"179850.0";"5.578839"
"179860.0";"5.478083"
"179870.0";"5.61698"
"179880.0";"5.648206"
"179890.0";"5.605999"
"179900.0";"5.439916"
"179910.0";"5.629445"
"179920.0";"5.766564"
"179930.0";"5.993259"
"179940.0";"6.085496"
"179950.0";"6.104678"
"179960.0";"6.173701"
"179970.0";"5.967402"
"179980.0";"5.890769"
"179990.0";"5.75826"
"180000.0";"5.628239"
"180010.0";"5.656194"
"180020.0";"5.734973"
"180030.0";"5.697999"
"180040.0";"5.920363"
"180050.0";"6.003115"
"180060.0";"5.900008"
"180070.0";"5.635486"
"180080.0";"5.371768"
"180090.0";"5.530918"
"180100.0";"5.502003"
"180110.0";"5.476781"
"180120.0";"5.903296"
"180130.0";"5.820593"
"180140.0";"5.889806"
"180150.0";"5.862522"
"180160.0";"5.801089"
"180170.0";"5.581015"
"180180.0";"5.590333"
"180190.0";"5.564525"
"180200.0";"5.458638"
"180210.0";"5.341462"
"180220.0";"5.340564"
"180230.0";"5.195083"
"180240.0";"5.372918"
"180250.0";"5.152208"
"180260.0";"5.145989"
"180270.0";"5.134811"
"180280.0";"5.027505"
"180290.0";"4.856879"
"180300.0";"4.907578"
"180310.0";"5.079607"
"180320.0";"5.169392"
"180330.0";"5.313046"
"180340.0";"5.501214"
"180350.0";"5.283933"
"180360.0";"5.166849"
"180370.0";"5.172651"
"180380.0";"4.793617"
"180390.0";"4.734954"
"180400.0";"4.873304"
"180410.0";"4.80518"
"180420.0";"4.84058"
"180430.0";"4.669891"
"180440.0";"4.630354"
"180450.0";"4.541908"
"180460.0";"4.572231"
"180470.0";"4.445507"
"180480.0";"4.561325"
"180490.0";"4.593344"
"180500.0";"4.684069"
"180510.0";"4.576539"
"180520.0";"4.649739"
"180530.0";"4.639672"
"180540.0";"4.710639"
"180550.0";"4.649825"
"180560.0";"4.844552"
"180570.0";"4.912528"
"180580.0";"4.837284"
"180590.0";"5.23078"
"180600.0";"5.288761"
"180610.0";"5.241044"
"180620.0";"5.198761"
"180630.0";"5.321221"
"180640.0";"5.268056"
"180650.0";"5.51044"
"180660.0";"5.488973"
"180670.0";"5.092695"
"180680.0";"5.259672"
"180690.0";"5.195457"
"180700.0";"5.229858"
"180710.0";"5.23006"
"180720.0";"5.429582"
"180730.0";"5.283021"
"180740.0";"5.187427"
"180750.0";"5.31292"
"180760.0";"5.223495"
"180770.0";"5.214068"
"180780.0";"5.07342"
"180790.0";"5.063434"
"180800.0";"5.253693"
"180810.0";"5.341465"
"180820.0";"5.226454"
"180830.0";"5.039924"
"180840.0";"5.087961"
"180850.0";"4.962378"
"180860.0";"5.137501"
"180870.0";"5.257717"
"180880.0";"5.208076"
"180890.0";"5.021203"
"180900.0";"4.843021"
"180910.0";"5.002602"
"180920.0";"4.957973"
"180930.0";"4.596878"
"180940.0";"4.798693"
"180950.0";"4.368106"
"180960.0";"4.523845"
"180970.0";"4.577762"
"180980.0";"4.663696"
"180990.0";"4.490834"
"181000.0";"4.694192"
"181010.0";"4.802163"
"181020.0";"4.576766"
"181030.0";"4.590513"
"181040.0";"4.786199"
"181050.0";"4.854142"
"181060.0";"4.672953"
"181070.0";"4.359369"
"181080.0";"4.414351"
"181090.0";"4.361416"
"181100.0";"4.420478"
"181110.0";"4.351425"
"181120.0";"4.573057"
"181130.0";"4.615704"
"181140.0";"4.688519"
"181150.0";"4.632021"
"181160.0";"4.603561"
"181170.0";"4.560427"
"181180.0";"4.593457"
"181190.0";"4.538491"
"181200.0";"4.614236"
"181210.0";"4.674031"
"181220.0";"4.677037"
"181230.0";"4.541469"
"181240.0";"4.548228"
"181250.0";"4.583156"
"181260.0";"4.431344"
"181270.0";"4.422744"
"181280.0";"4.325631"
"181290.0";"4.427039"
"181300.0";"4.521513"
"181310.0";"4.707166"
"181320.0";"4.701346"
"181330.0";"4.565811"
"181340.0";"4.320192"
"181350.0";"4.223417"
"181360.0";"4.226427"
"181370.0";"4.463365"
"181380.0";"4.549266"
"181390.0";"4.65341"
"181400.0";"4.589176"
"181410.0";"4.392917"
"181420.0";"4.277122"
"181430.0";"4.166568"
"181440.0";"4.083127"
"181450.0";"4.19248"
"181460.0";"4.123547"
"181470.0";"3.865536"
"181480.0";"3.929674"
"181490.0";"3.895314"
"181500.0";"3.617457"
"181510.0";"3.777452"
"181520.0";"3.858764"
"181530.0";"3.671619"
"181540.0";"3.628351"
"181550.0";"3.864263"
"181560.0";"3.73909"
"181570.0";"3.760017"
"181580.0";"3.69247"
"181590.0";"3.646376"
"181600.0";"3.652829"
"181610.0";"3.819761"
"181620.0";"3.708305"
"181630.0";"3.953821"
"181640.0";"4.047523"
"181650.0";"3.935825"
"181660.0";"3.926022"
"181670.0";"3.854277"
"181680.0";"3.889417"
"181690.0";"3.831899"
"181700.0";"4.034189"
"181710.0";"4.05154"
"181720.0";"4.006895"
"181730.0";"4.058652"
"181740.0";"3.845514"
"181750.0";"3.729279"
"181760.0";"3.678852"
"181770.0";"3.791726"
"181780.0";"3.583917"
"181790.0";"3.712492"
"181800.0";"3.64265"
"181810.0";"3.712857"
"181820.0";"3.843438"
"181830.0";"4.006118"
"181840.0";"4.021732"
"181850.0";"4.101591"
"181860.0";"3.89266"
"181870.0";"3.983227"
"181880.0";"4.008842"
"181890.0";"4.018374"
"181900.0";"4.12426"
"181910.0";"4.248247"
"181920.0";"4.268197"
"181930.0";"4.037182"
"181940.0";"4.204974"
"181950.0";"3.971669"
"181960.0";"4.064452"
"181970.0";"3.930889"
"181980.0";"4.000098"
"181990.0";"4.156763"
"182000.0";"4.073312"
"182010.0";"4.152712"
"182020.0";"4.197741"
"182030.0";"4.092549"
"182040.0";"4.064734"
"182050.0";"4.026617"
"182060.0";"3.922406"
"182070.0";"4.175641"
"182080.0";"4.276909"
"182090.0";"4.098353"
"182100.0";"4.215602"
"182110.0";"4.276312"
"182120.0";"4.324894"
"182130.0";"4.511391"
"182140.0";"4.383317"
"182150.0";"4.501235"
"182160.0";"4.541229"
"182170.0";"4.38517"
"182180.0";"4.270154"
"182190.0";"4.41501"
"182200.0";"4.251455"
"182210.0";"4.126494"
"182220.0";"4.165207"
"182230.0";"4.180221"
"182240.0";"4.042485"
"182250.0";"4.223619"
"182260.0";"4.271284"
"182270.0";"4.376201"
"182280.0";"4.427889"
"182290.0";"4.445398"
"182300.0";"4.475687"
"182310.0";"4.465397"
"182320.0";"4.249946"
"182330.0";"4.313361"
"182340.0";"4.156103"
"182350.0";"4.315928"
"182360.0";"4.255466"
"182370.0";"4.40671"
"182380.0";"4.277843"
"182390.0";"4.373174"
"182400.0";"4.473594"
"182410.0";"4.542327"
"182420.0";"4.659637"
"182430.0";"4.659302"
"182440.0";"4.485104"
"182450.0";"4.354248"
"182460.0";"4.295769"
"182470.0";"4.542053"
"182480.0";"4.558432"
"182490.0";"4.21802"
"182500.0";"4.109246"
"182510.0";"4.146801"
"182520.0";"4.120205"
"182530.0";"3.870811"
"182540.0";"3.930855"
"182550.0";"3.866373"
"182560.0";"3.676319"
"182570.0";"3.807602"
"182580.0";"3.818813"
"182590.0";"3.586387"
"182600.0";"3.701686"
"182610.0";"3.633865"
"182620.0";"3.563563"
"182630.0";"3.668493"
"182640.0";"3.91873"
"182650.0";"3.678901"
"182660.0";"3.794855"
"182670.0";"3.891231"
"182680.0";"3.94378"
"182690.0";"4.131196"
"182700.0";"4.069289"
"182710.0";"3.976397"
"182720.0";"4.161097"
"182730.0";"3.983352"
"182740.0";"4.256698"
"182750.0";"4.306046"
"182760.0";"4.18256"
"182770.0";"4.162857"
"182780.0";"4.290092"
"182790.0";"4.184042"
"182800.0";"4.17303"
"182810.0";"4.274199"
"182820.0";"4.272019"
"182830.0";"4.159135"
"182840.0";"4.144935"
"182850.0";"4.107171"
"182860.0";"3.912853"
"182870.0";"3.836557"
"182880.0";"3.856627"
"182890.0";"3.880845"
"182900.0";"3.919919"
"182910.0";"4.017"
"182920.0";"4.086708"
"182930.0";"4.000225"
"182940.0";"4.031129"
"182950.0";"4.219499"
"182960.0";"4.194469"
"182970.0";"4.119164"
"182980.0";"3.779394"
"182990.0";"3.871958"
"183000.0";"3.904121"
"183010.0";"3.978617"
"183020.0";"3.969892"
"183030.0";"3.939383"
"183040.0";"4.018157"
"183050.0";"3.906718"
"183060.0";"3.756143"
"183070.0";"3.888201"
"183080.0";"4.001651"
"183090.0";"3.905663"
"183100.0";"3.99759"
"183110.0";"3.841983"
"183120.0";"3.785148"
"183130.0";"3.911793"
"183140.0";"3.761271"
"183150.0";"3.663449"
"183160.0";"3.576017"
"183170.0";"3.695313"
"183180.0";"3.805361"
"183190.0";"3.754679"
"183200.0";"3.714769"
"183210.0";"3.653646"
"183220.0";"3.563385"
"183230.0";"3.697184"
"183240.0";"3.872552"
"183250.0";"3.729236"
"183260.0";"3.494359"
"183270.0";"3.562226"
"183280.0";"3.70514"
"183290.0";"3.634514"
"183300.0";"3.896017"
"183310.0";"4.076813"
"183320.0";"4.16525"
"183330.0";"4.106109"
"183340.0";"4.226519"
"183350.0";"4.227721"
"183360.0";"4.011816"
"183370.0";"4.03126"
"183380.0";"4.12808"
"183390.0";"4.053453"
"183400.0";"3.719803"
"183410.0";"3.64208"
"183420.0";"3.754397"
"183430.0";"4.077746"
"183440.0";"4.151273"
"183450.0";"4.134998"
"183460.0";"4.341021"
"183470.0";"4.19453"
"183480.0";"4.319"
"183490.0";"4.117901"
"183500.0";"4.254244"
"183510.0";"4.027909"
"183520.0";"4.230933"
"183530.0";"4.266122"
"183540.0";"4.260984"
"183550.0";"4.149034"
"183560.0";"4.185212"
"183570.0";"4.229262"
"183580.0";"4.149429"
"183590.0";"4.227078"
"183600.0";"4.14425"
"183610.0";"4.242132"
"183620.0";"4.278541"
"183630.0";"4.164819"
"183640.0";"4.142552"
"183650.0";"4.395959"
"183660.0";"4.37296"
"183670.0";"4.722485"
"183680.0";"4.81069"
"183690.0";"4.696646"
"183700.0";"4.660692"
"183710.0";"4.63678"
"183720.0";"4.702198"
"183730.0";"4.776278"
"183740.0";"4.898246"
"183750.0";"5.067989"
"183760.0";"5.105402"
"183770.0";"5.317055"
"183780.0";"5.333812"
"183790.0";"5.449791"
"183800.0";"5.446704"
"183810.0";"5.569326"
"183820.0";"5.586483"
"183830.0";"5.471624"
"183840.0";"5.60164"
"183850.0";"5.674448"
"183860.0";"5.479167"
"183870.0";"5.534347"
"183880.0";"5.347632"
"183890.0";"5.181571"
"183900.0";"5.196805"
"183910.0";"5.375427"
"183920.0";"5.503853"
"183930.0";"5.523255"
"183940.0";"5.331394"
"183950.0";"5.396063"
"183960.0";"5.367191"
"183970.0";"5.077302"
"183980.0";"5.048686"
"183990.0";"4.805855"
"184000.0";"5.004931"
"184010.0";"5.088531"
"184020.0";"4.951001"
"184030.0";"5.001115"
"184040.0";"5.124533"
"184050.0";"5.139845"
"184060.0";"5.107716"
"184070.0";"4.847868"
"184080.0";"4.842781"
"184090.0";"5.024039"
"184100.0";"5.1697"
"184110.0";"5.176026"
"184120.0";"4.91806"
"184130.0";"4.546196"
"184140.0";"4.883618"
"184150.0";"4.90881"
"184160.0";"4.766399"
"184170.0";"5.047694"
"184180.0";"4.934961"
"184190.0";"4.995648"
"184200.0";"5.021685"
"184210.0";"4.99869"
"184220.0";"4.699418"
"184230.0";"4.745785"
"184240.0";"4.784692"
"184250.0";"5.070022"
"184260.0";"4.75651"
"184270.0";"5.03847"
"184280.0";"4.929005"
"184290.0";"4.875981"
"184300.0";"4.567258"
"184310.0";"4.633591"
"184320.0";"4.633811"
"184330.0";"4.351843"
"184340.0";"4.461527"
"184350.0";"4.426235"
"184360.0";"4.277554"
"184370.0";"4.267739"
"184380.0";"4.264481"
"184390.0";"4.196074"
"184400.0";"4.068284"
"184410.0";"4.070741"
"184420.0";"4.173187"
"184430.0";"4.178212"
"184440.0";"3.941833"
"184450.0";"4.048719"
"184460.0";"3.862919"
"184470.0";"3.686381"
"184480.0";"3.822226"
"184490.0";"4.041375"
"184500.0";"4.132942"
"184510.0";"4.03935"
"184520.0";"3.922302"
"184530.0";"4.115764"
"184540.0";"4.215599"
"184550.0";"4.21668"
"184560.0";"4.02085"
"184570.0";"4.021187"
"184580.0";"3.879582"
"184590.0";"3.828038"
"184600.0";"4.048899"
"184610.0";"4.225486"
"184620.0";"4.172767"
"184630.0";"4.315833"
"184640.0";"4.257384"
"184650.0";"4.339084"
"184660.0";"4.334173"
"184670.0";"4.41583"
"184680.0";"4.679991"
"184690.0";"4.56241"
"184700.0";"4.559965"
"184710.0";"4.630273"
"184720.0";"4.521546"
"184730.0";"4.350855"
"184740.0";"4.377989"
"184750.0";"4.487946"
"184760.0";"4.357256"
"184770.0";"4.293623"
"184780.0";"4.410028"
"184790.0";"4.342275"
"184800.0";"4.345827"
"184810.0";"4.278277"
"184820.0";"4.169006"
"184830.0";"4.031167"
"184840.0";"4.136726"
"184850.0";"4.062863"
"184860.0";"4.125282"
"184870.0";"4.091943"
"184880.0";"4.059688"
"184890.0";"3.908299"
"184900.0";"4.188882"
"184910.0";"4.160357"
"184920.0";"4.262135"
"184930.0";"4.239015"
"184940.0";"4.148216"
"184950.0";"4.125504"
"184960.0";"4.051606"
"184970.0";"3.779212"
"184980.0";"3.963498"
"184990.0";"3.815387"
"185000.0";"3.867937"
"185010.0";"4.043537"
"185020.0";"4.047301"
"185030.0";"4.020522"
"185040.0";"3.857734"
"185050.0";"3.693751"
"185060.0";"3.76542"
"185070.0";"3.892277"
"185080.0";"4.237598"
"185090.0";"4.302084"
"185100.0";"4.237348"
"185110.0";"4.249477"
"185120.0";"4.432554"
"185130.0";"4.379312"
"185140.0";"4.400746"
"185150.0";"4.37705"
"185160.0";"4.280962"
"185170.0";"4.430499"
"185180.0";"4.569521"
"185190.0";"4.547819"
"185200.0";"4.644409"
"185210.0";"4.77995"
"185220.0";"4.580313"
"185230.0";"4.712854"
"185240.0";"4.564034"
"185250.0";"4.413601"
"185260.0";"4.221736"
"185270.0";"4.08238"
"185280.0";"4.190686"
"185290.0";"4.375859"
"185300.0";"4.439949"
"185310.0";"4.230789"
"185320.0";"4.036784"
"185330.0";"4.27534"
"185340.0";"4.211472"
"185350.0";"4.200484"
"185360.0";"4.124774"
"185370.0";"3.961468"
"185380.0";"3.999524"
"185390.0";"3.861565"
"185400.0";"3.829256"
"185410.0";"3.995498"
"185420.0";"3.899035"
"185430.0";"3.812144"
"185440.0";"3.596749"
"185450.0";"3.824427"
"185460.0";"4.03224"
"185470.0";"3.98937"
"185480.0";"3.946547"
"185490.0";"4.004992"
"185500.0";"3.996836"
"185510.0";"3.97898"
"185520.0";"4.023755"
"185530.0";"3.804749"
"185540.0";"3.87953"
"185550.0";"3.806232"
"185560.0";"3.785234"
"185570.0";"3.858997"
"185580.0";"3.939139"
"185590.0";"4.090717"
"185600.0";"3.931471"
"185610.0";"3.884275"
"185620.0";"3.773845"
"185630.0";"3.888738"
"185640.0";"4.055107"
"185650.0";"3.740121"
"185660.0";"3.649504"
"185670.0";"3.615344"
"185680.0";"3.673985"
"185690.0";"3.367614"
"185700.0";"3.356261"
"185710.0";"3.472165"
"185720.0";"3.476952"
"185730.0";"3.431561"
"185740.0";"3.334493"
"185750.0";"3.403161"
"185760.0";"3.506874"
"185770.0";"3.639268"
"185780.0";"3.617401"
"185790.0";"3.710129"
"185800.0";"3.453711"
"185810.0";"3.463238"
"185820.0";"3.177032"
"185830.0";"3.369466"
"185840.0";"3.066228"
"185850.0";"2.857723"
"185860.0";"3.007865"
"185870.0";"2.974739"
"185880.0";"2.78515"
"185890.0";"2.865785"
"185900.0";"2.768679"
"185910.0";"2.698854"
"185920.0";"2.618433"
"185930.0";"2.696814"
"185940.0";"2.729724"
"185950.0";"2.97608"
"185960.0";"3.030648"
"185970.0";"2.946517"
"185980.0";"2.703636"
"185990.0";"2.66588"
"186000.0";"2.530855"
"186010.0";"2.443553"
"186020.0";"2.6437"
"186030.0";"2.59199"
"186040.0";"2.70382"
"186050.0";"2.643714"
"186060.0";"2.628884"
"186070.0";"2.540814"
"186080.0";"2.599442"
"186090.0";"2.678253"
"186100.0";"2.601317"
"186110.0";"2.563346"
"186120.0";"2.753683"
"186130.0";"2.687347"
"186140.0";"2.69985"
"186150.0";"2.808418"
"186160.0";"3.005463"
"186170.0";"3.016086"
"186180.0";"2.880474"
"186190.0";"2.96423"
"186200.0";"2.940533"
"186210.0";"2.918128"
"186220.0";"2.93366"
"186230.0";"3.120667"
"186240.0";"3.106819"
"186250.0";"3.061432"
"186260.0";"3.17258"
"186270.0";"3.190242"
"186280.0";"3.176988"
"186290.0";"3.15635"
"186300.0";"3.064232"
"186310.0";"3.0232"
"186320.0";"3.066504"
"186330.0";"2.914825"
"186340.0";"2.94336"
"186350.0";"2.742649"
"186360.0";"2.923268"
"186370.0";"2.852391"
"186380.0";"3.040785"
"186390.0";"3.211836"
"186400.0";"3.258212"
"186410.0";"3.222929"
"186420.0";"3.078873"
"186430.0";"2.976217"
"186440.0";"2.969223"
"186450.0";"2.832108"
"186460.0";"2.814627"
"186470.0";"2.849765"
"186480.0";"2.896928"
"186490.0";"3.218396"
"186500.0";"3.155369"
"186510.0";"3.296884"
"186520.0";"3.359421"
"186530.0";"3.415079"
"186540.0";"3.611256"
"186550.0";"3.613046"
"186560.0";"3.597835"
"186570.0";"3.536779"
"186580.0";"3.78671"
"186590.0";"4.002673"
"186600.0";"4.053288"
"186610.0";"4.136285"
"186620.0";"4.098333"
"186630.0";"4.063931"
"186640.0";"4.145423"
"186650.0";"3.937464"
"186660.0";"4.028324"
"186670.0";"4.188651"
"186680.0";"4.13134"
"186690.0";"4.098989"
"186700.0";"4.138067"
"186710.0";"4.138414"
"186720.0";"4.241291"
"186730.0";"4.458366"
"186740.0";"4.423583"
"186750.0";"4.300949"
"186760.0";"4.341259"
"186770.0";"4.494172"
"186780.0";"4.508804"
"186790.0";"4.492678"
"186800.0";"4.303301"
"186810.0";"4.359295"
"186820.0";"4.373088"
"186830.0";"4.250523"
"186840.0";"4.335086"
"186850.0";"4.363231"
"186860.0";"4.490208"
"186870.0";"4.483031"
"186880.0";"4.513437"
"186890.0";"4.45198"
"186900.0";"4.648745"
"186910.0";"4.665826"
"186920.0";"4.603967"
"186930.0";"4.394402"
"186940.0";"4.305103"
"186950.0";"4.476332"
"186960.0";"4.576176"
"186970.0";"4.573933"
"186980.0";"4.172842"
"186990.0";"4.153734"
"187000.0";"4.253598"
"187010.0";"4.178613"
"187020.0";"4.432197"
"187030.0";"4.338796"
"187040.0";"4.291039"
"187050.0";"4.211141"
"187060.0";"3.996308"
"187070.0";"3.911192"
"187080.0";"3.676034"
"187090.0";"3.394893"
"187100.0";"3.60943"
"187110.0";"3.683875"
"187120.0";"3.514969"
"187130.0";"3.576568"
"187140.0";"3.632637"
"187150.0";"3.708157"
"187160.0";"3.72838"
"187170.0";"3.757335"
"187180.0";"3.864667"
"187190.0";"3.679703"
"187200.0";"3.906431"
"187210.0";"3.923438"
"187220.0";"3.998811"
"187230.0";"3.975546"
"187240.0";"3.921463"
"187250.0";"3.814199"
"187260.0";"3.927377"
"187270.0";"3.894926"
"187280.0";"3.863668"
"187290.0";"3.753644"
"187300.0";"3.977879"
"187310.0";"4.16234"
"187320.0";"4.538351"
"187330.0";"4.653827"
"187340.0";"4.661907"
"187350.0";"4.476286"
"187360.0";"4.48128"
"187370.0";"4.17688"
"187380.0";"4.340807"
"187390.0";"4.636714"
"187400.0";"4.592749"
"187410.0";"4.509243"
"187420.0";"4.212545"
"187430.0";"4.29056"
"187440.0";"4.091962"
"187450.0";"4.280838"
"187460.0";"4.477346"
"187470.0";"4.473607"
"187480.0";"4.452669"
"187490.0";"4.271483"
"187500.0";"4.285881"
"187510.0";"4.513813"
"187520.0";"4.168926"
"187530.0";"4.164913"
"187540.0";"4.022354"
"187550.0";"3.884102"
"187560.0";"3.836976"
"187570.0";"3.754728"
"187580.0";"3.856386"
"187590.0";"4.172108"
"187600.0";"4.061719"
"187610.0";"4.024353"
"187620.0";"4.094646"
"187630.0";"4.10088"
"187640.0";"4.11876"
"187650.0";"3.847253"
"187660.0";"3.83322"
"187670.0";"3.873122"
"187680.0";"3.871957"
"187690.0";"3.943081"
"187700.0";"3.892674"
"187710.0";"3.819614"
"187720.0";"3.72145"
"187730.0";"3.746323"
"187740.0";"3.587293"
"187750.0";"3.539783"
"187760.0";"3.690201"
"187770.0";"3.667122"
"187780.0";"3.403413"
"187790.0";"3.585624"
"187800.0";"3.608271"
"187810.0";"3.640111"
"187820.0";"3.53188"
"187830.0";"3.685763"
"187840.0";"3.752202"
"187850.0";"3.731152"
"187860.0";"3.769946"
"187870.0";"3.722297"
"187880.0";"3.741259"
"187890.0";"4.015087"
"187900.0";"4.006087"
"187910.0";"3.998167"
"187920.0";"4.095273"
"187930.0";"3.971419"
"187940.0";"3.722756"
"187950.0";"3.728872"
"187960.0";"3.905233"
"187970.0";"3.875636"
"187980.0";"3.984392"
"187990.0";"3.988634"
"188000.0";"3.961411"
"188010.0";"3.712434"
"188020.0";"3.748742"
"188030.0";"4.002055"
"188040.0";"3.89425"
"188050.0";"3.900127"
"188060.0";"3.888289"
"188070.0";"3.874332"
"188080.0";"3.797291"
"188090.0";"3.857335"
"188100.0";"3.923959"
"188110.0";"3.940733"
"188120.0";"3.849401"
"188130.0";"3.888659"
"188140.0";"3.817631"
"188150.0";"3.808879"
"188160.0";"3.773182"
"188170.0";"3.817612"
"188180.0";"3.650854"
"188190.0";"3.667687"
"188200.0";"3.728166"
"188210.0";"3.590738"
"188220.0";"3.443425"
"188230.0";"3.639213"
"188240.0";"3.68661"
"188250.0";"3.857738"
"188260.0";"3.990064"
"188270.0";"3.90993"
"188280.0";"3.642352"
"188290.0";"3.755173"
"188300.0";"3.746564"
"188310.0";"3.847793"
"188320.0";"3.890886"
"188330.0";"3.848307"
"188340.0";"3.852893"
"188350.0";"3.82024"
"188360.0";"3.854687"
"188370.0";"3.60186"
"188380.0";"3.513311"
"188390.0";"3.508862"
"188400.0";"3.411372"
"188410.0";"3.333393"
"188420.0";"3.192006"
"188430.0";"3.245482"
"188440.0";"3.205707"
"188450.0";"3.378679"
"188460.0";"3.344703"
"188470.0";"3.20164"
"188480.0";"2.952403"
"188490.0";"3.010097"
"188500.0";"3.125062"
"188510.0";"3.25871"
"188520.0";"3.325109"
"188530.0";"3.470452"
"188540.0";"3.249974"
"188550.0";"3.130424"
"188560.0";"3.260612"
"188570.0";"3.084975"
"188580.0";"2.926374"
"188590.0";"3.026974"
"188600.0";"3.000137"
"188610.0";"3.042882"
"188620.0";"2.924979"
"188630.0";"3.00427"
"188640.0";"2.957965"
"188650.0";"3.033689"
"188660.0";"2.950863"
"188670.0";"2.92193"
"188680.0";"2.954765"
"188690.0";"2.847689"
"188700.0";"2.885137"
"188710.0";"2.871205"
"188720.0";"2.863017"
"188730.0";"2.870806"
"188740.0";"2.81152"
"188750.0";"2.93475"
"188760.0";"3.057405"
"188770.0";"2.880537"
"188780.0";"2.752244"
"188790.0";"2.502505"
"188800.0";"2.654673"
"188810.0";"2.742739"
"188820.0";"2.715604"
"188830.0";"2.91779"
"188840.0";"2.899121"
"188850.0";"2.983257"
"188860.0";"3.005578"
"188870.0";"2.984226"
"188880.0";"2.883652"
"188890.0";"2.860676"
"188900.0";"3.020061"
"188910.0";"2.976177"
"188920.0";"2.92582"
"188930.0";"2.81408"
"188940.0";"2.638801"
"188950.0";"2.462497"
"188960.0";"2.461586"
"188970.0";"2.604893"
"188980.0";"2.669746"
"188990.0";"2.778436"
"189000.0";"2.936937"
"189010.0";"2.923671"
"189020.0";"2.872139"
"189030.0";"2.726418"
"189040.0";"2.612357"
"189050.0";"2.690905"
"189060.0";"2.833898"
"189070.0";"2.908576"
"189080.0";"2.941942"
"189090.0";"3.175679"
"189100.0";"3.14792"
"189110.0";"3.263384"
"189120.0";"3.321651"
"189130.0";"3.432453"
"189140.0";"3.442269"
"189150.0";"3.469151"
"189160.0";"3.33029"
"189170.0";"3.056275"
"189180.0";"3.28361"
"189190.0";"3.519496"
"189200.0";"3.316038"
"189210.0";"3.521673"
"189220.0";"3.394787"
"189230.0";"3.373626"
"189240.0";"3.306529"
"189250.0";"3.424849"
"189260.0";"3.385092"
"189270.0";"3.237853"
"189280.0";"3.224769"
"189290.0";"3.488278"
"189300.0";"3.429541"
"189310.0";"3.493102"
"189320.0";"3.663987"
"189330.0";"3.695382"
"189340.0";"3.658321"
"189350.0";"3.586821"
"189360.0";"3.717827"
"189370.0";"3.80717"
"189380.0";"3.945114"
"189390.0";"3.86737"
"189400.0";"3.957239"
"189410.0";"3.948161"
"189420.0";"4.065206"
"189430.0";"4.02761"
"189440.0";"4.232956"
"189450.0";"4.313545"
"189460.0";"4.118535"
"189470.0";"4.055868"
"189480.0";"4.045032"
"189490.0";"4.316582"
"189500.0";"4.379688"
"189510.0";"4.253905"
"189520.0";"4.176966"
"189530.0";"3.969904"
"189540.0";"3.872105"
"189550.0";"3.745057"
"189560.0";"4.062847"
"189570.0";"4.192202"
"189580.0";"4.409482"
"189590.0";"4.348594"
"189600.0";"4.242857"
"189610.0";"4.083599"
"189620.0";"4.106801"
"189630.0";"4.18886"
"189640.0";"4.199507"
"189650.0";"4.330605"
"189660.0";"4.386861"
"189670.0";"4.18012"
"189680.0";"4.338329"
"189690.0";"4.536222"
"189700.0";"4.532474"
"189710.0";"4.548762"
"189720.0";"4.477289"
"189730.0";"4.500081"
"189740.0";"4.553101"
"189750.0";"4.596509"
"189760.0";"4.466186"
"189770.0";"4.50422"
"189780.0";"4.385977"
"189790.0";"4.435206"
"189800.0";"4.508905"
"189810.0";"4.602211"
"189820.0";"4.587431"
"189830.0";"4.475439"
"189840.0";"4.447262"
"189850.0";"4.519525"
"189860.0";"4.318578"
"189870.0";"4.22769"
"189880.0";"4.400083"
"189890.0";"4.472468"
"189900.0";"4.509669"
"189910.0";"4.320236"
"189920.0";"4.612875"
"189930.0";"4.617318"
"189940.0";"4.848771"
"189950.0";"4.786161"
"189960.0";"4.861524"
"189970.0";"4.682596"
"189980.0";"4.800114"
"189990.0";"5.117712"
"190000.0";"5.04904"
"190010.0";"4.979551"
"190020.0";"4.983794"
"190030.0";"4.963272"
"190040.0";"5.003203"
"190050.0";"4.883041"
"190060.0";"4.710771"
"190070.0";"4.486135"
"190080.0";"4.428502"
"190090.0";"4.453773"
"190100.0";"4.481586"
"190110.0";"4.605886"
"190120.0";"4.717728"
"190130.0";"4.835288"
"190140.0";"4.779187"
"190150.0";"4.80444"
"190160.0";"4.686774"
"190170.0";"4.545331"
"190180.0";"4.620911"
"190190.0";"4.725557"
"190200.0";"4.774591"
"190210.0";"4.881935"
"190220.0";"5.003996"
"190230.0";"4.873286"
"190240.0";"5.072643"
"190250.0";"5.176126"
"190260.0";"5.14816"
"190270.0";"5.35988"
"190280.0";"5.35891"
"190290.0";"5.49554"
"190300.0";"5.354228"
"190310.0";"5.414248"
"190320.0";"5.522497"
"190330.0";"5.438141"
"190340.0";"5.40233"
"190350.0";"5.717969"
"190360.0";"5.729865"
"190370.0";"5.656517"
"190380.0";"5.461877"
"190390.0";"5.591363"
"190400.0";"5.571881"
"190410.0";"5.624631"
"190420.0";"5.647013"
"190430.0";"5.545809"
"190440.0";"5.454327"
"190450.0";"5.181862"
"190460.0";"5.103388"
"190470.0";"4.937407"
"190480.0";"4.977372"
"190490.0";"5.117376"
"190500.0";"5.111736"
"190510.0";"5.086164"
"190520.0";"5.234573"
"190530.0";"5.218297"
"190540.0";"4.978158"
"190550.0";"5.10783"
"190560.0";"5.167108"
"190570.0";"5.126199"
"190580.0";"5.135141"
"190590.0";"5.099319"
"190600.0";"5.215998"
"190610.0";"5.119971"
"190620.0";"5.083689"
"190630.0";"5.213844"
"190640.0";"5.211616"
"190650.0";"5.28958"
"190660.0";"5.261256"
"190670.0";"5.102629"
"190680.0";"4.926483"
"190690.0";"4.859942"
"190700.0";"4.687934"
"190710.0";"4.576103"
"190720.0";"4.509696"
"190730.0";"4.587751"
"190740.0";"4.481137"
"190750.0";"4.362945"
"190760.0";"4.346838"
"190770.0";"4.37397"
"190780.0";"4.034351"
"190790.0";"4.05973"
"190800.0";"3.966169"
"190810.0";"4.042571"
"190820.0";"3.943555"
"190830.0";"3.739429"
"190840.0";"3.787858"
"190850.0";"3.900324"
"190860.0";"3.948127"
"190870.0";"3.87857"
"190880.0";"3.920049"
"190890.0";"3.761305"
"190900.0";"3.727551"
"190910.0";"3.799753"
"190920.0";"4.143422"
"190930.0";"4.021042"
"190940.0";"4.221069"
"190950.0";"4.288968"
"190960.0";"4.419219"
"190970.0";"4.453127"
"190980.0";"4.477858"
"190990.0";"4.606427"
"191000.0";"4.538766"
"191010.0";"4.479499"
"191020.0";"4.406904"
"191030.0";"4.573591"
"191040.0";"4.590154"
"191050.0";"4.56239"
"191060.0";"4.855417"
"191070.0";"4.585558"
"191080.0";"4.522856"
"191090.0";"4.539812"
"191100.0";"4.461303"
"191110.0";"4.676051"
"191120.0";"4.53286"
"191130.0";"4.194609"
"191140.0";"4.01448"
"191150.0";"3.934436"
"191160.0";"4.113986"
"191170.0";"4.157167"
"191180.0";"3.983792"
"191190.0";"4.15183"
"191200.0";"4.367135"
"191210.0";"4.358207"
"191220.0";"4.678185"
"191230.0";"4.615469"
"191240.0";"4.687963"
"191250.0";"4.83611"
"191260.0";"4.948926"
"191270.0";"5.146818"
"191280.0";"4.880727"
"191290.0";"4.943772"
"191300.0";"4.842508"
"191310.0";"4.863216"
"191320.0";"5.059558"
"191330.0";"4.996188"
"191340.0";"5.196447"
"191350.0";"5.167414"
"191360.0";"5.022128"
"191370.0";"5.124334"
"191380.0";"5.220009"
"191390.0";"5.250967"
"191400.0";"5.131982"
"191410.0";"4.944767"
"191420.0";"4.919497"
"191430.0";"4.869296"
"191440.0";"4.990013"
"191450.0";"5.012305"
"191460.0";"5.14992"
"191470.0";"5.128335"
"191480.0";"5.246568"
"191490.0";"5.143883"
"191500.0";"5.141288"
"191510.0";"4.939128"
"191520.0";"5.206885"
"191530.0";"5.072827"
"191540.0";"4.979365"
"191550.0";"5.096796"
"191560.0";"5.202677"
"191570.0";"5.150946"
"191580.0";"5.238163"
"191590.0";"5.331852"
"191600.0";"5.314772"
"191610.0";"5.152663"
"191620.0";"5.189628"
"191630.0";"5.088408"
"191640.0";"5.07828"
"191650.0";"5.010218"
"191660.0";"5.081633"
"191670.0";"4.987545"
"191680.0";"4.996932"
"191690.0";"5.106465"
"191700.0";"5.325325"
"191710.0";"5.287014"
"191720.0";"5.224978"
"191730.0";"4.93087"
"191740.0";"4.92979"
"191750.0";"4.802984"
"191760.0";"4.717562"
"191770.0";"4.621907"
"191780.0";"4.588225"
"191790.0";"4.66767"
"191800.0";"4.821569"
"191810.0";"5.090012"
"191820.0";"5.200425"
"191830.0";"5.128902"
"191840.0";"5.044947"
"191850.0";"4.94186"
"191860.0";"4.964566"
"191870.0";"4.972512"
"191880.0";"4.919616"
"191890.0";"5.058777"
"191900.0";"5.136158"
"191910.0";"4.973661"
"191920.0";"5.075151"
"191930.0";"5.185977"
"191940.0";"5.172867"
"191950.0";"5.124355"
"191960.0";"4.887328"
"191970.0";"4.728905"
"191980.0";"4.876056"
"191990.0";"4.686188"
"192000.0";"5.013126"
"192010.0";"5.000968"
"192020.0";"5.278998"
"192030.0";"5.213684"
"192040.0";"4.928116"
"192050.0";"4.973853"
"192060.0";"4.927727"
"192070.0";"5.084226"
"192080.0";"5.254689"
"192090.0";"5.335137"
"192100.0";"5.170691"
"192110.0";"5.170177"
"192120.0";"5.197968"
"192130.0";"5.197338"
"192140.0";"5.048838"
"192150.0";"5.430512"
"192160.0";"5.701496"
"192170.0";"5.540608"
"192180.0";"5.585367"
"192190.0";"5.657913"
"192200.0";"5.67363"
"192210.0";"5.707073"
"192220.0";"5.577642"
"192230.0";"5.621507"
"192240.0";"5.6222"
"192250.0";"5.443959"
"192260.0";"5.481905"
"192270.0";"5.602592"
"192280.0";"5.751712"
"192290.0";"5.631162"
"192300.0";"5.91846"
"192310.0";"5.670405"
"192320.0";"5.550639"
"192330.0";"5.571664"
"192340.0";"5.425346"
"192350.0";"5.757131"
"192360.0";"5.586149"
"192370.0";"5.641727"
"192380.0";"5.737768"
"192390.0";"5.72705"
"192400.0";"5.892225"
"192410.0";"5.852843"
"192420.0";"5.743076"
"192430.0";"5.58531"
"192440.0";"5.531676"
"192450.0";"5.737611"
"192460.0";"5.709867"
"192470.0";"5.560261"
"192480.0";"5.498184"
"192490.0";"5.638525"
"192500.0";"5.575798"
"192510.0";"5.366576"
"192520.0";"5.574244"
"192530.0";"5.869172"
"192540.0";"5.785581"
"192550.0";"5.60756"
"192560.0";"5.496667"
"192570.0";"5.592206"
"192580.0";"5.602658"
"192590.0";"5.82882"
"192600.0";"5.784946"
"192610.0";"6.05382"
"192620.0";"5.967082"
"192630.0";"5.946223"
"192640.0";"5.92544"
"192650.0";"5.792139"
"192660.0";"5.548513"
"192670.0";"5.458735"
"192680.0";"5.544708"
"192690.0";"5.153264"
"192700.0";"5.460736"
"192710.0";"5.595445"
"192720.0";"5.395272"
"192730.0";"5.749578"
"192740.0";"5.91064"
"192750.0";"5.612362"
"192760.0";"5.569238"
"192770.0";"5.66262"
"192780.0";"5.867398"
"192790.0";"5.659245"
"192800.0";"5.901956"
"192810.0";"5.876614"
"192820.0";"6.040372"
"192830.0";"6.197742"
"192840.0";"6.11238"
"192850.0";"6.187891"
"192860.0";"6.323304"
"192870.0";"6.0706"
"192880.0";"6.178851"
"192890.0";"5.864274"
"192900.0";"5.831569"
"192910.0";"5.633029"
"192920.0";"5.521099"
"192930.0";"5.139005"
"192940.0";"5.089388"
"192950.0";"5.140923"
"192960.0";"5.093986"
"192970.0";"5.258048"
"192980.0";"5.269662"
"192990.0";"5.372036"
"193000.0";"5.322906"
"193010.0";"5.462934"
"193020.0";"5.529091"
"193030.0";"5.607587"
"193040.0";"5.7526"
"193050.0";"5.748718"
"193060.0";"5.814204"
"193070.0";"5.649871"
"193080.0";"5.875916"
"193090.0";"5.992288"
"193100.0";"6.021819"
"193110.0";"5.728486"
"193120.0";"5.727305"
"193130.0";"5.740532"
"193140.0";"5.768338"
"193150.0";"5.83495"
"193160.0";"5.732"
"193170.0";"5.719883"
"193180.0";"5.71945"
"193190.0";"5.667405"
"193200.0";"5.895935"
"193210.0";"5.723734"
"193220.0";"5.604694"
"193230.0";"5.7284"
"193240.0";"5.498269"
"193250.0";"5.575111"
"193260.0";"5.403261"
"193270.0";"5.306862"
"193280.0";"5.375191"
"193290.0";"5.426503"
"193300.0";"5.557287"
"193310.0";"5.56647"
"193320.0";"5.480072"
"193330.0";"5.434209"
"193340.0";"5.215867"
"193350.0";"5.571926"
"193360.0";"5.689573"
"193370.0";"5.587835"
"193380.0";"5.433212"
"193390.0";"5.496436"
"193400.0";"5.53027"
"193410.0";"5.607944"
"193420.0";"5.791277"
"193430.0";"5.648358"
"193440.0";"5.624091"
"193450.0";"5.566375"
"193460.0";"5.420198"
"193470.0";"5.353163"
"193480.0";"5.287696"
"193490.0";"5.288411"
"193500.0";"5.510798"
"193510.0";"5.490802"
"193520.0";"5.362916"
"193530.0";"5.397269"
"193540.0";"5.444016"
"193550.0";"5.34322"
"193560.0";"5.513871"
"193570.0";"5.529588"
"193580.0";"5.440991"
"193590.0";"5.412052"
"193600.0";"5.305226"
"193610.0";"5.219514"
"193620.0";"5.268703"
"193630.0";"4.921287"
"193640.0";"5.012487"
"193650.0";"5.143335"
"193660.0";"5.165418"
"193670.0";"5.167638"
"193680.0";"5.29795"
"193690.0";"5.353706"
"193700.0";"5.394601"
"193710.0";"5.252039"
"193720.0";"5.218687"
"193730.0";"5.2837"
"193740.0";"5.387684"
"193750.0";"5.354228"
"193760.0";"5.524921"
"193770.0";"5.496433"
"193780.0";"5.677643"
"193790.0";"5.763013"
"193800.0";"5.669501"
"193810.0";"5.436681"
"193820.0";"5.442445"
"193830.0";"5.529637"
"193840.0";"5.700863"
"193850.0";"5.560582"
"193860.0";"5.835855"
"193870.0";"5.702129"
"193880.0";"5.842994"
"193890.0";"5.942138"
"193900.0";"5.900112"
"193910.0";"5.851607"
"193920.0";"5.847728"
"193930.0";"5.646433"
"193940.0";"5.725608"
"193950.0";"5.710976"
"193960.0";"5.93917"
"193970.0";"5.964359"
"193980.0";"5.982748"
"193990.0";"5.733566"
"194000.0";"5.701926"
"194010.0";"5.812232"
"194020.0";"5.933418"
"194030.0";"6.0058"
"194040.0";"6.29089"
"194050.0";"6.271477"
"194060.0";"6.192933"
"194070.0";"6.321272"
"194080.0";"6.338943"
"194090.0";"6.367437"
"194100.0";"6.317492"
"194110.0";"6.188333"
"194120.0";"6.222781"
"194130.0";"6.089947"
"194140.0";"6.066004"
"194150.0";"6.257455"
"194160.0";"6.463856"
"194170.0";"6.557052"
"194180.0";"6.453164"
"194190.0";"6.40847"
"194200.0";"6.289031"
"194210.0";"6.4429"
"194220.0";"6.412829"
"194230.0";"6.446463"
"194240.0";"6.713537"
"194250.0";"6.7593"
"194260.0";"6.774054"
"194270.0";"6.611632"
"194280.0";"6.484546"
"194290.0";"6.529345"
"194300.0";"6.76257"
"194310.0";"6.724613"
"194320.0";"6.749819"
"194330.0";"6.758982"
"194340.0";"6.703756"
"194350.0";"6.828676"
"194360.0";"6.765996"
"194370.0";"6.836441"
"194380.0";"6.876229"
"194390.0";"6.696024"
"194400.0";"6.51833"
"194410.0";"6.504913"
"194420.0";"6.441243"
"194430.0";"6.377505"
"194440.0";"6.167887"
"194450.0";"6.288317"
"194460.0";"6.368148"
"194470.0";"6.559583"
"194480.0";"6.416763"
"194490.0";"6.615682"
"194500.0";"6.701732"
"194510.0";"6.748454"
"194520.0";"6.727453"
"194530.0";"6.863357"
"194540.0";"6.824523"
"194550.0";"6.987794"
"194560.0";"6.78859"
"194570.0";"6.866882"
"194580.0";"6.781272"
"194590.0";"6.719632"
"194600.0";"6.766134"
"194610.0";"6.676525"
"194620.0";"6.696163"
"194630.0";"6.501438"
"194640.0";"6.623905"
"194650.0";"6.560733"
"194660.0";"6.451061"
"194670.0";"6.684787"
"194680.0";"6.855248"
"194690.0";"7.14442"
"194700.0";"7.172326"
"194710.0";"7.199959"
"194720.0";"7.129154"
"194730.0";"6.978667"
"194740.0";"6.926712"
"194750.0";"7.087777"
"194760.0";"6.97826"
"194770.0";"7.005373"
"194780.0";"6.990211"
"194790.0";"6.900233"
"194800.0";"7.04871"
"194810.0";"6.778998"
"194820.0";"6.942844"
"194830.0";"7.260067"
"194840.0";"7.224693"
"194850.0";"7.229505"
"194860.0";"7.124898"
"194870.0";"7.117606"
"194880.0";"7.15601"
"194890.0";"7.069539"
"194900.0";"7.111857"
"194910.0";"6.693596"
"194920.0";"6.771084"
"194930.0";"6.793417"
"194940.0";"6.605206"
"194950.0";"6.595214"
"194960.0";"6.810519"
"194970.0";"6.671758"
"194980.0";"6.584012"
"194990.0";"6.462298"
"195000.0";"6.21875"
"195010.0";"6.17453"
"195020.0";"6.294912"
"195030.0";"6.289232"
"195040.0";"6.381839"
"195050.0";"6.533708"
"195060.0";"6.630659"
"195070.0";"6.685012"
"195080.0";"6.533078"
"195090.0";"6.573746"
"195100.0";"6.640788"
"195110.0";"6.696114"
"195120.0";"6.688947"
"195130.0";"6.59153"
"195140.0";"6.496555"
"195150.0";"6.497151"
"195160.0";"6.380943"
"195170.0";"6.454054"
"195180.0";"6.495331"
"195190.0";"6.463614"
"195200.0";"6.478513"
"195210.0";"6.403567"
"195220.0";"6.321306"
"195230.0";"6.353128"
"195240.0";"6.279578"
"195250.0";"6.145487"
"195260.0";"6.283473"
"195270.0";"6.282256"
"195280.0";"6.317223"
"195290.0";"6.384004"
"195300.0";"6.399147"
"195310.0";"6.535458"
"195320.0";"6.525103"
"195330.0";"6.406636"
"195340.0";"6.273969"
"195350.0";"5.995524"
"195360.0";"5.99717"
"195370.0";"5.807403"
"195380.0";"5.92326"
"195390.0";"5.831134"
"195400.0";"5.749806"
"195410.0";"5.997726"
"195420.0";"5.861171"
"195430.0";"6.016875"
"195440.0";"6.045455"
"195450.0";"6.049657"
"195460.0";"5.876787"
"195470.0";"5.792465"
"195480.0";"5.660881"
"195490.0";"5.744379"
"195500.0";"5.67467"
"195510.0";"5.533175"
"195520.0";"5.771054"
"195530.0";"5.85861"
"195540.0";"5.931859"
"195550.0";"5.84012"
"195560.0";"6.029339"
"195570.0";"5.903979"
"195580.0";"6.034058"
"195590.0";"5.822929"
"195600.0";"5.691521"
"195610.0";"5.652124"
"195620.0";"5.701651"
"195630.0";"5.730119"
"195640.0";"5.675133"
"195650.0";"5.835223"
"195660.0";"5.772273"
"195670.0";"5.813641"
"195680.0";"5.523648"
"195690.0";"5.259895"
"195700.0";"5.42158"
"195710.0";"5.538069"
"195720.0";"5.382629"
"195730.0";"5.315468"
"195740.0";"5.235341"
"195750.0";"5.376276"
"195760.0";"5.53653"
"195770.0";"5.323842"
"195780.0";"5.421401"
"195790.0";"5.539534"
"195800.0";"5.533476"
"195810.0";"5.692111"
"195820.0";"5.702458"
"195830.0";"5.718754"
"195840.0";"5.727788"
"195850.0";"5.595217"
"195860.0";"5.774099"
"195870.0";"5.704097"
"195880.0";"5.729282"
"195890.0";"5.795788"
"195900.0";"5.574882"
"195910.0";"5.6025"
"195920.0";"5.470993"
"195930.0";"5.63417"
"195940.0";"5.467077"
"195950.0";"5.168253"
"195960.0";"5.266437"
"195970.0";"5.433742"
"195980.0";"5.473715"
"195990.0";"5.299682"
"196000.0";"5.211142"
"196010.0";"5.375644"
"196020.0";"5.390229"
"196030.0";"5.529615"
"196040.0";"5.601005"
"196050.0";"5.46636"
"196060.0";"5.448733"
"196070.0";"5.559965"
"196080.0";"5.796087"
"196090.0";"5.714307"
"196100.0";"5.564875"
"196110.0";"5.541523"
"196120.0";"5.551973"
"196130.0";"5.612683"
"196140.0";"5.467346"
"196150.0";"5.555745"
"196160.0";"5.773047"
"196170.0";"5.918666"
"196180.0";"5.773021"
"196190.0";"5.906138"
"196200.0";"5.769459"
"196210.0";"5.810219"
"196220.0";"5.684958"
"196230.0";"5.602267"
"196240.0";"5.556133"
"196250.0";"5.382586"
"196260.0";"5.27605"
"196270.0";"5.302121"
"196280.0";"5.230058"
"196290.0";"5.180658"
"196300.0";"5.070296"
"196310.0";"4.895311"
"196320.0";"5.175194"
"196330.0";"5.136003"
"196340.0";"5.218447"
"196350.0";"5.152125"
"196360.0";"5.126768"
"196370.0";"4.955695"
"196380.0";"4.955323"
"196390.0";"5.128998"
"196400.0";"4.977339"
"196410.0";"5.09604"
"196420.0";"5.070048"
"196430.0";"5.072015"
"196440.0";"4.991996"
"196450.0";"4.900565"
"196460.0";"4.70621"
"196470.0";"4.640562"
"196480.0";"4.449409"
"196490.0";"4.727108"
"196500.0";"4.708344"
"196510.0";"4.690922"
"196520.0";"4.61625"
"196530.0";"4.908952"
"196540.0";"4.882451"
"196550.0";"4.656672"
"196560.0";"4.461814"
"196570.0";"4.472133"
"196580.0";"4.500996"
"196590.0";"4.561807"
"196600.0";"4.58451"
"196610.0";"4.602465"
"196620.0";"4.561475"
"196630.0";"4.443081"
"196640.0";"4.67241"
"196650.0";"4.792195"
"196660.0";"4.881269"
"196670.0";"5.07333"
"196680.0";"5.298379"
"196690.0";"5.336182"
"196700.0";"5.242759"
"196710.0";"5.321976"
"196720.0";"5.353477"
"196730.0";"5.474082"
"196740.0";"5.470068"
"196750.0";"5.583215"
"196760.0";"5.565519"
"196770.0";"5.781654"
"196780.0";"5.694362"
"196790.0";"5.502369"
"196800.0";"5.483736"
"196810.0";"5.568911"
"196820.0";"5.391166"
"196830.0";"5.476906"
"196840.0";"5.335634"
"196850.0";"5.276294"
"196860.0";"5.41881"
"196870.0";"5.473831"
"196880.0";"5.475763"
"196890.0";"5.185935"
"196900.0";"5.249197"
"196910.0";"5.16741"
"196920.0";"5.135773"
"196930.0";"5.225451"
"196940.0";"5.464444"
"196950.0";"5.402153"
"196960.0";"5.311143"
"196970.0";"5.174062"
"196980.0";"5.168933"
"196990.0";"5.32829"
"197000.0";"5.241188"
"197010.0";"5.303885"
"197020.0";"5.442346"
"197030.0";"5.335721"
"197040.0";"5.230397"
"197050.0";"5.147895"
"197060.0";"5.165845"
"197070.0";"4.915797"
"197080.0";"5.191487"
"197090.0";"5.193311"
"197100.0";"5.299969"
"197110.0";"5.354097"
"197120.0";"5.322784"
"197130.0";"5.198767"
"197140.0";"5.120297"
"197150.0";"5.122366"
"197160.0";"5.011108"
"197170.0";"4.726707"
"197180.0";"4.865342"
"197190.0";"4.901815"
"197200.0";"4.927752"
"197210.0";"4.992208"
"197220.0";"5.127994"
"197230.0";"5.175817"
"197240.0";"5.015961"
"197250.0";"5.149401"
"197260.0";"5.196212"
"197270.0";"5.514186"
"197280.0";"5.791791"
"197290.0";"5.814865"
"197300.0";"5.670477"
"197310.0";"5.622149"
"197320.0";"5.680054"
"197330.0";"5.861665"
"197340.0";"5.705316"
"197350.0";"5.923998"
"197360.0";"5.783938"
"197370.0";"5.739454"
"197380.0";"5.749292"
"197390.0";"5.894116"
"197400.0";"5.851931"
"197410.0";"5.862639"
"197420.0";"6.060543"
"197430.0";"6.078536"
"197440.0";"6.00291"
"197450.0";"5.907273"
"197460.0";"5.978982"
"197470.0";"6.087884"
"197480.0";"6.159495"
"197490.0";"6.098145"
"197500.0";"6.071662"
"197510.0";"5.913649"
"197520.0";"5.927535"
"197530.0";"5.720376"
"197540.0";"5.923433"
"197550.0";"6.039729"
"197560.0";"6.254336"
"197570.0";"5.915537"
"197580.0";"5.984942"
"197590.0";"5.883732"
"197600.0";"6.138238"
"197610.0";"6.205262"
"197620.0";"6.127005"
"197630.0";"5.891673"
"197640.0";"5.768675"
"197650.0";"6.014856"
"197660.0";"6.082436"
"197670.0";"5.995349"
"197680.0";"5.971717"
"197690.0";"5.814656"
"197700.0";"6.035867"
"197710.0";"5.989362"
"197720.0";"5.719961"
"197730.0";"5.724135"
"197740.0";"5.679598"
"197750.0";"5.714517"
"197760.0";"5.793088"
"197770.0";"5.639544"
"197780.0";"5.805358"
"197790.0";"5.756323"
"197800.0";"5.755581"
"197810.0";"5.869924"
"197820.0";"5.8069"
"197830.0";"6.05964"
"197840.0";"5.929459"
"197850.0";"6.010409"
"197860.0";"6.008259"
"197870.0";"5.983374"
"197880.0";"5.708173"
"197890.0";"5.655441"
"197900.0";"5.611132"
"197910.0";"5.418807"
"197920.0";"5.579468"
"197930.0";"5.693635"
"197940.0";"5.749865"
"197950.0";"5.755495"
"197960.0";"5.916939"
"197970.0";"5.973532"
"197980.0";"6.058555"
"197990.0";"6.15922"
"198000.0";"6.102746"
"198010.0";"6.008955"
"198020.0";"6.082757"
"198030.0";"5.917219"
"198040.0";"5.995776"
"198050.0";"5.943295"
"198060.0";"6.03315"
"198070.0";"5.941935"
"198080.0";"5.820944"
"198090.0";"5.630897"
"198100.0";"5.660723"
"198110.0";"5.706751"
"198120.0";"5.707295"
"198130.0";"5.884958"
"198140.0";"5.737801"
"198150.0";"5.909592"
"198160.0";"5.795932"
"198170.0";"5.954789"
"198180.0";"5.980033"
"198190.0";"6.100648"
"198200.0";"6.028729"
"198210.0";"5.844989"
"198220.0";"5.972121"
"198230.0";"6.008309"
"198240.0";"6.055646"
"198250.0";"5.799694"
"198260.0";"5.904337"
"198270.0";"5.923384"
"198280.0";"5.860991"
"198290.0";"5.762598"
"198300.0";"5.720121"
"198310.0";"5.720921"
"198320.0";"5.541171"
"198330.0";"5.520848"
"198340.0";"5.42693"
"198350.0";"5.52642"
"198360.0";"5.474624"
"198370.0";"5.45506"
"198380.0";"5.672831"
"198390.0";"5.645627"
"198400.0";"5.543932"
"198410.0";"5.658055"
"198420.0";"5.777345"
"198430.0";"5.745312"
"198440.0";"5.780598"
"198450.0";"5.828942"
"198460.0";"5.858251"
"198470.0";"5.953595"
"198480.0";"5.786583"
"198490.0";"5.942713"
"198500.0";"5.768549"
"198510.0";"5.668685"
"198520.0";"5.618483"
"198530.0";"5.554019"
"198540.0";"5.43923"
"198550.0";"5.341145"
"198560.0";"5.338347"
"198570.0";"5.325274"
"198580.0";"4.89259"
"198590.0";"4.623475"
"198600.0";"4.589913"
"198610.0";"4.638173"
"198620.0";"4.824661"
"198630.0";"4.916717"
"198640.0";"4.677154"
"198650.0";"4.521013"
"198660.0";"4.483248"
"198670.0";"4.201319"
"198680.0";"4.129454"
"198690.0";"4.141128"
"198700.0";"4.011908"
"198710.0";"4.172511"
"198720.0";"4.015779"
"198730.0";"4.133229"
"198740.0";"4.150747"
"198750.0";"4.381294"
"198760.0";"4.48555"
"198770.0";"4.691918"
"198780.0";"4.738407"
"198790.0";"4.673095"
"198800.0";"4.704967"
"198810.0";"4.750521"
"198820.0";"4.382847"
"198830.0";"4.710052"
"198840.0";"4.438023"
"198850.0";"4.377321"
"198860.0";"4.205796"
"198870.0";"4.247355"
"198880.0";"4.186664"
"198890.0";"4.425084"
"198900.0";"4.619853"
"198910.0";"4.415057"
"198920.0";"4.685533"
"198930.0";"4.883632"
"198940.0";"4.909123"
"198950.0";"4.709711"
"198960.0";"4.558309"
"198970.0";"4.253435"
"198980.0";"4.187927"
"198990.0";"4.325847"
"199000.0";"4.329949"
"199010.0";"4.499736"
"199020.0";"4.350147"
"199030.0";"4.174747"
"199040.0";"4.327567"
"199050.0";"4.418561"
"199060.0";"4.585377"
"199070.0";"4.422098"
"199080.0";"4.334995"
"199090.0";"4.390698"
"199100.0";"4.172037"
"199110.0";"4.287902"
"199120.0";"4.106966"
"199130.0";"4.148473"
"199140.0";"4.408432"
"199150.0";"4.120515"
"199160.0";"4.059824"
"199170.0";"4.079405"
"199180.0";"3.97509"
"199190.0";"3.958798"
"199200.0";"3.994897"
"199210.0";"3.723262"
"199220.0";"3.564942"
"199230.0";"3.385878"
"199240.0";"3.529811"
"199250.0";"3.68135"
"199260.0";"3.512738"
"199270.0";"3.455712"
"199280.0";"3.4421"
"199290.0";"3.595575"
"199300.0";"3.701719"
"199310.0";"3.571805"
"199320.0";"3.724401"
"199330.0";"3.638163"
"199340.0";"3.809046"
"199350.0";"3.843778"
"199360.0";"3.827664"
"199370.0";"3.780537"
"199380.0";"3.857398"
"199390.0";"3.973774"
"199400.0";"3.728037"
"199410.0";"3.718227"
"199420.0";"3.758826"
"199430.0";"3.769667"
"199440.0";"3.752889"
"199450.0";"3.824728"
"199460.0";"3.781611"
"199470.0";"3.714867"
"199480.0";"3.626593"
"199490.0";"3.563447"
"199500.0";"3.66978"
"199510.0";"3.841281"
"199520.0";"3.950782"
"199530.0";"3.883086"
"199540.0";"3.814372"
"199550.0";"4.181192"
"199560.0";"4.060293"
"199570.0";"4.148227"
"199580.0";"4.100316"
"199590.0";"3.978248"
"199600.0";"4.003834"
"199610.0";"4.069795"
"199620.0";"4.007789"
"199630.0";"4.091086"
"199640.0";"3.814328"
"199650.0";"3.916093"
"199660.0";"3.950398"
"199670.0";"4.105224"
"199680.0";"4.131396"
"199690.0";"3.965658"
"199700.0";"3.921747"
"199710.0";"3.763775"
"199720.0";"4.060237"
"199730.0";"4.170829"
"199740.0";"4.102908"
"199750.0";"3.969872"
"199760.0";"3.724268"
"199770.0";"3.544889"
"199780.0";"3.303936"
"199790.0";"3.403598"
"199800.0";"3.629086"
"199810.0";"3.683655"
"199820.0";"3.872713"
"199830.0";"3.957799"
"199840.0";"3.994092"
"199850.0";"4.01699"
"199860.0";"3.89238"
"199870.0";"4.090248"
"199880.0";"3.896473"
"199890.0";"3.845013"
"199900.0";"3.975724"
"199910.0";"3.904247"
"199920.0";"4.026371"
"199930.0";"4.122972"
"199940.0";"4.291749"
"199950.0";"4.395776"
"199960.0";"4.58878"
"199970.0";"4.568512"
"199980.0";"4.515868"
"199990.0";"4.496562"
"200000.0";"4.579352"
"200010.0";"4.6875"
"200020.0";"4.721903"
"200030.0";"4.802315"
"200040.0";"4.572526"
"200050.0";"4.437369"
"200060.0";"4.630871"
"200070.0";"4.877748"
"200080.0";"4.932642"
"200090.0";"4.991976"
"200100.0";"4.89782"
"200110.0";"4.74096"
"200120.0";"4.588455"
"200130.0";"4.543054"
"200140.0";"4.444649"
"200150.0";"4.593585"
"200160.0";"4.475975"
"200170.0";"4.086963"
"200180.0";"4.254875"
"200190.0";"4.678986"
"200200.0";"4.822608"
"200210.0";"4.785568"
"200220.0";"4.896817"
"200230.0";"4.956911"
"200240.0";"5.123775"
"200250.0";"4.839623"
"200260.0";"4.960382"
"200270.0";"4.871407"
"200280.0";"4.638312"
"200290.0";"4.79678"
"200300.0";"4.805527"
"200310.0";"4.65386"
"200320.0";"4.766935"
"200330.0";"4.788037"
"200340.0";"4.699981"
"200350.0";"4.830022"
"200360.0";"4.891368"
"200370.0";"5.079632"
"200380.0";"5.128267"
"200390.0";"5.062559"
"200400.0";"4.698499"
"200410.0";"4.477017"
"200420.0";"4.285644"
"200430.0";"4.382196"
"200440.0";"4.488983"
"200450.0";"4.507727"
"200460.0";"4.381606"
"200470.0";"4.430993"
"200480.0";"4.222934"
"200490.0";"4.337196"
"200500.0";"4.374078"
"200510.0";"4.128523"
"200520.0";"4.131223"
"200530.0";"4.196867"
"200540.0";"4.101347"
"200550.0";"4.273112"
"200560.0";"4.27064"
"200570.0";"4.205167"
"200580.0";"4.273345"
"200590.0";"4.409319"
"200600.0";"4.470394"
"200610.0";"4.242516"
"200620.0";"4.241748"
"200630.0";"4.480519"
"200640.0";"4.459129"
"200650.0";"4.380379"
"200660.0";"4.334584"
"200670.0";"4.461463"
"200680.0";"4.311432"
"200690.0";"4.130781"
"200700.0";"4.213976"
"200710.0";"4.228374"
"200720.0";"4.182765"
"200730.0";"4.049388"
"200740.0";"4.070275"
"200750.0";"4.103206"
"200760.0";"4.254179"
"200770.0";"4.130588"
"200780.0";"4.067007"
"200790.0";"4.283297"
"200800.0";"4.256975"
"200810.0";"4.227282"
"200820.0";"4.062205"
"200830.0";"3.918417"
"200840.0";"3.969742"
"200850.0";"4.106792"
"200860.0";"4.332692"
"200870.0";"4.317916"
"200880.0";"4.513755"
"200890.0";"4.66474"
"200900.0";"4.714265"
"200910.0";"4.646315"
"200920.0";"4.742324"
"200930.0";"4.683875"
"200940.0";"4.757383"
"200950.0";"4.744141"
"200960.0";"4.765882"
"200970.0";"4.835513"
"200980.0";"4.926489"
"200990.0";"4.86495"
"201000.0";"4.712969"
"201010.0";"4.67985"
"201020.0";"4.745535"
"201030.0";"4.663468"
"201040.0";"4.466349"
"201050.0";"4.558043"
"201060.0";"4.334141"
"201070.0";"4.252971"
"201080.0";"4.246415"
"201090.0";"4.195478"
"201100.0";"4.078156"
"201110.0";"4.146046"
"201120.0";"4.207304"
"201130.0";"4.194751"
"201140.0";"4.015585"
"201150.0";"3.946661"
"201160.0";"3.834049"
"201170.0";"3.938053"
"201180.0";"3.85701"
"201190.0";"3.701784"
"201200.0";"3.826041"
"201210.0";"3.636467"
"201220.0";"3.761441"
"201230.0";"3.879013"
"201240.0";"3.80516"
"201250.0";"3.861814"
"201260.0";"3.872595"
"201270.0";"3.822119"
"201280.0";"3.905782"
"201290.0";"3.915483"
"201300.0";"4.100991"
"201310.0";"4.10638"
"201320.0";"4.158661"
"201330.0";"4.06914"
"201340.0";"4.097344"
"201350.0";"4.047017"
"201360.0";"4.011402"
"201370.0";"4.011282"
"201380.0";"3.925396"
"201390.0";"4.002864"
"201400.0";"4.046472"
"201410.0";"4.062635"
"201420.0";"4.078496"
"201430.0";"4.183662"
"201440.0";"4.104867"
"201450.0";"4.118972"
"201460.0";"4.270153"
"201470.0";"4.231615"
"201480.0";"4.319057"
"201490.0";"4.245662"
"201500.0";"4.197565"
"201510.0";"4.333157"
"201520.0";"4.322985"
"201530.0";"4.352223"
"201540.0";"4.366922"
"201550.0";"4.286373"
"201560.0";"4.105048"
"201570.0";"4.077277"
"201580.0";"4.088366"
"201590.0";"4.212452"
"201600.0";"4.237567"
"201610.0";"4.231966"
"201620.0";"4.088135"
"201630.0";"4.427908"
"201640.0";"4.245562"
"201650.0";"4.305666"
"201660.0";"4.457455"
"201670.0";"4.585861"
"201680.0";"4.565548"
"201690.0";"4.463964"
"201700.0";"4.27987"
"201710.0";"4.267393"
"201720.0";"4.358325"
"201730.0";"4.481454"
"201740.0";"4.417689"
"201750.0";"4.441949"
"201760.0";"4.467457"
"201770.0";"4.3855"
"201780.0";"4.406044"
"201790.0";"4.339619"
"201800.0";"4.280501"
"201810.0";"4.238841"
"201820.0";"4.297622"
"201830.0";"4.165089"
"201840.0";"4.262738"
"201850.0";"4.243547"
"201860.0";"4.171512"
"201870.0";"4.065808"
"201880.0";"4.042968"
"201890.0";"4.101036"
"201900.0";"4.126857"
"201910.0";"4.156456"
"201920.0";"4.226301"
"201930.0";"4.32175"
"201940.0";"4.36237"
"201950.0";"4.308398"
"201960.0";"4.326313"
"201970.0";"4.436443"
"201980.0";"4.497553"
"201990.0";"4.393582"
"202000.0";"4.085965"
"202010.0";"4.226242"
"202020.0";"4.13573"
"202030.0";"4.129904"
"202040.0";"4.085151"
"202050.0";"4.074495"
"202060.0";"4.013637"
"202070.0";"4.193115"
"202080.0";"3.967652"
"202090.0";"3.728312"
"202100.0";"3.731969"
"202110.0";"3.616911"
"202120.0";"3.768768"
"202130.0";"3.774068"
"202140.0";"3.709229"
"202150.0";"3.739276"
"202160.0";"4.275843"
"202170.0";"4.388167"
"202180.0";"4.557296"
"202190.0";"4.358817"
"202200.0";"4.023889"
"202210.0";"3.999457"
"202220.0";"3.902579"
"202230.0";"3.81614"
"202240.0";"3.856449"
"202250.0";"4.076714"
"202260.0";"3.981441"
"202270.0";"4.00371"
"202280.0";"3.873399"
"202290.0";"3.759148"
"202300.0";"3.821768"
"202310.0";"3.62104"
"202320.0";"3.667497"
"202330.0";"3.69431"
"202340.0";"3.69082"
"202350.0";"3.533546"
"202360.0";"3.665859"
"202370.0";"3.479809"
"202380.0";"3.714914"
"202390.0";"3.661606"
"202400.0";"3.793792"
"202410.0";"4.038002"
"202420.0";"4.110772"
"202430.0";"4.031661"
"202440.0";"3.870496"
"202450.0";"3.792191"
"202460.0";"3.690259"
"202470.0";"3.690118"
"202480.0";"3.739158"
"202490.0";"3.937577"
"202500.0";"3.802786"
"202510.0";"4.084162"
"202520.0";"4.058632"
"202530.0";"4.023158"
"202540.0";"4.178986"
"202550.0";"4.138019"
"202560.0";"3.983586"
"202570.0";"4.064223"
"202580.0";"3.956923"
"202590.0";"3.772059"
"202600.0";"3.884199"
"202610.0";"3.851112"
"202620.0";"3.981259"
"202630.0";"3.833659"
"202640.0";"3.817494"
"202650.0";"3.846838"
"202660.0";"3.866162"
"202670.0";"3.769015"
"202680.0";"3.687156"
"202690.0";"3.593271"
"202700.0";"3.615385"
"202710.0";"3.722538"
"202720.0";"3.675066"
"202730.0";"3.610841"
"202740.0";"3.797997"
"202750.0";"3.720175"
"202760.0";"3.906733"
"202770.0";"3.952191"
"202780.0";"3.870646"
"202790.0";"3.852082"
"202800.0";"3.977355"
"202810.0";"3.759827"
"202820.0";"3.803245"
"202830.0";"3.891788"
"202840.0";"3.77457"
"202850.0";"3.854877"
"202860.0";"3.851746"
"202870.0";"3.905143"
"202880.0";"4.042652"
"202890.0";"3.835172"
"202900.0";"3.930745"
"202910.0";"4.034776"
"202920.0";"4.132367"
"202930.0";"3.912194"
"202940.0";"3.839139"
"202950.0";"4.001191"
"202960.0";"4.152658"
"202970.0";"4.128757"
"202980.0";"4.394563"
"202990.0";"4.293436"
"203000.0";"4.354547"
"203010.0";"4.339254"
"203020.0";"4.430852"
"203030.0";"4.381943"
"203040.0";"4.376013"
"203050.0";"4.383151"
"203060.0";"4.186162"
"203070.0";"4.049098"
"203080.0";"3.865913"
"203090.0";"3.980891"
"203100.0";"3.874907"
"203110.0";"3.770303"
"203120.0";"3.842124"
"203130.0";"3.68463"
"203140.0";"3.700698"
"203150.0";"3.708145"
"203160.0";"3.725378"
"203170.0";"3.721033"
"203180.0";"3.680038"
"203190.0";"3.729243"
"203200.0";"3.677886"
"203210.0";"3.606847"
"203220.0";"3.572433"
"203230.0";"3.485867"
"203240.0";"3.501292"
"203250.0";"3.428449"
"203260.0";"3.411056"
"203270.0";"3.311298"
"203280.0";"3.327357"
"203290.0";"3.096933"
"203300.0";"3.321443"
"203310.0";"3.521233"
"203320.0";"3.455558"
"203330.0";"3.434147"
"203340.0";"3.366907"
"203350.0";"3.233644"
"203360.0";"3.256921"
"203370.0";"3.306605"
"203380.0";"3.11753"
"203390.0";"2.925912"
"203400.0";"2.588867"
"203410.0";"2.520802"
"203420.0";"2.253625"
"203430.0";"2.301775"
"203440.0";"2.231157"
"203450.0";"2.573236"
"203460.0";"2.453913"
"203470.0";"2.575907"
"203480.0";"2.452049"
"203490.0";"2.360435"
"203500.0";"2.336427"
"203510.0";"2.513193"
"203520.0";"2.410562"
"203530.0";"2.402314"
"203540.0";"2.304261"
"203550.0";"2.163225"
"203560.0";"2.214072"
"203570.0";"2.20001"
"203580.0";"2.23"
"203590.0";"2.288528"
"203600.0";"2.278431"
"203610.0";"2.233616"
"203620.0";"2.305353"
"203630.0";"2.271093"
"203640.0";"2.171193"
"203650.0";"2.166118"
"203660.0";"2.135755"
"203670.0";"2.049767"
"203680.0";"2.041222"
"203690.0";"2.072496"
"203700.0";"2.306449"
"203710.0";"2.004238"
"203720.0";"2.077294"
"203730.0";"2.130405"
"203740.0";"2.121795"
"203750.0";"2.168811"
"203760.0";"2.17194"
"203770.0";"1.970149"
"203780.0";"1.916241"
"203790.0";"1.864711"
"203800.0";"2.006455"
"203810.0";"2.073395"
"203820.0";"2.042362"
"203830.0";"2.122056"
"203840.0";"2.124558"
"203850.0";"2.101854"
"203860.0";"2.154235"
"203870.0";"2.146603"
"203880.0";"2.06796"
"203890.0";"2.150637"
"203900.0";"2.100351"
"203910.0";"2.175739"
"203920.0";"2.118113"
"203930.0";"2.027514"
"203940.0";"2.208035"
"203950.0";"2.15935"
"203960.0";"2.093127"
"203970.0";"2.117191"
"203980.0";"2.086647"
"203990.0";"2.113992"
"204000.0";"2.09174"
"204010.0";"2.120733"
"204020.0";"2.040354"
"204030.0";"2.033261"
"204040.0";"2.075257"
"204050.0";"2.070437"
"204060.0";"2.09303"
"204070.0";"2.076742"
"204080.0";"2.226066"
"204090.0";"2.408622"
"204100.0";"2.383242"
"204110.0";"2.360584"
"204120.0";"2.238588"
"204130.0";"2.127765"
"204140.0";"2.277222"
"204150.0";"2.204915"
"204160.0";"2.251987"
"204170.0";"2.275185"
"204180.0";"2.527894"
"204190.0";"2.470107"
"204200.0";"2.45108"
"204210.0";"2.347671"
"204220.0";"2.328058"
"204230.0";"2.262063"
"204240.0";"2.167737"
"204250.0";"2.341213"
"204260.0";"2.178849"
"204270.0";"2.267291"
"204280.0";"2.276077"
"204290.0";"2.27285"
"204300.0";"2.084867"
"204310.0";"2.21648"
"204320.0";"2.140899"
"204330.0";"2.118623"
"204340.0";"2.204915"
"204350.0";"2.27751"
"204360.0";"2.17842"
"204370.0";"2.15193"
"204380.0";"2.313591"
"204390.0";"2.364083"
"204400.0";"2.307994"
"204410.0";"2.309318"
"204420.0";"2.240335"
"204430.0";"2.451584"
"204440.0";"2.286596"
"204450.0";"2.1829"
"204460.0";"2.253753"
"204470.0";"2.308164"
"204480.0";"2.269875"
"204490.0";"2.174894"
"204500.0";"2.139186"
"204510.0";"2.306673"
"204520.0";"2.313777"
"204530.0";"2.306923"
"204540.0";"2.343062"
"204550.0";"2.351161"
"204560.0";"2.368198"
"204570.0";"2.272842"
"204580.0";"2.261361"
"204590.0";"2.352338"
"204600.0";"2.361121"
"204610.0";"2.318667"
"204620.0";"2.258046"
"204630.0";"2.247246"
"204640.0";"2.270122"
"204650.0";"2.221163"
"204660.0";"2.207546"
"204670.0";"2.197978"
"204680.0";"2.280078"
"204690.0";"2.335768"
"204700.0";"2.221413"
"204710.0";"2.257033"
"204720.0";"2.169528"
"204730.0";"2.375027"
"204740.0";"2.340394"
"204750.0";"2.26624"
"204760.0";"2.198707"
"204770.0";"2.351403"
"204780.0";"2.338588"
"204790.0";"2.42672"
"204800.0";"2.37381"
"204810.0";"2.283514"
"204820.0";"2.265847"
"204830.0";"2.215101"
"204840.0";"2.121858"
"204850.0";"2.312266"
"204860.0";"2.16217"
"204870.0";"2.101092"
"204880.0";"2.145302"
"204890.0";"2.141924"
"204900.0";"2.215561"
"204910.0";"2.158515"
"204920.0";"2.104533"
"204930.0";"2.118753"
"204940.0";"2.132746"
"204950.0";"2.014268"
"204960.0";"2.038909"
"204970.0";"2.186131"
"204980.0";"2.114962"
"204990.0";"2.118553"
"205000.0";"2.018935"
"205010.0";"2.070011"
"205020.0";"2.044666"
"205030.0";"2.159265"
"205040.0";"2.042892"
"205050.0";"2.091673"
"205060.0";"2.093287"
"205070.0";"2.054105"
"205080.0";"2.221098"
"205090.0";"2.215386"
"205100.0";"2.180691"
"205110.0";"2.198707"
"205120.0";"2.049827"
"205130.0";"2.140584"
"205140.0";"2.078609"
"205150.0";"2.134767"
"205160.0";"2.234862"
"205170.0";"2.310511"
"205180.0";"2.239317"
"205190.0";"2.153516"
"205200.0";"2.251364"
"205210.0";"2.371204"
"205220.0";"2.298553"
"205230.0";"2.417101"
"205240.0";"2.3825"
"205250.0";"2.302873"
"205260.0";"2.195142"
"205270.0";"2.258179"
"205280.0";"2.175476"
"205290.0";"2.211687"
"205300.0";"2.185517"
"205310.0";"2.236693"
"205320.0";"2.196085"
"205330.0";"2.228659"
"205340.0";"2.239917"
"205350.0";"2.267348"
"205360.0";"2.228773"
"205370.0";"2.364854"
"205380.0";"2.369875"
"205390.0";"2.2113"
"205400.0";"2.1853"
"205410.0";"2.263283"
"205420.0";"2.259189"
"205430.0";"2.255459"
"205440.0";"2.159461"
"205450.0";"2.106325"
"205460.0";"2.212924"
"205470.0";"2.263175"
"205480.0";"2.101369"
"205490.0";"2.166328"
"205500.0";"2.222418"
"205510.0";"2.160665"
"205520.0";"2.286609"
"205530.0";"2.197113"
"205540.0";"2.289269"
"205550.0";"2.361649"
"205560.0";"2.477253"
"205570.0";"2.336306"
"205580.0";"2.368727"
"205590.0";"2.382773"
"205600.0";"2.221973"
"205610.0";"2.250779"
"205620.0";"2.254591"
"205630.0";"2.301072"
"205640.0";"2.231459"
"205650.0";"2.326932"
"205660.0";"2.226627"
"205670.0";"2.162639"
"205680.0";"2.30976"
"205690.0";"2.148707"
"205700.0";"2.145541"
"205710.0";"2.214438"
"205720.0";"2.089244"
"205730.0";"2.105688"
"205740.0";"2.058835"
"205750.0";"2.002061"
"205760.0";"2.070516"
"205770.0";"2.018306"
"205780.0";"2.04722"
"205790.0";"2.026244"
"205800.0";"1.993519"
"205810.0";"2.022901"
"205820.0";"2.099893"
"205830.0";"2.299971"
"205840.0";"2.214127"
"205850.0";"2.102853"
"205860.0";"2.164248"
"205870.0";"2.070855"
"205880.0";"2.217026"
"205890.0";"2.293055"
"205900.0";"2.269217"
"205910.0";"2.171503"
"205920.0";"2.266287"
"205930.0";"2.182693"
"205940.0";"2.253126"
"205950.0";"2.202494"
"205960.0";"2.28837"
"205970.0";"2.299231"
"205980.0";"2.291572"
"205990.0";"2.216342"
"206000.0";"2.134457"
"206010.0";"2.105315"
"206020.0";"2.048208"
"206030.0";"2.149012"
"206040.0";"2.060178"
"206050.0";"2.120761"
"206060.0";"2.035213"
"206070.0";"2.078998"
"206080.0";"2.10803"
"206090.0";"2.091796"
"206100.0";"2.140755"
"206110.0";"2.162501"
"206120.0";"2.162014"
"206130.0";"2.138289"
"206140.0";"2.059094"
"206150.0";"2.110842"
"206160.0";"2.154062"
"206170.0";"2.139679"
"206180.0";"2.372364"
"206190.0";"2.23414"
"206200.0";"2.145387"
"206210.0";"2.121442"
"206220.0";"2.156862"
"206230.0";"2.282448"
"206240.0";"2.204839"
"206250.0";"2.164919"
"206260.0";"2.329837"
"206270.0";"2.237867"
"206280.0";"2.308684"
"206290.0";"2.342355"
"206300.0";"2.175915"
"206310.0";"2.21286"
"206320.0";"2.289115"
"206330.0";"2.295938"
"206340.0";"2.007936"
"206350.0";"2.212128"
"206360.0";"2.19962"
"206370.0";"2.177701"
"206380.0";"2.230118"
"206390.0";"2.148099"
"206400.0";"2.164697"
"206410.0";"2.094374"
"206420.0";"2.203859"
"206430.0";"2.151236"
"206440.0";"2.15803"
"206450.0";"2.188607"
"206460.0";"2.237214"
"206470.0";"2.254769"
"206480.0";"2.124744"
"206490.0";"2.205327"
"206500.0";"2.156501"
"206510.0";"2.23263"
"206520.0";"2.065547"
"206530.0";"2.101168"
"206540.0";"2.087017"
"206550.0";"2.1037"
"206560.0";"2.22863"
"206570.0";"2.159333"
"206580.0";"2.290723"
"206590.0";"2.17544"
"206600.0";"2.164546"
"206610.0";"2.167017"
"206620.0";"2.119481"
"206630.0";"2.204115"
"206640.0";"2.202956"
"206650.0";"2.073327"
"206660.0";"1.971028"
"206670.0";"2.122482"
"206680.0";"2.190597"
"206690.0";"2.186208"
"206700.0";"2.322863"
"206710.0";"2.25901"
"206720.0";"2.116431"
"206730.0";"2.045739"
"206740.0";"2.131656"
"206750.0";"2.017092"
"206760.0";"2.092334"
"206770.0";"2.055341"
"206780.0";"2.144493"
"206790.0";"2.194896"
"206800.0";"2.020839"
"206810.0";"2.105705"
"206820.0";"2.130145"
"206830.0";"2.090719"
"206840.0";"2.116548"
"206850.0";"2.152657"
"206860.0";"2.041522"
"206870.0";"2.024415"
"206880.0";"2.089317"
"206890.0";"2.129723"
"206900.0";"2.158437"
"206910.0";"2.098413"
"206920.0";"2.229751"
"206930.0";"2.199176"
"206940.0";"2.107161"
"206950.0";"2.143807"
"206960.0";"2.18354"
"206970.0";"2.143363"
"206980.0";"2.227074"
"206990.0";"2.286723"
"207000.0";"2.330199"
"207010.0";"2.232341"
"207020.0";"2.189515"
"207030.0";"2.129497"
"207040.0";"2.221754"
"207050.0";"2.110979"
"207060.0";"2.076529"
"207070.0";"2.198224"
"207080.0";"2.23266"
"207090.0";"2.148009"
"207100.0";"2.151964"
"207110.0";"2.125629"
"207120.0";"2.163731"
"207130.0";"2.14945"
"207140.0";"2.089426"
"207150.0";"2.13244"
"207160.0";"2.085315"
"207170.0";"2.060552"
"207180.0";"2.039967"
"207190.0";"2.105124"
"207200.0";"2.103334"
"207210.0";"2.035402"
"207220.0";"1.97007"
"207230.0";"1.956706"
"207240.0";"1.946333"
"207250.0";"1.999056"
"207260.0";"2.08794"
"207270.0";"2.094831"
"207280.0";"2.01263"
"207290.0";"2.038719"
"207300.0";"2.164874"
"207310.0";"2.032711"
"207320.0";"2.062335"
"207330.0";"2.011462"
"207340.0";"2.026088"
"207350.0";"2.121015"
"207360.0";"2.1663"
"207370.0";"2.097091"
"207380.0";"2.086516"
"207390.0";"2.128082"
"207400.0";"2.150402"
"207410.0";"2.168592"
"207420.0";"2.135494"
"207430.0";"2.161808"
"207440.0";"2.097732"
"207450.0";"2.142402"
"207460.0";"2.210007"
"207470.0";"2.148521"
"207480.0";"2.184344"
"207490.0";"2.262834"
"207500.0";"2.088664"
"207510.0";"2.138853"
"207520.0";"2.080289"
"207530.0";"2.111804"
"207540.0";"2.105168"
"207550.0";"2.141394"
"207560.0";"2.111653"
"207570.0";"2.202852"
"207580.0";"2.258476"
"207590.0";"2.043943"
"207600.0";"2.0155"
"207610.0";"2.018892"
"207620.0";"2.129057"
"207630.0";"2.182146"
"207640.0";"2.246622"
"207650.0";"2.310296"
"207660.0";"2.185191"
"207670.0";"2.187058"
"207680.0";"2.198877"
"207690.0";"2.176"
"207700.0";"2.240101"
"207710.0";"2.221782"
"207720.0";"2.220275"
"207730.0";"2.129445"
"207740.0";"2.221623"
"207750.0";"2.155501"
"207760.0";"2.22564"
"207770.0";"2.203964"
"207780.0";"2.229428"
"207790.0";"2.275081"
"207800.0";"2.131147"
"207810.0";"2.250023"
"207820.0";"2.163861"
"207830.0";"2.211219"
"207840.0";"2.262601"
"207850.0";"2.093551"
"207860.0";"2.270293"
"207870.0";"2.186648"
"207880.0";"2.214948"
"207890.0";"2.238255"
"207900.0";"2.266943"
"207910.0";"2.265609"
"207920.0";"2.224389"
"207930.0";"2.106532"
"207940.0";"2.198931"
"207950.0";"2.151732"
"207960.0";"2.15353"
"207970.0";"2.078549"
"207980.0";"2.198"
"207990.0";"2.380798"
"208000.0";"2.344886"
"208010.0";"2.358805"
"208020.0";"2.314652"
"208030.0";"2.271243"
"208040.0";"2.319026"
"208050.0";"2.206094"
"208060.0";"2.292338"
"208070.0";"2.21261"
"208080.0";"2.284236"
"208090.0";"2.206613"
"208100.0";"2.190711"
"208110.0";"2.145908"
"208120.0";"2.102973"
"208130.0";"2.257336"
"208140.0";"2.156882"
"208150.0";"2.221099"
"208160.0";"2.114921"
"208170.0";"2.153421"
"208180.0";"2.10866"
"208190.0";"2.209013"
"208200.0";"2.133494"
"208210.0";"2.077332"
"208220.0";"2.180553"
"208230.0";"2.191642"
"208240.0";"2.102091"
"208250.0";"2.122983"
"208260.0";"2.117797"
"208270.0";"2.042318"
"208280.0";"2.125508"
"208290.0";"2.179643"
"208300.0";"2.231627"
"208310.0";"2.173646"
"208320.0";"2.14577"
"208330.0";"2.072919"
"208340.0";"2.00221"
"208350.0";"2.099366"
"208360.0";"2.174769"
"208370.0";"2.152425"
"208380.0";"2.135246"
"208390.0";"2.307829"
"208400.0";"2.19885"
"208410.0";"2.181331"
"208420.0";"2.107155"
"208430.0";"2.158001"
"208440.0";"2.2064"
"208450.0";"2.075116"
"208460.0";"2.210541"
"208470.0";"2.310816"
"208480.0";"2.292071"
"208490.0";"2.148175"
"208500.0";"2.032142"
"208510.0";"1.976678"
"208520.0";"2.132053"
"208530.0";"2.21813"
"208540.0";"2.139472"
"208550.0";"2.064962"
"208560.0";"2.133495"
"208570.0";"2.252607"
"208580.0";"2.064151"
"208590.0";"2.232411"
"208600.0";"2.216856"
"208610.0";"2.170155"
"208620.0";"2.182776"
"208630.0";"2.160923"
"208640.0";"2.16817"
"208650.0";"2.087767"
"208660.0";"2.164808"
"208670.0";"2.254057"
"208680.0";"2.343299"
"208690.0";"2.298973"
"208700.0";"2.382962"
"208710.0";"2.224397"
"208720.0";"2.096014"
"208730.0";"2.078681"
"208740.0";"2.198075"
"208750.0";"2.09282"
"208760.0";"2.123329"
"208770.0";"2.17055"
"208780.0";"2.077487"
"208790.0";"2.097222"
"208800.0";"2.019671"
"208810.0";"2.129233"
"208820.0";"2.202583"
"208830.0";"2.142203"
"208840.0";"2.224446"
"208850.0";"2.153359"
"208860.0";"2.368326"
"208870.0";"2.426322"
"208880.0";"2.275048"
"208890.0";"2.347909"
"208900.0";"2.218279"
"208910.0";"2.219536"
"208920.0";"2.13692"
"208930.0";"2.146596"
"208940.0";"2.19463"
"208950.0";"2.141599"
"208960.0";"2.275898"
"208970.0";"2.30595"
"208980.0";"2.302487"
"208990.0";"2.116629"
"209000.0";"2.012248"
"209010.0";"2.065031"
"209020.0";"2.074359"
"209030.0";"2.024224"
"209040.0";"2.039373"
"209050.0";"2.121289"
"209060.0";"2.026968"
"209070.0";"2.120415"
"209080.0";"2.084983"
"209090.0";"2.156589"
"209100.0";"2.166713"
"209110.0";"2.145607"
"209120.0";"2.142866"
"209130.0";"2.141365"
"209140.0";"2.324219"
"209150.0";"2.230503"
"209160.0";"2.29012"
"209170.0";"2.306919"
"209180.0";"2.150786"
"209190.0";"2.297821"
"209200.0";"2.133789"
"209210.0";"2.139038"
"209220.0";"2.178278"
"209230.0";"2.11248"
"209240.0";"2.100082"
"209250.0";"2.202176"
"209260.0";"2.188831"
"209270.0";"2.117643"
"209280.0";"2.228278"
"209290.0";"2.2193"
"209300.0";"2.152081"
"209310.0";"2.24953"
"209320.0";"2.114372"
"209330.0";"2.007275"
"209340.0";"2.107629"
"209350.0";"2.093287"
"209360.0";"2.044507"
"209370.0";"2.198209"
"209380.0";"2.116849"
"209390.0";"2.109136"
"209400.0";"2.169784"
"209410.0";"2.170717"
"209420.0";"2.258542"
"209430.0";"2.235654"
"209440.0";"2.274027"
"209450.0";"2.224418"
"209460.0";"2.055665"
"209470.0";"2.072361"
"209480.0";"2.080814"
"209490.0";"2.171239"
"209500.0";"2.115893"
"209510.0";"2.335406"
"209520.0";"2.245118"
"209530.0";"2.186009"
"209540.0";"2.221816"
"209550.0";"2.050921"
"209560.0";"2.097975"
"209570.0";"2.182743"
"209580.0";"2.064121"
"209590.0";"2.144412"
"209600.0";"2.109496"
"209610.0";"1.956308"
"209620.0";"2.081046"
"209630.0";"2.122657"
"209640.0";"2.031251"
"209650.0";"2.156267"
"209660.0";"2.134734"
"209670.0";"2.352782"
"209680.0";"2.191659"
"209690.0";"2.266884"
"209700.0";"2.270331"
"209710.0";"2.409819"
"209720.0";"2.37765"
"209730.0";"2.393658"
"209740.0";"2.345852"
"209750.0";"2.325153"
"209760.0";"2.481168"
"209770.0";"2.367697"
"209780.0";"2.313009"
"209790.0";"2.181199"
"209800.0";"2.229211"
"209810.0";"2.22478"
"209820.0";"2.346546"
"209830.0";"2.412847"
"209840.0";"2.135226"
"209850.0";"2.099149"
"209860.0";"2.245039"
"209870.0";"2.186548"
"209880.0";"2.082978"
"209890.0";"2.056409"
"209900.0";"2.098672"
"209910.0";"2.088245"
"209920.0";"2.108845"
"209930.0";"2.131181"
"209940.0";"2.075308"
"209950.0";"2.167549"
"209960.0";"2.110947"
"209970.0";"2.160678"
"209980.0";"2.128019"
"209990.0";"2.128526"
"210000.0";"2.209216"
"210010.0";"2.07055"
"210020.0";"2.096904"
"210030.0";"2.108213"
"210040.0";"2.137965"
"210050.0";"2.149669"
"210060.0";"2.145302"
"210070.0";"2.249802"
"210080.0";"2.207662"
"210090.0";"2.165412"
"210100.0";"2.136072"
"210110.0";"2.148902"
"210120.0";"2.103591"
"210130.0";"2.100292"
"210140.0";"2.121663"
"210150.0";"2.210426"
"210160.0";"2.35067"
"210170.0";"2.262408"
"210180.0";"2.211272"
"210190.0";"2.156043"
"210200.0";"2.11051"
"210210.0";"2.159352"
"210220.0";"2.10063"
"210230.0";"2.082704"
"210240.0";"2.144971"
"210250.0";"2.128983"
"210260.0";"2.001194"
"210270.0";"2.01096"
"210280.0";"2.024732"
"210290.0";"1.930246"
"210300.0";"2.171221"
"210310.0";"2.129715"
"210320.0";"2.113863"
"210330.0";"2.049964"
"210340.0";"2.112407"
"210350.0";"2.11252"
"210360.0";"2.152713"
"210370.0";"2.250618"
"210380.0";"2.064164"
"210390.0";"2.233549"
"210400.0";"2.120206"
"210410.0";"2.111779"
"210420.0";"2.120078"
"210430.0";"2.091367"
"210440.0";"1.927725"
"210450.0";"2.105155"
"210460.0";"2.139229"
"210470.0";"2.114417"
"210480.0";"2.023882"
"210490.0";"2.06145"
"210500.0";"2.113309"
"210510.0";"2.085746"
"210520.0";"2.061839"
"210530.0";"1.942519"
"210540.0";"1.98697"
"210550.0";"1.962733"
"210560.0";"2.077899"
"210570.0";"2.057427"
"210580.0";"1.989211"
"210590.0";"2.062092"
"210600.0";"2.007958"
"210610.0";"2.08396"
"210620.0";"1.939229"
"210630.0";"1.979431"
"210640.0";"1.951614"
"210650.0";"2.139965"
"210660.0";"2.116426"
"210670.0";"2.040808"
"210680.0";"1.931037"
"210690.0";"1.953038"
"210700.0";"1.879368"
"210710.0";"1.973711"
"210720.0";"1.928218"
"210730.0";"2.000117"
"210740.0";"1.884934"
"210750.0";"1.911444"
"210760.0";"2.097448"
"210770.0";"2.019881"
"210780.0";"1.926548"
"210790.0";"1.998544"
"210800.0";"1.978086"
"210810.0";"2.041557"
"210820.0";"2.113442"
"210830.0";"2.157542"
"210840.0";"2.061318"
"210850.0";"2.051487"
"210860.0";"2.010806"
"210870.0";"2.063959"
"210880.0";"1.999573"
"210890.0";"1.979"
"210900.0";"1.999579"
"210910.0";"1.908275"
"210920.0";"1.948684"
"210930.0";"1.974819"
"210940.0";"2.065908"
"210950.0";"1.921555"
"210960.0";"1.968899"
"210970.0";"2.109264"
"210980.0";"2.114004"
"210990.0";"2.070068"
"211000.0";"1.998541"
"211010.0";"2.069784"
"211020.0";"1.943403"
"211030.0";"1.952379"
"211040.0";"1.986114"
"211050.0";"2.19291"
"211060.0";"2.16434"
"211070.0";"2.085131"
"211080.0";"2.109573"
"211090.0";"2.148452"
"211100.0";"2.232242"
"211110.0";"2.216199"
"211120.0";"2.202516"
"211130.0";"2.156589"
"211140.0";"2.175089"
"211150.0";"2.223751"
"211160.0";"2.134029"
"211170.0";"2.217146"
"211180.0";"2.164833"
"211190.0";"2.086377"
"211200.0";"2.299192"
"211210.0";"2.25473"
"211220.0";"2.166156"
"211230.0";"2.234967"
"211240.0";"2.088599"
"211250.0";"2.134045"
"211260.0";"2.164916"
"211270.0";"2.17065"
"211280.0";"2.148377"
"211290.0";"2.069113"
"211300.0";"2.118276"
"211310.0";"2.139685"
"211320.0";"2.132564"
"211330.0";"2.166378"
"211340.0";"2.133828"
"211350.0";"2.085301"
"211360.0";"2.258579"
"211370.0";"2.209797"
"211380.0";"2.224864"
"211390.0";"2.150846"
"211400.0";"2.12546"
"211410.0";"2.092223"
"211420.0";"2.241685"
"211430.0";"2.251774"
"211440.0";"2.353857"
"211450.0";"2.27305"
"211460.0";"2.347288"
"211470.0";"2.223277"
"211480.0";"2.23784"
"211490.0";"2.227319"
"211500.0";"2.055145"
"211510.0";"2.07566"
"211520.0";"2.049461"
"211530.0";"2.026343"
"211540.0";"2.098981"
"211550.0";"2.048484"
"211560.0";"2.132156"
"211570.0";"1.984989"
"211580.0";"2.031098"
"211590.0";"2.029506"
"211600.0";"2.008378"
"211610.0";"2.069816"
"211620.0";"2.086964"
"211630.0";"2.029794"
"211640.0";"2.00059"
"211650.0";"2.079963"
"211660.0";"2.105603"
"211670.0";"2.025797"
"211680.0";"2.095684"
"211690.0";"2.089721"
"211700.0";"1.98953"
"211710.0";"2.028663"
"211720.0";"1.846843"
"211730.0";"1.902476"
"211740.0";"1.989234"
"211750.0";"1.901765"
"211760.0";"2.004849"
"211770.0";"1.964032"
"211780.0";"1.984408"
"211790.0";"1.994275"
"211800.0";"1.950957"
"211810.0";"1.984626"
"211820.0";"2.120555"
"211830.0";"2.228067"
"211840.0";"2.047827"
"211850.0";"1.896131"
"211860.0";"2.055081"
"211870.0";"2.220557"
"211880.0";"2.086145"
"211890.0";"2.153718"
"211900.0";"2.122314"
"211910.0";"2.067848"
"211920.0";"2.013493"
"211930.0";"2.051146"
"211940.0";"2.078702"
"211950.0";"2.029699"
"211960.0";"2.067187"
"211970.0";"1.999223"
"211980.0";"2.076633"
"211990.0";"2.020002"
"212000.0";"2.033169"
"212010.0";"2.108924"
"212020.0";"2.056883"
"212030.0";"2.034801"
"212040.0";"2.113194"
"212050.0";"2.073816"
"212060.0";"2.14611"
"212070.0";"2.067897"
"212080.0";"2.027"
"212090.0";"2.028126"
"212100.0";"2.01843"
"212110.0";"2.12238"
"212120.0";"1.972873"
"212130.0";"2.1138"
"212140.0";"2.014091"
"212150.0";"2.138899"
"212160.0";"2.102291"
"212170.0";"2.095931"
"212180.0";"2.013157"
"212190.0";"2.135107"
"212200.0";"2.046888"
"212210.0";"2.09847"
"212220.0";"1.914901"
"212230.0";"1.990445"
"212240.0";"1.951339"
"212250.0";"2.065502"
"212260.0";"2.078468"
"212270.0";"2.01086"
"212280.0";"1.948687"
"212290.0";"1.942618"
"212300.0";"1.943047"
"212310.0";"2.072106"
"212320.0";"1.906121"
"212330.0";"1.940692"
"212340.0";"1.980429"
"212350.0";"1.82788"
"212360.0";"2.013248"
"212370.0";"1.984515"
"212380.0";"1.963054"
"212390.0";"1.933314"
"212400.0";"2.008738"
"212410.0";"2.034456"
"212420.0";"2.005342"
"212430.0";"1.940544"
"212440.0";"2.012444"
"212450.0";"1.987817"
"212460.0";"1.916787"
"212470.0";"1.951129"
"212480.0";"1.882472"
"212490.0";"1.919978"
"212500.0";"1.90983"
"212510.0";"1.831165"
"212520.0";"1.971073"
"212530.0";"1.972766"
"212540.0";"1.996846"
"212550.0";"1.992532"
"212560.0";"1.919736"
"212570.0";"1.844926"
"212580.0";"1.987766"
"212590.0";"2.016274"
"212600.0";"1.97197"
"212610.0";"2.184298"
"212620.0";"2.044271"
"212630.0";"2.031219"
"212640.0";"2.020749"
"212650.0";"2.033041"
"212660.0";"2.042225"
"212670.0";"2.029383"
"212680.0";"1.947242"
"212690.0";"1.961142"
"212700.0";"1.960462"
"212710.0";"1.965383"
"212720.0";"1.859589"
"212730.0";"1.867621"
"212740.0";"1.867177"
"212750.0";"1.850606"
"212760.0";"1.789557"
"212770.0";"1.678162"
"212780.0";"1.942205"
"212790.0";"2.008532"
"212800.0";"2.10551"
"212810.0";"2.102084"
"212820.0";"2.096548"
"212830.0";"1.997266"
"212840.0";"2.112396"
"212850.0";"2.098854"
"212860.0";"2.062163"
"212870.0";"2.068488"
"212880.0";"2.028928"
"212890.0";"2.076412"
"212900.0";"2.01183"
"212910.0";"2.058798"
"212920.0";"2.049256"
"212930.0";"2.144776"
"212940.0";"1.960078"
"212950.0";"2.021591"
"212960.0";"2.113915"
"212970.0";"2.05104"
"212980.0";"2.044544"
"212990.0";"2.06003"
"213000.0";"1.913671"
"213010.0";"2.164884"
"213020.0";"2.029565"
"213030.0";"2.091162"
"213040.0";"2.035618"
"213050.0";"2.07883"
"213060.0";"2.02906"
"213070.0";"2.009036"
"213080.0";"2.081785"
"213090.0";"2.05693"
"213100.0";"1.972188"
"213110.0";"1.959638"
"213120.0";"2.16073"
"213130.0";"2.001771"
"213140.0";"2.098659"
"213150.0";"1.966561"
"213160.0";"2.047272"
"213170.0";"2.090869"
"213180.0";"2.018631"
"213190.0";"1.991745"
"213200.0";"2.088557"
"213210.0";"2.076594"
"213220.0";"2.079248"
"213230.0";"2.032004"
"213240.0";"2.034376"
"213250.0";"2.122048"
"213260.0";"2.009718"
"213270.0";"2.046103"
"213280.0";"2.02731"
"213290.0";"2.017619"
"213300.0";"1.983244"
"213310.0";"2.028655"
"213320.0";"1.837965"
"213330.0";"1.920511"
"213340.0";"2.059453"
"213350.0";"2.071789"
"213360.0";"2.065885"
"213370.0";"2.045284"
"213380.0";"1.968953"
"213390.0";"2.154432"
"213400.0";"2.133106"
"213410.0";"2.010862"
"213420.0";"2.181752"
"213430.0";"2.240614"
"213440.0";"2.109546"
"213450.0";"2.163486"
"213460.0";"2.135164"
"213470.0";"2.256292"
"213480.0";"2.313284"
"213490.0";"2.199084"
"213500.0";"2.218973"
"213510.0";"2.156049"
"213520.0";"2.197912"
"213530.0";"2.144186"
"213540.0";"2.166133"
"213550.0";"2.17763"
"213560.0";"2.214659"
"213570.0";"2.088514"
"213580.0";"2.182665"
"213590.0";"2.273267"
"213600.0";"2.182489"
"213610.0";"2.196531"
"213620.0";"2.135748"
"213630.0";"2.25"
"213640.0";"2.250845"
"213650.0";"2.091532"
"213660.0";"2.095101"
"213670.0";"2.039463"
"213680.0";"1.997467"
"213690.0";"2.041227"
"213700.0";"1.947506"
"213710.0";"2.107104"
"213720.0";"1.998869"
"213730.0";"1.987529"
"213740.0";"2.117324"
"213750.0";"2.056555"
"213760.0";"1.994162"
"213770.0";"2.102415"
"213780.0";"2.00702"
"213790.0";"1.955024"
"213800.0";"2.050144"
"213810.0";"2.087059"
"213820.0";"2.126092"
"213830.0";"2.085302"
"213840.0";"2.073614"
"213850.0";"2.052276"
"213860.0";"2.119779"
"213870.0";"2.110977"
"213880.0";"2.189628"
"213890.0";"2.218944"
"213900.0";"2.170468"
"213910.0";"2.231721"
"213920.0";"2.165442"
"213930.0";"2.16423"
"213940.0";"2.135387"
"213950.0";"2.2103"
"213960.0";"2.035602"
"213970.0";"2.181142"
"213980.0";"2.044551"
"213990.0";"2.052754"
"214000.0";"2.097202"
"214010.0";"1.990228"
"214020.0";"1.897403"
"214030.0";"2.012439"
"214040.0";"2.046135"
"214050.0";"2.036564"
"214060.0";"1.986536"
"214070.0";"2.120714"
"214080.0";"2.115455"
"214090.0";"2.084394"
"214100.0";"2.115263"
"214110.0";"2.163719"
"214120.0";"2.121016"
"214130.0";"2.072748"
"214140.0";"2.118003"
"214150.0";"2.093685"
"214160.0";"1.990688"
"214170.0";"2.069615"
"214180.0";"2.007373"
"214190.0";"2.056809"
"214200.0";"1.953015"
"214210.0";"1.80974"
"214220.0";"1.965415"
"214230.0";"2.056761"
"214240.0";"2.012525"
"214250.0";"2.058881"
"214260.0";"2.085438"
"214270.0";"2.087293"
"214280.0";"2.03813"
"214290.0";"2.089487"
"214300.0";"2.036609"
"214310.0";"2.078773"
"214320.0";"2.098794"
"214330.0";"1.905472"
"214340.0";"1.969818"
"214350.0";"2.015433"
"214360.0";"2.083891"
"214370.0";"2.131906"
"214380.0";"2.06536"
"214390.0";"2.073664"
"214400.0";"1.951249"
"214410.0";"2.02365"
"214420.0";"2.029912"
"214430.0";"2.151466"
"214440.0";"2.026063"
"214450.0";"2.07321"
"214460.0";"2.070513"
"214470.0";"2.112037"
"214480.0";"2.090988"
"214490.0";"1.909187"
"214500.0";"1.942817"
"214510.0";"2.020635"
"214520.0";"1.966713"
"214530.0";"1.885272"
"214540.0";"2.045329"
"214550.0";"2.078962"
"214560.0";"2.09348"
"214570.0";"2.066283"
"214580.0";"1.931853"
"214590.0";"2.04495"
"214600.0";"1.914879"
"214610.0";"1.954526"
"214620.0";"2.023075"
"214630.0";"2.065128"
"214640.0";"1.986449"
"214650.0";"1.967191"
"214660.0";"2.023242"
"214670.0";"1.992961"
"214680.0";"2.121627"
"214690.0";"2.056792"
"214700.0";"2.074369"
"214710.0";"2.00741"
"214720.0";"2.052212"
"214730.0";"1.995048"
"214740.0";"1.968884"
"214750.0";"1.969254"
"214760.0";"2.038544"
"214770.0";"2.025344"
"214780.0";"2.058723"
"214790.0";"1.989474"
"214800.0";"2.030419"
"214810.0";"2.049182"
"214820.0";"1.999722"
"214830.0";"2.012417"
"214840.0";"2.042987"
"214850.0";"2.023427"
"214860.0";"2.002101"
"214870.0";"2.005358"
"214880.0";"2.07236"
"214890.0";"1.967423"
"214900.0";"2.020907"
"214910.0";"1.964576"
"214920.0";"1.955161"
"214930.0";"2.168549"
"214940.0";"1.991642"
"214950.0";"2.082854"
"214960.0";"1.991184"
"214970.0";"2.123503"
"214980.0";"2.050608"
"214990.0";"2.032997"
"215000.0";"1.986729"
"215010.0";"2.173821"
"215020.0";"2.052067"
"215030.0";"1.951344"
"215040.0";"1.894606"
"215050.0";"1.977028"
"215060.0";"2.037064"
"215070.0";"2.09828"
"215080.0";"1.89884"
"215090.0";"2.002405"
"215100.0";"1.933217"
"215110.0";"1.91288"
"215120.0";"1.925308"
"215130.0";"2.021196"
"215140.0";"1.948055"
"215150.0";"2.041621"
"215160.0";"1.977143"
"215170.0";"2.035235"
"215180.0";"2.070151"
"215190.0";"2.068095"
"215200.0";"1.998729"
"215210.0";"1.952551"
"215220.0";"2.066416"
"215230.0";"2.136029"
"215240.0";"2.142143"
"215250.0";"2.13055"
"215260.0";"2.084022"
"215270.0";"2.112496"
"215280.0";"2.06019"
"215290.0";"2.157659"
"215300.0";"2.163335"
"215310.0";"2.015179"
"215320.0";"2.170841"
"215330.0";"2.188674"
"215340.0";"2.069879"
"215350.0";"2.087634"
"215360.0";"2.273185"
"215370.0";"2.126029"
"215380.0";"2.055866"
"215390.0";"2.071113"
"215400.0";"1.95437"
"215410.0";"1.978846"
"215420.0";"1.952208"
"215430.0";"1.95144"
"215440.0";"2.1791"
"215450.0";"2.24563"
"215460.0";"2.121618"
"215470.0";"2.194524"
"215480.0";"2.040791"
"215490.0";"2.085437"
"215500.0";"2.084991"
"215510.0";"2.11234"
"215520.0";"2.169495"
"215530.0";"2.024454"
"215540.0";"2.074831"
"215550.0";"2.109622"
"215560.0";"2.032185"
"215570.0";"2.047089"
"215580.0";"2.112333"
"215590.0";"2.150464"
"215600.0";"2.301588"
"215610.0";"2.218572"
"215620.0";"2.076455"
"215630.0";"2.09768"
"215640.0";"2.138784"
"215650.0";"2.135608"
"215660.0";"2.16803"
"215670.0";"2.235833"
"215680.0";"2.167339"
"215690.0";"2.134647"
"215700.0";"2.097395"
"215710.0";"2.054852"
"215720.0";"2.082262"
"215730.0";"2.23059"
"215740.0";"2.242113"
"215750.0";"2.102699"
"215760.0";"2.097381"
"215770.0";"2.195385"
"215780.0";"2.176431"
"215790.0";"2.01083"
"215800.0";"2.051826"
"215810.0";"2.124957"
"215820.0";"1.991748"
"215830.0";"2.152351"
"215840.0";"2.186439"
"215850.0";"2.084754"
"215860.0";"2.199447"
"215870.0";"2.198419"
"215880.0";"2.168259"
"215890.0";"2.086782"
"215900.0";"2.145545"
"215910.0";"2.09485"
"215920.0";"2.123883"
"215930.0";"1.991892"
"215940.0";"2.118976"
"215950.0";"2.028371"
"215960.0";"2.095483"
"215970.0";"2.08518"
"215980.0";"2.054769"
"215990.0";"2.0371"
"216000.0";"2.12941"
"216010.0";"2.075537"
"216020.0";"2.064775"
"216030.0";"2.130731"
"216040.0";"2.030957"
"216050.0";"1.956976"
"216060.0";"2.017013"
"216070.0";"2.111128"
"216080.0";"2.016298"
"216090.0";"2.051543"
"216100.0";"1.95057"
"216110.0";"2.067263"
"216120.0";"2.135207"
"216130.0";"2.125969"
"216140.0";"2.221222"
"216150.0";"2.099642"
"216160.0";"2.03133"
"216170.0";"2.043761"
"216180.0";"2.07772"
"216190.0";"2.04408"
"216200.0";"1.992702"
"216210.0";"2.028678"
"216220.0";"2.159562"
"216230.0";"2.096741"
"216240.0";"2.16691"
"216250.0";"2.104494"
"216260.0";"2.171452"
"216270.0";"2.21593"
"216280.0";"2.165202"
"216290.0";"2.227467"
"216300.0";"2.107997"
"216310.0";"2.261361"
"216320.0";"2.099855"
"216330.0";"2.197893"
"216340.0";"2.22132"
"216350.0";"2.208977"
"216360.0";"2.140627"
"216370.0";"2.085968"
"216380.0";"2.083363"
"216390.0";"2.17739"
"216400.0";"2.078173"
"216410.0";"2.119714"
"216420.0";"2.057484"
"216430.0";"2.143331"
"216440.0";"2.078386"
"216450.0";"2.163217"
"216460.0";"2.025065"
"216470.0";"2.026065"
"216480.0";"2.104942"
"216490.0";"2.123727"
"216500.0";"2.129755"
"216510.0";"1.932554"
"216520.0";"1.942215"
"216530.0";"2.07478"
"216540.0";"1.973699"
"216550.0";"1.973939"
"216560.0";"2.013092"
"216570.0";"1.933073"
"216580.0";"2.051666"
"216590.0";"2.057176"
"216600.0";"2.153849"
"216610.0";"2.006432"
"216620.0";"2.052789"
"216630.0";"2.071993"
"216640.0";"1.973149"
"216650.0";"2.055638"
"216660.0";"1.925819"
"216670.0";"1.936832"
"216680.0";"1.936015"
"216690.0";"2.000107"
"216700.0";"2.030957"
"216710.0";"2.058831"
"216720.0";"2.009462"
"216730.0";"2.17644"
"216740.0";"2.092504"
"216750.0";"2.05296"
"216760.0";"2.087674"
"216770.0";"2.097388"
"216780.0";"2.086699"
"216790.0";"2.093854"
"216800.0";"2.063171"
"216810.0";"2.005067"
"216820.0";"2.039932"
"216830.0";"2.086505"
"216840.0";"2.126686"
"216850.0";"2.147912"
"216860.0";"2.138362"
"216870.0";"2.099648"
"216880.0";"2.0196"
"216890.0";"2.1322"
"216900.0";"2.174186"
"216910.0";"2.110774"
"216920.0";"2.081027"
"216930.0";"2.135091"
"216940.0";"2.050183"
"216950.0";"2.08797"
"216960.0";"2.153514"
"216970.0";"2.009064"
"216980.0";"2.006104"
"216990.0";"2.045335"
"217000.0";"2.034444"
"217010.0";"1.99306"
"217020.0";"2.082315"
"217030.0";"1.88953"
"217040.0";"1.914197"
"217050.0";"1.969903"
"217060.0";"2.017555"
"217070.0";"1.992786"
"217080.0";"2.035075"
"217090.0";"2.171576"
"217100.0";"2.134259"
"217110.0";"2.076447"
"217120.0";"2.065444"
"217130.0";"2.091573"
"217140.0";"2.025679"
"217150.0";"2.220169"
"217160.0";"2.189707"
"217170.0";"2.22585"
"217180.0";"2.107948"
"217190.0";"2.060745"
"217200.0";"2.108104"
"217210.0";"2.093601"
"217220.0";"2.049886"
"217230.0";"2.018551"
"217240.0";"2.064821"
"217250.0";"1.994616"
"217260.0";"2.079805"
"217270.0";"2.026665"
"217280.0";"1.994982"
"217290.0";"2.105588"
"217300.0";"2.045594"
"217310.0";"2.060737"
"217320.0";"2.014567"
"217330.0";"2.055133"
"217340.0";"1.936334"
"217350.0";"2.053594"
"217360.0";"2.023113"
"217370.0";"2.059444"
"217380.0";"1.976118"
"217390.0";"1.976808"
"217400.0";"1.954399"
"217410.0";"2.003484"
"217420.0";"1.925888"
"217430.0";"1.906343"
"217440.0";"1.918301"
"217450.0";"1.934653"
"217460.0";"1.987592"
"217470.0";"2.063015"
"217480.0";"2.145474"
"217490.0";"1.99865"
"217500.0";"2.049351"
"217510.0";"2.070253"
"217520.0";"2.023874"
"217530.0";"2.165937"
"217540.0";"2.037931"
"217550.0";"2.13418"
"217560.0";"2.158835"
"217570.0";"2.128395"
"217580.0";"2.068813"
"217590.0";"2.060291"
"217600.0";"2.042678"
"217610.0";"2.048588"
"217620.0";"2.104763"
"217630.0";"2.174487"
"217640.0";"1.976104"
"217650.0";"1.926107"
"217660.0";"1.970289"
"217670.0";"2.047179"
"217680.0";"2.042546"
"217690.0";"2.0318"
"217700.0";"1.972502"
"217710.0";"2.040071"
"217720.0";"2.059585"
"217730.0";"2.192496"
"217740.0";"2.1042"
"217750.0";"2.120029"
"217760.0";"2.163751"
"217770.0";"2.125261"
"217780.0";"2.077872"
"217790.0";"2.08246"
"217800.0";"2.100599"
"217810.0";"2.098387"
"217820.0";"2.088874"
"217830.0";"2.134449"
"217840.0";"2.158064"
"217850.0";"2.114187"
"217860.0";"2.172022"
"217870.0";"2.054405"
"217880.0";"2.041995"
"217890.0";"1.897553"
"217900.0";"2.060914"
"217910.0";"2.003856"
"217920.0";"2.050829"
"217930.0";"2.150198"
"217940.0";"2.034745"
"217950.0";"1.97916"
"217960.0";"2.027227"
"217970.0";"2.046768"
"217980.0";"2.141954"
"217990.0";"2.092126"
"218000.0";"2.100991"
"218010.0";"2.055923"
"218020.0";"2.088496"
"218030.0";"2.018182"
"218040.0";"2.03452"
"218050.0";"2.009312"
"218060.0";"2.077656"
"218070.0";"2.077688"
"218080.0";"2.088499"
"218090.0";"2.047219"
"218100.0";"1.839298"
"218110.0";"1.937155"
"218120.0";"1.992221"
"218130.0";"2.095996"
"218140.0";"2.037112"
"218150.0";"2.003994"
"218160.0";"2.090451"
"218170.0";"2.062978"
"218180.0";"2.016302"
"218190.0";"1.944845"
"218200.0";"2.082386"
"218210.0";"2.090089"
"218220.0";"2.065588"
"218230.0";"2.077121"
"218240.0";"2.014074"
"218250.0";"2.071975"
"218260.0";"2.005043"
"218270.0";"2.045656"
"218280.0";"2.024801"
"218290.0";"2.061502"
"218300.0";"2.241366"
"218310.0";"2.155138"
"218320.0";"2.16814"
"218330.0";"2.01724"
"218340.0";"2.084693"
"218350.0";"2.09729"
"218360.0";"2.078296"
"218370.0";"1.968199"
"218380.0";"2.137436"
"218390.0";"2.012809"
"218400.0";"2.150233"
"218410.0";"2.068435"
"218420.0";"2.107204"
"218430.0";"2.035693"
"218440.0";"2.081365"
"218450.0";"2.097444"
"218460.0";"2.200982"
"218470.0";"2.090547"
"218480.0";"2.126471"
"218490.0";"2.076182"
"218500.0";"2.188216"
"218510.0";"2.145286"
"218520.0";"2.000546"
"218530.0";"1.977964"
"218540.0";"2.081591"
"218550.0";"2.075067"
"218560.0";"2.167137"
"218570.0";"2.148075"
"218580.0";"2.138321"
"218590.0";"2.082704"
"218600.0";"1.947488"
"218610.0";"2.055197"
"218620.0";"1.959167"
"218630.0";"2.040175"
"218640.0";"1.995876"
"218650.0";"2.087961"
"218660.0";"2.059786"
"218670.0";"2.126731"
"218680.0";"2.00198"
"218690.0";"2.147575"
"218700.0";"2.079677"
"218710.0";"2.135752"
"218720.0";"2.204147"
"218730.0";"2.077249"
"218740.0";"2.063092"
"218750.0";"2.110106"
"218760.0";"1.927025"
"218770.0";"2.199497"
"218780.0";"2.086872"
"218790.0";"2.124419"
"218800.0";"2.15357"
"218810.0";"2.122322"
"218820.0";"2.058471"
"218830.0";"1.986251"
"218840.0";"2.076345"
"218850.0";"2.142732"
"218860.0";"2.152904"
"218870.0";"2.079518"
"218880.0";"2.099407"
"218890.0";"2.170917"
"218900.0";"2.299984"
"218910.0";"2.264148"
"218920.0";"2.07813"
"218930.0";"2.043977"
"218940.0";"2.033064"
"218950.0";"2.038964"
"218960.0";"2.000001"
"218970.0";"2.033542"
"218980.0";"1.891235"
"218990.0";"1.999224"
"219000.0";"1.970105"
"219010.0";"1.979333"
"219020.0";"1.882897"
"219030.0";"1.859621"
"219040.0";"1.933037"
"219050.0";"2.099795"
"219060.0";"1.939081"
"219070.0";"2.077086"
"219080.0";"2.042333"
"219090.0";"1.958572"
"219100.0";"1.897944"
"219110.0";"1.983034"
"219120.0";"1.991593"
"219130.0";"1.88552"
"219140.0";"1.972108"
"219150.0";"1.945149"
"219160.0";"1.824604"
"219170.0";"1.961047"
"219180.0";"1.846675"
"219190.0";"1.790121"
"219200.0";"1.978583"
"219210.0";"2.000277"
"219220.0";"2.028619"
"219230.0";"2.033819"
"219240.0";"1.996614"
"219250.0";"2.05513"
"219260.0";"2.03472"
"219270.0";"2.014922"
"219280.0";"2.122839"
"219290.0";"2.162617"
"219300.0";"2.286068"
"219310.0";"2.157807"
"219320.0";"2.141571"
"219330.0";"2.143074"
"219340.0";"2.238093"
"219350.0";"2.289153"
"219360.0";"2.156419"
"219370.0";"2.138841"
"219380.0";"2.146636"
"219390.0";"2.189249"
"219400.0";"2.285269"
"219410.0";"2.143447"
"219420.0";"2.003366"
"219430.0";"1.927221"
"219440.0";"2.118003"
"219450.0";"2.044437"
"219460.0";"2.058771"
"219470.0";"2.031754"
"219480.0";"2.070234"
"219490.0";"2.026813"
"219500.0";"2.150915"
"219510.0";"2.013244"
"219520.0";"2.141174"
"219530.0";"2.099488"
"219540.0";"2.220162"
"219550.0";"2.209961"
"219560.0";"2.045188"
"219570.0";"1.995079"
"219580.0";"2.142789"
"219590.0";"2.143519"
"219600.0";"2.037617"
"219610.0";"2.144819"
"219620.0";"2.219019"
"219630.0";"2.149626"
"219640.0";"2.150861"
"219650.0";"2.133379"
"219660.0";"2.021372"
"219670.0";"2.089692"
"219680.0";"2.155659"
"219690.0";"2.163118"
"219700.0";"2.200494"
"219710.0";"2.049005"
"219720.0";"2.12554"
"219730.0";"2.277587"
"219740.0";"2.123449"
"219750.0";"2.169161"
"219760.0";"2.251587"
"219770.0";"2.177207"
"219780.0";"2.186919"
"219790.0";"2.322885"
"219800.0";"2.149947"
"219810.0";"2.23572"
"219820.0";"2.114647"
"219830.0";"2.267908"
"219840.0";"2.140508"
"219850.0";"2.169794"
"219860.0";"2.056675"
"219870.0";"2.194001"
"219880.0";"2.167841"
"219890.0";"2.057054"
"219900.0";"2.074644"
"219910.0";"2.111789"
"219920.0";"2.169356"
"219930.0";"2.070239"
"219940.0";"1.981302"
"219950.0";"2.063804"
"219960.0";"2.082238"
"219970.0";"2.116299"
"219980.0";"1.993035"
"219990.0";"2.080916"
"220000.0";"2.169132"
"220010.0";"2.035332"
"220020.0";"1.982399"
"220030.0";"2.021069"
"220040.0";"2.010928"
"220050.0";"1.971089"
"220060.0";"1.972944"
"220070.0";"2.046322"
"220080.0";"2.036867"
"220090.0";"2.135571"
"220100.0";"1.999868"
"220110.0";"2.035141"
"220120.0";"2.13974"
"220130.0";"2.146636"
"220140.0";"2.027217"
"220150.0";"2.109509"
"220160.0";"1.966465"
"220170.0";"2.084835"
"220180.0";"2.045356"
"220190.0";"2.096235"
"220200.0";"2.158147"
"220210.0";"2.16967"
"220220.0";"2.174099"
"220230.0";"1.961331"
"220240.0";"2.046556"
"220250.0";"1.984136"
"220260.0";"2.182761"
"220270.0";"2.134747"
"220280.0";"2.207137"
"220290.0";"2.297833"
"220300.0";"2.361868"
"220310.0";"2.300935"
"220320.0";"2.250551"
"220330.0";"2.158081"
"220340.0";"2.248755"
"220350.0";"2.234198"
"220360.0";"2.137853"
"220370.0";"2.24569"
"220380.0";"2.106054"
"220390.0";"2.199434"
"220400.0";"2.054576"
"220410.0";"2.052468"
"220420.0";"2.187432"
"220430.0";"2.180967"
"220440.0";"2.192179"
"220450.0";"2.129907"
"220460.0";"2.193544"
"220470.0";"2.141512"
"220480.0";"2.104858"
"220490.0";"2.21707"
"220500.0";"2.163423"
"220510.0";"2.019385"
"220520.0";"2.164755"
"220530.0";"2.150825"
"220540.0";"1.994812"
"220550.0";"2.102022"
"220560.0";"2.095579"
"220570.0";"2.132707"
"220580.0";"2.046334"
"220590.0";"2.107131"
"220600.0";"2.195584"
"220610.0";"2.098272"
"220620.0";"2.081"
"220630.0";"2.108647"
"220640.0";"2.066172"
"220650.0";"2.119975"
"220660.0";"2.06015"
"220670.0";"2.182395"
"220680.0";"2.13643"
"220690.0";"1.922897"
"220700.0";"2.186758"
"220710.0";"2.078492"
"220720.0";"2.169637"
"220730.0";"2.075484"
"220740.0";"2.043231"
"220750.0";"2.051744"
"220760.0";"2.221284"
"220770.0";"2.280051"
"220780.0";"2.245722"
"220790.0";"2.160061"
"220800.0";"2.103717"
"220810.0";"2.127288"
"220820.0";"2.130299"
"220830.0";"2.126349"
"220840.0";"2.337837"
"220850.0";"2.188329"
"220860.0";"2.16932"
"220870.0";"2.234638"
"220880.0";"2.120517"
"220890.0";"2.234821"
"220900.0";"2.192152"
"220910.0";"1.979386"
"220920.0";"1.975298"
"220930.0";"2.019152"
"220940.0";"2.101637"
"220950.0";"2.05891"
"220960.0";"2.144178"
"220970.0";"2.139729"
"220980.0";"2.097012"
"220990.0";"2.242965"
"221000.0";"2.055624"
"221010.0";"2.025963"
"221020.0";"2.052152"
"221030.0";"1.907763"
"221040.0";"2.050868"
"221050.0";"2.06589"
"221060.0";"2.137594"
"221070.0";"2.260124"
"221080.0";"2.164259"
"221090.0";"2.112651"
"221100.0";"2.236555"
"221110.0";"2.13387"
"221120.0";"2.195307"
"221130.0";"2.059368"
"221140.0";"2.271114"
"221150.0";"2.193132"
"221160.0";"2.048106"
"221170.0";"2.087364"
"221180.0";"2.095817"
"221190.0";"2.151493"
"221200.0";"2.130749"
"221210.0";"2.043643"
"221220.0";"2.154872"
"221230.0";"2.045863"
"221240.0";"2.043581"
"221250.0";"2.016478"
"221260.0";"2.100201"
"221270.0";"2.118488"
"221280.0";"2.123809"
"221290.0";"2.152553"
"221300.0";"2.138911"
"221310.0";"2.059941"
"221320.0";"2.113949"
"221330.0";"2.104979"
"221340.0";"2.032473"
"221350.0";"2.084287"
"221360.0";"2.089945"
"221370.0";"2.134309"
"221380.0";"2.234146"
"221390.0";"2.144894"
"221400.0";"2.075523"
"221410.0";"2.123561"
"221420.0";"2.281511"
"221430.0";"2.189036"
"221440.0";"2.220091"
"221450.0";"2.224331"
"221460.0";"2.084659"
"221470.0";"2.194443"
"221480.0";"2.185068"
"221490.0";"2.106986"
"221500.0";"2.117389"
"221510.0";"2.213809"
"221520.0";"2.202848"
"221530.0";"2.189621"
"221540.0";"2.068325"
"221550.0";"2.142965"
"221560.0";"2.183426"
"221570.0";"2.030198"
"221580.0";"2.059451"
"221590.0";"2.007214"
"221600.0";"2.097285"
"221610.0";"1.896237"
"221620.0";"2.009661"
"221630.0";"1.933679"
"221640.0";"1.973675"
"221650.0";"1.942853"
"221660.0";"2.031956"
"221670.0";"1.992359"
"221680.0";"2.004771"
"221690.0";"2.006399"
"221700.0";"2.032348"
"221710.0";"2.138671"
"221720.0";"2.06456"
"221730.0";"1.987829"
"221740.0";"2.161147"
"221750.0";"2.107804"
"221760.0";"1.958502"
"221770.0";"2.001255"
"221780.0";"1.880237"
"221790.0";"2.037248"
"221800.0";"2.145463"
"221810.0";"2.215786"
"221820.0";"2.066196"
"221830.0";"1.940822"
"221840.0";"2.001399"
"221850.0";"2.122493"
"221860.0";"2.064881"
"221870.0";"2.064682"
"221880.0";"2.076526"
"221890.0";"2.089519"
"221900.0";"2.12503"
"221910.0";"2.255457"
"221920.0";"1.998835"
"221930.0";"2.203116"
"221940.0";"2.168928"
"221950.0";"2.434771"
"221960.0";"2.149071"
"221970.0";"2.142581"
"221980.0";"2.204787"
"221990.0";"2.301488"
"222000.0";"2.153028"
"222010.0";"2.1315"
"222020.0";"2.181473"
"222030.0";"2.017567"
"222040.0";"2.065096"
"222050.0";"2.278159"
"222060.0";"2.054192"
"222070.0";"2.107013"
"222080.0";"2.090528"
"222090.0";"2.212008"
"222100.0";"2.130478"
"222110.0";"2.084278"
"222120.0";"2.037559"
"222130.0";"2.19054"
"222140.0";"2.20561"
"222150.0";"2.186504"
"222160.0";"2.181719"
"222170.0";"2.317715"
"222180.0";"2.350635"
"222190.0";"2.200436"
"222200.0";"2.098247"
"222210.0";"2.087633"
"222220.0";"2.10348"
"222230.0";"2.136911"
"222240.0";"2.201302"
"222250.0";"2.160708"
"222260.0";"2.1127"
"222270.0";"2.146563"
"222280.0";"2.099945"
"222290.0";"2.08044"
"222300.0";"2.165754"
"222310.0";"2.28021"
"222320.0";"2.20672"
"222330.0";"2.194361"
"222340.0";"2.305312"
"222350.0";"2.091748"
"222360.0";"2.022818"
"222370.0";"2.055982"
"222380.0";"2.04409"
"222390.0";"2.158604"
"222400.0";"2.116564"
"222410.0";"2.134125"
"222420.0";"2.233812"
"222430.0";"2.187616"
"222440.0";"2.04646"
"222450.0";"1.954054"
"222460.0";"1.972581"
"222470.0";"1.950863"
"222480.0";"2.071247"
"222490.0";"2.017775"
"222500.0";"2.188177"
"222510.0";"2.059777"
"222520.0";"2.022552"
"222530.0";"2.064492"
"222540.0";"2.015907"
"222550.0";"2.068389"
"222560.0";"2.062456"
"222570.0";"2.111721"
"222580.0";"2.064755"
"222590.0";"2.158141"
"222600.0";"2.298657"
"222610.0";"2.330924"
"222620.0";"2.240897"
"222630.0";"2.077716"
"222640.0";"2.093267"
"222650.0";"2.161329"
"222660.0";"2.255323"
"222670.0";"2.220167"
"222680.0";"2.155216"
"222690.0";"2.052971"
"222700.0";"2.022571"
"222710.0";"2.148578"
"222720.0";"2.250903"
"222730.0";"2.169865"
"222740.0";"2.163827"
"222750.0";"2.095933"
"222760.0";"2.166354"
"222770.0";"2.17025"
"222780.0";"2.095008"
"222790.0";"2.179925"
"222800.0";"2.212033"
"222810.0";"2.279796"
"222820.0";"2.195292"
"222830.0";"2.066962"
"222840.0";"2.259836"
"222850.0";"2.073823"
"222860.0";"2.11627"
"222870.0";"2.163098"
"222880.0";"2.001952"
"222890.0";"2.019291"
"222900.0";"1.924636"
"222910.0";"2.065904"
"222920.0";"2.093429"
"222930.0";"2.068836"
"222940.0";"2.057431"
"222950.0";"2.049755"
"222960.0";"2.096455"
"222970.0";"2.00369"
"222980.0";"2.004958"
"222990.0";"2.026052"
"223000.0";"2.148721"
"223010.0";"2.182243"
"223020.0";"2.090767"
"223030.0";"1.99495"
"223040.0";"2.090987"
"223050.0";"2.008677"
"223060.0";"2.085766"
"223070.0";"1.892082"
"223080.0";"1.926188"
"223090.0";"1.901018"
"223100.0";"2.024319"
"223110.0";"1.882563"
"223120.0";"2.020782"
"223130.0";"2.080722"
"223140.0";"2.039182"
"223150.0";"1.932043"
"223160.0";"2.161511"
"223170.0";"2.079449"
"223180.0";"2.023721"
"223190.0";"2.039105"
"223200.0";"1.930482"
"223210.0";"1.990353"
"223220.0";"2.094531"
"223230.0";"1.996637"
"223240.0";"1.909679"
"223250.0";"1.973029"
"223260.0";"1.931073"
"223270.0";"2.023965"
"223280.0";"2.01303"
"223290.0";"1.986276"
"223300.0";"2.139543"
"223310.0";"2.074785"
"223320.0";"2.04272"
"223330.0";"2.013393"
"223340.0";"2.024491"
"223350.0";"2.048777"
"223360.0";"1.936461"
"223370.0";"1.995928"
"223380.0";"1.83781"
"223390.0";"1.807055"
"223400.0";"1.821908"
"223410.0";"1.851816"
"223420.0";"2.156754"
"223430.0";"2.053561"
"223440.0";"1.916683"
"223450.0";"1.858088"
"223460.0";"1.771212"
"223470.0";"1.988069"
"223480.0";"2.081879"
"223490.0";"2.130143"
"223500.0";"1.948301"
"223510.0";"2.010754"
"223520.0";"1.990995"
"223530.0";"2.079031"
"223540.0";"2.093438"
"223550.0";"2.143857"
"223560.0";"2.120312"
"223570.0";"2.061647"
"223580.0";"2.202531"
"223590.0";"2.049272"
"223600.0";"2.177137"
"223610.0";"2.111215"
"223620.0";"2.11507"
"223630.0";"2.163431"
"223640.0";"2.138736"
"223650.0";"1.979719"
"223660.0";"1.94822"
"223670.0";"1.864304"
"223680.0";"1.954734"
"223690.0";"2.067739"
"223700.0";"2.196496"
"223710.0";"2.046076"
"223720.0";"2.02397"
"223730.0";"2.128983"
"223740.0";"1.997191"
"223750.0";"1.920264"
"223760.0";"2.015876"
"223770.0";"1.925029"
"223780.0";"1.841317"
"223790.0";"1.887892"
"223800.0";"2.202061"
"223810.0";"2.037529"
"223820.0";"2.089658"
"223830.0";"1.993685"
"223840.0";"2.046387"
"223850.0";"1.762013"
"223860.0";"1.716147"
"223870.0";"1.83283"
"223880.0";"1.799134"
"223890.0";"1.959845"
"223900.0";"1.934021"
"223910.0";"1.953392"
"223920.0";"1.83857"
"223930.0";"2.012543"
"223940.0";"2.053778"
"223950.0";"2.153329"
"223960.0";"2.044307"
"223970.0";"2.063275"
"223980.0";"1.974015"
"223990.0";"2.113785"
"224000.0";"2.087742"
"224010.0";"2.142048"
"224020.0";"2.100574"
"224030.0";"1.99344"
"224040.0";"2.127587"
"224050.0";"2.033883"
"224060.0";"1.958081"
"224070.0";"2.056164"
"224080.0";"1.93232"
"224090.0";"1.966401"
"224100.0";"2.063932"
"224110.0";"2.010485"
"224120.0";"2.126976"
"224130.0";"2.147225"
"224140.0";"2.093953"
"224150.0";"1.996766"
"224160.0";"2.015033"
"224170.0";"2.032292"
"224180.0";"2.167645"
"224190.0";"2.132331"
"224200.0";"2.13212"
"224210.0";"2.052398"
"224220.0";"2.109567"
"224230.0";"2.113209"
"224240.0";"2.030506"
"224250.0";"2.003088"
"224260.0";"1.926602"
"224270.0";"2.009258"
"224280.0";"1.981521"
"224290.0";"2.046563"
"224300.0";"2.075039"
"224310.0";"2.171782"
"224320.0";"2.080906"
"224330.0";"2.063881"
"224340.0";"2.233738"
"224350.0";"2.26655"
"224360.0";"2.18822"
"224370.0";"2.247521"
"224380.0";"2.206726"
"224390.0";"2.126451"
"224400.0";"2.018815"
"224410.0";"1.960025"
"224420.0";"1.926155"
"224430.0";"2.028831"
"224440.0";"1.922371"
"224450.0";"1.958751"
"224460.0";"2.050462"
"224470.0";"2.126212"
"224480.0";"2.025914"
"224490.0";"2.048077"
"224500.0";"2.033101"
"224510.0";"2.101117"
"224520.0";"2.124794"
"224530.0";"2.131695"
"224540.0";"2.222435"
"224550.0";"2.199318"
"224560.0";"2.207964"
"224570.0";"2.214896"
"224580.0";"2.236574"
"224590.0";"2.170492"
"224600.0";"2.202205"
"224610.0";"2.019009"
"224620.0";"2.047096"
"224630.0";"1.981272"
"224640.0";"1.970865"
"224650.0";"1.991491"
"224660.0";"2.030798"
"224670.0";"2.007811"
"224680.0";"1.929625"
"224690.0";"2.039492"
"224700.0";"2.179004"
"224710.0";"2.048342"
"224720.0";"2.05142"
"224730.0";"1.925058"
"224740.0";"1.977931"
"224750.0";"2.072191"
"224760.0";"2.006427"
"224770.0";"2.011094"
"224780.0";"2.041763"
"224790.0";"1.932144"
"224800.0";"1.941474"
"224810.0";"1.789524"
"224820.0";"2.108925"
"224830.0";"2.111395"
"224840.0";"2.092958"
"224850.0";"2.007731"
"224860.0";"1.992216"
"224870.0";"2.165145"
"224880.0";"2.064222"
"224890.0";"2.218445"
"224900.0";"2.085509"
"224910.0";"2.03138"
"224920.0";"2.089272"
"224930.0";"2.041155"
"224940.0";"2.041684"
"224950.0";"2.045911"
"224960.0";"2.091428"
"224970.0";"2.151549"
"224980.0";"2.234252"
"224990.0";"2.134416"
"225000.0";"2.23952"
"225010.0";"2.190153"
"225020.0";"2.219011"
"225030.0";"2.187813"
"225040.0";"2.222873"
"225050.0";"2.174454"
"225060.0";"2.211311"
"225070.0";"2.235604"
"225080.0";"2.413254"
"225090.0";"2.145532"
"225100.0";"2.094781"
"225110.0";"2.222814"
"225120.0";"2.298792"
"225130.0";"2.269926"
"225140.0";"2.147353"
"225150.0";"2.025299"
"225160.0";"1.94431"
"225170.0";"2.067322"
"225180.0";"2.067111"
"225190.0";"2.13403"
"225200.0";"2.086833"
"225210.0";"2.249209"
"225220.0";"2.095382"
"225230.0";"2.078761"
"225240.0";"2.178353"
"225250.0";"2.258703"
"225260.0";"2.248496"
"225270.0";"2.174011"
"225280.0";"2.220052"
"225290.0";"2.263319"
"225300.0";"2.182299"
"225310.0";"2.249361"
"225320.0";"2.198138"
"225330.0";"2.215205"
"225340.0";"2.224542"
"225350.0";"2.342585"
"225360.0";"2.268764"
"225370.0";"2.289657"
"225380.0";"2.381497"
"225390.0";"2.307843"
"225400.0";"2.331117"
"225410.0";"2.31927"
"225420.0";"2.354209"
"225430.0";"2.275144"
"225440.0";"2.236205"
"225450.0";"2.199525"
"225460.0";"2.268527"
"225470.0";"2.12775"
"225480.0";"2.21781"
"225490.0";"2.158788"
"225500.0";"2.335425"
"225510.0";"2.273282"
"225520.0";"2.304347"
"225530.0";"2.324955"
"225540.0";"2.342295"
"225550.0";"2.344066"
"225560.0";"2.325563"
"225570.0";"2.296324"
"225580.0";"2.277222"
"225590.0";"2.439641"
"225600.0";"2.440611"
"225610.0";"2.425911"
"225620.0";"2.344997"
"225630.0";"2.31992"
"225640.0";"2.203068"
"225650.0";"2.420113"
"225660.0";"2.239119"
"225670.0";"2.287474"
"225680.0";"2.278573"
"225690.0";"2.164766"
"225700.0";"2.321863"
"225710.0";"2.389073"
"225720.0";"2.291319"
"225730.0";"2.320967"
"225740.0";"2.343096"
"225750.0";"2.368144"
"225760.0";"2.301484"
"225770.0";"2.219543"
"225780.0";"2.214962"
"225790.0";"2.159049"
"225800.0";"2.252642"
"225810.0";"2.259709"
"225820.0";"2.240056"
"225830.0";"2.249577"
"225840.0";"2.155673"
"225850.0";"2.233663"
"225860.0";"2.285914"
"225870.0";"2.188312"
"225880.0";"2.126587"
"225890.0";"2.044534"
"225900.0";"2.122716"
"225910.0";"2.219429"
"225920.0";"2.108464"
"225930.0";"2.065208"
"225940.0";"2.125355"
"225950.0";"2.068952"
"225960.0";"2.152729"
"225970.0";"2.124475"
"225980.0";"2.13709"
"225990.0";"2.102968"
"226000.0";"2.205568"
"226010.0";"2.049782"
"226020.0";"1.991099"
"226030.0";"2.01581"
"226040.0";"2.036588"
"226050.0";"2.079112"
"226060.0";"2.029724"
"226070.0";"2.030297"
"226080.0";"2.079537"
"226090.0";"2.054225"
"226100.0";"2.004419"
"226110.0";"2.056633"
"226120.0";"2.01066"
"226130.0";"1.966975"
"226140.0";"2.104687"
"226150.0";"2.137352"
"226160.0";"2.104307"
"226170.0";"2.121431"
"226180.0";"2.056728"
"226190.0";"1.969835"
"226200.0";"2.012581"
"226210.0";"1.987724"
"226220.0";"1.952032"
"226230.0";"2.13107"
"226240.0";"2.072836"
"226250.0";"1.926382"
"226260.0";"1.995946"
"226270.0";"2.078467"
"226280.0";"2.105954"
"226290.0";"2.140247"
"226300.0";"2.253574"
"226310.0";"2.119264"
"226320.0";"2.152383"
"226330.0";"2.08394"
"226340.0";"2.243811"
"226350.0";"2.223974"
"226360.0";"2.196602"
"226370.0";"2.173595"
"226380.0";"2.219434"
"226390.0";"2.130612"
"226400.0";"2.114554"
"226410.0";"2.182186"
"226420.0";"2.011719"
"226430.0";"2.124166"
"226440.0";"2.125032"
"226450.0";"2.091676"
"226460.0";"2.177339"
"226470.0";"2.081589"
"226480.0";"2.030434"
"226490.0";"2.056369"
"226500.0";"2.086705"
"226510.0";"2.248232"
"226520.0";"2.15511"
"226530.0";"2.117976"
"226540.0";"2.26577"
"226550.0";"2.266256"
"226560.0";"2.30181"
"226570.0";"2.235596"
"226580.0";"2.123339"
"226590.0";"2.167949"
"226600.0";"2.108137"
"226610.0";"2.296607"
"226620.0";"2.236031"
"226630.0";"2.092869"
"226640.0";"2.074722"
"226650.0";"2.026928"
"226660.0";"2.020675"
"226670.0";"2.115653"
"226680.0";"1.959606"
"226690.0";"2.07902"
"226700.0";"1.985683"
"226710.0";"1.990989"
"226720.0";"1.924371"
"226730.0";"2.126973"
"226740.0";"2.041515"
"226750.0";"1.963299"
"226760.0";"1.97098"
"226770.0";"2.04932"
"226780.0";"2.01043"
"226790.0";"2.069207"
"226800.0";"2.227039"
"226810.0";"2.299407"
"226820.0";"2.38608"
"226830.0";"2.327028"
"226840.0";"2.284116"
"226850.0";"2.06106"
"226860.0";"2.082532"
"226870.0";"2.177283"
"226880.0";"2.222859"
"226890.0";"2.124391"
"226900.0";"2.241141"
"226910.0";"2.295987"
"226920.0";"2.150276"
"226930.0";"2.346685"
"226940.0";"2.328496"
"226950.0";"2.319092"
"226960.0";"2.344651"
"226970.0";"2.347068"
"226980.0";"2.201844"
"226990.0";"2.356034"
"227000.0";"2.212041"
"227010.0";"2.283072"
"227020.0";"2.177665"
"227030.0";"2.104399"
"227040.0";"2.07223"
"227050.0";"2.148468"
"227060.0";"2.28931"
"227070.0";"2.282676"
"227080.0";"1.969535"
"227090.0";"1.964212"
"227100.0";"2.027373"
"227110.0";"2.01772"
"227120.0";"2.030906"
"227130.0";"2.089776"
"227140.0";"2.050734"
"227150.0";"2.014544"
"227160.0";"2.01512"
"227170.0";"2.008694"
"227180.0";"2.062565"
"227190.0";"1.991302"
"227200.0";"2.275606"
"227210.0";"2.213464"
"227220.0";"2.094135"
"227230.0";"2.046016"
"227240.0";"2.145793"
"227250.0";"2.046916"
"227260.0";"2.135568"
"227270.0";"2.022156"
"227280.0";"2.119105"
"227290.0";"1.98728"
"227300.0";"2.047014"
"227310.0";"2.243868"
"227320.0";"2.048043"
"227330.0";"2.055573"
"227340.0";"2.143117"
"227350.0";"2.068562"
"227360.0";"1.990806"
"227370.0";"2.082267"
"227380.0";"1.909894"
"227390.0";"2.006425"
"227400.0";"2.045107"
"227410.0";"1.955016"
"227420.0";"2.016902"
"227430.0";"2.075751"
"227440.0";"1.976702"
"227450.0";"1.996134"
"227460.0";"2.045403"
"227470.0";"2.016497"
"227480.0";"2.138106"
"227490.0";"2.097836"
"227500.0";"2.14244"
"227510.0";"2.020137"
"227520.0";"1.987952"
"227530.0";"2.062258"
"227540.0";"2.013176"
"227550.0";"2.101202"
"227560.0";"2.034967"
"227570.0";"2.025732"
"227580.0";"1.943872"
"227590.0";"2.008548"
"227600.0";"2.002226"
"227610.0";"1.898531"
"227620.0";"2.064748"
"227630.0";"2.256793"
"227640.0";"2.079524"
"227650.0";"1.869082"
"227660.0";"1.917654"
"227670.0";"1.906762"
"227680.0";"1.894716"
"227690.0";"1.971428"
"227700.0";"1.964131"
"227710.0";"1.985655"
"227720.0";"1.835442"
"227730.0";"1.867909"
"227740.0";"1.723756"
"227750.0";"1.916544"
"227760.0";"1.877058"
"227770.0";"1.859617"
"227780.0";"1.957"
"227790.0";"1.979589"
"227800.0";"1.837883"
"227810.0";"1.88908"
"227820.0";"1.927604"
"227830.0";"1.941766"
"227840.0";"1.794884"
"227850.0";"1.965666"
"227860.0";"1.918515"
"227870.0";"1.939504"
"227880.0";"1.970799"
"227890.0";"1.952889"
"227900.0";"1.857796"
"227910.0";"1.96977"
"227920.0";"1.878183"
"227930.0";"1.841094"
"227940.0";"2.009232"
"227950.0";"1.945643"
"227960.0";"1.898492"
"227970.0";"1.939393"
"227980.0";"1.845695"
"227990.0";"1.982531"
"228000.0";"1.944793"
"228010.0";"2.065891"
"228020.0";"1.978491"
"228030.0";"2.022071"
"228040.0";"1.955558"
"228050.0";"1.951553"
"228060.0";"1.944483"
"228070.0";"1.883443"
"228080.0";"1.915966"
"228090.0";"1.914595"
"228100.0";"1.962124"
"228110.0";"1.88609"
"228120.0";"2.068267"
"228130.0";"2.017064"
"228140.0";"2.034544"
"228150.0";"1.958978"
"228160.0";"1.96544"
"228170.0";"1.851195"
"228180.0";"2.059358"
"228190.0";"2.002766"
"228200.0";"2.001384"
"228210.0";"1.987993"
"228220.0";"2.096487"
"228230.0";"1.815794"
"228240.0";"1.679115"
"228250.0";"1.815988"
"228260.0";"1.784838"
"228270.0";"1.883156"
"228280.0";"1.842882"
"228290.0";"1.800767"
"228300.0";"1.887675"
"228310.0";"1.805199"
"228320.0";"1.790368"
"228330.0";"1.787298"
"228340.0";"1.743808"
"228350.0";"1.767768"
"228360.0";"1.770549"
"228370.0";"1.843959"
"228380.0";"1.916892"
"228390.0";"1.771267"
"228400.0";"1.746562"
"228410.0";"1.794159"
"228420.0";"1.746366"
"228430.0";"1.805909"
"228440.0";"2.03853"
"228450.0";"1.937603"
"228460.0";"1.95483"
"228470.0";"2.080473"
"228480.0";"2.166683"
"228490.0";"2.243367"
"228500.0";"1.998658"
"228510.0";"2.024196"
"228520.0";"2.048456"
"228530.0";"2.216255"
"228540.0";"2.072415"
"228550.0";"2.086324"
"228560.0";"2.148232"
"228570.0";"2.042307"
"228580.0";"2.19968"
"228590.0";"2.084094"
"228600.0";"2.03645"
"228610.0";"2.145034"
"228620.0";"2.177889"
"228630.0";"2.230547"
"228640.0";"2.197388"
"228650.0";"2.17639"
"228660.0";"2.173331"
"228670.0";"2.199861"
"228680.0";"1.930691"
"228690.0";"1.95939"
"228700.0";"1.922742"
"228710.0";"2.076634"
"228720.0";"2.111275"
"228730.0";"2.006064"
"228740.0";"2.123998"
"228750.0";"2.201446"
"228760.0";"2.201687"
"228770.0";"2.213335"
"228780.0";"2.142854"
"228790.0";"2.045123"
"228800.0";"2.051811"
"228810.0";"2.091132"
"228820.0";"2.056252"
"228830.0";"2.027106"
"228840.0";"1.790268"
"228850.0";"1.797497"
"228860.0";"1.865347"
"228870.0";"1.788284"
"228880.0";"1.997715"
"228890.0";"1.946758"
"228900.0";"1.992155"
"228910.0";"2.006046"
"228920.0";"1.931195"
"228930.0";"1.879765"
"228940.0";"1.878129"
"228950.0";"1.893793"
"228960.0";"1.947135"
"228970.0";"1.880824"
"228980.0";"1.886504"
"228990.0";"1.998414"
"229000.0";"1.8813"
"229010.0";"1.845957"
"229020.0";"1.837257"
"229030.0";"1.964897"
"229040.0";"1.882269"
"229050.0";"1.867077"
"229060.0";"1.868127"
"229070.0";"1.907939"
"229080.0";"1.907939"
"229090.0";"1.884511"
"229100.0";"1.871977"
"229110.0";"1.820804"
"229120.0";"1.803618"
"229130.0";"1.761219"
"229140.0";"1.803689"
"229150.0";"1.772462"
"229160.0";"1.821979"
"229170.0";"1.821461"
"229180.0";"1.835684"
"229190.0";"1.921883"
"229200.0";"1.912332"
"229210.0";"1.84779"
"229220.0";"1.881716"
"229230.0";"1.878564"
"229240.0";"1.838708"
"229250.0";"1.839763"
"229260.0";"1.919678"
"229270.0";"1.898155"
"229280.0";"1.878519"
"229290.0";"1.84613"
"229300.0";"1.946635"
"229310.0";"1.932079"
"229320.0";"1.993465"
"229330.0";"2.165824"
"229340.0";"2.290689"
"229350.0";"2.058171"
"229360.0";"2.035529"
"229370.0";"2.075039"
"229380.0";"2.115073"
"229390.0";"2.212793"
"229400.0";"2.127829"
"229410.0";"2.124894"
"229420.0";"2.16725"
"229430.0";"2.05998"
"229440.0";"2.105806"
"229450.0";"2.353748"
"229460.0";"2.285775"
"229470.0";"2.444513"
"229480.0";"2.072359"
"229490.0";"2.279865"
"229500.0";"2.40322"
"229510.0";"2.512871"
"229520.0";"2.377497"
"229530.0";"2.334065"
"229540.0";"2.188841"
"229550.0";"2.128553"
"229560.0";"2.082246"
"229570.0";"1.997867"
"229580.0";"2.087223"
"229590.0";"2.047692"
"229600.0";"2.096782"
"229610.0";"2.026738"
"229620.0";"2.139698"
"229630.0";"2.060113"
"229640.0";"2.011622"
"229650.0";"1.936409"
"229660.0";"2.006853"
"229670.0";"1.985029"
"229680.0";"1.975204"
"229690.0";"1.974082"
"229700.0";"1.834584"
"229710.0";"1.818405"
"229720.0";"1.940693"
"229730.0";"1.853444"
"229740.0";"1.840891"
"229750.0";"1.727836"
"229760.0";"1.910974"
"229770.0";"2.011676"
"229780.0";"1.89817"
"229790.0";"1.948496"
"229800.0";"1.982932"
"229810.0";"2.074783"
"229820.0";"1.998592"
"229830.0";"2.011667"
"229840.0";"1.960486"
"229850.0";"1.922821"
"229860.0";"1.972824"
"229870.0";"2.147301"
"229880.0";"2.11059"
"229890.0";"2.067106"
"229900.0";"2.108303"
"229910.0";"2.125046"
"229920.0";"2.311577"
"229930.0";"2.138895"
"229940.0";"2.316277"
"229950.0";"2.152732"
"229960.0";"2.206558"
"229970.0";"2.165007"
"229980.0";"2.173386"
"229990.0";"2.040933"
"230000.0";"2.076215"
"230010.0";"2.231752"
"230020.0";"1.986387"
"230030.0";"2.026051"
"230040.0";"1.881839"
"230050.0";"2.019252"
"230060.0";"2.075521"
"230070.0";"2.124261"
"230080.0";"2.118707"
"230090.0";"2.012611"
"230100.0";"2.058055"
"230110.0";"2.056603"
"230120.0";"2.02104"
"230130.0";"2.110801"
"230140.0";"1.988838"
"230150.0";"1.980797"
"230160.0";"2.189348"
"230170.0";"1.987028"
"230180.0";"2.154117"
"230190.0";"2.234739"
"230200.0";"2.155793"
"230210.0";"2.257316"
"230220.0";"2.179809"
"230230.0";"2.16727"
"230240.0";"2.214759"
"230250.0";"2.168322"
"230260.0";"2.142513"
"230270.0";"2.218245"
"230280.0";"2.182044"
"230290.0";"2.125217"
"230300.0";"2.073401"
"230310.0";"2.224942"
"230320.0";"2.035105"
"230330.0";"2.101824"
"230340.0";"2.05471"
"230350.0";"2.023818"
"230360.0";"2.020387"
"230370.0";"2.097196"
"230380.0";"2.071639"
"230390.0";"2.035295"
"230400.0";"2.018764"
"230410.0";"2.012541"
"230420.0";"1.970774"
"230430.0";"1.995243"
"230440.0";"1.93156"
"230450.0";"1.915812"
"230460.0";"1.998953"
"230470.0";"2.127062"
"230480.0";"1.971985"
"230490.0";"1.958109"
"230500.0";"2.044513"
"230510.0";"2.033142"
"230520.0";"2.094806"
"230530.0";"2.027401"
"230540.0";"1.984452"
"230550.0";"2.132479"
"230560.0";"2.278816"
"230570.0";"2.100032"
"230580.0";"2.11993"
"230590.0";"2.190062"
"230600.0";"2.275551"
"230610.0";"2.153736"
"230620.0";"2.214318"
"230630.0";"2.156973"
"230640.0";"2.124245"
"230650.0";"2.233281"
"230660.0";"2.252504"
"230670.0";"2.278377"
"230680.0";"2.083458"
"230690.0";"2.190566"
"230700.0";"2.059981"
"230710.0";"2.16848"
"230720.0";"2.252024"
"230730.0";"2.169847"
"230740.0";"2.191894"
"230750.0";"2.200049"
"230760.0";"2.145573"
"230770.0";"2.132122"
"230780.0";"2.238916"
"230790.0";"2.227278"
"230800.0";"2.189416"
"230810.0";"2.099824"
"230820.0";"2.266919"
"230830.0";"2.089196"
"230840.0";"2.072107"
"230850.0";"2.068049"
"230860.0";"2.08635"
"230870.0";"2.102349"
"230880.0";"1.980629"
"230890.0";"2.068614"
"230900.0";"2.279789"
"230910.0";"2.206548"
"230920.0";"2.15416"
"230930.0";"2.268278"
"230940.0";"2.088719"
"230950.0";"2.175665"
"230960.0";"2.116116"
"230970.0";"2.105008"
"230980.0";"2.238936"
"230990.0";"2.077141"
"231000.0";"2.183294"
"231010.0";"2.23145"
"231020.0";"2.307423"
"231030.0";"2.166199"
"231040.0";"2.16008"
"231050.0";"2.279243"
"231060.0";"2.021032"
"231070.0";"2.098907"
"231080.0";"2.027295"
"231090.0";"2.076966"
"231100.0";"2.031554"
"231110.0";"2.106976"
"231120.0";"2.179773"
"231130.0";"2.088516"
"231140.0";"2.027049"
"231150.0";"2.05057"
"231160.0";"2.051654"
"231170.0";"2.190722"
"231180.0";"2.115794"
"231190.0";"2.069786"
"231200.0";"2.077482"
"231210.0";"2.082798"
"231220.0";"2.11002"
"231230.0";"2.11182"
"231240.0";"2.134877"
"231250.0";"2.220136"
"231260.0";"2.119053"
"231270.0";"2.224183"
"231280.0";"2.124012"
"231290.0";"2.193898"
"231300.0";"2.137384"
"231310.0";"2.199157"
"231320.0";"2.029199"
"231330.0";"1.99193"
"231340.0";"2.085174"
"231350.0";"2.109039"
"231360.0";"2.048727"
"231370.0";"1.944461"
"231380.0";"2.050278"
"231390.0";"2.17802"
"231400.0";"2.328527"
"231410.0";"2.308593"
"231420.0";"2.172567"
"231430.0";"2.205168"
"231440.0";"2.267507"
"231450.0";"2.371941"
"231460.0";"2.225518"
"231470.0";"2.225621"
"231480.0";"2.170631"
"231490.0";"2.138077"
"231500.0";"2.194587"
"231510.0";"2.041384"
"231520.0";"2.051542"
"231530.0";"1.955277"
"231540.0";"2.175728"
"231550.0";"2.173824"
"231560.0";"2.13101"
"231570.0";"2.310781"
"231580.0";"2.068064"
"231590.0";"2.068946"
"231600.0";"2.005982"
"231610.0";"2.016552"
"231620.0";"2.054827"
"231630.0";"2.024079"
"231640.0";"2.016589"
"231650.0";"2.083727"
"231660.0";"2.137873"
"231670.0";"2.162824"
"231680.0";"2.11742"
"231690.0";"2.065123"
"231700.0";"2.059531"
"231710.0";"2.005871"
"231720.0";"2.061689"
"231730.0";"1.989367"
"231740.0";"2.05337"
"231750.0";"2.096712"
"231760.0";"1.999686"
"231770.0";"2.10664"
"231780.0";"2.073674"
"231790.0";"2.175147"
"231800.0";"2.133182"
"231810.0";"2.120637"
"231820.0";"2.145242"
"231830.0";"2.054032"
"231840.0";"2.231098"
"231850.0";"2.282703"
"231860.0";"2.278932"
"231870.0";"2.29749"
"231880.0";"2.235926"
"231890.0";"2.060376"
"231900.0";"2.101838"
"231910.0";"2.151258"
"231920.0";"2.00439"
"231930.0";"2.200212"
"231940.0";"2.165421"
"231950.0";"2.107408"
"231960.0";"1.990351"
"231970.0";"2.075357"
"231980.0";"2.312141"
"231990.0";"2.392333"
"232000.0";"2.122599"
"232010.0";"2.31425"
"232020.0";"2.21296"
"232030.0";"2.245413"
"232040.0";"2.142992"
"232050.0";"2.262543"
"232060.0";"2.346531"
"232070.0";"2.204515"
"232080.0";"2.219495"
"232090.0";"2.260569"
"232100.0";"2.062272"
"232110.0";"2.150193"
"232120.0";"2.168895"
"232130.0";"2.243389"
"232140.0";"2.103781"
"232150.0";"2.231306"
"232160.0";"2.335241"
"232170.0";"2.237119"
"232180.0";"2.134323"
"232190.0";"2.23623"
"232200.0";"2.243656"
"232210.0";"2.25178"
"232220.0";"2.231369"
"232230.0";"2.160872"
"232240.0";"2.062902"
"232250.0";"2.13943"
"232260.0";"2.224437"
"232270.0";"2.164287"
"232280.0";"1.943384"
"232290.0";"2.047568"
"232300.0";"2.188565"
"232310.0";"2.295739"
"232320.0";"1.932432"
"232330.0";"2.056415"
"232340.0";"2.260713"
"232350.0";"2.320519"
"232360.0";"2.122588"
"232370.0";"2.212048"
"232380.0";"2.120398"
"232390.0";"2.080744"
"232400.0";"2.258477"
"232410.0";"2.10556"
"232420.0";"2.165734"
"232430.0";"2.148723"
"232440.0";"1.985008"
"232450.0";"1.899411"
"232460.0";"2.018382"
"232470.0";"2.089402"
"232480.0";"2.123583"
"232490.0";"2.200495"
"232500.0";"2.109257"
"232510.0";"2.139104"
"232520.0";"2.141202"
"232530.0";"2.233707"
"232540.0";"2.185493"
"232550.0";"2.14405"
"232560.0";"2.157006"
"232570.0";"1.882545"
"232580.0";"2.051235"
"232590.0";"2.143863"
"232600.0";"1.966591"
"232610.0";"1.882653"
"232620.0";"2.077192"
"232630.0";"1.975282"
"232640.0";"2.145257"
"232650.0";"2.072133"
"232660.0";"2.112232"
"232670.0";"2.176995"
"232680.0";"2.135937"
"232690.0";"2.071345"
"232700.0";"2.028599"
"232710.0";"1.909541"
"232720.0";"1.877386"
"232730.0";"1.972285"
"232740.0";"2.015678"
"232750.0";"2.103165"
"232760.0";"2.011434"
"232770.0";"2.029805"
"232780.0";"2.110011"
"232790.0";"2.000306"
"232800.0";"2.041272"
"232810.0";"2.042456"
"232820.0";"2.058508"
"232830.0";"2.071968"
"232840.0";"1.93648"
"232850.0";"2.095221"
"232860.0";"2.096618"
"232870.0";"2.130903"
"232880.0";"2.190642"
"232890.0";"2.175851"
"232900.0";"2.389298"
"232910.0";"2.137368"
"232920.0";"2.251209"
"232930.0";"2.038302"
"232940.0";"2.135792"
"232950.0";"2.116349"
"232960.0";"1.971825"
"232970.0";"1.999333"
"232980.0";"2.050308"
"232990.0";"2.056607"
"233000.0";"2.12802"
"233010.0";"2.248648"
"233020.0";"2.271573"
"233030.0";"2.163543"
"233040.0";"2.240093"
"233050.0";"2.095536"
"233060.0";"2.142776"
"233070.0";"2.078284"
"233080.0";"1.919434"
"233090.0";"2.020254"
"233100.0";"1.921665"
"233110.0";"2.045453"
"233120.0";"1.99849"
"233130.0";"1.988007"
"233140.0";"2.074374"
"233150.0";"2.127161"
"233160.0";"2.024202"
"233170.0";"1.959342"
"233180.0";"2.058279"
"233190.0";"2.065254"
"233200.0";"2.155249"
"233210.0";"2.152154"
"233220.0";"2.002875"
"233230.0";"1.904043"
"233240.0";"2.092945"
"233250.0";"2.118979"
"233260.0";"2.177133"
"233270.0";"2.046596"
"233280.0";"2.256019"
"233290.0";"2.456609"
"233300.0";"2.402206"
"233310.0";"2.394117"
"233320.0";"2.288219"
"233330.0";"2.291634"
"233340.0";"2.315826"
"233350.0";"2.291795"
"233360.0";"2.352254"
"233370.0";"2.062156"
"233380.0";"2.187828"
"233390.0";"2.172624"
"233400.0";"2.401035"
"233410.0";"2.31753"
"233420.0";"2.270802"
"233430.0";"2.338475"
"233440.0";"2.157202"
"233450.0";"2.160303"
"233460.0";"2.123472"
"233470.0";"2.151224"
"233480.0";"2.226022"
"233490.0";"2.237463"
"233500.0";"2.20939"
"233510.0";"2.271589"
"233520.0";"2.141733"
"233530.0";"2.183486"
"233540.0";"2.102289"
"233550.0";"2.13648"
"233560.0";"2.227453"
"233570.0";"2.149021"
"233580.0";"2.08108"
"233590.0";"2.251657"
"233600.0";"2.116489"
"233610.0";"2.087515"
"233620.0";"2.115787"
"233630.0";"2.001904"
"233640.0";"2.140654"
"233650.0";"2.035507"
"233660.0";"2.198549"
"233670.0";"2.221557"
"233680.0";"2.131907"
"233690.0";"2.11111"
"233700.0";"2.122429"
"233710.0";"2.006737"
"233720.0";"2.198599"
"233730.0";"2.236422"
"233740.0";"2.283735"
"233750.0";"2.200631"
"233760.0";"2.119715"
"233770.0";"2.127549"
"233780.0";"2.013063"
"233790.0";"2.080909"
"233800.0";"2.083385"
"233810.0";"2.205983"
"233820.0";"2.112324"
"233830.0";"2.109742"
"233840.0";"2.065769"
"233850.0";"2.161724"
"233860.0";"2.117974"
"233870.0";"2.134363"
"233880.0";"2.107138"
"233890.0";"2.110415"
"233900.0";"2.115788"
"233910.0";"2.010962"
"233920.0";"2.004855"
"233930.0";"1.945095"
"233940.0";"2.021147"
"233950.0";"2.019985"
"233960.0";"2.130956"
"233970.0";"2.046092"
"233980.0";"2.084171"
"233990.0";"1.941456"
"234000.0";"1.943212"
"234010.0";"2.057039"
"234020.0";"2.038589"
"234030.0";"2.022992"
"234040.0";"1.985398"
"234050.0";"1.985929"
"234060.0";"1.978104"
"234070.0";"1.980362"
"234080.0";"2.080022"
"234090.0";"2.082046"
"234100.0";"2.051771"
"234110.0";"2.143365"
"234120.0";"2.167426"
"234130.0";"2.156848"
"234140.0";"2.044184"
"234150.0";"1.97136"
"234160.0";"2.038339"
"234170.0";"2.087433"
"234180.0";"2.204097"
"234190.0";"2.255442"
"234200.0";"2.064854"
"234210.0";"2.17501"
"234220.0";"2.110407"
"234230.0";"2.103693"
"234240.0";"1.980631"
"234250.0";"2.01046"
"234260.0";"2.068587"
"234270.0";"1.953421"
"234280.0";"2.084139"
"234290.0";"2.059461"
"234300.0";"2.086184"
"234310.0";"2.166288"
"234320.0";"2.206347"
"234330.0";"2.188591"
"234340.0";"2.103737"
"234350.0";"2.141553"
"234360.0";"2.151588"
"234370.0";"2.230687"
"234380.0";"2.231689"
"234390.0";"2.026321"
"234400.0";"2.009176"
"234410.0";"2.087251"
"234420.0";"2.106066"
"234430.0";"2.08382"
"234440.0";"2.170014"
"234450.0";"2.245003"
"234460.0";"2.061497"
"234470.0";"2.114083"
"234480.0";"2.212502"
"234490.0";"2.107718"
"234500.0";"2.266083"
"234510.0";"2.244464"
"234520.0";"2.168369"
"234530.0";"2.329071"
"234540.0";"2.277065"
"234550.0";"2.184918"
"234560.0";"2.275463"
"234570.0";"2.407101"
"234580.0";"2.33907"
"234590.0";"2.182235"
"234600.0";"2.358841"
"234610.0";"2.165095"
"234620.0";"2.324233"
"234630.0";"2.310968"
"234640.0";"2.264191"
"234650.0";"2.25986"
"234660.0";"2.16182"
"234670.0";"2.268711"
"234680.0";"2.239977"
"234690.0";"2.116909"
"234700.0";"2.225085"
"234710.0";"2.14515"
"234720.0";"2.080182"
"234730.0";"2.156343"
"234740.0";"2.053438"
"234750.0";"2.079416"
"234760.0";"2.011714"
"234770.0";"2.205278"
"234780.0";"2.159527"
"234790.0";"2.162023"
"234800.0";"2.176326"
"234810.0";"2.08858"
"234820.0";"2.178863"
"234830.0";"2.074441"
"234840.0";"2.124695"
"234850.0";"2.018567"
"234860.0";"2.042792"
"234870.0";"2.192668"
"234880.0";"2.049549"
"234890.0";"2.088812"
"234900.0";"2.143734"
"234910.0";"2.255285"
"234920.0";"2.158338"
"234930.0";"2.028806"
"234940.0";"2.030376"
"234950.0";"1.939696"
"234960.0";"1.919462"
"234970.0";"1.875865"
"234980.0";"1.97986"
"234990.0";"1.932872"
"235000.0";"1.947369"
"235010.0";"2.04435"
"235020.0";"2.016858"
"235030.0";"1.952465"
"235040.0";"1.965415"
"235050.0";"1.924909"
"235060.0";"1.970928"
"235070.0";"2.027286"
"235080.0";"2.063476"
"235090.0";"2.02546"
"235100.0";"1.999864"
"235110.0";"2.042391"
"235120.0";"1.986383"
"235130.0";"2.068262"
"235140.0";"1.970642"
"235150.0";"2.010253"
"235160.0";"1.858531"
"235170.0";"2.005685"
"235180.0";"2.065447"
"235190.0";"2.000533"
"235200.0";"1.996099"
"235210.0";"1.940288"
"235220.0";"1.970102"
"235230.0";"1.90321"
"235240.0";"2.094345"
"235250.0";"2.104036"
"235260.0";"2.081854"
"235270.0";"2.129971"
"235280.0";"2.122839"
"235290.0";"2.151262"
"235300.0";"2.027629"
"235310.0";"2.176901"
"235320.0";"2.092892"
"235330.0";"2.124357"
"235340.0";"2.132056"
"235350.0";"2.120543"
"235360.0";"2.231521"
"235370.0";"2.089717"
"235380.0";"2.223676"
"235390.0";"2.103153"
"235400.0";"2.128742"
"235410.0";"2.12335"
"235420.0";"2.026293"
"235430.0";"2.073978"
"235440.0";"2.145423"
"235450.0";"2.169054"
"235460.0";"2.078888"
"235470.0";"2.167547"
"235480.0";"2.067301"
"235490.0";"2.296008"
"235500.0";"2.161593"
"235510.0";"2.051248"
"235520.0";"2.051015"
"235530.0";"2.096111"
"235540.0";"2.020225"
"235550.0";"2.252303"
"235560.0";"2.152426"
"235570.0";"2.066447"
"235580.0";"2.072891"
"235590.0";"2.205692"
"235600.0";"2.091017"
"235610.0";"2.016053"
"235620.0";"2.020098"
"235630.0";"1.976598"
"235640.0";"2.148102"
"235650.0";"2.156789"
"235660.0";"2.200112"
"235670.0";"2.251396"
"235680.0";"2.046445"
"235690.0";"2.056462"
"235700.0";"2.069013"
"235710.0";"2.168116"
"235720.0";"2.213716"
"235730.0";"2.102454"
"235740.0";"2.002747"
"235750.0";"2.097895"
"235760.0";"2.165872"
"235770.0";"2.165826"
"235780.0";"2.120433"
"235790.0";"2.115245"
"235800.0";"2.239372"
"235810.0";"2.278302"
"235820.0";"2.198471"
"235830.0";"2.297789"
"235840.0";"2.248617"
"235850.0";"2.237183"
"235860.0";"2.206208"
"235870.0";"2.253532"
"235880.0";"2.263554"
"235890.0";"2.329039"
"235900.0";"2.287907"
"235910.0";"2.242871"
"235920.0";"2.234494"
"235930.0";"2.163936"
"235940.0";"2.166731"
"235950.0";"2.242816"
"235960.0";"2.188986"
"235970.0";"2.227982"
"235980.0";"2.099638"
"235990.0";"2.110555"
"236000.0";"2.253754"
"236010.0";"2.253582"
"236020.0";"2.340998"
"236030.0";"2.200734"
"236040.0";"2.347593"
"236050.0";"2.141088"
"236060.0";"2.065163"
"236070.0";"2.172657"
"236080.0";"2.216049"
"236090.0";"2.296886"
"236100.0";"2.150115"
"236110.0";"2.215024"
"236120.0";"2.188806"
"236130.0";"2.167691"
"236140.0";"2.027448"
"236150.0";"2.177157"
"236160.0";"2.024846"
"236170.0";"2.105291"
"236180.0";"2.050842"
"236190.0";"2.129923"
"236200.0";"2.100031"
"236210.0";"2.044543"
"236220.0";"2.089916"
"236230.0";"1.978995"
"236240.0";"2.055728"
"236250.0";"1.969768"
"236260.0";"1.94311"
"236270.0";"2.087357"
"236280.0";"1.98397"
"236290.0";"2.062846"
"236300.0";"2.192561"
"236310.0";"2.08921"
"236320.0";"2.210414"
"236330.0";"2.336923"
"236340.0";"2.350243"
"236350.0";"2.320866"
"236360.0";"2.361168"
"236370.0";"2.253052"
"236380.0";"2.179435"
"236390.0";"2.268031"
"236400.0";"2.225901"
"236410.0";"2.253967"
"236420.0";"2.278872"
"236430.0";"2.28747"
"236440.0";"2.238378"
"236450.0";"2.256799"
"236460.0";"2.294479"
"236470.0";"2.276553"
"236480.0";"2.190652"
"236490.0";"2.332961"
"236500.0";"2.301142"
"236510.0";"2.217103"
"236520.0";"2.216415"
"236530.0";"2.225976"
"236540.0";"2.213643"
"236550.0";"2.165156"
"236560.0";"2.216406"
"236570.0";"1.993606"
"236580.0";"2.060839"
"236590.0";"1.980535"
"236600.0";"2.043582"
"236610.0";"2.079216"
"236620.0";"2.099727"
"236630.0";"2.113424"
"236640.0";"2.178191"
"236650.0";"2.017048"
"236660.0";"2.050145"
"236670.0";"2.115674"
"236680.0";"2.102671"
"236690.0";"2.205925"
"236700.0";"2.087618"
"236710.0";"2.09411"
"236720.0";"2.020682"
"236730.0";"1.965303"
"236740.0";"2.03299"
"236750.0";"1.993907"
"236760.0";"1.977045"
"236770.0";"2.07114"
"236780.0";"1.957095"
"236790.0";"1.917168"
"236800.0";"1.911195"
"236810.0";"1.930858"
"236820.0";"2.117395"
"236830.0";"2.22984"
"236840.0";"2.066291"
"236850.0";"2.111574"
"236860.0";"2.150499"
"236870.0";"1.914544"
"236880.0";"2.007629"
"236890.0";"2.029822"
"236900.0";"2.059826"
"236910.0";"2.045398"
"236920.0";"2.19351"
"236930.0";"2.08226"
"236940.0";"2.106165"
"236950.0";"2.049836"
"236960.0";"2.168999"
"236970.0";"2.114011"
"236980.0";"2.15123"
"236990.0";"2.056569"
"237000.0";"2.087543"
"237010.0";"2.156064"
"237020.0";"2.199453"
"237030.0";"2.14126"
"237040.0";"2.110421"
"237050.0";"1.962677"
"237060.0";"2.019719"
"237070.0";"2.182825"
"237080.0";"2.167881"
"237090.0";"2.138227"
"237100.0";"2.039829"
"237110.0";"2.080548"
"237120.0";"2.195496"
"237130.0";"2.071096"
"237140.0";"2.139346"
"237150.0";"2.170509"
"237160.0";"2.144305"
"237170.0";"2.177202"
"237180.0";"2.080355"
"237190.0";"2.312783"
"237200.0";"2.209078"
"237210.0";"2.022876"
"237220.0";"2.233593"
"237230.0";"2.190511"
"237240.0";"2.257312"
"237250.0";"2.287997"
"237260.0";"2.222118"
"237270.0";"2.146113"
"237280.0";"2.132603"
"237290.0";"2.264288"
"237300.0";"2.397392"
"237310.0";"2.282158"
"237320.0";"2.317283"
"237330.0";"2.239812"
"237340.0";"2.297974"
"237350.0";"2.338595"
"237360.0";"2.178152"
"237370.0";"2.198716"
"237380.0";"2.150754"
"237390.0";"2.207703"
"237400.0";"2.058852"
"237410.0";"2.349221"
"237420.0";"2.301158"
"237430.0";"2.420693"
"237440.0";"2.106231"
"237450.0";"2.158551"
"237460.0";"2.169164"
"237470.0";"2.180409"
"237480.0";"2.134645"
"237490.0";"2.27561"
"237500.0";"2.331673"
"237510.0";"2.240495"
"237520.0";"2.196395"
"237530.0";"2.216552"
"237540.0";"2.387045"
"237550.0";"2.277601"
"237560.0";"2.207792"
"237570.0";"2.131013"
"237580.0";"2.050816"
"237590.0";"2.199332"
"237600.0";"2.060092"
"237610.0";"2.183708"
"237620.0";"2.305758"
"237630.0";"2.063374"
"237640.0";"2.043501"
"237650.0";"2.137313"
"237660.0";"2.02201"
"237670.0";"2.081954"
"237680.0";"1.971407"
"237690.0";"1.979145"
"237700.0";"2.003941"
"237710.0";"2.172208"
"237720.0";"2.084629"
"237730.0";"2.088151"
"237740.0";"2.049878"
"237750.0";"2.202617"
"237760.0";"2.111463"
"237770.0";"2.264683"
"237780.0";"2.193811"
"237790.0";"2.145708"
"237800.0";"2.074538"
"237810.0";"2.182131"
"237820.0";"2.01328"
"237830.0";"1.987049"
"237840.0";"2.033931"
"237850.0";"2.276875"
"237860.0";"2.212511"
"237870.0";"2.174943"
"237880.0";"2.292199"
"237890.0";"2.318321"
"237900.0";"2.464994"
"237910.0";"2.366435"
"237920.0";"2.43903"
"237930.0";"2.257516"
"237940.0";"2.401531"
"237950.0";"2.295262"
"237960.0";"2.097506"
"237970.0";"2.047486"
"237980.0";"2.204395"
"237990.0";"2.144919"
"238000.0";"2.174726"
"238010.0";"2.24845"
"238020.0";"2.300752"
"238030.0";"2.116822"
"238040.0";"2.129179"
"238050.0";"2.109161"
"238060.0";"1.99024"
"238070.0";"2.107329"
"238080.0";"2.095017"
"238090.0";"2.132991"
"238100.0";"2.081121"
"238110.0";"2.092256"
"238120.0";"2.170912"
"238130.0";"2.172174"
"238140.0";"2.249449"
"238150.0";"2.027102"
"238160.0";"2.161612"
"238170.0";"2.024531"
"238180.0";"2.017001"
"238190.0";"1.980018"
"238200.0";"1.976137"
"238210.0";"1.901401"
"238220.0";"2.109645"
"238230.0";"2.081071"
"238240.0";"2.170064"
"238250.0";"2.116868"
"238260.0";"2.020993"
"238270.0";"2.156324"
"238280.0";"2.1445"
"238290.0";"2.057596"
"238300.0";"2.144544"
"238310.0";"2.106756"
"238320.0";"1.997119"
"238330.0";"2.025252"
"238340.0";"2.078682"
"238350.0";"2.025344"
"238360.0";"2.063629"
"238370.0";"2.099832"
"238380.0";"2.073676"
"238390.0";"2.027696"
"238400.0";"1.969943"
"238410.0";"1.946502"
"238420.0";"1.955582"
"238430.0";"1.984741"
"238440.0";"1.957693"
"238450.0";"1.927639"
"238460.0";"1.91976"
"238470.0";"2.209113"
"238480.0";"2.159705"
"238490.0";"2.059162"
"238500.0";"1.953587"
"238510.0";"1.897314"
"238520.0";"2.099527"
"238530.0";"2.108706"
"238540.0";"2.142408"
"238550.0";"2.029611"
"238560.0";"1.889611"
"238570.0";"1.866366"
"238580.0";"2.005682"
"238590.0";"1.974848"
"238600.0";"2.037188"
"238610.0";"2.024051"
"238620.0";"2.065728"
"238630.0";"1.987657"
"238640.0";"2.065756"
"238650.0";"2.046311"
"238660.0";"2.072938"
"238670.0";"2.048551"
"238680.0";"1.986612"
"238690.0";"2.057064"
"238700.0";"2.138391"
"238710.0";"1.942809"
"238720.0";"1.99095"
"238730.0";"2.089081"
"238740.0";"1.97181"
"238750.0";"2.085533"
"238760.0";"1.983422"
"238770.0";"2.182881"
"238780.0";"2.07103"
"238790.0";"1.91553"
"238800.0";"2.11635"
"238810.0";"1.955921"
"238820.0";"2.032092"
"238830.0";"2.015815"
"238840.0";"1.931793"
"238850.0";"1.994053"
"238860.0";"1.980866"
"238870.0";"2.098134"
"238880.0";"2.189157"
"238890.0";"2.197602"
"238900.0";"2.008306"
"238910.0";"1.9791"
"238920.0";"2.062897"
"238930.0";"2.147806"
"238940.0";"1.867766"
"238950.0";"1.977888"
"238960.0";"2.270775"
"238970.0";"1.972417"
"238980.0";"2.160376"
"238990.0";"2.088388"
"239000.0";"2.110975"
"239010.0";"2.005995"
"239020.0";"2.01734"
"239030.0";"1.981366"
"239040.0";"2.023633"
"239050.0";"2.061435"
"239060.0";"1.866073"
"239070.0";"1.897374"
"239080.0";"1.950667"
"239090.0";"1.942452"
"239100.0";"2.056317"
"239110.0";"2.141773"
"239120.0";"2.062431"
"239130.0";"2.106851"
"239140.0";"2.007128"
"239150.0";"2.020925"
"239160.0";"2.241015"
"239170.0";"2.209629"
"239180.0";"2.244385"
"239190.0";"2.00101"
"239200.0";"2.053973"
"239210.0";"2.080046"
"239220.0";"2.113812"
"239230.0";"2.122361"
"239240.0";"2.141189"
"239250.0";"2.173129"
"239260.0";"2.12924"
"239270.0";"2.265328"
"239280.0";"2.003417"
"239290.0";"2.135357"
"239300.0";"2.028157"
"239310.0";"2.042499"
"239320.0";"2.122181"
"239330.0";"1.938702"
"239340.0";"2.018655"
"239350.0";"2.022131"
"239360.0";"2.017089"
"239370.0";"2.086271"
"239380.0";"1.959451"
"239390.0";"1.905699"
"239400.0";"1.942559"
"239410.0";"2.100367"
"239420.0";"2.176183"
"239430.0";"2.111046"
"239440.0";"1.984126"
"239450.0";"2.058788"
"239460.0";"2.017244"
"239470.0";"2.019307"
"239480.0";"2.225189"
"239490.0";"2.126584"
"239500.0";"2.07007"
"239510.0";"2.071188"
"239520.0";"2.01368"
"239530.0";"2.044443"
"239540.0";"2.032383"
"239550.0";"1.994147"
"239560.0";"2.199868"
"239570.0";"2.130853"
"239580.0";"2.138515"
"239590.0";"2.295409"
"239600.0";"2.125475"
"239610.0";"1.958769"
"239620.0";"2.108455"
"239630.0";"2.080158"
"239640.0";"2.080086"
"239650.0";"2.052346"
"239660.0";"2.15309"
"239670.0";"1.952646"
"239680.0";"1.967759"
"239690.0";"1.990773"
"239700.0";"1.968539"
"239710.0";"1.956389"
"239720.0";"2.031814"
"239730.0";"2.300943"
"239740.0";"2.173514"
"239750.0";"2.104617"
"239760.0";"2.044531"
"239770.0";"2.165188"
"239780.0";"2.194714"
"239790.0";"2.03375"
"239800.0";"2.100998"
"239810.0";"1.973802"
"239820.0";"1.983307"
"239830.0";"2.085071"
"239840.0";"2.16915"
"239850.0";"2.176819"
"239860.0";"2.121118"
"239870.0";"2.028708"
"239880.0";"2.093746"
"239890.0";"1.856358"
"239900.0";"2.062679"
"239910.0";"2.073942"
"239920.0";"2.16501"
"239930.0";"2.079311"
"239940.0";"2.028819"
"239950.0";"2.093583"
"239960.0";"2.119226"
"239970.0";"2.161748"
"239980.0";"2.136419"
"239990.0";"2.127445"
"240000.0";"2.209356"
"240010.0";"2.084799"
"240020.0";"2.066727"
"240030.0";"2.102659"
"240040.0";"1.995862"
"240050.0";"2.122604"
"240060.0";"2.276603"
"240070.0";"2.186565"
"240080.0";"2.091581"
"240090.0";"2.091417"
"240100.0";"2.18141"
"240110.0";"2.139313"
"240120.0";"2.14798"
"240130.0";"2.113974"
"240140.0";"2.030591"
"240150.0";"2.096415"
"240160.0";"2.140435"
"240170.0";"2.175786"
"240180.0";"2.278393"
"240190.0";"2.310295"
"240200.0";"2.384027"
"240210.0";"2.319201"
"240220.0";"2.159546"
"240230.0";"2.232278"
"240240.0";"2.147629"
"240250.0";"2.172483"
"240260.0";"2.143219"
"240270.0";"2.184298"
"240280.0";"2.075914"
"240290.0";"2.203163"
"240300.0";"2.131079"
"240310.0";"2.163098"
"240320.0";"2.185608"
"240330.0";"2.19371"
"240340.0";"2.191436"
"240350.0";"2.088028"
"240360.0";"2.304292"
"240370.0";"2.288227"
"240380.0";"2.201076"
"240390.0";"2.212208"
"240400.0";"2.300653"
"240410.0";"2.203082"
"240420.0";"2.264605"
"240430.0";"2.167595"
"240440.0";"2.022816"
"240450.0";"2.138673"
"240460.0";"2.132477"
"240470.0";"2.141901"
"240480.0";"2.160759"
"240490.0";"2.223325"
"240500.0";"2.323797"
"240510.0";"2.421459"
"240520.0";"2.397864"
"240530.0";"2.27"
"240540.0";"2.1577"
"240550.0";"2.190081"
"240560.0";"2.371091"
"240570.0";"2.345647"
"240580.0";"2.221962"
"240590.0";"2.287686"
"240600.0";"2.241277"
"240610.0";"2.298387"
"240620.0";"2.348682"
"240630.0";"2.419886"
"240640.0";"2.299289"
"240650.0";"2.244524"
"240660.0";"2.24345"
"240670.0";"2.24735"
"240680.0";"2.244082"
"240690.0";"2.245295"
"240700.0";"2.245327"
"240710.0";"2.355943"
"240720.0";"2.369605"
"240730.0";"2.390735"
"240740.0";"2.099602"
"240750.0";"2.178066"
"240760.0";"2.121218"
"240770.0";"2.073181"
"240780.0";"2.080793"
"240790.0";"2.117841"
"240800.0";"1.990352"
"240810.0";"2.124298"
"240820.0";"2.038378"
"240830.0";"2.179715"
"240840.0";"2.024037"
"240850.0";"2.166082"
"240860.0";"2.002598"
"240870.0";"2.064243"
"240880.0";"2.056125"
"240890.0";"2.048483"
"240900.0";"2.126429"
"240910.0";"2.168836"
"240920.0";"2.202882"
"240930.0";"2.2426"
"240940.0";"2.264387"
"240950.0";"2.161599"
"240960.0";"2.085333"
"240970.0";"2.119002"
"240980.0";"2.046241"
"240990.0";"2.167191"
"241000.0";"2.099422"
"241010.0";"2.052863"
"241020.0";"2.096092"
"241030.0";"2.138912"
"241040.0";"2.150245"
"241050.0";"2.344501"
"241060.0";"2.406449"
"241070.0";"2.215478"
"241080.0";"2.21444"
"241090.0";"2.360009"
"241100.0";"2.461143"
"241110.0";"2.424804"
"241120.0";"2.419052"
"241130.0";"2.200732"
"241140.0";"2.021592"
"241150.0";"2.213839"
"241160.0";"2.253973"
"241170.0";"2.233443"
"241180.0";"2.382105"
"241190.0";"2.293156"
"241200.0";"2.195465"
"241210.0";"2.182239"
"241220.0";"2.285369"
"241230.0";"2.053197"
"241240.0";"2.265546"
"241250.0";"2.360668"
"241260.0";"2.337541"
"241270.0";"2.240244"
"241280.0";"2.140053"
"241290.0";"2.02523"
"241300.0";"2.159027"
"241310.0";"2.258205"
"241320.0";"2.227775"
"241330.0";"2.264533"
"241340.0";"2.189554"
"241350.0";"2.181224"
"241360.0";"2.289678"
"241370.0";"2.206998"
"241380.0";"2.205521"
"241390.0";"2.285689"
"241400.0";"2.237219"
"241410.0";"2.13096"
"241420.0";"2.278945"
"241430.0";"2.275625"
"241440.0";"2.374842"
"241450.0";"2.422254"
"241460.0";"2.180872"
"241470.0";"2.194422"
"241480.0";"2.172068"
"241490.0";"2.154881"
"241500.0";"2.333369"
"241510.0";"2.142315"
"241520.0";"2.183444"
"241530.0";"2.062629"
"241540.0";"2.048162"
"241550.0";"2.210413"
"241560.0";"2.209881"
"241570.0";"2.118923"
"241580.0";"2.37148"
"241590.0";"2.208006"
"241600.0";"2.183778"
"241610.0";"2.396739"
"241620.0";"2.409002"
"241630.0";"2.318084"
"241640.0";"2.471472"
"241650.0";"2.174988"
"241660.0";"2.250806"
"241670.0";"2.335968"
"241680.0";"2.269331"
"241690.0";"2.142459"
"241700.0";"2.216824"
"241710.0";"2.190305"
"241720.0";"2.138928"
"241730.0";"2.217719"
"241740.0";"2.383253"
"241750.0";"2.193295"
"241760.0";"2.174136"
"241770.0";"2.112249"
"241780.0";"2.319426"
"241790.0";"2.173346"
"241800.0";"2.285163"
"241810.0";"2.126771"
"241820.0";"2.211567"
"241830.0";"2.122838"
"241840.0";"2.156266"
"241850.0";"2.376555"
"241860.0";"2.140425"
"241870.0";"2.305785"
"241880.0";"2.218006"
"241890.0";"2.222778"
"241900.0";"2.142635"
"241910.0";"2.275438"
"241920.0";"2.120003"
"241930.0";"2.292171"
"241940.0";"2.110767"
"241950.0";"2.152469"
"241960.0";"2.21242"
"241970.0";"2.359283"
"241980.0";"2.1961"
"241990.0";"2.302699"
"242000.0";"2.271693"
"242010.0";"2.262023"
"242020.0";"2.199547"
"242030.0";"2.133693"
"242040.0";"2.177457"
"242050.0";"2.268301"
"242060.0";"2.177567"
"242070.0";"2.200502"
"242080.0";"2.211673"
"242090.0";"2.22716"
"242100.0";"2.136734"
"242110.0";"2.28754"
"242120.0";"2.301622"
"242130.0";"2.194772"
"242140.0";"2.238332"
"242150.0";"2.260362"
"242160.0";"2.197771"
"242170.0";"2.265537"
"242180.0";"2.276001"
"242190.0";"2.252939"
"242200.0";"2.314462"
"242210.0";"2.233361"
"242220.0";"2.13366"
"242230.0";"2.141596"
"242240.0";"2.224195"
"242250.0";"2.235595"
"242260.0";"2.135561"
"242270.0";"2.235469"
"242280.0";"2.212651"
"242290.0";"2.207679"
"242300.0";"2.24316"
"242310.0";"2.211768"
"242320.0";"2.190128"
"242330.0";"2.326981"
"242340.0";"2.264293"
"242350.0";"2.281682"
"242360.0";"2.391022"
"242370.0";"2.265209"
"242380.0";"2.174522"
"242390.0";"2.215956"
"242400.0";"2.18157"
"242410.0";"2.281906"
"242420.0";"2.237128"
"242430.0";"2.188781"
"242440.0";"2.119456"
"242450.0";"2.345773"
"242460.0";"2.300498"
"242470.0";"2.388591"
"242480.0";"2.439518"
"242490.0";"2.414109"
"242500.0";"2.394384"
"242510.0";"2.253417"
"242520.0";"2.133852"
"242530.0";"2.162589"
"242540.0";"2.214752"
"242550.0";"2.160525"
"242560.0";"2.211499"
"242570.0";"2.13657"
"242580.0";"2.159817"
"242590.0";"2.390266"
"242600.0";"2.304543"
"242610.0";"2.110501"
"242620.0";"2.207406"
"242630.0";"2.107379"
"242640.0";"2.130954"
"242650.0";"2.21277"
"242660.0";"2.253563"
"242670.0";"1.991392"
"242680.0";"1.954717"
"242690.0";"1.967741"
"242700.0";"2.071376"
"242710.0";"2.050101"
"242720.0";"2.059052"
"242730.0";"2.136662"
"242740.0";"2.064066"
"242750.0";"1.948781"
"242760.0";"2.06762"
"242770.0";"2.074307"
"242780.0";"2.074517"
"242790.0";"2.144717"
"242800.0";"2.119081"
"242810.0";"2.165558"
"242820.0";"2.225893"
"242830.0";"2.246521"
"242840.0";"2.262535"
"242850.0";"2.100996"
"242860.0";"2.024009"
"242870.0";"2.101516"
"242880.0";"2.108371"
"242890.0";"2.068364"
"242900.0";"2.104822"
"242910.0";"2.190167"
"242920.0";"2.091972"
"242930.0";"2.062105"
"242940.0";"2.165163"
"242950.0";"2.041281"
"242960.0";"2.052401"
"242970.0";"2.142468"
"242980.0";"2.124793"
"242990.0";"2.286295"
"243000.0";"2.105247"
"243010.0";"2.075448"
"243020.0";"2.060511"
"243030.0";"1.875236"
"243040.0";"1.983628"
"243050.0";"1.990926"
"243060.0";"1.919898"
"243070.0";"2.042694"
"243080.0";"2.092072"
"243090.0";"2.144583"
"243100.0";"2.096371"
"243110.0";"2.103214"
"243120.0";"2.151537"
"243130.0";"2.216764"
"243140.0";"2.185024"
"243150.0";"2.276395"
"243160.0";"2.147933"
"243170.0";"2.292732"
"243180.0";"2.226976"
"243190.0";"2.194392"
"243200.0";"2.119248"
"243210.0";"2.090898"
"243220.0";"1.901516"
"243230.0";"1.999492"
"243240.0";"2.039682"
"243250.0";"2.194857"
"243260.0";"2.201747"
"243270.0";"2.22422"
"243280.0";"2.341434"
"243290.0";"2.266645"
"243300.0";"2.18442"
"243310.0";"2.200624"
"243320.0";"2.350509"
"243330.0";"2.265374"
"243340.0";"2.4047"
"243350.0";"2.321136"
"243360.0";"2.322949"
"243370.0";"2.13565"
"243380.0";"2.298183"
"243390.0";"2.19185"
"243400.0";"2.252362"
"243410.0";"2.160938"
"243420.0";"2.202608"
"243430.0";"2.159262"
"243440.0";"2.158523"
"243450.0";"2.270388"
"243460.0";"2.311206"
"243470.0";"2.153742"
"243480.0";"2.162434"
"243490.0";"2.222595"
"243500.0";"2.218298"
"243510.0";"2.270366"
"243520.0";"2.098415"
"243530.0";"2.17981"
"243540.0";"2.256177"
"243550.0";"2.393371"
"243560.0";"2.198186"
"243570.0";"2.021256"
"243580.0";"2.126124"
"243590.0";"2.064158"
"243600.0";"2.076468"
"243610.0";"2.05248"
"243620.0";"2.06204"
"243630.0";"2.168799"
"243640.0";"2.293679"
"243650.0";"2.246526"
"243660.0";"2.306965"
"243670.0";"2.412775"
"243680.0";"2.287275"
"243690.0";"2.330448"
"243700.0";"2.188159"
"243710.0";"2.2553"
"243720.0";"2.197754"
"243730.0";"2.272806"
"243740.0";"2.341081"
"243750.0";"2.276189"
"243760.0";"2.251329"
"243770.0";"2.254194"
"243780.0";"2.32262"
"243790.0";"2.456073"
"243800.0";"2.292785"
"243810.0";"2.184452"
"243820.0";"2.351056"
"243830.0";"2.206001"
"243840.0";"2.295427"
"243850.0";"2.323763"
"243860.0";"2.171364"
"243870.0";"2.205289"
"243880.0";"2.196037"
"243890.0";"2.179698"
"243900.0";"2.288368"
"243910.0";"2.246712"
"243920.0";"2.294727"
"243930.0";"2.330732"
"243940.0";"2.53951"
"243950.0";"2.300599"
"243960.0";"2.378465"
"243970.0";"2.479941"
"243980.0";"2.385539"
"243990.0";"2.317231"
"244000.0";"2.297698"
"244010.0";"2.261846"
"244020.0";"2.388211"
"244030.0";"2.197313"
"244040.0";"2.216111"
"244050.0";"2.234111"
"244060.0";"2.261863"
"244070.0";"2.263393"
"244080.0";"2.280879"
"244090.0";"2.296389"
"244100.0";"2.132078"
"244110.0";"2.19363"
"244120.0";"2.361758"
"244130.0";"2.309908"
"244140.0";"2.367451"
"244150.0";"2.548112"
"244160.0";"2.553226"
"244170.0";"2.596686"
"244180.0";"2.418411"
"244190.0";"2.592291"
"244200.0";"2.625808"
"244210.0";"2.462445"
"244220.0";"2.514352"
"244230.0";"2.53967"
"244240.0";"2.649923"
"244250.0";"2.40267"
"244260.0";"2.444199"
"244270.0";"2.617318"
"244280.0";"2.616175"
"244290.0";"2.365028"
"244300.0";"2.551486"
"244310.0";"2.424308"
"244320.0";"2.504286"
"244330.0";"2.527562"
"244340.0";"2.480771"
"244350.0";"2.660416"
"244360.0";"2.576676"
"244370.0";"2.657878"
"244380.0";"2.574843"
"244390.0";"2.482887"
"244400.0";"2.474686"
"244410.0";"2.595385"
"244420.0";"2.55756"
"244430.0";"2.493471"
"244440.0";"2.473267"
"244450.0";"2.460976"
"244460.0";"2.556419"
"244470.0";"2.544199"
"244480.0";"2.556277"
"244490.0";"2.555998"
"244500.0";"2.602026"
"244510.0";"2.310717"
"244520.0";"2.422415"
"244530.0";"2.44976"
"244540.0";"2.558614"
"244550.0";"2.373537"
"244560.0";"2.445019"
"244570.0";"2.601813"
"244580.0";"2.687076"
"244590.0";"2.516311"
"244600.0";"2.410296"
"244610.0";"2.381728"
"244620.0";"2.38841"
"244630.0";"2.317518"
"244640.0";"2.457616"
"244650.0";"2.431416"
"244660.0";"2.498859"
"244670.0";"2.550553"
"244680.0";"2.462469"
"244690.0";"2.284523"
"244700.0";"2.674602"
"244710.0";"2.66646"
"244720.0";"2.667811"
"244730.0";"2.653847"
"244740.0";"2.657823"
"244750.0";"2.586922"
"244760.0";"2.653575"
"244770.0";"2.586051"
"244780.0";"2.618452"
"244790.0";"2.603747"
"244800.0";"2.399541"
"244810.0";"2.461068"
"244820.0";"2.393378"
"244830.0";"2.480839"
"244840.0";"2.432126"
"244850.0";"2.474506"
"244860.0";"2.340998"
"244870.0";"2.296997"
"244880.0";"2.247857"
"244890.0";"2.318057"
"244900.0";"2.600518"
"244910.0";"2.363029"
"244920.0";"2.439779"
"244930.0";"2.389214"
"244940.0";"2.589648"
"244950.0";"2.426439"
"244960.0";"2.42234"
"244970.0";"2.533467"
"244980.0";"2.381624"
"244990.0";"2.372617"
"245000.0";"2.530924"
"245010.0";"2.409407"
"245020.0";"2.449976"
"245030.0";"2.41778"
"245040.0";"2.448848"
"245050.0";"2.290549"
"245060.0";"2.245934"
"245070.0";"2.460663"
"245080.0";"2.362281"
"245090.0";"2.215954"
"245100.0";"2.299242"
"245110.0";"2.311522"
"245120.0";"2.247817"
"245130.0";"2.278054"
"245140.0";"2.341788"
"245150.0";"2.294437"
"245160.0";"2.339516"
"245170.0";"2.31104"
"245180.0";"2.286515"
"245190.0";"2.419996"
"245200.0";"2.393525"
"245210.0";"2.302092"
"245220.0";"2.439553"
"245230.0";"2.423877"
"245240.0";"2.537578"
"245250.0";"2.372404"
"245260.0";"2.333503"
"245270.0";"2.306151"
"245280.0";"2.333907"
"245290.0";"2.45399"
"245300.0";"2.354553"
"245310.0";"2.444175"
"245320.0";"2.417859"
"245330.0";"2.335758"
"245340.0";"2.305414"
"245350.0";"2.325309"
"245360.0";"2.353511"
"245370.0";"2.272945"
"245380.0";"2.299554"
"245390.0";"2.290044"
"245400.0";"2.242024"
"245410.0";"2.165615"
"245420.0";"2.257727"
"245430.0";"2.217005"
"245440.0";"2.411032"
"245450.0";"2.310419"
"245460.0";"2.273678"
"245470.0";"2.295771"
"245480.0";"2.428704"
"245490.0";"2.418844"
"245500.0";"2.392013"
"245510.0";"2.285106"
"245520.0";"2.247579"
"245530.0";"2.07223"
"245540.0";"2.40024"
"245550.0";"2.362564"
"245560.0";"2.328328"
"245570.0";"2.488629"
"245580.0";"2.300885"
"245590.0";"2.407657"
"245600.0";"2.271147"
"245610.0";"2.38106"
"245620.0";"2.326075"
"245630.0";"2.384897"
"245640.0";"2.358192"
"245650.0";"2.418224"
"245660.0";"2.44628"
"245670.0";"2.420763"
"245680.0";"2.578432"
"245690.0";"2.636323"
"245700.0";"2.542749"
"245710.0";"2.474079"
"245720.0";"2.435498"
"245730.0";"2.390894"
"245740.0";"2.522077"
"245750.0";"2.400291"
"245760.0";"2.275319"
"245770.0";"2.348351"
"245780.0";"2.495893"
"245790.0";"2.595164"
"245800.0";"2.482551"
"245810.0";"2.404911"
"245820.0";"2.363818"
"245830.0";"2.318374"
"245840.0";"2.290729"
"245850.0";"2.466413"
"245860.0";"2.519992"
"245870.0";"2.498545"
"245880.0";"2.457339"
"245890.0";"2.432456"
"245900.0";"2.461748"
"245910.0";"2.402475"
"245920.0";"2.530547"
"245930.0";"2.576917"
"245940.0";"2.372346"
"245950.0";"2.374637"
"245960.0";"2.328523"
"245970.0";"2.37313"
"245980.0";"2.475921"
"245990.0";"2.394618"
"246000.0";"2.296834"
"246010.0";"2.242661"
"246020.0";"2.366538"
"246030.0";"2.038561"
"246040.0";"2.27918"
"246050.0";"2.366466"
"246060.0";"2.199176"
"246070.0";"2.278282"
"246080.0";"2.287523"
"246090.0";"2.30849"
"246100.0";"2.309378"
"246110.0";"2.358305"
"246120.0";"2.380433"
"246130.0";"2.406718"
"246140.0";"2.160582"
"246150.0";"2.214471"
"246160.0";"2.201276"
"246170.0";"2.294986"
"246180.0";"2.42051"
"246190.0";"2.319883"
"246200.0";"2.307664"
"246210.0";"2.332963"
"246220.0";"2.352829"
"246230.0";"2.436711"
"246240.0";"2.319834"
"246250.0";"2.210274"
"246260.0";"2.240139"
"246270.0";"2.448977"
"246280.0";"2.443691"
"246290.0";"2.228758"
"246300.0";"2.360045"
"246310.0";"2.376216"
"246320.0";"2.42059"
"246330.0";"2.620129"
"246340.0";"2.498758"
"246350.0";"2.34068"
"246360.0";"2.261958"
"246370.0";"2.337775"
"246380.0";"2.439046"
"246390.0";"2.529547"
"246400.0";"2.642405"
"246410.0";"2.567279"
"246420.0";"2.671005"
"246430.0";"2.542091"
"246440.0";"2.689583"
"246450.0";"2.62968"
"246460.0";"2.678662"
"246470.0";"2.766524"
"246480.0";"2.777225"
"246490.0";"2.570477"
"246500.0";"2.550858"
"246510.0";"2.335608"
"246520.0";"2.420843"
"246530.0";"2.194752"
"246540.0";"2.412552"
"246550.0";"2.347308"
"246560.0";"2.403187"
"246570.0";"2.600356"
"246580.0";"2.358752"
"246590.0";"2.476308"
"246600.0";"2.541298"
"246610.0";"2.520861"
"246620.0";"2.33751"
"246630.0";"2.45971"
"246640.0";"2.462405"
"246650.0";"2.345414"
"246660.0";"2.2948"
"246670.0";"2.297956"
"246680.0";"2.334749"
"246690.0";"2.279309"
"246700.0";"2.500445"
"246710.0";"2.475194"
"246720.0";"2.403892"
"246730.0";"2.309578"
"246740.0";"2.462698"
"246750.0";"2.372977"
"246760.0";"2.416483"
"246770.0";"2.245296"
"246780.0";"2.311962"
"246790.0";"2.380889"
"246800.0";"2.272288"
"246810.0";"2.263616"
"246820.0";"2.218285"
"246830.0";"2.220978"
"246840.0";"2.337789"
"246850.0";"2.302893"
"246860.0";"2.327308"
"246870.0";"2.140179"
"246880.0";"2.279929"
"246890.0";"2.37135"
"246900.0";"2.476271"
"246910.0";"2.438054"
"246920.0";"2.405547"
"246930.0";"2.344136"
"246940.0";"2.629254"
"246950.0";"2.551242"
"246960.0";"2.493434"
"246970.0";"2.285786"
"246980.0";"2.461933"
"246990.0";"2.361886"
"247000.0";"2.444168"
"247010.0";"2.200594"
"247020.0";"2.13662"
"247030.0";"2.356737"
"247040.0";"2.305865"
"247050.0";"2.123794"
"247060.0";"2.330939"
"247070.0";"2.28535"
"247080.0";"2.183202"
"247090.0";"2.272234"
"247100.0";"2.147855"
"247110.0";"2.235627"
"247120.0";"2.240205"
"247130.0";"2.362175"
"247140.0";"2.2387"
"247150.0";"2.458517"
"247160.0";"2.172073"
"247170.0";"2.152408"
"247180.0";"2.198495"
"247190.0";"2.143742"
"247200.0";"2.189342"
"247210.0";"2.220274"
"247220.0";"2.200838"
"247230.0";"2.005547"
"247240.0";"2.081556"
"247250.0";"2.104888"
"247260.0";"2.165846"
"247270.0";"2.210758"
"247280.0";"2.315795"
"247290.0";"2.242665"
"247300.0";"2.312516"
"247310.0";"1.9953"
"247320.0";"2.118927"
"247330.0";"2.009389"
"247340.0";"2.211712"
"247350.0";"2.062057"
"247360.0";"2.11234"
"247370.0";"2.193053"
"247380.0";"2.179982"
"247390.0";"2.261099"
"247400.0";"2.185856"
"247410.0";"2.135698"
"247420.0";"2.155054"
"247430.0";"2.040889"
"247440.0";"2.1099"
"247450.0";"2.07126"
"247460.0";"2.131121"
"247470.0";"2.151942"
"247480.0";"2.08163"
"247490.0";"2.105747"
"247500.0";"2.192745"
"247510.0";"2.298069"
"247520.0";"2.192037"
"247530.0";"2.090271"
"247540.0";"2.063197"
"247550.0";"2.221886"
"247560.0";"2.052739"
"247570.0";"2.22008"
"247580.0";"2.197062"
"247590.0";"2.202328"
"247600.0";"2.269293"
"247610.0";"2.335576"
"247620.0";"2.31093"
"247630.0";"2.321528"
"247640.0";"2.38235"
"247650.0";"2.313578"
"247660.0";"2.370721"
"247670.0";"2.277666"
"247680.0";"2.292102"
"247690.0";"2.281243"
"247700.0";"2.390849"
"247710.0";"2.260312"
"247720.0";"2.423597"
"247730.0";"2.323824"
"247740.0";"2.419601"
"247750.0";"2.418151"
"247760.0";"2.359377"
"247770.0";"2.391742"
"247780.0";"2.491469"
"247790.0";"2.345164"
"247800.0";"2.264886"
"247810.0";"2.460318"
"247820.0";"2.105648"
"247830.0";"2.162972"
"247840.0";"2.194701"
"247850.0";"2.341641"
"247860.0";"2.323903"
"247870.0";"2.198765"
"247880.0";"2.311093"
"247890.0";"2.251703"
"247900.0";"2.224504"
"247910.0";"2.241762"
"247920.0";"2.250233"
"247930.0";"2.170795"
"247940.0";"2.282126"
"247950.0";"2.217116"
"247960.0";"2.389458"
"247970.0";"2.297785"
"247980.0";"2.41683"
"247990.0";"2.300289"
"248000.0";"2.224668"
"248010.0";"2.243636"
"248020.0";"2.304224"
"248030.0";"2.355177"
"248040.0";"2.459938"
"248050.0";"2.470273"
"248060.0";"2.215199"
"248070.0";"2.206639"
"248080.0";"2.340797"
"248090.0";"2.28571"
"248100.0";"2.27669"
"248110.0";"2.292135"
"248120.0";"2.113854"
"248130.0";"2.218406"
"248140.0";"2.209611"
"248150.0";"2.261661"
"248160.0";"2.299316"
"248170.0";"2.503283"
"248180.0";"2.39969"
"248190.0";"2.391673"
"248200.0";"2.430886"
"248210.0";"2.451713"
"248220.0";"2.477201"
"248230.0";"2.277432"
"248240.0";"2.278332"
"248250.0";"2.109997"
"248260.0";"2.241299"
"248270.0";"2.219268"
"248280.0";"2.181084"
"248290.0";"2.424796"
"248300.0";"2.391356"
"248310.0";"2.259462"
"248320.0";"2.37997"
"248330.0";"2.314714"
"248340.0";"2.335009"
"248350.0";"2.252707"
"248360.0";"2.270803"
"248370.0";"2.218963"
"248380.0";"2.295624"
"248390.0";"2.288069"
"248400.0";"2.304912"
"248410.0";"2.403916"
"248420.0";"2.40604"
"248430.0";"2.355493"
"248440.0";"2.320413"
"248450.0";"2.224766"
"248460.0";"2.318639"
"248470.0";"2.299468"
"248480.0";"2.39197"
"248490.0";"2.350747"
"248500.0";"2.379407"
"248510.0";"2.33737"
"248520.0";"2.24409"
"248530.0";"2.417405"
"248540.0";"2.404533"
"248550.0";"2.449887"
"248560.0";"2.235503"
"248570.0";"2.231609"
"248580.0";"2.349684"
"248590.0";"2.249717"
"248600.0";"2.235739"
"248610.0";"2.301993"
"248620.0";"2.368252"
"248630.0";"2.336062"
"248640.0";"2.334637"
"248650.0";"2.581697"
"248660.0";"2.485276"
"248670.0";"2.348018"
"248680.0";"2.244628"
"248690.0";"2.286349"
"248700.0";"2.352031"
"248710.0";"2.429241"
"248720.0";"2.400112"
"248730.0";"2.334282"
"248740.0";"2.297146"
"248750.0";"2.311985"
"248760.0";"2.307365"
"248770.0";"2.250012"
"248780.0";"2.26796"
"248790.0";"2.404525"
"248800.0";"2.304099"
"248810.0";"2.332762"
"248820.0";"2.307663"
"248830.0";"2.259004"
"248840.0";"2.241532"
"248850.0";"2.263456"
"248860.0";"2.339296"
"248870.0";"2.257982"
"248880.0";"2.288765"
"248890.0";"2.315698"
"248900.0";"2.244306"
"248910.0";"2.330048"
"248920.0";"2.412201"
"248930.0";"2.324721"
"248940.0";"2.305052"
"248950.0";"2.367143"
"248960.0";"2.355375"
"248970.0";"2.442524"
"248980.0";"2.402357"
"248990.0";"2.364363"
"249000.0";"2.355944"
"249010.0";"2.338701"
"249020.0";"2.267013"
"249030.0";"2.204776"
"249040.0";"2.256089"
"249050.0";"2.289117"
"249060.0";"2.206539"
"249070.0";"2.267092"
"249080.0";"2.29793"
"249090.0";"2.200951"
"249100.0";"2.114033"
"249110.0";"2.292975"
"249120.0";"2.248247"
"249130.0";"2.398371"
"249140.0";"2.335145"
"249150.0";"2.39075"
"249160.0";"2.410492"
"249170.0";"2.401258"
"249180.0";"2.458795"
"249190.0";"2.380746"
"249200.0";"2.294523"
"249210.0";"2.221342"
"249220.0";"2.38191"
"249230.0";"2.416371"
"249240.0";"2.463915"
"249250.0";"2.492966"
"249260.0";"2.49741"
"249270.0";"2.541234"
"249280.0";"2.496016"
"249290.0";"2.530152"
"249300.0";"2.457262"
"249310.0";"2.365419"
"249320.0";"2.370043"
"249330.0";"2.395435"
"249340.0";"2.380971"
"249350.0";"2.479239"
"249360.0";"2.296578"
"249370.0";"2.369203"
"249380.0";"2.497018"
"249390.0";"2.419073"
"249400.0";"2.479679"
"249410.0";"2.49645"
"249420.0";"2.429187"
"249430.0";"2.409194"
"249440.0";"2.444845"
"249450.0";"2.42171"
"249460.0";"2.400108"
"249470.0";"2.439829"
"249480.0";"2.353267"
"249490.0";"2.464868"
"249500.0";"2.520544"
"249510.0";"2.504947"
"249520.0";"2.366053"
"249530.0";"2.502263"
"249540.0";"2.422101"
"249550.0";"2.398385"
"249560.0";"2.360514"
"249570.0";"2.412504"
"249580.0";"2.372882"
"249590.0";"2.3632"
"249600.0";"2.411731"
"249610.0";"2.467834"
"249620.0";"2.413292"
"249630.0";"2.403469"
"249640.0";"2.492348"
"249650.0";"2.518894"
"249660.0";"2.475458"
"249670.0";"2.47094"
"249680.0";"2.384047"
"249690.0";"2.46019"
"249700.0";"2.488769"
"249710.0";"2.252"
"249720.0";"2.446243"
"249730.0";"2.405764"
"249740.0";"2.368279"
"249750.0";"2.435014"
"249760.0";"2.424423"
"249770.0";"2.478647"
"249780.0";"2.346742"
"249790.0";"2.384307"
"249800.0";"2.503611"
"249810.0";"2.416579"
"249820.0";"2.441579"
"249830.0";"2.523749"
"249840.0";"2.438044"
"249850.0";"2.382899"
"249860.0";"2.35041"
"249870.0";"2.390929"
"249880.0";"2.362497"
"249890.0";"2.464772"
"249900.0";"2.486433"
"249910.0";"2.45327"
"249920.0";"2.51351"
"249930.0";"2.453469"
"249940.0";"2.490197"
"249950.0";"2.352501"
"249960.0";"2.37047"
"249970.0";"2.478559"
"249980.0";"2.501105"
"249990.0";"2.449996"
"250000.0";"2.434943"
"250010.0";"2.463965"
"250020.0";"2.448789"
"250030.0";"2.39875"
"250040.0";"2.297605"
"250050.0";"2.350033"
"250060.0";"2.500785"
"250070.0";"2.418555"
"250080.0";"2.39826"
"250090.0";"2.382076"
"250100.0";"2.407517"
"250110.0";"2.376116"
"250120.0";"2.53389"
"250130.0";"2.391604"
"250140.0";"2.30638"
"250150.0";"2.494494"
"250160.0";"2.499837"
"250170.0";"2.432338"
"250180.0";"2.505014"
"250190.0";"2.572042"
"250200.0";"2.616448"
"250210.0";"2.588746"
"250220.0";"2.571994"
"250230.0";"2.652034"
"250240.0";"2.588673"
"250250.0";"2.590495"
"250260.0";"2.54945"
"250270.0";"2.54976"
"250280.0";"2.486352"
"250290.0";"2.566427"
"250300.0";"2.539498"
"250310.0";"2.671394"
"250320.0";"2.483625"
"250330.0";"2.518286"
"250340.0";"2.437021"
"250350.0";"2.328569"
"250360.0";"2.37719"
"250370.0";"2.477444"
"250380.0";"2.388577"
"250390.0";"2.375751"
"250400.0";"2.469632"
"250410.0";"2.503997"
"250420.0";"2.398629"
"250430.0";"2.402275"
"250440.0";"2.484357"
"250450.0";"2.522253"
"250460.0";"2.370106"
"250470.0";"2.391206"
"250480.0";"2.417512"
"250490.0";"2.587329"
"250500.0";"2.43833"
"250510.0";"2.482063"
"250520.0";"2.468946"
"250530.0";"2.427678"
"250540.0";"2.425525"
"250550.0";"2.457477"
"250560.0";"2.488404"
"250570.0";"2.485708"
"250580.0";"2.566368"
"250590.0";"2.577132"
"250600.0";"2.571679"
"250610.0";"2.566018"
"250620.0";"2.58698"
"250630.0";"2.630021"
"250640.0";"2.618382"
"250650.0";"2.620091"
"250660.0";"2.584798"
"250670.0";"2.611085"
"250680.0";"2.597792"
"250690.0";"2.582047"
"250700.0";"2.558265"
"250710.0";"2.492314"
"250720.0";"2.387447"
"250730.0";"2.376137"
"250740.0";"2.382727"
"250750.0";"2.379322"
"250760.0";"2.466772"
"250770.0";"2.434061"
"250780.0";"2.476332"
"250790.0";"2.548161"
"250800.0";"2.368971"
"250810.0";"2.499204"
"250820.0";"2.458485"
"250830.0";"2.415511"
"250840.0";"2.501556"
"250850.0";"2.552109"
"250860.0";"2.532911"
"250870.0";"2.467636"
"250880.0";"2.49294"
"250890.0";"2.452754"
"250900.0";"2.430024"
"250910.0";"2.448365"
"250920.0";"2.428462"
"250930.0";"2.475273"
"250940.0";"2.469702"
"250950.0";"2.483248"
"250960.0";"2.44639"
"250970.0";"2.482291"
"250980.0";"2.477006"
"250990.0";"2.504713"
"251000.0";"2.426064"
"251010.0";"2.52567"
"251020.0";"2.536751"
"251030.0";"2.51292"
"251040.0";"2.311768"
"251050.0";"2.381675"
"251060.0";"2.500417"
"251070.0";"2.544476"
"251080.0";"2.407668"
"251090.0";"2.348066"
"251100.0";"2.44995"
"251110.0";"2.420904"
"251120.0";"2.572169"
"251130.0";"2.552889"
"251140.0";"2.626835"
"251150.0";"2.471608"
"251160.0";"2.518602"
"251170.0";"2.532081"
"251180.0";"2.491132"
"251190.0";"2.453292"
"251200.0";"2.402133"
"251210.0";"2.422422"
"251220.0";"2.517435"
"251230.0";"2.576315"
"251240.0";"2.546682"
"251250.0";"2.547398"
"251260.0";"2.422915"
"251270.0";"2.367689"
"251280.0";"2.321007"
"251290.0";"2.490124"
"251300.0";"2.362922"
"251310.0";"2.380901"
"251320.0";"2.488626"
"251330.0";"2.506554"
"251340.0";"2.493297"
"251350.0";"2.465667"
"251360.0";"2.510522"
"251370.0";"2.523508"
"251380.0";"2.399031"
"251390.0";"2.458197"
"251400.0";"2.576029"
"251410.0";"2.485685"
"251420.0";"2.578355"
"251430.0";"2.511992"
"251440.0";"2.46782"
"251450.0";"2.404958"
"251460.0";"2.307361"
"251470.0";"2.318923"
"251480.0";"2.425144"
"251490.0";"2.470673"
"251500.0";"2.432523"
"251510.0";"2.444737"
"251520.0";"2.537719"
"251530.0";"2.502275"
"251540.0";"2.512698"
"251550.0";"2.515779"
"251560.0";"2.540263"
"251570.0";"2.530881"
"251580.0";"2.414309"
"251590.0";"2.351426"
"251600.0";"2.480794"
"251610.0";"2.384229"
"251620.0";"2.418623"
"251630.0";"2.561435"
"251640.0";"2.428647"
"251650.0";"2.553006"
"251660.0";"2.528047"
"251670.0";"2.478964"
"251680.0";"2.5028"
"251690.0";"2.541099"
"251700.0";"2.54516"
"251710.0";"2.521957"
"251720.0";"2.43944"
"251730.0";"2.561734"
"251740.0";"2.54562"
"251750.0";"2.517428"
"251760.0";"2.512599"
"251770.0";"2.476894"
"251780.0";"2.546568"
"251790.0";"2.527594"
"251800.0";"2.570834"
"251810.0";"2.563047"
"251820.0";"2.515178"
"251830.0";"2.556118"
"251840.0";"2.600393"
"251850.0";"2.583455"
"251860.0";"2.454817"
"251870.0";"2.504403"
"251880.0";"2.47516"
"251890.0";"2.548304"
"251900.0";"2.497759"
"251910.0";"2.562548"
"251920.0";"2.467605"
"251930.0";"2.559163"
"251940.0";"2.592817"
"251950.0";"2.473913"
"251960.0";"2.498472"
"251970.0";"2.46365"
"251980.0";"2.558787"
"251990.0";"2.56831"
"252000.0";"2.372056"
"252010.0";"2.631668"
"252020.0";"2.655502"
"252030.0";"2.516811"
"252040.0";"2.581102"
"252050.0";"2.569968"
"252060.0";"2.660058"
"252070.0";"2.527289"
"252080.0";"2.623754"
"252090.0";"2.605497"
"252100.0";"2.599427"
"252110.0";"2.575517"
"252120.0";"2.519975"
"252130.0";"2.57774"
"252140.0";"2.54893"
"252150.0";"2.580533"
"252160.0";"2.593038"
"252170.0";"2.639643"
"252180.0";"2.67645"
"252190.0";"2.586312"
"252200.0";"2.575038"
"252210.0";"2.639057"
"252220.0";"2.617031"
"252230.0";"2.54071"
"252240.0";"2.529543"
"252250.0";"2.522929"
"252260.0";"2.527421"
"252270.0";"2.617423"
"252280.0";"2.637436"
"252290.0";"2.60075"
"252300.0";"2.588421"
"252310.0";"2.547892"
"252320.0";"2.564735"
"252330.0";"2.494452"
"252340.0";"2.582202"
"252350.0";"2.551482"
"252360.0";"2.527864"
"252370.0";"2.501658"
"252380.0";"2.56978"
"252390.0";"2.547395"
"252400.0";"2.551627"
"252410.0";"2.607773"
"252420.0";"2.641709"
"252430.0";"2.543656"
"252440.0";"2.627129"
"252450.0";"2.552016"
"252460.0";"2.609297"
"252470.0";"2.587174"
"252480.0";"2.508806"
"252490.0";"2.60584"
"252500.0";"2.533572"
"252510.0";"2.648159"
"252520.0";"2.564521"
"252530.0";"2.587132"
"252540.0";"2.667569"
"252550.0";"2.618733"
"252560.0";"2.545155"
"252570.0";"2.599632"
"252580.0";"2.528664"
"252590.0";"2.607077"
"252600.0";"2.610776"
"252610.0";"2.555681"
"252620.0";"2.593525"
"252630.0";"2.580806"
"252640.0";"2.599945"
"252650.0";"2.573326"
"252660.0";"2.627803"
"252670.0";"2.617413"
"252680.0";"2.50628"
"252690.0";"2.570147"
"252700.0";"2.549632"
"252710.0";"2.496638"
"252720.0";"2.450081"
"252730.0";"2.569344"
"252740.0";"2.581323"
"252750.0";"2.538786"
"252760.0";"2.531276"
"252770.0";"2.523134"
"252780.0";"2.578375"
"252790.0";"2.537843"
"252800.0";"2.552521"
"252810.0";"2.572227"
"252820.0";"2.627327"
"252830.0";"2.57131"
"252840.0";"2.532585"
"252850.0";"2.567251"
"252860.0";"2.637351"
"252870.0";"2.541507"
"252880.0";"2.555108"
"252890.0";"2.547059"
"252900.0";"2.55243"
"252910.0";"2.567483"
"252920.0";"2.504319"
"252930.0";"2.528071"
"252940.0";"2.570014"
"252950.0";"2.615365"
"252960.0";"2.585323"
"252970.0";"2.55506"
"252980.0";"2.629394"
"252990.0";"2.547085"
"253000.0";"2.525488"
"253010.0";"2.585388"
"253020.0";"2.58569"
"253030.0";"2.559338"
"253040.0";"2.517597"
"253050.0";"2.545165"
"253060.0";"2.491002"
"253070.0";"2.439702"
"253080.0";"2.499806"
"253090.0";"2.520254"
"253100.0";"2.349773"
"253110.0";"2.36405"
"253120.0";"2.450166"
"253130.0";"2.539528"
"253140.0";"2.544232"
"253150.0";"2.646495"
"253160.0";"2.434425"
"253170.0";"2.518782"
"253180.0";"2.544738"
"253190.0";"2.42458"
"253200.0";"2.483896"
"253210.0";"2.359765"
"253220.0";"2.402625"
"253230.0";"2.245117"
"253240.0";"2.393627"
"253250.0";"2.401368"
"253260.0";"2.31706"
"253270.0";"2.235324"
"253280.0";"2.392567"
"253290.0";"2.371626"
"253300.0";"2.336604"
"253310.0";"2.394633"
"253320.0";"2.258177"
"253330.0";"2.393033"
"253340.0";"2.313171"
"253350.0";"2.433263"
"253360.0";"2.411059"
"253370.0";"2.386838"
"253380.0";"2.395825"
"253390.0";"2.389633"
"253400.0";"2.479244"
"253410.0";"2.412138"
"253420.0";"2.410336"
"253430.0";"2.431261"
"253440.0";"2.449808"
"253450.0";"2.421234"
"253460.0";"2.482513"
"253470.0";"2.47372"
"253480.0";"2.355872"
"253490.0";"2.430899"
"253500.0";"2.286613"
"253510.0";"2.372838"
"253520.0";"2.441018"
"253530.0";"2.483201"
"253540.0";"2.304487"
"253550.0";"2.508883"
"253560.0";"2.426319"
"253570.0";"2.42841"
"253580.0";"2.348841"
"253590.0";"2.408649"
"253600.0";"2.462362"
"253610.0";"2.342014"
"253620.0";"2.30533"
"253630.0";"2.31331"
"253640.0";"2.328774"
"253650.0";"2.519217"
"253660.0";"2.382166"
"253670.0";"2.389724"
"253680.0";"2.315006"
"253690.0";"2.299877"
"253700.0";"2.369295"
"253710.0";"2.342292"
"253720.0";"2.511631"
"253730.0";"2.414971"
"253740.0";"2.467387"
"253750.0";"2.519124"
"253760.0";"2.422469"
"253770.0";"2.334618"
"253780.0";"2.336522"
"253790.0";"2.330638"
"253800.0";"2.401053"
"253810.0";"2.457965"
"253820.0";"2.420635"
"253830.0";"2.432745"
"253840.0";"2.377716"
"253850.0";"2.425919"
"253860.0";"2.343065"
"253870.0";"2.402767"
"253880.0";"2.395544"
"253890.0";"2.4473"
"253900.0";"2.507643"
"253910.0";"2.424232"
"253920.0";"2.388047"
"253930.0";"2.452684"
"253940.0";"2.488434"
"253950.0";"2.407883"
"253960.0";"2.447079"
"253970.0";"2.441055"
"253980.0";"2.386773"
"253990.0";"2.336951"
"254000.0";"2.45571"
"254010.0";"2.469171"
"254020.0";"2.450482"
"254030.0";"2.476977"
"254040.0";"2.417896"
"254050.0";"2.438117"
"254060.0";"2.431507"
"254070.0";"2.513717"
"254080.0";"2.502445"
"254090.0";"2.429106"
"254100.0";"2.555406"
"254110.0";"2.512366"
"254120.0";"2.548298"
"254130.0";"2.467273"
"254140.0";"2.530619"
"254150.0";"2.522231"
"254160.0";"2.500792"
"254170.0";"2.466923"
"254180.0";"2.437805"
"254190.0";"2.499487"
"254200.0";"2.525008"
"254210.0";"2.462003"
"254220.0";"2.634475"
"254230.0";"2.526215"
"254240.0";"2.583933"
"254250.0";"2.476613"
"254260.0";"2.532289"
"254270.0";"2.55235"
"254280.0";"2.49598"
"254290.0";"2.575374"
"254300.0";"2.497097"
"254310.0";"2.502158"
"254320.0";"2.432073"
"254330.0";"2.516216"
"254340.0";"2.492759"
"254350.0";"2.446283"
"254360.0";"2.489171"
"254370.0";"2.440834"
"254380.0";"2.41652"
"254390.0";"2.473101"
"254400.0";"2.506833"
"254410.0";"2.550191"
"254420.0";"2.536981"
"254430.0";"2.469699"
"254440.0";"2.400716"
"254450.0";"2.532633"
"254460.0";"2.426986"
"254470.0";"2.461723"
"254480.0";"2.473912"
"254490.0";"2.47801"
"254500.0";"2.401961"
"254510.0";"2.197455"
"254520.0";"2.353973"
"254530.0";"2.300902"
"254540.0";"2.360608"
"254550.0";"2.3104"
"254560.0";"2.313684"
"254570.0";"2.376323"
"254580.0";"2.593628"
"254590.0";"2.562449"
"254600.0";"2.596571"
"254610.0";"2.612845"
"254620.0";"2.62045"
"254630.0";"2.564159"
"254640.0";"2.567681"
"254650.0";"2.474345"
"254660.0";"2.495729"
"254670.0";"2.513346"
"254680.0";"2.466355"
"254690.0";"2.485828"
"254700.0";"2.557819"
"254710.0";"2.57006"
"254720.0";"2.444868"
"254730.0";"2.453846"
"254740.0";"2.450139"
"254750.0";"2.575455"
"254760.0";"2.491329"
"254770.0";"2.524189"
"254780.0";"2.507746"
"254790.0";"2.667883"
"254800.0";"2.441641"
"254810.0";"2.423312"
"254820.0";"2.475592"
"254830.0";"2.387405"
"254840.0";"2.449998"
"254850.0";"2.423935"
"254860.0";"2.43329"
"254870.0";"2.302958"
"254880.0";"2.368087"
"254890.0";"2.578148"
"254900.0";"2.487658"
"254910.0";"2.397211"
"254920.0";"2.427958"
"254930.0";"2.364146"
"254940.0";"2.290158"
"254950.0";"2.25709"
"254960.0";"2.203053"
"254970.0";"2.205366"
"254980.0";"2.295987"
"254990.0";"2.22405"
"255000.0";"2.200917"
"255010.0";"2.187155"
"255020.0";"2.236864"
"255030.0";"2.265464"
"255040.0";"2.168522"
"255050.0";"2.176376"
"255060.0";"2.161919"
"255070.0";"2.094276"
"255080.0";"2.236002"
"255090.0";"2.271132"
"255100.0";"2.176464"
"255110.0";"2.10591"
"255120.0";"2.130811"
"255130.0";"2.247505"
"255140.0";"2.145461"
"255150.0";"2.233703"
"255160.0";"2.16957"
"255170.0";"2.162695"
"255180.0";"2.229919"
"255190.0";"2.268974"
"255200.0";"2.267144"
"255210.0";"2.315381"
"255220.0";"2.209577"
"255230.0";"2.16814"
"255240.0";"2.204579"
"255250.0";"2.231987"
"255260.0";"2.380862"
"255270.0";"2.241823"
"255280.0";"2.212582"
"255290.0";"2.212136"
"255300.0";"2.351137"
"255310.0";"2.281358"
"255320.0";"2.426037"
"255330.0";"2.529468"
"255340.0";"2.580437"
"255350.0";"2.470159"
"255360.0";"2.314399"
"255370.0";"2.334781"
"255380.0";"2.399117"
"255390.0";"2.337284"
"255400.0";"2.374153"
"255410.0";"2.348278"
"255420.0";"2.507774"
"255430.0";"2.335366"
"255440.0";"2.447442"
"255450.0";"2.458547"
"255460.0";"2.352168"
"255470.0";"2.386655"
"255480.0";"2.526233"
"255490.0";"2.438597"
"255500.0";"2.529057"
"255510.0";"2.388601"
"255520.0";"2.455328"
"255530.0";"2.27316"
"255540.0";"2.445839"
"255550.0";"2.514375"
"255560.0";"2.386303"
"255570.0";"2.458412"
"255580.0";"2.466576"
"255590.0";"2.427745"
"255600.0";"2.51001"
"255610.0";"2.552158"
"255620.0";"2.497535"
"255630.0";"2.472955"
"255640.0";"2.41371"
"255650.0";"2.380326"
"255660.0";"2.555335"
"255670.0";"2.466815"
"255680.0";"2.43285"
"255690.0";"2.437134"
"255700.0";"2.434753"
"255710.0";"2.378186"
"255720.0";"2.331563"
"255730.0";"2.454197"
"255740.0";"2.440634"
"255750.0";"2.2995"
"255760.0";"2.450999"
"255770.0";"2.328214"
"255780.0";"2.384961"
"255790.0";"2.361763"
"255800.0";"2.325581"
"255810.0";"2.253992"
"255820.0";"2.493006"
"255830.0";"2.336973"
"255840.0";"2.293757"
"255850.0";"2.356688"
"255860.0";"2.317123"
"255870.0";"2.261638"
"255880.0";"2.265031"
"255890.0";"2.149124"
"255900.0";"2.174225"
"255910.0";"2.349483"
"255920.0";"2.240696"
"255930.0";"2.16629"
"255940.0";"2.161439"
"255950.0";"2.298174"
"255960.0";"2.430438"
"255970.0";"2.373482"
"255980.0";"2.373749"
"255990.0";"2.26856"
"256000.0";"2.359209"
"256010.0";"2.336753"
"256020.0";"2.190467"
"256030.0";"2.158334"
"256040.0";"2.32401"
"256050.0";"2.106804"
"256060.0";"2.203907"
"256070.0";"2.251846"
"256080.0";"2.266157"
"256090.0";"2.388508"
"256100.0";"2.297215"
"256110.0";"2.29639"
"256120.0";"2.331819"
"256130.0";"2.214726"
"256140.0";"2.203975"
"256150.0";"2.107189"
"256160.0";"2.358726"
"256170.0";"2.18836"
"256180.0";"2.203581"
"256190.0";"2.241866"
"256200.0";"2.191746"
"256210.0";"2.117053"
"256220.0";"2.082337"
"256230.0";"2.200293"
"256240.0";"2.211911"
"256250.0";"2.062417"
"256260.0";"2.160049"
"256270.0";"2.195362"
"256280.0";"2.334115"
"256290.0";"2.459536"
"256300.0";"2.400853"
"256310.0";"2.526826"
"256320.0";"2.514217"
"256330.0";"2.439979"
"256340.0";"2.48407"
"256350.0";"2.392721"
"256360.0";"2.455602"
"256370.0";"2.390728"
"256380.0";"2.408387"
"256390.0";"2.317815"
"256400.0";"2.345968"
"256410.0";"2.37484"
"256420.0";"2.359011"
"256430.0";"2.283808"
"256440.0";"2.433511"
"256450.0";"2.39227"
"256460.0";"2.307196"
"256470.0";"2.444875"
"256480.0";"2.367254"
"256490.0";"2.395025"
"256500.0";"2.433143"
"256510.0";"2.475162"
"256520.0";"2.465841"
"256530.0";"2.440377"
"256540.0";"2.309726"
"256550.0";"2.325444"
"256560.0";"2.395965"
"256570.0";"2.386611"
"256580.0";"2.402407"
"256590.0";"2.293254"
"256600.0";"2.366135"
"256610.0";"2.449126"
"256620.0";"2.325107"
"256630.0";"2.310906"
"256640.0";"2.330025"
"256650.0";"2.552706"
"256660.0";"2.543766"
"256670.0";"2.582158"
"256680.0";"2.512563"
"256690.0";"2.452218"
"256700.0";"2.541603"
"256710.0";"2.499976"
"256720.0";"2.543029"
"256730.0";"2.532066"
"256740.0";"2.607758"
"256750.0";"2.394747"
"256760.0";"2.514373"
"256770.0";"2.500931"
"256780.0";"2.390637"
"256790.0";"2.542796"
"256800.0";"2.550394"
"256810.0";"2.452773"
"256820.0";"2.457576"
"256830.0";"2.575475"
"256840.0";"2.448944"
"256850.0";"2.543319"
"256860.0";"2.539366"
"256870.0";"2.539224"
"256880.0";"2.521429"
"256890.0";"2.554044"
"256900.0";"2.390215"
"256910.0";"2.435324"
"256920.0";"2.483694"
"256930.0";"2.531361"
"256940.0";"2.536253"
"256950.0";"2.527639"
"256960.0";"2.388737"
"256970.0";"2.495707"
"256980.0";"2.47498"
"256990.0";"2.509826"
"257000.0";"2.573633"
"257010.0";"2.566671"
"257020.0";"2.565734"
"257030.0";"2.566633"
"257040.0";"2.602965"
"257050.0";"2.55582"
"257060.0";"2.536471"
"257070.0";"2.576619"
"257080.0";"2.52304"
"257090.0";"2.565367"
"257100.0";"2.532046"
"257110.0";"2.628998"
"257120.0";"2.635909"
"257130.0";"2.541928"
"257140.0";"2.593836"
"257150.0";"2.63611"
"257160.0";"2.574469"
"257170.0";"2.617969"
"257180.0";"2.574466"
"257190.0";"2.484729"
"257200.0";"2.422021"
"257210.0";"2.40513"
"257220.0";"2.376768"
"257230.0";"2.369528"
"257240.0";"2.470787"
"257250.0";"2.205859"
"257260.0";"2.279339"
"257270.0";"2.32402"
"257280.0";"2.338876"
"257290.0";"2.306661"
"257300.0";"2.239499"
"257310.0";"2.349594"
"257320.0";"2.349423"
"257330.0";"2.363052"
"257340.0";"2.156472"
"257350.0";"2.364392"
"257360.0";"2.292138"
"257370.0";"2.215409"
"257380.0";"2.290634"
"257390.0";"2.254103"
"257400.0";"2.194846"
"257410.0";"2.288692"
"257420.0";"2.273693"
"257430.0";"2.214107"
"257440.0";"2.30026"
"257450.0";"2.269369"
"257460.0";"2.380636"
"257470.0";"2.347603"
"257480.0";"2.278013"
"257490.0";"2.307679"
"257500.0";"2.350029"
"257510.0";"2.233"
"257520.0";"2.552589"
"257530.0";"2.335599"
"257540.0";"2.464371"
"257550.0";"2.531505"
"257560.0";"2.586339"
"257570.0";"2.596848"
"257580.0";"2.563275"
"257590.0";"2.447623"
"257600.0";"2.347047"
"257610.0";"2.218067"
"257620.0";"2.190138"
"257630.0";"2.431325"
"257640.0";"2.250548"
"257650.0";"2.352266"
"257660.0";"2.403139"
"257670.0";"2.375051"
"257680.0";"2.375166"
"257690.0";"2.272075"
"257700.0";"2.201675"
"257710.0";"2.297105"
"257720.0";"2.309716"
"257730.0";"2.303634"
"257740.0";"2.228971"
"257750.0";"2.347569"
"257760.0";"2.310405"
"257770.0";"2.549828"
"257780.0";"2.392162"
"257790.0";"2.353488"
"257800.0";"2.292296"
"257810.0";"2.415805"
"257820.0";"2.359874"
"257830.0";"2.393741"
"257840.0";"2.319243"
"257850.0";"2.330218"
"257860.0";"2.276638"
"257870.0";"2.342696"
"257880.0";"2.203061"
"257890.0";"2.242523"
"257900.0";"2.247034"
"257910.0";"2.267149"
"257920.0";"2.383859"
"257930.0";"2.37724"
"257940.0";"2.325221"
"257950.0";"2.228753"
"257960.0";"2.303489"
"257970.0";"2.399231"
"257980.0";"2.361198"
"257990.0";"2.485257"
"258000.0";"2.450291"
"258010.0";"2.422698"
"258020.0";"2.437007"
"258030.0";"2.456864"
"258040.0";"2.352276"
"258050.0";"2.324637"
"258060.0";"2.335865"
"258070.0";"2.394301"
"258080.0";"2.382421"
"258090.0";"2.346534"
"258100.0";"2.45031"
"258110.0";"2.410676"
"258120.0";"2.351004"
"258130.0";"2.351022"
"258140.0";"2.372218"
"258150.0";"2.24052"
"258160.0";"2.460086"
"258170.0";"2.397985"
"258180.0";"2.380799"
"258190.0";"2.448536"
"258200.0";"2.462529"
"258210.0";"2.361525"
"258220.0";"2.607938"
"258230.0";"2.556337"
"258240.0";"2.69803"
"258250.0";"2.56149"
"258260.0";"2.516205"
"258270.0";"2.574752"
"258280.0";"2.536393"
"258290.0";"2.5959"
"258300.0";"2.643444"
"258310.0";"2.636738"
"258320.0";"2.60606"
"258330.0";"2.638159"
"258340.0";"2.578176"
"258350.0";"2.550777"
"258360.0";"2.625881"
"258370.0";"2.568761"
"258380.0";"2.707398"
"258390.0";"2.684058"
"258400.0";"2.656641"
"258410.0";"2.629629"
"258420.0";"2.62365"
"258430.0";"2.59192"
"258440.0";"2.513098"
"258450.0";"2.549284"
"258460.0";"2.612714"
"258470.0";"2.546977"
"258480.0";"2.493063"
"258490.0";"2.4218"
"258500.0";"2.525606"
"258510.0";"2.479266"
"258520.0";"2.598868"
"258530.0";"2.520765"
"258540.0";"2.558569"
"258550.0";"2.498612"
"258560.0";"2.460009"
"258570.0";"2.593409"
"258580.0";"2.570411"
"258590.0";"2.603462"
"258600.0";"2.508623"
"258610.0";"2.450428"
"258620.0";"2.540727"
"258630.0";"2.531143"
"258640.0";"2.532969"
"258650.0";"2.562986"
"258660.0";"2.556952"
"258670.0";"2.544832"
"258680.0";"2.584035"
"258690.0";"2.642852"
"258700.0";"2.568036"
"258710.0";"2.540546"
"258720.0";"2.578817"
"258730.0";"2.499622"
"258740.0";"2.541432"
"258750.0";"2.510887"
"258760.0";"2.554438"
"258770.0";"2.516022"
"258780.0";"2.565051"
"258790.0";"2.546452"
"258800.0";"2.489809"
"258810.0";"2.536658"
"258820.0";"2.535362"
"258830.0";"2.420534"
"258840.0";"2.624068"
"258850.0";"2.561357"
"258860.0";"2.550949"
"258870.0";"2.594376"
"258880.0";"2.58968"
"258890.0";"2.638193"
"258900.0";"2.584841"
"258910.0";"2.5869"
"258920.0";"2.565732"
"258930.0";"2.616906"
"258940.0";"2.612889"
"258950.0";"2.617789"
"258960.0";"2.578449"
"258970.0";"2.541301"
"258980.0";"2.541205"
"258990.0";"2.59726"
"259000.0";"2.603596"
"259010.0";"2.559393"
"259020.0";"2.556087"
"259030.0";"2.617803"
"259040.0";"2.668382"
"259050.0";"2.458081"
"259060.0";"2.365238"
"259070.0";"2.50219"
"259080.0";"2.469973"
"259090.0";"2.358466"
"259100.0";"2.388445"
"259110.0";"2.513686"
"259120.0";"2.34075"
"259130.0";"2.41965"
"259140.0";"2.405295"
"259150.0";"2.389331"
"259160.0";"2.376776"
"259170.0";"2.371689"
"259180.0";"2.510036"
"259190.0";"2.396138"
"259200.0";"2.308449"
"259210.0";"2.327329"
"259220.0";"2.197455"
"259230.0";"2.170918"
"259240.0";"2.223657"
"259250.0";"2.240465"
"259260.0";"2.289791"
"259270.0";"2.351222"
"259280.0";"2.188316"
"259290.0";"2.297074"
"259300.0";"2.26094"
"259310.0";"2.263233"
"259320.0";"2.272469"
"259330.0";"2.380525"
"259340.0";"2.427072"
"259350.0";"2.480735"
"259360.0";"2.400017"
"259370.0";"2.340027"
"259380.0";"2.356833"
"259390.0";"2.437284"
"259400.0";"2.48655"
"259410.0";"2.298446"
"259420.0";"2.406626"
"259430.0";"2.306779"
"259440.0";"2.310637"
"259450.0";"2.322337"
"259460.0";"2.337629"
"259470.0";"2.27641"
"259480.0";"2.222884"
"259490.0";"2.300338"
"259500.0";"2.224952"
"259510.0";"2.348967"
"259520.0";"2.376481"
"259530.0";"2.241987"
"259540.0";"2.296539"
"259550.0";"2.300045"
"259560.0";"2.280085"
"259570.0";"2.423862"
"259580.0";"2.515427"
"259590.0";"2.444797"
"259600.0";"2.449841"
"259610.0";"2.38489"
"259620.0";"2.614491"
"259630.0";"2.675671"
"259640.0";"2.600359"
"259650.0";"2.656883"
"259660.0";"2.576207"
"259670.0";"2.56665"
"259680.0";"2.605451"
"259690.0";"2.558713"
"259700.0";"2.567718"
"259710.0";"2.566602"
"259720.0";"2.479972"
"259730.0";"2.510957"
"259740.0";"2.592548"
"259750.0";"2.614486"
"259760.0";"2.590111"
"259770.0";"2.588259"
"259780.0";"2.592097"
"259790.0";"2.589092"
"259800.0";"2.503416"
"259810.0";"2.58831"
"259820.0";"2.515111"
"259830.0";"2.552601"
"259840.0";"2.645101"
"259850.0";"2.46347"
"259860.0";"2.4857"
"259870.0";"2.514313"
"259880.0";"2.531875"
"259890.0";"2.489108"
"259900.0";"2.493606"
"259910.0";"2.578019"
"259920.0";"2.532724"
"259930.0";"2.602395"
"259940.0";"2.663898"
"259950.0";"2.580133"
"259960.0";"2.52265"
"259970.0";"2.544164"
"259980.0";"2.484191"
"259990.0";"2.519753"
"260000.0";"2.572809"
"260010.0";"2.532956"
"260020.0";"2.471433"
"260030.0";"2.495165"
"260040.0";"2.520509"
"260050.0";"2.507916"
"260060.0";"2.59985"
"260070.0";"2.521208"
"260080.0";"2.558789"
"260090.0";"2.589467"
"260100.0";"2.611212"
"260110.0";"2.522812"
"260120.0";"2.348195"
"260130.0";"2.385755"
"260140.0";"2.370091"
"260150.0";"2.331291"
"260160.0";"2.474201"
"260170.0";"2.457717"
"260180.0";"2.419102"
"260190.0";"2.392208"
"260200.0";"2.32994"
"260210.0";"2.295197"
"260220.0";"2.36043"
"260230.0";"2.32012"
"260240.0";"2.332077"
"260250.0";"2.294773"
"260260.0";"2.613794"
"260270.0";"2.520301"
"260280.0";"2.627107"
"260290.0";"2.578702"
"260300.0";"2.548351"
"260310.0";"2.580955"
"260320.0";"2.447572"
"260330.0";"2.497996"
"260340.0";"2.316574"
"260350.0";"2.328892"
"260360.0";"2.44257"
"260370.0";"2.477237"
"260380.0";"2.414359"
"260390.0";"2.335269"
"260400.0";"2.349151"
"260410.0";"2.399019"
"260420.0";"2.312773"
"260430.0";"2.365565"
"260440.0";"2.350965"
"260450.0";"2.287945"
"260460.0";"2.46219"
"260470.0";"2.529579"
"260480.0";"2.511397"
"260490.0";"2.399718"
"260500.0";"2.387816"
"260510.0";"2.442184"
"260520.0";"2.26326"
"260530.0";"2.261177"
"260540.0";"2.388494"
"260550.0";"2.399042"
"260560.0";"2.322363"
"260570.0";"2.343976"
"260580.0";"2.346349"
"260590.0";"2.333955"
"260600.0";"2.246575"
"260610.0";"2.355924"
"260620.0";"2.284345"
"260630.0";"2.326655"
"260640.0";"2.313709"
"260650.0";"2.357195"
"260660.0";"2.216801"
"260670.0";"2.348955"
"260680.0";"2.346071"
"260690.0";"2.248311"
"260700.0";"2.339303"
"260710.0";"2.435604"
"260720.0";"2.323578"
"260730.0";"2.396601"
"260740.0";"2.270026"
"260750.0";"2.426621"
"260760.0";"2.260482"
"260770.0";"2.076547"
"260780.0";"2.296578"
"260790.0";"2.385196"
"260800.0";"2.453632"
"260810.0";"2.334264"
"260820.0";"2.282289"
"260830.0";"2.297986"
"260840.0";"2.287076"
"260850.0";"2.335071"
"260860.0";"2.218078"
"260870.0";"2.338855"
"260880.0";"2.331593"
"260890.0";"2.296813"
"260900.0";"2.373776"
"260910.0";"2.386279"
"260920.0";"2.365256"
"260930.0";"2.474193"
"260940.0";"2.513609"
"260950.0";"2.459672"
"260960.0";"2.451732"
"260970.0";"2.518672"
"260980.0";"2.435792"
"260990.0";"2.386209"
"261000.0";"2.518938"
"261010.0";"2.48877"
"261020.0";"2.411851"
"261030.0";"2.408145"
"261040.0";"2.415644"
"261050.0";"2.418054"
"261060.0";"2.449445"
"261070.0";"2.487512"
"261080.0";"2.581948"
"261090.0";"2.595746"
"261100.0";"2.518693"
"261110.0";"2.462516"
"261120.0";"2.514271"
"261130.0";"2.401239"
"261140.0";"2.408056"
"261150.0";"2.388904"
"261160.0";"2.484199"
"261170.0";"2.525446"
"261180.0";"2.441018"
"261190.0";"2.457745"
"261200.0";"2.444895"
"261210.0";"2.421795"
"261220.0";"2.303366"
"261230.0";"2.324277"
"261240.0";"2.402033"
"261250.0";"2.356408"
"261260.0";"2.38416"
"261270.0";"2.354693"
"261280.0";"2.374513"
"261290.0";"2.364952"
"261300.0";"2.341335"
"261310.0";"2.291136"
"261320.0";"2.20081"
"261330.0";"2.366678"
"261340.0";"2.431765"
"261350.0";"2.325249"
"261360.0";"2.177419"
"261370.0";"2.141777"
"261380.0";"2.346375"
"261390.0";"2.136561"
"261400.0";"2.290898"
"261410.0";"2.411972"
"261420.0";"2.322461"
"261430.0";"2.377336"
"261440.0";"2.356751"
"261450.0";"2.426713"
"261460.0";"2.359579"
"261470.0";"2.324521"
"261480.0";"2.415404"
"261490.0";"2.395632"
"261500.0";"2.444961"
"261510.0";"2.444037"
"261520.0";"2.42913"
"261530.0";"2.496091"
"261540.0";"2.482482"
"261550.0";"2.497644"
"261560.0";"2.448453"
"261570.0";"2.403793"
"261580.0";"2.471231"
"261590.0";"2.49919"
"261600.0";"2.445936"
"261610.0";"2.395729"
"261620.0";"2.287361"
"261630.0";"2.325966"
"261640.0";"2.491312"
"261650.0";"2.379437"
"261660.0";"2.399144"
"261670.0";"2.445395"
"261680.0";"2.369542"
"261690.0";"2.311379"
"261700.0";"2.390619"
"261710.0";"2.293667"
"261720.0";"2.325368"
"261730.0";"2.287424"
"261740.0";"2.434284"
"261750.0";"2.384358"
"261760.0";"2.302267"
"261770.0";"2.402092"
"261780.0";"2.350609"
"261790.0";"2.248311"
"261800.0";"2.264831"
"261810.0";"2.363552"
"261820.0";"2.40152"
"261830.0";"2.343208"
"261840.0";"2.315132"
"261850.0";"2.366914"
"261860.0";"2.181014"
"261870.0";"2.255912"
"261880.0";"2.221406"
"261890.0";"2.271504"
"261900.0";"2.339008"
"261910.0";"2.334013"
"261920.0";"2.229831"
"261930.0";"2.20048"
"261940.0";"2.1455"
"261950.0";"2.098567"
"261960.0";"2.31483"
"261970.0";"2.333398"
"261980.0";"2.316772"
"261990.0";"2.479961"
"262000.0";"2.487858"
"262010.0";"2.431177"
"262020.0";"2.459627"
"262030.0";"2.298291"
"262040.0";"2.344281"
"262050.0";"2.412371"
"262060.0";"2.478139"
"262070.0";"2.385546"
"262080.0";"2.380904"
"262090.0";"2.34085"
"262100.0";"2.492338"
"262110.0";"2.511496"
"262120.0";"2.562647"
"262130.0";"2.505909"
"262140.0";"2.430749"
"262150.0";"2.52993"
"262160.0";"2.481251"
"262170.0";"2.421972"
"262180.0";"2.399136"
"262190.0";"2.48906"
"262200.0";"2.30017"
"262210.0";"2.318843"
"262220.0";"2.41836"
"262230.0";"2.506945"
"262240.0";"2.460127"
"262250.0";"2.388784"
"262260.0";"2.454001"
"262270.0";"2.47498"
"262280.0";"2.366195"
"262290.0";"2.347061"
"262300.0";"2.475957"
"262310.0";"2.425625"
"262320.0";"2.46504"
"262330.0";"2.376018"
"262340.0";"2.417947"
"262350.0";"2.476415"
"262360.0";"2.488794"
"262370.0";"2.539327"
"262380.0";"2.498673"
"262390.0";"2.493203"
"262400.0";"2.558763"
"262410.0";"2.52686"
"262420.0";"2.398157"
"262430.0";"2.452908"
"262440.0";"2.476355"
"262450.0";"2.385996"
"262460.0";"2.466591"
"262470.0";"2.53978"
"262480.0";"2.454515"
"262490.0";"2.436014"
"262500.0";"2.414047"
"262510.0";"2.405061"
"262520.0";"2.295432"
"262530.0";"2.374624"
"262540.0";"2.331597"
"262550.0";"2.383085"
"262560.0";"2.383386"
"262570.0";"2.516038"
"262580.0";"2.531176"
"262590.0";"2.441337"
"262600.0";"2.413242"
"262610.0";"2.463062"
"262620.0";"2.414694"
"262630.0";"2.351843"
"262640.0";"2.306546"
"262650.0";"2.42169"
"262660.0";"2.481625"
"262670.0";"2.381451"
"262680.0";"2.316087"
"262690.0";"2.421394"
"262700.0";"2.378155"
"262710.0";"2.442444"
"262720.0";"2.518665"
"262730.0";"2.466405"
"262740.0";"2.553008"
"262750.0";"2.522682"
"262760.0";"2.467296"
"262770.0";"2.50236"
"262780.0";"2.46936"
"262790.0";"2.421628"
"262800.0";"2.399122"
"262810.0";"2.556223"
"262820.0";"2.442865"
"262830.0";"2.455566"
"262840.0";"2.460426"
"262850.0";"2.485067"
"262860.0";"2.347851"
"262870.0";"2.44133"
"262880.0";"2.461374"
"262890.0";"2.554542"
"262900.0";"2.367183"
"262910.0";"2.509162"
"262920.0";"2.3654"
"262930.0";"2.438548"
"262940.0";"2.371134"
"262950.0";"2.286481"
"262960.0";"2.420549"
"262970.0";"2.485117"
"262980.0";"2.35403"
"262990.0";"2.34998"
"263000.0";"2.362539"
"263010.0";"2.450077"
"263020.0";"2.493908"
"263030.0";"2.466774"
"263040.0";"2.442897"
"263050.0";"2.422633"
"263060.0";"2.265876"
"263070.0";"2.394179"
"263080.0";"2.42286"
"263090.0";"2.408757"
"263100.0";"2.397969"
"263110.0";"2.337716"
"263120.0";"2.341645"
"263130.0";"2.393568"
"263140.0";"2.395681"
"263150.0";"2.407558"
"263160.0";"2.357495"
"263170.0";"2.294998"
"263180.0";"2.335419"
"263190.0";"2.316148"
"263200.0";"2.366535"
"263210.0";"2.357523"
"263220.0";"2.312643"
"263230.0";"2.334072"
"263240.0";"2.327085"
"263250.0";"2.433284"
"263260.0";"2.30476"
"263270.0";"2.346168"
"263280.0";"2.41063"
"263290.0";"2.348947"
"263300.0";"2.445826"
"263310.0";"2.474751"
"263320.0";"2.462471"
"263330.0";"2.457901"
"263340.0";"2.415015"
"263350.0";"2.470108"
"263360.0";"2.487319"
"263370.0";"2.486469"
"263380.0";"2.5068"
"263390.0";"2.577549"
"263400.0";"2.457425"
"263410.0";"2.390432"
"263420.0";"2.465331"
"263430.0";"2.517407"
"263440.0";"2.501702"
"263450.0";"2.352893"
"263460.0";"2.427625"
"263470.0";"2.415211"
"263480.0";"2.292333"
"263490.0";"2.375997"
"263500.0";"2.390561"
"263510.0";"2.419398"
"263520.0";"2.372594"
"263530.0";"2.580881"
"263540.0";"2.55426"
"263550.0";"2.549055"
"263560.0";"2.537552"
"263570.0";"2.516086"
"263580.0";"2.478165"
"263590.0";"2.483035"
"263600.0";"2.476877"
"263610.0";"2.450477"
"263620.0";"2.521723"
"263630.0";"2.636955"
"263640.0";"2.55169"
"263650.0";"2.566109"
"263660.0";"2.512839"
"263670.0";"2.630775"
"263680.0";"2.52403"
"263690.0";"2.551645"
"263700.0";"2.553618"
"263710.0";"2.528325"
"263720.0";"2.460862"
"263730.0";"2.474722"
"263740.0";"2.568473"
"263750.0";"2.574575"
"263760.0";"2.601147"
"263770.0";"2.532515"
"263780.0";"2.49838"
"263790.0";"2.509596"
"263800.0";"2.460192"
"263810.0";"2.498663"
"263820.0";"2.468146"
"263830.0";"2.518331"
"263840.0";"2.567171"
"263850.0";"2.607032"
"263860.0";"2.648351"
"263870.0";"2.612347"
"263880.0";"2.556185"
"263890.0";"2.358745"
"263900.0";"2.384435"
"263910.0";"2.482481"
"263920.0";"2.435272"
"263930.0";"2.554763"
"263940.0";"2.432164"
"263950.0";"2.48623"
"263960.0";"2.376663"
"263970.0";"2.453812"
"263980.0";"2.618176"
"263990.0";"2.436891"
"264000.0";"2.530046"
"264010.0";"2.408208"
"264020.0";"2.40542"
"264030.0";"2.455503"
"264040.0";"2.466175"
"264050.0";"2.469061"
"264060.0";"2.407133"
"264070.0";"2.501623"
"264080.0";"2.418561"
"264090.0";"2.362815"
"264100.0";"2.40598"
"264110.0";"2.423848"
"264120.0";"2.482996"
"264130.0";"2.416157"
"264140.0";"2.300159"
"264150.0";"2.439419"
"264160.0";"2.598881"
"264170.0";"2.519675"
"264180.0";"2.48406"
"264190.0";"2.428364"
"264200.0";"2.397469"
"264210.0";"2.458959"
"264220.0";"2.585027"
"264230.0";"2.471018"
"264240.0";"2.571718"
"264250.0";"2.41394"
"264260.0";"2.340027"
"264270.0";"2.431283"
"264280.0";"2.356795"
"264290.0";"2.402839"
"264300.0";"2.336285"
"264310.0";"2.415726"
"264320.0";"2.391647"
"264330.0";"2.539669"
"264340.0";"2.418713"
"264350.0";"2.323739"
"264360.0";"2.374252"
"264370.0";"2.307456"
"264380.0";"2.37486"
"264390.0";"2.454685"
"264400.0";"2.407724"
"264410.0";"2.391626"
"264420.0";"2.343558"
"264430.0";"2.368993"
"264440.0";"2.391375"
"264450.0";"2.377399"
"264460.0";"2.31601"
"264470.0";"2.292016"
"264480.0";"2.358713"
"264490.0";"2.298214"
"264500.0";"2.344829"
"264510.0";"2.387865"
"264520.0";"2.439092"
"264530.0";"2.429945"
"264540.0";"2.332006"
"264550.0";"2.438946"
"264560.0";"2.418779"
"264570.0";"2.454376"
"264580.0";"2.439186"
"264590.0";"2.44117"
"264600.0";"2.452642"
"264610.0";"2.529789"
"264620.0";"2.495615"
"264630.0";"2.520154"
"264640.0";"2.538503"
"264650.0";"2.390994"
"264660.0";"2.479824"
"264670.0";"2.469897"
"264680.0";"2.407616"
"264690.0";"2.499107"
"264700.0";"2.475233"
"264710.0";"2.413374"
"264720.0";"2.472058"
"264730.0";"2.4367"
"264740.0";"2.470214"
"264750.0";"2.444366"
"264760.0";"2.483841"
"264770.0";"2.462043"
"264780.0";"2.403266"
"264790.0";"2.454635"
"264800.0";"2.384046"
"264810.0";"2.395392"
"264820.0";"2.489672"
"264830.0";"2.387933"
"264840.0";"2.415591"
"264850.0";"2.433747"
"264860.0";"2.473674"
"264870.0";"2.496344"
"264880.0";"2.444568"
"264890.0";"2.417811"
"264900.0";"2.433078"
"264910.0";"2.301486"
"264920.0";"2.400083"
"264930.0";"2.21453"
"264940.0";"2.328742"
"264950.0";"2.431937"
"264960.0";"2.331913"
"264970.0";"2.308346"
"264980.0";"2.339355"
"264990.0";"2.363512"
"265000.0";"2.491659"
"265010.0";"2.403904"
"265020.0";"2.352944"
"265030.0";"2.288028"
"265040.0";"2.33799"
"265050.0";"2.288164"
"265060.0";"2.321153"
"265070.0";"2.234309"
"265080.0";"2.326277"
"265090.0";"2.373858"
"265100.0";"2.252933"
"265110.0";"2.28221"
"265120.0";"2.325371"
"265130.0";"2.427383"
"265140.0";"2.516305"
"265150.0";"2.419217"
"265160.0";"2.330619"
"265170.0";"2.292071"
"265180.0";"2.410599"
"265190.0";"2.262378"
"265200.0";"2.2782"
"265210.0";"2.436673"
"265220.0";"2.340438"
"265230.0";"2.443871"
"265240.0";"2.430035"
"265250.0";"2.405661"
"265260.0";"2.398417"
"265270.0";"2.3134"
"265280.0";"2.440876"
"265290.0";"2.358379"
"265300.0";"2.415897"
"265310.0";"2.409323"
"265320.0";"2.395487"
"265330.0";"2.458004"
"265340.0";"2.29224"
"265350.0";"2.2689"
"265360.0";"2.35541"
"265370.0";"2.357277"
"265380.0";"2.509241"
"265390.0";"2.558782"
"265400.0";"2.43547"
"265410.0";"2.391883"
"265420.0";"2.356257"
"265430.0";"2.521044"
"265440.0";"2.386279"
"265450.0";"2.424536"
"265460.0";"2.344022"
"265470.0";"2.34086"
"265480.0";"2.314189"
"265490.0";"2.362667"
"265500.0";"2.381619"
"265510.0";"2.361764"
"265520.0";"2.401919"
"265530.0";"2.311782"
"265540.0";"2.41102"
"265550.0";"2.333306"
"265560.0";"2.360275"
"265570.0";"2.399164"
"265580.0";"2.443037"
"265590.0";"2.366832"
"265600.0";"2.3447"
"265610.0";"2.321645"
"265620.0";"2.402577"
"265630.0";"2.352607"
"265640.0";"2.348097"
"265650.0";"2.240683"
"265660.0";"2.279434"
"265670.0";"2.340817"
"265680.0";"2.366792"
"265690.0";"2.4126"
"265700.0";"2.464774"
"265710.0";"2.365628"
"265720.0";"2.437303"
"265730.0";"2.395262"
"265740.0";"2.570595"
"265750.0";"2.537378"
"265760.0";"2.49609"
"265770.0";"2.498529"
"265780.0";"2.644521"
"265790.0";"2.552135"
"265800.0";"2.673857"
"265810.0";"2.640617"
"265820.0";"2.592458"
"265830.0";"2.586568"
"265840.0";"2.612974"
"265850.0";"2.580608"
"265860.0";"2.608516"
"265870.0";"2.636453"
"265880.0";"2.658892"
"265890.0";"2.6277"
"265900.0";"2.643289"
"265910.0";"2.611192"
"265920.0";"2.558471"
"265930.0";"2.568179"
"265940.0";"2.626441"
"265950.0";"2.602969"
"265960.0";"2.611824"
"265970.0";"2.552491"
"265980.0";"2.599905"
"265990.0";"2.563455"
"266000.0";"2.559368"
"266010.0";"2.610895"
"266020.0";"2.593753"
"266030.0";"2.616247"
"266040.0";"2.557401"
"266050.0";"2.475618"
"266060.0";"2.576792"
"266070.0";"2.563473"
"266080.0";"2.575864"
"266090.0";"2.561545"
"266100.0";"2.610341"
"266110.0";"2.539201"
"266120.0";"2.488478"
"266130.0";"2.455729"
"266140.0";"2.562839"
"266150.0";"2.572933"
"266160.0";"2.66803"
"266170.0";"2.54044"
"266180.0";"2.485838"
"266190.0";"2.557652"
"266200.0";"2.614527"
"266210.0";"2.618024"
"266220.0";"2.573341"
"266230.0";"2.472643"
"266240.0";"2.566414"
"266250.0";"2.564313"
"266260.0";"2.555701"
"266270.0";"2.570919"
"266280.0";"2.618762"
"266290.0";"2.576113"
"266300.0";"2.529799"
"266310.0";"2.575978"
"266320.0";"2.608845"
"266330.0";"2.594974"
"266340.0";"2.583357"
"266350.0";"2.471194"
"266360.0";"2.484348"
"266370.0";"2.561762"
"266380.0";"2.605306"
"266390.0";"2.463969"
"266400.0";"2.517758"
"266410.0";"2.555185"
"266420.0";"2.561018"
"266430.0";"2.579069"
"266440.0";"2.620792"
"266450.0";"2.629672"
"266460.0";"2.593709"
"266470.0";"2.594651"
"266480.0";"2.618781"
"266490.0";"2.617859"
"266500.0";"2.61353"
"266510.0";"2.604736"
"266520.0";"2.554996"
"266530.0";"2.638353"
"266540.0";"2.566524"
"266550.0";"2.576487"
"266560.0";"2.536491"
"266570.0";"2.544274"
"266580.0";"2.505692"
"266590.0";"2.526349"
"266600.0";"2.479776"
"266610.0";"2.55263"
"266620.0";"2.473547"
"266630.0";"2.435596"
"266640.0";"2.400999"
"266650.0";"2.440275"
"266660.0";"2.442981"
"266670.0";"2.532824"
"266680.0";"2.493594"
"266690.0";"2.512039"
"266700.0";"2.419968"
"266710.0";"2.504897"
"266720.0";"2.498614"
"266730.0";"2.435481"
"266740.0";"2.603616"
"266750.0";"2.55998"
"266760.0";"2.603088"
"266770.0";"2.536572"
"266780.0";"2.639966"
"266790.0";"2.485085"
"266800.0";"2.467603"
"266810.0";"2.48296"
"266820.0";"2.503732"
"266830.0";"2.489175"
"266840.0";"2.410735"
"266850.0";"2.465019"
"266860.0";"2.459246"
"266870.0";"2.433528"
"266880.0";"2.468459"
"266890.0";"2.45187"
"266900.0";"2.430025"
"266910.0";"2.400463"
"266920.0";"2.577353"
"266930.0";"2.636077"
"266940.0";"2.5887"
"266950.0";"2.53158"
"266960.0";"2.514421"
"266970.0";"2.553909"
"266980.0";"2.535865"
"266990.0";"2.547558"
"267000.0";"2.528259"
"267010.0";"2.622705"
"267020.0";"2.555159"
"267030.0";"2.561049"
"267040.0";"2.600596"
"267050.0";"2.521753"
"267060.0";"2.544617"
"267070.0";"2.58276"
"267080.0";"2.550783"
"267090.0";"2.569411"
"267100.0";"2.526935"
"267110.0";"2.553403"
"267120.0";"2.619374"
"267130.0";"2.576813"
"267140.0";"2.598437"
"267150.0";"2.397358"
"267160.0";"2.631497"
"267170.0";"2.55025"
"267180.0";"2.537458"
"267190.0";"2.521481"
"267200.0";"2.464013"
"267210.0";"2.5944"
"267220.0";"2.547736"
"267230.0";"2.279704"
"267240.0";"2.408407"
"267250.0";"2.580035"
"267260.0";"2.330305"
"267270.0";"2.326299"
"267280.0";"2.322602"
"267290.0";"2.379862"
"267300.0";"2.309509"
"267310.0";"2.390148"
"267320.0";"2.394436"
"267330.0";"2.494924"
"267340.0";"2.316052"
"267350.0";"2.368761"
"267360.0";"2.400276"
"267370.0";"2.403614"
"267380.0";"2.3925"
"267390.0";"2.287112"
"267400.0";"2.456086"
"267410.0";"2.467608"
"267420.0";"2.425382"
"267430.0";"2.346405"
"267440.0";"2.30655"
"267450.0";"2.48068"
"267460.0";"2.469573"
"267470.0";"2.521531"
"267480.0";"2.367952"
"267490.0";"2.467004"
"267500.0";"2.385408"
"267510.0";"2.378534"
"267520.0";"2.417386"
"267530.0";"2.531971"
"267540.0";"2.501275"
"267550.0";"2.433687"
"267560.0";"2.399903"
"267570.0";"2.430747"
"267580.0";"2.569672"
"267590.0";"2.518671"
"267600.0";"2.381912"
"267610.0";"2.430198"
"267620.0";"2.27184"
"267630.0";"2.418902"
"267640.0";"2.430176"
"267650.0";"2.343544"
"267660.0";"2.235016"
"267670.0";"2.174531"
"267680.0";"2.15878"
"267690.0";"2.199785"
"267700.0";"2.272651"
"267710.0";"2.442884"
"267720.0";"2.19431"
"267730.0";"2.412751"
"267740.0";"2.254748"
"267750.0";"2.183478"
"267760.0";"2.311416"
"267770.0";"2.484301"
"267780.0";"2.34236"
"267790.0";"2.456731"
"267800.0";"2.38039"
"267810.0";"2.354511"
"267820.0";"2.598547"
"267830.0";"2.508688"
"267840.0";"2.47852"
"267850.0";"2.543885"
"267860.0";"2.518877"
"267870.0";"2.4438"
"267880.0";"2.315149"
"267890.0";"2.235608"
"267900.0";"2.214633"
"267910.0";"2.182636"
"267920.0";"2.27697"
"267930.0";"2.319666"
"267940.0";"2.210511"
"267950.0";"2.110843"
"267960.0";"2.112259"
"267970.0";"2.164728"
"267980.0";"2.154277"
"267990.0";"2.14502"
"268000.0";"2.216499"
"268010.0";"2.159513"
"268020.0";"2.150761"
"268030.0";"2.124954"
"268040.0";"2.186921"
"268050.0";"2.266074"
"268060.0";"2.174517"
"268070.0";"2.173995"
"268080.0";"2.306561"
"268090.0";"2.218836"
"268100.0";"2.178415"
"268110.0";"2.257555"
"268120.0";"2.184175"
"268130.0";"2.188148"
"268140.0";"2.242259"
"268150.0";"2.194862"
"268160.0";"2.125215"
"268170.0";"2.198298"
"268180.0";"2.309609"
"268190.0";"2.277879"
"268200.0";"2.216089"
"268210.0";"2.380918"
"268220.0";"2.19109"
"268230.0";"2.33005"
"268240.0";"2.435266"
"268250.0";"2.252951"
"268260.0";"2.467932"
"268270.0";"2.244612"
"268280.0";"2.241522"
"268290.0";"2.295777"
"268300.0";"2.215745"
"268310.0";"2.48599"
"268320.0";"2.398993"
"268330.0";"2.302553"
"268340.0";"2.466951"
"268350.0";"2.224787"
"268360.0";"2.359628"
"268370.0";"2.436711"
"268380.0";"2.220533"
"268390.0";"2.366848"
"268400.0";"2.250839"
"268410.0";"2.411003"
"268420.0";"2.323191"
"268430.0";"2.330487"
"268440.0";"2.338602"
"268450.0";"2.382033"
"268460.0";"2.493556"
"268470.0";"2.41042"
"268480.0";"2.322569"
"268490.0";"2.219218"
"268500.0";"2.194473"
"268510.0";"2.232878"
"268520.0";"2.283165"
"268530.0";"2.399446"
"268540.0";"2.400047"
"268550.0";"2.409503"
"268560.0";"2.26513"
"268570.0";"2.171537"
"268580.0";"2.21051"
"268590.0";"2.289917"
"268600.0";"2.202482"
"268610.0";"2.390038"
"268620.0";"2.264081"
"268630.0";"2.264458"
"268640.0";"2.293421"
"268650.0";"2.493515"
"268660.0";"2.489214"
"268670.0";"2.476425"
"268680.0";"2.546456"
"268690.0";"2.538663"
"268700.0";"2.528632"
"268710.0";"2.52904"
"268720.0";"2.477726"
"268730.0";"2.453185"
"268740.0";"2.424096"
"268750.0";"2.506674"
"268760.0";"2.352972"
"268770.0";"2.288796"
"268780.0";"2.435138"
"268790.0";"2.228588"
"268800.0";"2.305421"
"268810.0";"2.180443"
"268820.0";"2.386843"
"268830.0";"2.253978"
"268840.0";"2.291291"
"268850.0";"2.097627"
"268860.0";"2.184134"
"268870.0";"2.227292"
"268880.0";"2.041031"
"268890.0";"2.060253"
"268900.0";"2.258695"
"268910.0";"2.179276"
"268920.0";"2.289813"
"268930.0";"2.324407"
"268940.0";"2.274071"
"268950.0";"2.347538"
"268960.0";"2.374585"
"268970.0";"2.265269"
"268980.0";"2.363649"
"268990.0";"2.315084"
"269000.0";"2.40208"
"269010.0";"2.258285"
"269020.0";"2.111466"
"269030.0";"2.202515"
"269040.0";"2.273637"
"269050.0";"2.328249"
"269060.0";"2.271328"
"269070.0";"2.355542"
"269080.0";"2.17737"
"269090.0";"2.130789"
"269100.0";"2.129207"
"269110.0";"2.368893"
"269120.0";"2.318936"
"269130.0";"2.319468"
"269140.0";"2.251345"
"269150.0";"2.280168"
"269160.0";"2.438198"
"269170.0";"2.285848"
"269180.0";"2.386814"
"269190.0";"2.39899"
"269200.0";"2.450513"
"269210.0";"2.513035"
"269220.0";"2.492027"
"269230.0";"2.428915"
"269240.0";"2.330316"
"269250.0";"2.328397"
"269260.0";"2.401724"
"269270.0";"2.43062"
"269280.0";"2.498606"
"269290.0";"2.266175"
"269300.0";"2.231535"
"269310.0";"2.189139"
"269320.0";"2.32147"
"269330.0";"2.40659"
"269340.0";"2.351842"
"269350.0";"2.338217"
"269360.0";"2.22217"
"269370.0";"2.258239"
"269380.0";"2.251316"
"269390.0";"2.168979"
"269400.0";"2.291464"
"269410.0";"2.202471"
"269420.0";"2.21914"
"269430.0";"2.321877"
"269440.0";"2.451801"
"269450.0";"2.386582"
"269460.0";"2.344292"
"269470.0";"2.437443"
"269480.0";"2.302729"
"269490.0";"2.395351"
"269500.0";"2.33838"
"269510.0";"2.40489"
"269520.0";"2.290702"
"269530.0";"2.324241"
"269540.0";"2.438917"
"269550.0";"2.377417"
"269560.0";"2.377285"
"269570.0";"2.432912"
"269580.0";"2.352511"
"269590.0";"2.330667"
"269600.0";"2.204456"
"269610.0";"2.215086"
"269620.0";"2.185424"
"269630.0";"2.353963"
"269640.0";"2.363683"
"269650.0";"2.295911"
"269660.0";"2.373007"
"269670.0";"2.453558"
"269680.0";"2.502816"
"269690.0";"2.575809"
"269700.0";"2.565281"
"269710.0";"2.556492"
"269720.0";"2.486294"
"269730.0";"2.495596"
"269740.0";"2.593495"
"269750.0";"2.469121"
"269760.0";"2.605383"
"269770.0";"2.513979"
"269780.0";"2.604453"
"269790.0";"2.475167"
"269800.0";"2.466775"
"269810.0";"2.419006"
"269820.0";"2.350204"
"269830.0";"2.387635"
"269840.0";"2.442363"
"269850.0";"2.40701"
"269860.0";"2.426207"
"269870.0";"2.333716"
"269880.0";"2.384836"
"269890.0";"2.452695"
"269900.0";"2.385055"
"269910.0";"2.369122"
"269920.0";"2.375134"
"269930.0";"2.262655"
"269940.0";"2.353891"
"269950.0";"2.156863"
"269960.0";"2.305455"
"269970.0";"2.355323"
"269980.0";"2.314652"
"269990.0";"2.44998"
"270000.0";"2.345022"
"270010.0";"2.319726"
"270020.0";"2.29979"
"270030.0";"2.268884"
"270040.0";"2.386804"
"270050.0";"2.474279"
"270060.0";"2.36472"
"270070.0";"2.440594"
"270080.0";"2.453651"
"270090.0";"2.429588"
"270100.0";"2.489629"
"270110.0";"2.37701"
"270120.0";"2.523296"
"270130.0";"2.362582"
"270140.0";"2.386626"
"270150.0";"2.430351"
"270160.0";"2.490182"
"270170.0";"2.507537"
"270180.0";"2.538491"
"270190.0";"2.528855"
"270200.0";"2.427418"
"270210.0";"2.54165"
"270220.0";"2.413734"
"270230.0";"2.429951"
"270240.0";"2.245193"
"270250.0";"2.443587"
"270260.0";"2.398003"
"270270.0";"2.411932"
"270280.0";"2.363739"
"270290.0";"2.444082"
"270300.0";"2.31257"
"270310.0";"2.27046"
"270320.0";"2.43128"
"270330.0";"2.297882"
"270340.0";"2.377011"
"270350.0";"2.280838"
"270360.0";"2.348966"
"270370.0";"2.433472"
"270380.0";"2.430882"
"270390.0";"2.294546"
"270400.0";"2.27775"
"270410.0";"2.323328"
"270420.0";"2.355852"
"270430.0";"2.359617"
"270440.0";"2.359988"
"270450.0";"2.304621"
"270460.0";"2.381186"
"270470.0";"2.352724"
"270480.0";"2.401136"
"270490.0";"2.453449"
"270500.0";"2.382146"
"270510.0";"2.318922"
"270520.0";"2.390725"
"270530.0";"2.39219"
"270540.0";"2.424165"
"270550.0";"2.399955"
"270560.0";"2.484664"
"270570.0";"2.506232"
"270580.0";"2.51392"
"270590.0";"2.424301"
"270600.0";"2.360451"
"270610.0";"2.485971"
"270620.0";"2.351933"
"270630.0";"2.322135"
"270640.0";"2.287365"
"270650.0";"2.413697"
"270660.0";"2.383324"
"270670.0";"2.358676"
"270680.0";"2.423887"
"270690.0";"2.566156"
"270700.0";"2.401673"
"270710.0";"2.333489"
"270720.0";"2.426718"
"270730.0";"2.390734"
"270740.0";"2.26529"
"270750.0";"2.229882"
"270760.0";"2.251956"
"270770.0";"2.090207"
"270780.0";"2.026014"
"270790.0";"2.125299"
"270800.0";"2.037651"
"270810.0";"2.200399"
"270820.0";"2.117533"
"270830.0";"2.193027"
"270840.0";"2.303936"
"270850.0";"2.295544"
"270860.0";"2.31024"
"270870.0";"2.184807"
"270880.0";"2.283805"
"270890.0";"2.286375"
"270900.0";"2.302699"
"270910.0";"2.384645"
"270920.0";"2.368762"
"270930.0";"2.299502"
"270940.0";"2.240506"
"270950.0";"2.406552"
"270960.0";"2.461976"
"270970.0";"2.221958"
"270980.0";"2.288925"
"270990.0";"2.443059"
"271000.0";"2.488234"
"271010.0";"2.369275"
"271020.0";"2.555702"
"271030.0";"2.463497"
"271040.0";"2.349797"
"271050.0";"2.314421"
"271060.0";"2.26006"
"271070.0";"2.28761"
"271080.0";"2.312489"
"271090.0";"2.427017"
"271100.0";"2.250081"
"271110.0";"2.242934"
"271120.0";"2.299463"
"271130.0";"2.394815"
"271140.0";"2.378479"
"271150.0";"2.355963"
"271160.0";"2.45088"
"271170.0";"2.426656"
"271180.0";"2.303208"
"271190.0";"2.283589"
"271200.0";"2.507505"
"271210.0";"2.381371"
"271220.0";"2.332984"
"271230.0";"2.47015"
"271240.0";"2.358051"
"271250.0";"2.319674"
"271260.0";"2.227273"
"271270.0";"2.174612"
"271280.0";"2.409072"
"271290.0";"2.473876"
"271300.0";"2.327603"
"271310.0";"2.39622"
"271320.0";"2.403244"
"271330.0";"2.36761"
"271340.0";"2.345104"
"271350.0";"2.204319"
"271360.0";"2.252093"
"271370.0";"2.269449"
"271380.0";"2.164655"
"271390.0";"2.314754"
"271400.0";"2.217314"
"271410.0";"2.286147"
"271420.0";"2.412456"
"271430.0";"2.404856"
"271440.0";"2.349706"
"271450.0";"2.297528"
"271460.0";"2.22187"
"271470.0";"2.216983"
"271480.0";"2.298909"
"271490.0";"2.302291"
"271500.0";"2.402676"
"271510.0";"2.423733"
"271520.0";"2.275805"
"271530.0";"2.081882"
"271540.0";"2.297408"
"271550.0";"2.360291"
"271560.0";"2.350765"
"271570.0";"2.207266"
"271580.0";"2.254867"
"271590.0";"2.149473"
"271600.0";"2.253173"
"271610.0";"2.200986"
"271620.0";"2.241198"
"271630.0";"2.237547"
"271640.0";"2.246035"
"271650.0";"2.308793"
"271660.0";"2.225268"
"271670.0";"2.25287"
"271680.0";"2.22064"
"271690.0";"2.102779"
"271700.0";"2.150816"
"271710.0";"2.221617"
"271720.0";"2.141559"
"271730.0";"2.258867"
"271740.0";"2.374125"
"271750.0";"2.41638"
"271760.0";"2.239997"
"271770.0";"2.12965"
"271780.0";"2.267015"
"271790.0";"2.265414"
"271800.0";"2.382838"
"271810.0";"2.418245"
"271820.0";"2.428514"
"271830.0";"2.357374"
"271840.0";"2.264779"
"271850.0";"2.299164"
"271860.0";"2.396758"
"271870.0";"2.397958"
"271880.0";"2.23946"
"271890.0";"2.298072"
"271900.0";"2.272563"
"271910.0";"2.587363"
"271920.0";"2.553647"
"271930.0";"2.402857"
"271940.0";"2.507226"
"271950.0";"2.465436"
"271960.0";"2.461219"
"271970.0";"2.383424"
"271980.0";"2.554844"
"271990.0";"2.601482"
"272000.0";"2.490291"
"272010.0";"2.472343"
"272020.0";"2.559893"
"272030.0";"2.303127"
"272040.0";"2.320085"
"272050.0";"2.315047"
"272060.0";"2.388213"
"272070.0";"2.384612"
"272080.0";"2.347308"
"272090.0";"2.326068"
"272100.0";"2.278353"
"272110.0";"2.3312"
"272120.0";"2.390865"
"272130.0";"2.254521"
"272140.0";"2.246265"
"272150.0";"2.197895"
"272160.0";"2.228839"
"272170.0";"2.199794"
"272180.0";"2.171608"
"272190.0";"2.120466"
"272200.0";"2.219974"
"272210.0";"2.285626"
"272220.0";"2.338864"
"272230.0";"2.297567"
"272240.0";"2.32383"
"272250.0";"2.231488"
"272260.0";"2.401795"
"272270.0";"2.438566"
"272280.0";"2.36431"
"272290.0";"2.199451"
"272300.0";"2.365"
"272310.0";"2.308897"
"272320.0";"2.286127"
"272330.0";"2.29033"
"272340.0";"2.315875"
"272350.0";"2.385831"
"272360.0";"2.275635"
"272370.0";"2.202385"
"272380.0";"2.381003"
"272390.0";"2.327769"
"272400.0";"2.259334"
"272410.0";"2.223534"
"272420.0";"2.27766"
"272430.0";"2.417015"
"272440.0";"2.383175"
"272450.0";"2.353893"
"272460.0";"2.511079"
"272470.0";"2.508507"
"272480.0";"2.517596"
"272490.0";"2.371338"
"272500.0";"2.532398"
"272510.0";"2.478682"
"272520.0";"2.401793"
"272530.0";"2.398578"
"272540.0";"2.345053"
"272550.0";"2.508667"
"272560.0";"2.459536"
"272570.0";"2.364096"
"272580.0";"2.439427"
"272590.0";"2.480316"
"272600.0";"2.507752"
"272610.0";"2.453044"
"272620.0";"2.419248"
"272630.0";"2.456903"
"272640.0";"2.3073"
"272650.0";"2.3291"
"272660.0";"2.484236"
"272670.0";"2.328138"
"272680.0";"2.477971"
"272690.0";"2.411511"
"272700.0";"2.452994"
"272710.0";"2.393877"
"272720.0";"2.450408"
"272730.0";"2.329445"
"272740.0";"2.333759"
"272750.0";"2.307802"
"272760.0";"2.309321"
"272770.0";"2.263515"
"272780.0";"2.336041"
"272790.0";"2.334114"
"272800.0";"2.289513"
"272810.0";"2.356874"
"272820.0";"2.375384"
"272830.0";"2.503124"
"272840.0";"2.522317"
"272850.0";"2.45021"
"272860.0";"2.428352"
"272870.0";"2.36241"
"272880.0";"2.498074"
"272890.0";"2.442658"
"272900.0";"2.508501"
"272910.0";"2.340218"
"272920.0";"2.395915"
"272930.0";"2.35724"
"272940.0";"2.510128"
"272950.0";"2.604549"
"272960.0";"2.580134"
"272970.0";"2.540682"
"272980.0";"2.399085"
"272990.0";"2.50402"
"273000.0";"2.376399"
"273010.0";"2.436057"
"273020.0";"2.462162"
"273030.0";"2.429105"
"273040.0";"2.368709"
"273050.0";"2.442202"
"273060.0";"2.415287"
"273070.0";"2.386138"
"273080.0";"2.369923"
"273090.0";"2.277851"
"273100.0";"2.264782"
"273110.0";"2.364625"
"273120.0";"2.323654"
"273130.0";"2.368028"
"273140.0";"2.389081"
"273150.0";"2.37743"
"273160.0";"2.466831"
"273170.0";"2.416728"
"273180.0";"2.395211"
"273190.0";"2.376953"
"273200.0";"2.259276"
"273210.0";"2.237675"
"273220.0";"2.401269"
"273230.0";"2.412602"
"273240.0";"2.39707"
"273250.0";"2.290744"
"273260.0";"2.378707"
"273270.0";"2.301884"
"273280.0";"2.377467"
"273290.0";"2.290811"
"273300.0";"2.200308"
"273310.0";"2.329307"
"273320.0";"2.437587"
"273330.0";"2.379252"
"273340.0";"2.362268"
"273350.0";"2.336056"
"273360.0";"2.382659"
"273370.0";"2.254124"
"273380.0";"2.232423"
"273390.0";"2.175341"
"273400.0";"2.299455"
"273410.0";"2.154999"
"273420.0";"2.17092"
"273430.0";"2.248199"
"273440.0";"2.408181"
"273450.0";"2.424308"
"273460.0";"2.494851"
"273470.0";"2.322557"
"273480.0";"2.427793"
"273490.0";"2.343165"
"273500.0";"2.327037"
"273510.0";"2.442098"
"273520.0";"2.318248"
"273530.0";"2.384533"
"273540.0";"2.432873"
"273550.0";"2.441163"
"273560.0";"2.485604"
"273570.0";"2.496463"
"273580.0";"2.40813"
"273590.0";"2.435951"
"273600.0";"2.392368"
"273610.0";"2.548501"
"273620.0";"2.420961"
"273630.0";"2.426769"
"273640.0";"2.41539"
"273650.0";"2.442162"
"273660.0";"2.376285"
"273670.0";"2.397609"
"273680.0";"2.472937"
"273690.0";"2.407489"
"273700.0";"2.443359"
"273710.0";"2.566"
"273720.0";"2.502296"
"273730.0";"2.619539"
"273740.0";"2.548589"
"273750.0";"2.455833"
"273760.0";"2.589481"
"273770.0";"2.471324"
"273780.0";"2.423944"
"273790.0";"2.460691"
"273800.0";"2.418761"
"273810.0";"2.309515"
"273820.0";"2.328411"
"273830.0";"2.51555"
"273840.0";"2.379327"
"273850.0";"2.48129"
"273860.0";"2.458914"
"273870.0";"2.391201"
"273880.0";"2.38429"
"273890.0";"2.349065"
"273900.0";"2.432447"
"273910.0";"2.425529"
"273920.0";"2.420568"
"273930.0";"2.466831"
"273940.0";"2.38466"
"273950.0";"2.354783"
"273960.0";"2.47433"
"273970.0";"2.443215"
"273980.0";"2.649602"
"273990.0";"2.474589"
"274000.0";"2.451522"
"274010.0";"2.431212"
"274020.0";"2.467992"
"274030.0";"2.530005"
"274040.0";"2.374928"
"274050.0";"2.481822"
"274060.0";"2.481828"
"274070.0";"2.488184"
"274080.0";"2.425719"
"274090.0";"2.5527"
"274100.0";"2.450346"
"274110.0";"2.332463"
"274120.0";"2.428745"
"274130.0";"2.395705"
"274140.0";"2.484373"
"274150.0";"2.434855"
"274160.0";"2.387844"
"274170.0";"2.356783"
"274180.0";"2.483009"
"274190.0";"2.410008"
"274200.0";"2.43827"
"274210.0";"2.412001"
"274220.0";"2.462457"
"274230.0";"2.38391"
"274240.0";"2.416534"
"274250.0";"2.352754"
"274260.0";"2.263942"
"274270.0";"2.289673"
"274280.0";"2.291105"
"274290.0";"2.297384"
"274300.0";"2.276864"
"274310.0";"2.283633"
"274320.0";"2.28605"
"274330.0";"2.474939"
"274340.0";"2.349671"
"274350.0";"2.336066"
"274360.0";"2.399734"
"274370.0";"2.284733"
"274380.0";"2.312641"
"274390.0";"2.399213"
"274400.0";"2.360033"
"274410.0";"2.382425"
"274420.0";"2.45898"
"274430.0";"2.350521"
"274440.0";"2.357599"
"274450.0";"2.452541"
"274460.0";"2.390709"
"274470.0";"2.376703"
"274480.0";"2.324624"
"274490.0";"2.475622"
"274500.0";"2.407373"
"274510.0";"2.416625"
"274520.0";"2.401081"
"274530.0";"2.410389"
"274540.0";"2.436999"
"274550.0";"2.416929"
"274560.0";"2.5177"
"274570.0";"2.508068"
"274580.0";"2.474544"
"274590.0";"2.414762"
"274600.0";"2.351024"
"274610.0";"2.448867"
"274620.0";"2.389902"
"274630.0";"2.430282"
"274640.0";"2.389534"
"274650.0";"2.46769"
"274660.0";"2.408804"
"274670.0";"2.379469"
"274680.0";"2.328217"
"274690.0";"2.341262"
"274700.0";"2.31011"
"274710.0";"2.350344"
"274720.0";"2.432991"
"274730.0";"2.476485"
"274740.0";"2.615649"
"274750.0";"2.436078"
"274760.0";"2.454778"
"274770.0";"2.405064"
"274780.0";"2.392947"
"274790.0";"2.635882"
"274800.0";"2.443495"
"274810.0";"2.561339"
"274820.0";"2.425114"
"274830.0";"2.377511"
"274840.0";"2.516076"
"274850.0";"2.463362"
"274860.0";"2.491121"
"274870.0";"2.517031"
"274880.0";"2.589173"
"274890.0";"2.495881"
"274900.0";"2.448818"
"274910.0";"2.587475"
"274920.0";"2.578387"
"274930.0";"2.482924"
"274940.0";"2.510647"
"274950.0";"2.486699"
"274960.0";"2.607756"
"274970.0";"2.422509"
"274980.0";"2.505046"
"274990.0";"2.55905"
"275000.0";"2.620119"
"275010.0";"2.432681"
"275020.0";"2.482244"
"275030.0";"2.546425"
"275040.0";"2.490789"
"275050.0";"2.487961"
"275060.0";"2.411968"
"275070.0";"2.449018"
"275080.0";"2.467388"
"275090.0";"2.518529"
"275100.0";"2.540838"
"275110.0";"2.429802"
"275120.0";"2.494709"
"275130.0";"2.4563"
"275140.0";"2.359015"
"275150.0";"2.232935"
"275160.0";"2.478814"
"275170.0";"2.437298"
"275180.0";"2.448844"
"275190.0";"2.502341"
"275200.0";"2.362202"
"275210.0";"2.390125"
"275220.0";"2.433138"
"275230.0";"2.483876"
"275240.0";"2.555728"
"275250.0";"2.483182"
"275260.0";"2.51566"
"275270.0";"2.426967"
"275280.0";"2.573193"
"275290.0";"2.525438"
"275300.0";"2.414455"
"275310.0";"2.463868"
"275320.0";"2.471473"
"275330.0";"2.401571"
"275340.0";"2.391232"
"275350.0";"2.503547"
"275360.0";"2.477452"
"275370.0";"2.518157"
"275380.0";"2.274239"
"275390.0";"2.384203"
"275400.0";"2.402606"
"275410.0";"2.430652"
"275420.0";"2.452456"
"275430.0";"2.487529"
"275440.0";"2.479191"
"275450.0";"2.468834"
"275460.0";"2.382297"
"275470.0";"2.523448"
"275480.0";"2.534117"
"275490.0";"2.530988"
"275500.0";"2.554135"
"275510.0";"2.535897"
"275520.0";"2.474293"
"275530.0";"2.493593"
"275540.0";"2.525151"
"275550.0";"2.433798"
"275560.0";"2.443877"
"275570.0";"2.453762"
"275580.0";"2.505673"
"275590.0";"2.456073"
"275600.0";"2.481111"
"275610.0";"2.376287"
"275620.0";"2.43269"
"275630.0";"2.474304"
"275640.0";"2.465665"
"275650.0";"2.429858"
"275660.0";"2.507251"
"275670.0";"2.405715"
"275680.0";"2.326965"
"275690.0";"2.457122"
"275700.0";"2.50393"
"275710.0";"2.497204"
"275720.0";"2.408623"
"275730.0";"2.448188"
"275740.0";"2.36745"
"275750.0";"2.412452"
"275760.0";"2.530819"
"275770.0";"2.553641"
"275780.0";"2.659664"
"275790.0";"2.437417"
"275800.0";"2.477539"
"275810.0";"2.442137"
"275820.0";"2.487594"
"275830.0";"2.492672"
"275840.0";"2.451789"
"275850.0";"2.553541"
"275860.0";"2.502259"
"275870.0";"2.549524"
"275880.0";"2.640451"
"275890.0";"2.394696"
"275900.0";"2.439943"
"275910.0";"2.433441"
"275920.0";"2.50453"
"275930.0";"2.41089"
"275940.0";"2.547084"
"275950.0";"2.528567"
"275960.0";"2.459057"
"275970.0";"2.402292"
"275980.0";"2.543106"
"275990.0";"2.505676"
"276000.0";"2.548108"
"276010.0";"2.530837"
"276020.0";"2.336157"
"276030.0";"2.568701"
"276040.0";"2.464325"
"276050.0";"2.424058"
"276060.0";"2.43392"
"276070.0";"2.388713"
"276080.0";"2.365538"
"276090.0";"2.56898"
"276100.0";"2.496305"
"276110.0";"2.508792"
"276120.0";"2.498743"
"276130.0";"2.497096"
"276140.0";"2.469418"
"276150.0";"2.450626"
"276160.0";"2.618948"
"276170.0";"2.464982"
"276180.0";"2.60011"
"276190.0";"2.519411"
"276200.0";"2.556056"
"276210.0";"2.557772"
"276220.0";"2.597896"
"276230.0";"2.569708"
"276240.0";"2.57163"
"276250.0";"2.626836"
"276260.0";"2.577368"
"276270.0";"2.384309"
"276280.0";"2.452714"
"276290.0";"2.448757"
"276300.0";"2.471839"
"276310.0";"2.32649"
"276320.0";"2.432555"
"276330.0";"2.543884"
"276340.0";"2.495281"
"276350.0";"2.389866"
"276360.0";"2.547494"
"276370.0";"2.611942"
"276380.0";"2.505186"
"276390.0";"2.393566"
"276400.0";"2.370495"
"276410.0";"2.422677"
"276420.0";"2.40756"
"276430.0";"2.421663"
"276440.0";"2.388585"
"276450.0";"2.431271"
"276460.0";"2.485159"
"276470.0";"2.543357"
"276480.0";"2.4648"
"276490.0";"2.449918"
"276500.0";"2.459278"
"276510.0";"2.492858"
"276520.0";"2.554348"
"276530.0";"2.391419"
"276540.0";"2.438101"
"276550.0";"2.364574"
"276560.0";"2.437284"
"276570.0";"2.448032"
"276580.0";"2.46516"
"276590.0";"2.493284"
"276600.0";"2.38085"
"276610.0";"2.45402"
"276620.0";"2.486785"
"276630.0";"2.381527"
"276640.0";"2.382755"
"276650.0";"2.448333"
"276660.0";"2.413343"
"276670.0";"2.458218"
"276680.0";"2.38637"
"276690.0";"2.490536"
"276700.0";"2.461758"
"276710.0";"2.420088"
"276720.0";"2.458724"
"276730.0";"2.372816"
"276740.0";"2.450184"
"276750.0";"2.418622"
"276760.0";"2.495917"
"276770.0";"2.49291"
"276780.0";"2.465926"
"276790.0";"2.335285"
"276800.0";"2.378736"
"276810.0";"2.422681"
"276820.0";"2.390675"
"276830.0";"2.383605"
"276840.0";"2.453305"
"276850.0";"2.395256"
"276860.0";"2.432553"
"276870.0";"2.307273"
"276880.0";"2.395422"
"276890.0";"2.374374"
"276900.0";"2.399739"
"276910.0";"2.463448"
"276920.0";"2.384266"
"276930.0";"2.529816"
"276940.0";"2.391387"
"276950.0";"2.400463"
"276960.0";"2.316467"
"276970.0";"2.347769"
"276980.0";"2.415965"
"276990.0";"2.513638"
"277000.0";"2.58014"
"277010.0";"2.38905"
"277020.0";"2.432499"
"277030.0";"2.408066"
"277040.0";"2.455465"
"277050.0";"2.432971"
"277060.0";"2.43838"
"277070.0";"2.468913"
"277080.0";"2.518965"
"277090.0";"2.511445"
"277100.0";"2.530142"
"277110.0";"2.557167"
"277120.0";"2.491863"
"277130.0";"2.552404"
"277140.0";"2.494302"
"277150.0";"2.5025"
"277160.0";"2.586349"
"277170.0";"2.561375"
"277180.0";"2.472177"
"277190.0";"2.527085"
"277200.0";"2.575706"
"277210.0";"2.516214"
"277220.0";"2.477134"
"277230.0";"2.521642"
"277240.0";"2.491524"
"277250.0";"2.456124"
"277260.0";"2.502267"
"277270.0";"2.41471"
"277280.0";"2.531054"
"277290.0";"2.472169"
"277300.0";"2.519694"
"277310.0";"2.583409"
"277320.0";"2.573232"
"277330.0";"2.582527"
"277340.0";"2.511984"
"277350.0";"2.527429"
"277360.0";"2.655089"
"277370.0";"2.525607"
"277380.0";"2.430452"
"277390.0";"2.406584"
"277400.0";"2.552581"
"277410.0";"2.509062"
"277420.0";"2.447257"
"277430.0";"2.49717"
"277440.0";"2.34733"
"277450.0";"2.450409"
"277460.0";"2.599538"
"277470.0";"2.461768"
"277480.0";"2.489547"
"277490.0";"2.539365"
"277500.0";"2.549875"
"277510.0";"2.557825"
"277520.0";"2.514093"
"277530.0";"2.475479"
"277540.0";"2.589912"
"277550.0";"2.560384"
"277560.0";"2.614389"
"277570.0";"2.590244"
"277580.0";"2.45663"
"277590.0";"2.50827"
"277600.0";"2.532632"
"277610.0";"2.484158"
"277620.0";"2.461091"
"277630.0";"2.53033"
"277640.0";"2.43922"
"277650.0";"2.459378"
"277660.0";"2.514353"
"277670.0";"2.499697"
"277680.0";"2.512453"
"277690.0";"2.561626"
"277700.0";"2.585119"
"277710.0";"2.520842"
"277720.0";"2.518286"
"277730.0";"2.549054"
"277740.0";"2.584067"
"277750.0";"2.54607"
"277760.0";"2.614624"
"277770.0";"2.540287"
"277780.0";"2.546688"
"277790.0";"2.538109"
"277800.0";"2.559452"
"277810.0";"2.547756"
"277820.0";"2.443186"
"277830.0";"2.494518"
"277840.0";"2.401232"
"277850.0";"2.421513"
"277860.0";"2.450171"
"277870.0";"2.339981"
"277880.0";"2.443439"
"277890.0";"2.405674"
"277900.0";"2.435821"
"277910.0";"2.476756"
"277920.0";"2.425206"
"277930.0";"2.505075"
"277940.0";"2.432256"
"277950.0";"2.487752"
"277960.0";"2.538499"
"277970.0";"2.483848"
"277980.0";"2.513506"
"277990.0";"2.562543"
"278000.0";"2.545649"
"278010.0";"2.475572"
"278020.0";"2.482043"
"278030.0";"2.401635"
"278040.0";"2.449205"
"278050.0";"2.508777"
"278060.0";"2.537121"
"278070.0";"2.478463"
"278080.0";"2.58685"
"278090.0";"2.552004"
"278100.0";"2.61192"
"278110.0";"2.617733"
"278120.0";"2.505107"
"278130.0";"2.562231"
"278140.0";"2.533167"
"278150.0";"2.436037"
"278160.0";"2.457445"
"278170.0";"2.500619"
"278180.0";"2.563126"
"278190.0";"2.583464"
"278200.0";"2.616119"
"278210.0";"2.497704"
"278220.0";"2.552101"
"278230.0";"2.639233"
"278240.0";"2.568541"
"278250.0";"2.544699"
"278260.0";"2.521181"
"278270.0";"2.52386"
"278280.0";"2.501559"
"278290.0";"2.541766"
"278300.0";"2.410827"
"278310.0";"2.366843"
"278320.0";"2.33368"
"278330.0";"2.359957"
"278340.0";"2.362029"
"278350.0";"2.517779"
"278360.0";"2.383553"
"278370.0";"2.337852"
"278380.0";"2.389337"
"278390.0";"2.293893"
"278400.0";"2.396699"
"278410.0";"2.33466"
"278420.0";"2.394912"
"278430.0";"2.263566"
"278440.0";"2.394298"
"278450.0";"2.456878"
"278460.0";"2.413347"
"278470.0";"2.441533"
"278480.0";"2.337428"
"278490.0";"2.317933"
"278500.0";"2.389003"
"278510.0";"2.334543"
"278520.0";"2.349165"
"278530.0";"2.440313"
"278540.0";"2.445979"
"278550.0";"2.326611"
"278560.0";"2.405423"
"278570.0";"2.392162"
"278580.0";"2.280289"
"278590.0";"2.344426"
"278600.0";"2.395638"
"278610.0";"2.507215"
"278620.0";"2.610137"
"278630.0";"2.437733"
"278640.0";"2.516774"
"278650.0";"2.528394"
"278660.0";"2.501174"
"278670.0";"2.495346"
"278680.0";"2.434081"
"278690.0";"2.614784"
"278700.0";"2.511864"
"278710.0";"2.418907"
"278720.0";"2.583916"
"278730.0";"2.411685"
"278740.0";"2.601321"
"278750.0";"2.523286"
"278760.0";"2.504263"
"278770.0";"2.531801"
"278780.0";"2.548249"
"278790.0";"2.512837"
"278800.0";"2.584471"
"278810.0";"2.571947"
"278820.0";"2.470727"
"278830.0";"2.490041"
"278840.0";"2.556807"
"278850.0";"2.550517"
"278860.0";"2.422976"
"278870.0";"2.481775"
"278880.0";"2.510312"
"278890.0";"2.412807"
"278900.0";"2.600706"
"278910.0";"2.463748"
"278920.0";"2.6072"
"278930.0";"2.448422"
"278940.0";"2.511109"
"278950.0";"2.469275"
"278960.0";"2.411607"
"278970.0";"2.50725"
"278980.0";"2.45044"
"278990.0";"2.424755"
"279000.0";"2.467921"
"279010.0";"2.458947"
"279020.0";"2.512456"
"279030.0";"2.421811"
"279040.0";"2.395216"
"279050.0";"2.429962"
"279060.0";"2.460071"
"279070.0";"2.497023"
"279080.0";"2.45761"
"279090.0";"2.39034"
"279100.0";"2.534443"
"279110.0";"2.425274"
"279120.0";"2.449734"
"279130.0";"2.401671"
"279140.0";"2.485352"
"279150.0";"2.513685"
"279160.0";"2.572926"
"279170.0";"2.398688"
"279180.0";"2.362593"
"279190.0";"2.572486"
"279200.0";"2.57138"
"279210.0";"2.404623"
"279220.0";"2.496353"
"279230.0";"2.453322"
"279240.0";"2.521706"
"279250.0";"2.474953"
"279260.0";"2.519071"
"279270.0";"2.479951"
"279280.0";"2.445209"
"279290.0";"2.583995"
"279300.0";"2.456233"
"279310.0";"2.504911"
"279320.0";"2.351733"
"279330.0";"2.32914"
"279340.0";"2.387322"
"279350.0";"2.342462"
"279360.0";"2.332304"
"279370.0";"2.294748"
"279380.0";"2.342587"
"279390.0";"2.343138"
"279400.0";"2.277182"
"279410.0";"2.294099"
"279420.0";"2.451778"
"279430.0";"2.374415"
"279440.0";"2.307255"
"279450.0";"2.224822"
"279460.0";"2.417557"
"279470.0";"2.364828"
"279480.0";"2.330853"
"279490.0";"2.322192"
"279500.0";"2.386409"
"279510.0";"2.306055"
"279520.0";"2.281974"
"279530.0";"2.41837"
"279540.0";"2.404802"
"279550.0";"2.333367"
"279560.0";"2.379667"
"279570.0";"2.29926"
"279580.0";"2.359004"
"279590.0";"2.26731"
"279600.0";"2.331271"
"279610.0";"2.360684"
"279620.0";"2.385376"
"279630.0";"2.403442"
"279640.0";"2.289207"
"279650.0";"2.348945"
"279660.0";"2.362455"
"279670.0";"2.405564"
"279680.0";"2.31365"
"279690.0";"2.315842"
"279700.0";"2.23611"
"279710.0";"2.414119"
"279720.0";"2.160054"
"279730.0";"2.227531"
"279740.0";"2.176915"
"279750.0";"2.17811"
"279760.0";"2.127337"
"279770.0";"2.141332"
"279780.0";"2.194275"
"279790.0";"2.270548"
"279800.0";"2.279795"
"279810.0";"2.094692"
"279820.0";"2.130568"
"279830.0";"2.321526"
"279840.0";"2.27483"
"279850.0";"2.368767"
"279860.0";"2.296426"
"279870.0";"2.222257"
"279880.0";"2.179497"
"279890.0";"2.248643"
"279900.0";"2.226177"
"279910.0";"2.132748"
"279920.0";"2.01373"
"279930.0";"2.091593"
"279940.0";"2.27915"
"279950.0";"2.267191"
"279960.0";"2.503107"
"279970.0";"2.20926"
"279980.0";"2.21406"
"279990.0";"2.509199"
"280000.0";"2.160139"
"280010.0";"2.254438"
"280020.0";"2.371566"
"280030.0";"2.329165"
"280040.0";"2.385147"
"280050.0";"2.385633"
"280060.0";"2.33872"
"280070.0";"2.301595"
"280080.0";"2.240121"
"280090.0";"2.210509"
"280100.0";"2.24201"
"280110.0";"2.255013"
"280120.0";"2.242171"
"280130.0";"2.275088"
"280140.0";"2.236697"
"280150.0";"2.305649"
"280160.0";"2.37449"
"280170.0";"2.368699"
"280180.0";"2.433751"
"280190.0";"2.445895"
"280200.0";"2.340784"
"280210.0";"2.237916"
"280220.0";"2.356727"
"280230.0";"2.281291"
"280240.0";"2.370376"
"280250.0";"2.24376"
"280260.0";"2.329503"
"280270.0";"2.233401"
"280280.0";"2.268103"
"280290.0";"2.197957"
"280300.0";"2.354509"
"280310.0";"2.357881"
"280320.0";"2.298145"
"280330.0";"2.223969"
"280340.0";"2.274024"
"280350.0";"2.320774"
"280360.0";"2.425741"
"280370.0";"2.305081"
"280380.0";"2.310656"
"280390.0";"2.285102"
"280400.0";"2.30907"
"280410.0";"2.387505"
"280420.0";"2.381743"
"280430.0";"2.486177"
"280440.0";"2.457544"
"280450.0";"2.357906"
"280460.0";"2.310382"
"280470.0";"2.285468"
"280480.0";"2.124138"
"280490.0";"2.2865"
"280500.0";"2.334852"
"280510.0";"2.294701"
"280520.0";"2.297529"
"280530.0";"2.305975"
"280540.0";"2.34191"
"280550.0";"2.305405"
"280560.0";"2.430462"
"280570.0";"2.519055"
"280580.0";"2.422859"
"280590.0";"2.349463"
"280600.0";"2.441942"
"280610.0";"2.310951"
"280620.0";"2.423353"
"280630.0";"2.341993"
"280640.0";"2.437583"
"280650.0";"2.20895"
"280660.0";"2.338364"
"280670.0";"2.236587"
"280680.0";"2.310617"
"280690.0";"2.513785"
"280700.0";"2.271448"
"280710.0";"2.307725"
"280720.0";"2.279642"
"280730.0";"2.211928"
"280740.0";"2.353998"
"280750.0";"2.342518"
"280760.0";"2.137795"
"280770.0";"2.122002"
"280780.0";"2.205384"
"280790.0";"2.193815"
"280800.0";"2.126444"
"280810.0";"2.080783"
"280820.0";"2.129236"
"280830.0";"2.244223"
"280840.0";"2.349361"
"280850.0";"2.495389"
"280860.0";"2.31169"
"280870.0";"2.238588"
"280880.0";"2.293425"
"280890.0";"2.254808"
"280900.0";"2.295407"
"280910.0";"2.231087"
"280920.0";"2.237111"
"280930.0";"2.194736"
"280940.0";"2.181963"
"280950.0";"2.182505"
"280960.0";"2.191102"
"280970.0";"2.211166"
"280980.0";"2.209629"
"280990.0";"2.123433"
"281000.0";"2.232897"
"281010.0";"2.143129"
"281020.0";"2.231577"
"281030.0";"2.159202"
"281040.0";"2.257941"
"281050.0";"2.344644"
"281060.0";"2.348621"
"281070.0";"2.363418"
"281080.0";"2.273312"
"281090.0";"2.282643"
"281100.0";"2.317358"
"281110.0";"2.330712"
"281120.0";"2.194794"
"281130.0";"2.250332"
"281140.0";"2.252576"
"281150.0";"2.199818"
"281160.0";"2.294664"
"281170.0";"2.284401"
"281180.0";"2.298019"
"281190.0";"2.259789"
"281200.0";"2.335385"
"281210.0";"2.317729"
"281220.0";"2.360032"
"281230.0";"2.312418"
"281240.0";"2.29431"
"281250.0";"2.284087"
"281260.0";"2.433475"
"281270.0";"2.303617"
"281280.0";"2.357866"
"281290.0";"2.29341"
"281300.0";"2.242402"
"281310.0";"2.337353"
"281320.0";"2.225972"
"281330.0";"2.30216"
"281340.0";"2.204788"
"281350.0";"2.174666"
"281360.0";"2.085521"
"281370.0";"2.020725"
"281380.0";"2.169313"
"281390.0";"2.072969"
"281400.0";"2.142797"
"281410.0";"2.285101"
"281420.0";"2.201927"
"281430.0";"2.231146"
"281440.0";"2.203241"
"281450.0";"2.287235"
"281460.0";"2.272809"
"281470.0";"2.266606"
"281480.0";"2.299198"
"281490.0";"2.269516"
"281500.0";"2.137506"
"281510.0";"2.224896"
"281520.0";"2.273144"
"281530.0";"2.317089"
"281540.0";"2.266203"
"281550.0";"2.193671"
"281560.0";"2.333166"
"281570.0";"2.203238"
"281580.0";"2.13986"
"281590.0";"2.145658"
"281600.0";"2.197747"
"281610.0";"2.186508"
"281620.0";"2.143213"
"281630.0";"2.271903"
"281640.0";"2.206024"
"281650.0";"2.305039"
"281660.0";"2.248592"
"281670.0";"2.316694"
"281680.0";"2.250973"
"281690.0";"2.254067"
"281700.0";"2.164211"
"281710.0";"2.385747"
"281720.0";"2.270767"
"281730.0";"2.278598"
"281740.0";"2.228077"
"281750.0";"2.401442"
"281760.0";"2.370941"
"281770.0";"2.168046"
"281780.0";"2.175553"
"281790.0";"2.23611"
"281800.0";"2.224081"
"281810.0";"2.164243"
"281820.0";"2.237029"
"281830.0";"2.252117"
"281840.0";"2.380746"
"281850.0";"2.310566"
"281860.0";"2.288868"
"281870.0";"2.275277"
"281880.0";"2.350949"
"281890.0";"2.312608"
"281900.0";"2.420117"
"281910.0";"2.414259"
"281920.0";"2.23205"
"281930.0";"2.334614"
"281940.0";"2.309596"
"281950.0";"2.224029"
"281960.0";"2.256558"
"281970.0";"2.264853"
"281980.0";"2.337499"
"281990.0";"2.238357"
"282000.0";"2.273029"
"282010.0";"2.251317"
"282020.0";"2.398636"
"282030.0";"2.388969"
"282040.0";"2.417695"
"282050.0";"2.248096"
"282060.0";"2.303464"
"282070.0";"2.394783"
"282080.0";"2.408561"
"282090.0";"2.337997"
"282100.0";"2.364103"
"282110.0";"2.320027"
"282120.0";"2.3846"
"282130.0";"2.314502"
"282140.0";"2.286839"
"282150.0";"2.332394"
"282160.0";"2.266742"
"282170.0";"2.338195"
"282180.0";"2.181857"
"282190.0";"2.208654"
"282200.0";"2.143499"
"282210.0";"2.110096"
"282220.0";"2.202477"
"282230.0";"2.293259"
"282240.0";"2.211647"
"282250.0";"2.247132"
"282260.0";"2.199932"
"282270.0";"2.353948"
"282280.0";"2.206988"
"282290.0";"2.216671"
"282300.0";"2.309671"
"282310.0";"2.254096"
"282320.0";"2.226118"
"282330.0";"2.284157"
"282340.0";"2.369994"
"282350.0";"2.229477"
"282360.0";"2.211078"
"282370.0";"2.189281"
"282380.0";"2.230654"
"282390.0";"2.139132"
"282400.0";"2.193116"
"282410.0";"2.14326"
"282420.0";"2.210188"
"282430.0";"2.295066"
"282440.0";"2.388307"
"282450.0";"2.281031"
"282460.0";"2.318017"
"282470.0";"2.194659"
"282480.0";"2.253771"
"282490.0";"2.237305"
"282500.0";"2.279578"
"282510.0";"2.266722"
"282520.0";"2.09674"
"282530.0";"2.294595"
"282540.0";"2.153501"
"282550.0";"2.15421"
"282560.0";"2.190061"
"282570.0";"2.05312"
"282580.0";"2.108032"
"282590.0";"2.265603"
"282600.0";"2.179317"
"282610.0";"2.317703"
"282620.0";"2.092256"
"282630.0";"2.057735"
"282640.0";"2.145778"
"282650.0";"2.155714"
"282660.0";"2.061437"
"282670.0";"2.182995"
"282680.0";"2.201668"
"282690.0";"2.107666"
"282700.0";"2.136584"
"282710.0";"2.19851"
"282720.0";"2.227499"
"282730.0";"2.294353"
"282740.0";"2.175711"
"282750.0";"2.212205"
"282760.0";"2.278586"
"282770.0";"2.28132"
"282780.0";"2.214729"
"282790.0";"2.372131"
"282800.0";"2.28224"
"282810.0";"2.262127"
"282820.0";"2.255183"
"282830.0";"2.204583"
"282840.0";"2.290271"
"282850.0";"2.170531"
"282860.0";"2.180959"
"282870.0";"2.155001"
"282880.0";"2.203286"
"282890.0";"2.141685"
"282900.0";"2.16595"
"282910.0";"2.131191"
"282920.0";"2.274627"
"282930.0";"2.33841"
"282940.0";"2.311677"
"282950.0";"2.31565"
"282960.0";"2.269798"
"282970.0";"2.370422"
"282980.0";"2.198749"
"282990.0";"2.253467"
"283000.0";"2.219713"
"283010.0";"2.220413"
"283020.0";"2.184615"
"283030.0";"2.281761"
"283040.0";"2.196254"
"283050.0";"2.209995"
"283060.0";"2.221877"
"283070.0";"2.109809"
"283080.0";"2.091882"
"283090.0";"2.20323"
"283100.0";"2.139137"
"283110.0";"2.268754"
"283120.0";"2.069177"
"283130.0";"2.033468"
"283140.0";"2.132062"
"283150.0";"2.228328"
"283160.0";"2.179775"
"283170.0";"2.245575"
"283180.0";"2.222167"
"283190.0";"2.141921"
"283200.0";"2.19012"
"283210.0";"2.13686"
"283220.0";"2.165125"
"283230.0";"2.161376"
"283240.0";"2.105099"
"283250.0";"2.259102"
"283260.0";"2.184363"
"283270.0";"1.983427"
"283280.0";"2.260828"
"283290.0";"2.245148"
"283300.0";"2.3482"
"283310.0";"2.280174"
"283320.0";"2.254077"
"283330.0";"2.084479"
"283340.0";"2.191233"
"283350.0";"2.210861"
"283360.0";"2.209066"
"283370.0";"2.182453"
"283380.0";"2.251451"
"283390.0";"2.218497"
"283400.0";"2.184654"
"283410.0";"2.089954"
"283420.0";"2.002016"
"283430.0";"2.130359"
"283440.0";"2.156556"
"283450.0";"2.232136"
"283460.0";"2.11499"
"283470.0";"2.177105"
"283480.0";"2.205347"
"283490.0";"2.237698"
"283500.0";"2.141299"
"283510.0";"2.203174"
"283520.0";"2.041607"
"283530.0";"2.210681"
"283540.0";"2.072781"
"283550.0";"2.206852"
"283560.0";"2.174351"
"283570.0";"2.140887"
"283580.0";"2.25704"
"283590.0";"2.091331"
"283600.0";"2.198151"
"283610.0";"2.167945"
"283620.0";"2.294426"
"283630.0";"2.24368"
"283640.0";"2.157811"
"283650.0";"2.269951"
"283660.0";"2.162441"
"283670.0";"2.126582"
"283680.0";"2.178084"
"283690.0";"2.190895"
"283700.0";"2.263648"
"283710.0";"2.104119"
"283720.0";"2.088911"
"283730.0";"2.226586"
"283740.0";"2.174387"
"283750.0";"2.142566"
"283760.0";"2.234139"
"283770.0";"2.119189"
"283780.0";"2.102645"
"283790.0";"2.120688"
"283800.0";"2.16542"
"283810.0";"2.079481"
"283820.0";"2.108105"
"283830.0";"2.106972"
"283840.0";"2.047374"
"283850.0";"2.09326"
"283860.0";"2.378575"
"283870.0";"2.239812"
"283880.0";"2.272905"
"283890.0";"2.006046"
"283900.0";"2.031918"
"283910.0";"2.204634"
"283920.0";"2.274971"
"283930.0";"2.377985"
"283940.0";"2.392375"
"283950.0";"2.184045"
"283960.0";"2.24174"
"283970.0";"2.154853"
"283980.0";"2.161118"
"283990.0";"2.128559"
"284000.0";"2.174558"
"284010.0";"2.226075"
"284020.0";"2.271135"
"284030.0";"2.246456"
"284040.0";"2.335361"
"284050.0";"2.201473"
"284060.0";"2.277661"
"284070.0";"2.142219"
"284080.0";"2.248285"
"284090.0";"2.20207"
"284100.0";"2.288527"
"284110.0";"2.151389"
"284120.0";"2.13542"
"284130.0";"2.159308"
"284140.0";"2.221448"
"284150.0";"2.202759"
"284160.0";"2.250948"
"284170.0";"2.256887"
"284180.0";"2.249268"
"284190.0";"2.209299"
"284200.0";"2.237663"
"284210.0";"2.120337"
"284220.0";"2.168132"
"284230.0";"2.118971"
"284240.0";"2.24851"
"284250.0";"2.195183"
"284260.0";"2.121826"
"284270.0";"2.182159"
"284280.0";"2.132194"
"284290.0";"2.160926"
"284300.0";"2.137966"
"284310.0";"2.115722"
"284320.0";"2.141078"
"284330.0";"2.026359"
"284340.0";"2.065295"
"284350.0";"2.024525"
"284360.0";"1.970248"
"284370.0";"2.013934"
"284380.0";"2.068483"
"284390.0";"2.060639"
"284400.0";"2.043793"
"284410.0";"2.037244"
"284420.0";"2.211587"
"284430.0";"2.207383"
"284440.0";"2.188914"
"284450.0";"2.228456"
"284460.0";"2.211967"
"284470.0";"2.266283"
"284480.0";"2.217119"
"284490.0";"2.182943"
"284500.0";"2.167713"
"284510.0";"2.127818"
"284520.0";"2.132173"
"284530.0";"2.082833"
"284540.0";"2.086858"
"284550.0";"1.996266"
"284560.0";"2.180889"
"284570.0";"2.202462"
"284580.0";"2.177397"
"284590.0";"2.173731"
"284600.0";"2.144418"
"284610.0";"2.112547"
"284620.0";"2.142684"
"284630.0";"2.130967"
"284640.0";"2.112157"
"284650.0";"2.030084"
"284660.0";"2.141138"
"284670.0";"2.149339"
"284680.0";"2.110666"
"284690.0";"2.190197"
"284700.0";"2.236868"
"284710.0";"2.320245"
"284720.0";"2.162901"
"284730.0";"2.152066"
"284740.0";"2.150923"
"284750.0";"2.246544"
"284760.0";"2.066064"
"284770.0";"2.25396"
"284780.0";"2.217105"
"284790.0";"2.103117"
"284800.0";"2.131055"
"284810.0";"2.200099"
"284820.0";"2.246959"
"284830.0";"2.183275"
"284840.0";"2.121312"
"284850.0";"1.941007"
"284860.0";"2.125237"
"284870.0";"2.100974"
"284880.0";"2.183754"
"284890.0";"2.332667"
"284900.0";"2.2396"
"284910.0";"2.149006"
"284920.0";"2.272489"
"284930.0";"2.197876"
"284940.0";"2.232821"
"284950.0";"2.274817"
"284960.0";"2.327045"
"284970.0";"2.107841"
"284980.0";"2.128472"
"284990.0";"2.293393"
"285000.0";"2.458241"
"285010.0";"2.483474"
"285020.0";"2.342205"
"285030.0";"2.302592"
"285040.0";"2.310103"
"285050.0";"2.27382"
"285060.0";"2.44536"
"285070.0";"2.434829"
"285080.0";"2.429257"
"285090.0";"2.239676"
"285100.0";"2.231513"
"285110.0";"2.237187"
"285120.0";"2.276637"
"285130.0";"2.350503"
"285140.0";"2.345669"
"285150.0";"2.30534"
"285160.0";"2.317672"
"285170.0";"2.486431"
"285180.0";"2.425991"
"285190.0";"2.385376"
"285200.0";"2.280019"
"285210.0";"2.351245"
"285220.0";"2.363248"
"285230.0";"2.36076"
"285240.0";"2.414162"
"285250.0";"2.296866"
"285260.0";"2.421644"
"285270.0";"2.475927"
"285280.0";"2.381909"
"285290.0";"2.414498"
"285300.0";"2.309508"
"285310.0";"2.360904"
"285320.0";"2.388169"
"285330.0";"2.367211"
"285340.0";"2.300779"
"285350.0";"2.349933"
"285360.0";"2.308393"
"285370.0";"2.271819"
"285380.0";"2.217267"
"285390.0";"2.38082"
"285400.0";"2.373412"
"285410.0";"2.325663"
"285420.0";"2.437333"
"285430.0";"2.552887"
"285440.0";"2.436947"
"285450.0";"2.371549"
"285460.0";"2.358504"
"285470.0";"2.355899"
"285480.0";"2.323128"
"285490.0";"2.250273"
"285500.0";"2.227369"
"285510.0";"2.301691"
"285520.0";"2.384807"
"285530.0";"2.401605"
"285540.0";"2.274428"
"285550.0";"2.344135"
"285560.0";"2.25686"
"285570.0";"2.465314"
"285580.0";"2.352097"
"285590.0";"2.399004"
"285600.0";"2.381991"
"285610.0";"2.3002"
"285620.0";"2.321602"
"285630.0";"2.283826"
"285640.0";"2.42305"
"285650.0";"2.362726"
"285660.0";"2.23357"
"285670.0";"2.299764"
"285680.0";"2.418913"
"285690.0";"2.311794"
"285700.0";"2.238166"
"285710.0";"2.303403"
"285720.0";"2.285738"
"285730.0";"2.126604"
"285740.0";"2.123886"
"285750.0";"2.169672"
"285760.0";"2.163971"
"285770.0";"2.270383"
"285780.0";"2.256719"
"285790.0";"2.132043"
"285800.0";"2.322777"
"285810.0";"2.477184"
"285820.0";"2.238383"
"285830.0";"2.378754"
"285840.0";"2.207148"
"285850.0";"2.327832"
"285860.0";"2.467312"
"285870.0";"2.405152"
"285880.0";"2.196736"
"285890.0";"2.312237"
"285900.0";"2.272408"
"285910.0";"2.23544"
"285920.0";"2.184023"
"285930.0";"2.254309"
"285940.0";"2.199921"
"285950.0";"2.133627"
"285960.0";"2.342615"
"285970.0";"2.230891"
"285980.0";"2.21258"
"285990.0";"2.16093"
"286000.0";"2.199343"
"286010.0";"2.278332"
"286020.0";"2.270004"
"286030.0";"2.186038"
"286040.0";"2.149549"
"286050.0";"2.114499"
"286060.0";"2.250442"
"286070.0";"2.102194"
"286080.0";"2.146049"
"286090.0";"2.134429"
"286100.0";"2.122872"
"286110.0";"2.25859"
"286120.0";"2.229804"
"286130.0";"2.126805"
"286140.0";"2.2421"
"286150.0";"2.245856"
"286160.0";"2.202888"
"286170.0";"2.2954"
"286180.0";"2.409026"
"286190.0";"2.305208"
"286200.0";"2.295551"
"286210.0";"2.266102"
"286220.0";"2.254004"
"286230.0";"2.35909"
"286240.0";"2.375161"
"286250.0";"2.291182"
"286260.0";"2.297419"
"286270.0";"2.362983"
"286280.0";"2.175661"
"286290.0";"2.249034"
"286300.0";"2.406376"
"286310.0";"2.35616"
"286320.0";"2.291362"
"286330.0";"2.381813"
"286340.0";"2.290594"
"286350.0";"2.438416"
"286360.0";"2.3157"
"286370.0";"2.254441"
"286380.0";"2.180429"
"286390.0";"2.227763"
"286400.0";"2.209426"
"286410.0";"2.304402"
"286420.0";"2.185645"
"286430.0";"2.149838"
"286440.0";"2.266042"
"286450.0";"2.294311"
"286460.0";"2.231106"
"286470.0";"2.128812"
"286480.0";"2.098213"
"286490.0";"2.28939"
"286500.0";"2.22536"
"286510.0";"2.314305"
"286520.0";"2.218858"
"286530.0";"2.243281"
"286540.0";"2.282969"
"286550.0";"2.355821"
"286560.0";"2.496802"
"286570.0";"2.322636"
"286580.0";"2.318592"
"286590.0";"2.308777"
"286600.0";"2.334432"
"286610.0";"2.1839"
"286620.0";"2.057114"
"286630.0";"2.288537"
"286640.0";"2.212565"
"286650.0";"2.171156"
"286660.0";"2.093384"
"286670.0";"2.264889"
"286680.0";"1.979465"
"286690.0";"2.293498"
"286700.0";"2.197682"
"286710.0";"2.249508"
"286720.0";"2.358153"
"286730.0";"2.288402"
"286740.0";"2.408594"
"286750.0";"2.312713"
"286760.0";"2.337167"
"286770.0";"2.518005"
"286780.0";"2.390676"
"286790.0";"2.370592"
"286800.0";"2.415421"
"286810.0";"2.336932"
"286820.0";"2.340715"
"286830.0";"2.406605"
"286840.0";"2.396203"
"286850.0";"2.405347"
"286860.0";"2.460169"
"286870.0";"2.457535"
"286880.0";"2.400094"
"286890.0";"2.479461"
"286900.0";"2.342386"
"286910.0";"2.275787"
"286920.0";"2.372046"
"286930.0";"2.440304"
"286940.0";"2.368837"
"286950.0";"2.493296"
"286960.0";"2.522766"
"286970.0";"2.380607"
"286980.0";"2.38463"
"286990.0";"2.337778"
"287000.0";"2.412904"
"287010.0";"2.401875"
"287020.0";"2.42035"
"287030.0";"2.335665"
"287040.0";"2.393443"
"287050.0";"2.325809"
"287060.0";"2.366766"
"287070.0";"2.390666"
"287080.0";"2.380465"
"287090.0";"2.343398"
"287100.0";"2.307673"
"287110.0";"2.272265"
"287120.0";"2.367473"
"287130.0";"2.182543"
"287140.0";"2.183264"
"287150.0";"2.219534"
"287160.0";"2.340615"
"287170.0";"2.321213"
"287180.0";"2.257138"
"287190.0";"2.241437"
"287200.0";"2.238122"
"287210.0";"2.276055"
"287220.0";"2.344303"
"287230.0";"2.376439"
"287240.0";"2.352934"
"287250.0";"2.373681"
"287260.0";"2.29841"
"287270.0";"2.102684"
"287280.0";"2.132263"
"287290.0";"2.163582"
"287300.0";"2.133866"
"287310.0";"2.134279"
"287320.0";"2.134888"
"287330.0";"2.224991"
"287340.0";"2.19258"
"287350.0";"2.275826"
"287360.0";"2.202624"
"287370.0";"2.292562"
"287380.0";"2.332076"
"287390.0";"2.248281"
"287400.0";"2.22057"
"287410.0";"2.283938"
"287420.0";"2.30863"
"287430.0";"2.227889"
"287440.0";"2.305902"
"287450.0";"2.206919"
"287460.0";"2.310117"
"287470.0";"2.247363"
"287480.0";"2.176362"
"287490.0";"2.250329"
"287500.0";"2.308862"
"287510.0";"2.379996"
"287520.0";"2.409639"
"287530.0";"2.296904"
"287540.0";"2.384168"
"287550.0";"2.401262"
"287560.0";"2.372519"
"287570.0";"2.38503"
"287580.0";"2.302987"
"287590.0";"2.311393"
"287600.0";"2.361454"
"287610.0";"2.360057"
"287620.0";"2.32315"
"287630.0";"2.472529"
"287640.0";"2.418239"
"287650.0";"2.350269"
"287660.0";"2.229857"
"287670.0";"2.302744"
"287680.0";"2.326001"
"287690.0";"2.32865"
"287700.0";"2.271272"
"287710.0";"2.231516"
"287720.0";"2.297181"
"287730.0";"2.247071"
"287740.0";"2.426065"
"287750.0";"2.351024"
"287760.0";"2.29839"
"287770.0";"2.308728"
"287780.0";"2.240491"
"287790.0";"2.312151"
"287800.0";"2.308195"
"287810.0";"2.363829"
"287820.0";"2.25389"
"287830.0";"2.375085"
"287840.0";"2.386947"
"287850.0";"2.393328"
"287860.0";"2.284196"
"287870.0";"2.23849"
"287880.0";"2.327957"
"287890.0";"2.42572"
"287900.0";"2.412973"
"287910.0";"2.582935"
"287920.0";"2.448664"
"287930.0";"2.396841"
"287940.0";"2.4555"
"287950.0";"2.444942"
"287960.0";"2.434698"
"287970.0";"2.396516"
"287980.0";"2.329423"
"287990.0";"2.353178"
"288000.0";"2.347893"
"288010.0";"2.373054"
"288020.0";"2.444593"
"288030.0";"2.421047"
"288040.0";"2.425507"
"288050.0";"2.421832"
"288060.0";"2.251023"
"288070.0";"2.278723"
"288080.0";"2.409846"
"288090.0";"2.394921"
"288100.0";"2.495789"
"288110.0";"2.407589"
"288120.0";"2.48066"
"288130.0";"2.380358"
"288140.0";"2.459891"
"288150.0";"2.453737"
"288160.0";"2.31007"
"288170.0";"2.28135"
"288180.0";"2.330893"
"288190.0";"2.352008"
"288200.0";"2.349741"
"288210.0";"2.381191"
"288220.0";"2.24793"
"288230.0";"2.367039"
"288240.0";"2.363825"
"288250.0";"2.36263"
"288260.0";"2.255918"
"288270.0";"2.307494"
"288280.0";"2.368206"
"288290.0";"2.374435"
"288300.0";"2.250232"
"288310.0";"2.462232"
"288320.0";"2.262915"
"288330.0";"2.277883"
"288340.0";"2.316255"
"288350.0";"2.311137"
"288360.0";"2.384962"
"288370.0";"2.369934"
"288380.0";"2.240583"
"288390.0";"2.308002"
"288400.0";"2.379972"
"288410.0";"2.388755"
"288420.0";"2.307654"
"288430.0";"2.30523"
"288440.0";"2.456601"
"288450.0";"2.248167"
"288460.0";"2.283682"
"288470.0";"2.428314"
"288480.0";"2.382593"
"288490.0";"2.227227"
"288500.0";"2.289471"
"288510.0";"2.28136"
"288520.0";"2.380318"
"288530.0";"2.419766"
"288540.0";"2.319979"
"288550.0";"2.333628"
"288560.0";"2.291353"
"288570.0";"2.369818"
"288580.0";"2.48006"
"288590.0";"2.437786"
"288600.0";"2.350598"
"288610.0";"2.365172"
"288620.0";"2.287158"
"288630.0";"2.381296"
"288640.0";"2.275684"
"288650.0";"2.356386"
"288660.0";"2.394585"
"288670.0";"2.398737"
"288680.0";"2.407275"
"288690.0";"2.341984"
"288700.0";"2.288369"
"288710.0";"2.397134"
"288720.0";"2.343579"
"288730.0";"2.339163"
"288740.0";"2.393375"
"288750.0";"2.414606"
"288760.0";"2.406693"
"288770.0";"2.367777"
"288780.0";"2.347498"
"288790.0";"2.385766"
"288800.0";"2.315778"
"288810.0";"2.287788"
"288820.0";"2.391663"
"288830.0";"2.300471"
"288840.0";"2.321005"
"288850.0";"2.265389"
"288860.0";"2.334378"
"288870.0";"2.375935"
"288880.0";"2.342847"
"288890.0";"2.27786"
"288900.0";"2.425963"
"288910.0";"2.46372"
"288920.0";"2.534561"
"288930.0";"2.394187"
"288940.0";"2.476776"
"288950.0";"2.500888"
"288960.0";"2.476348"
"288970.0";"2.456716"
"288980.0";"2.387263"
"288990.0";"2.392817"
"289000.0";"2.36349"
"289010.0";"2.389356"
"289020.0";"2.426143"
"289030.0";"2.244289"
"289040.0";"2.359751"
"289050.0";"2.403222"
"289060.0";"2.35915"
"289070.0";"2.174654"
"289080.0";"2.244492"
"289090.0";"2.303277"
"289100.0";"2.349106"
"289110.0";"2.314459"
"289120.0";"2.263798"
"289130.0";"2.221698"
"289140.0";"2.376149"
"289150.0";"2.412038"
"289160.0";"2.376996"
"289170.0";"2.338833"
"289180.0";"2.454418"
"289190.0";"2.302956"
"289200.0";"2.35245"
"289210.0";"2.254326"
"289220.0";"2.205201"
"289230.0";"2.198869"
"289240.0";"2.273285"
"289250.0";"2.238268"
"289260.0";"2.143945"
"289270.0";"2.25484"
"289280.0";"2.200562"
"289290.0";"2.322667"
"289300.0";"2.286987"
"289310.0";"2.170763"
"289320.0";"2.374382"
"289330.0";"2.318885"
"289340.0";"2.253598"
"289350.0";"2.283918"
"289360.0";"2.397687"
"289370.0";"2.300551"
"289380.0";"2.303471"
"289390.0";"2.216967"
"289400.0";"2.247622"
"289410.0";"2.239242"
"289420.0";"2.388516"
"289430.0";"2.250297"
"289440.0";"2.406124"
"289450.0";"2.208196"
"289460.0";"2.309748"
"289470.0";"2.288277"
"289480.0";"2.265899"
"289490.0";"2.296927"
"289500.0";"2.221745"
"289510.0";"2.136281"
"289520.0";"2.164716"
"289530.0";"2.355481"
"289540.0";"2.252453"
"289550.0";"2.365264"
"289560.0";"2.274328"
"289570.0";"2.175994"
"289580.0";"2.303317"
"289590.0";"2.203582"
"289600.0";"2.236723"
"289610.0";"2.326688"
"289620.0";"2.326442"
"289630.0";"2.234396"
"289640.0";"2.259438"
"289650.0";"2.345091"
"289660.0";"2.336213"
"289670.0";"2.363326"
"289680.0";"2.274655"
"289690.0";"2.311662"
"289700.0";"2.299847"
"289710.0";"2.298142"
"289720.0";"2.336248"
"289730.0";"2.203065"
"289740.0";"2.3833"
"289750.0";"2.232752"
"289760.0";"2.304824"
"289770.0";"2.204748"
"289780.0";"2.250663"
"289790.0";"2.329138"
"289800.0";"2.322769"
"289810.0";"2.267478"
"289820.0";"2.294124"
"289830.0";"2.286542"
"289840.0";"2.311285"
"289850.0";"2.244231"
"289860.0";"2.197726"
"289870.0";"2.30242"
"289880.0";"2.329027"
"289890.0";"2.381622"
"289900.0";"2.38923"
"289910.0";"2.345848"
"289920.0";"2.273513"
"289930.0";"2.229349"
"289940.0";"2.193926"
"289950.0";"2.188647"
"289960.0";"2.337971"
"289970.0";"2.212006"
"289980.0";"2.233889"
"289990.0";"2.26003"
"290000.0";"2.20071"
"290010.0";"2.365828"
"290020.0";"2.30374"
"290030.0";"2.206605"
"290040.0";"2.18377"
"290050.0";"2.269138"
"290060.0";"2.301516"
"290070.0";"2.26653"
"290080.0";"2.327407"
"290090.0";"2.288618"
"290100.0";"2.340782"
"290110.0";"2.394181"
"290120.0";"2.297277"
"290130.0";"2.433688"
"290140.0";"2.301258"
"290150.0";"2.356962"
"290160.0";"2.310131"
"290170.0";"2.346258"
"290180.0";"2.285657"
"290190.0";"2.359767"
"290200.0";"2.318823"
"290210.0";"2.309444"
"290220.0";"2.283003"
"290230.0";"2.294764"
"290240.0";"2.32786"
"290250.0";"2.286749"
"290260.0";"2.317943"
"290270.0";"2.29217"
"290280.0";"2.450449"
"290290.0";"2.498568"
"290300.0";"2.43444"
"290310.0";"2.285791"
"290320.0";"2.451649"
"290330.0";"2.305642"
"290340.0";"2.403098"
"290350.0";"2.415265"
"290360.0";"2.43304"
"290370.0";"2.287954"
"290380.0";"2.524535"
"290390.0";"2.38208"
"290400.0";"2.385475"
"290410.0";"2.474904"
"290420.0";"2.434"
"290430.0";"2.367927"
"290440.0";"2.44525"
"290450.0";"2.361777"
"290460.0";"2.490369"
"290470.0";"2.353853"
"290480.0";"2.359482"
"290490.0";"2.35064"
"290500.0";"2.244353"
"290510.0";"2.44052"
"290520.0";"2.278738"
"290530.0";"2.394562"
"290540.0";"2.253249"
"290550.0";"2.275847"
"290560.0";"2.426399"
"290570.0";"2.310725"
"290580.0";"2.347196"
"290590.0";"2.265096"
"290600.0";"2.250408"
"290610.0";"2.263439"
"290620.0";"2.273315"
"290630.0";"2.208765"
"290640.0";"2.235728"
"290650.0";"2.302529"
"290660.0";"2.34847"
"290670.0";"2.350124"
"290680.0";"2.297887"
"290690.0";"2.278541"
"290700.0";"2.229879"
"290710.0";"2.389712"
"290720.0";"2.172901"
"290730.0";"2.16467"
"290740.0";"2.184515"
"290750.0";"2.210243"
"290760.0";"2.137602"
"290770.0";"2.15714"
"290780.0";"2.139087"
"290790.0";"2.117852"
"290800.0";"2.111331"
"290810.0";"2.132839"
"290820.0";"2.22322"
"290830.0";"2.20366"
"290840.0";"2.282075"
"290850.0";"2.22646"
"290860.0";"2.164658"
"290870.0";"2.253345"
"290880.0";"2.200074"
"290890.0";"2.211156"
"290900.0";"2.236662"
"290910.0";"2.162905"
"290920.0";"2.074647"
"290930.0";"2.255191"
"290940.0";"2.173124"
"290950.0";"2.304684"
"290960.0";"2.368994"
"290970.0";"2.143222"
"290980.0";"2.125282"
"290990.0";"2.193841"
"291000.0";"2.210763"
"291010.0";"2.031099"
"291020.0";"2.092177"
"291030.0";"2.197179"
"291040.0";"2.085407"
"291050.0";"2.283691"
"291060.0";"2.142427"
"291070.0";"2.177774"
"291080.0";"2.16104"
"291090.0";"2.174627"
"291100.0";"2.284382"
"291110.0";"2.265096"
"291120.0";"2.311958"
"291130.0";"2.379802"
"291140.0";"2.277656"
"291150.0";"2.175028"
"291160.0";"2.291034"
"291170.0";"2.317063"
"291180.0";"2.388839"
"291190.0";"2.428481"
"291200.0";"2.414833"
"291210.0";"2.508508"
"291220.0";"2.456598"
"291230.0";"2.432901"
"291240.0";"2.481966"
"291250.0";"2.326659"
"291260.0";"2.486713"
"291270.0";"2.452544"
"291280.0";"2.429207"
"291290.0";"2.22731"
"291300.0";"2.408034"
"291310.0";"2.546315"
"291320.0";"2.524554"
"291330.0";"2.461216"
"291340.0";"2.454287"
"291350.0";"2.424279"
"291360.0";"2.391818"
"291370.0";"2.367188"
"291380.0";"2.228541"
"291390.0";"2.190835"
"291400.0";"2.214768"
"291410.0";"2.323278"
"291420.0";"2.321364"
"291430.0";"2.267786"
"291440.0";"2.216828"
"291450.0";"2.238625"
"291460.0";"2.178203"
"291470.0";"2.286909"
"291480.0";"2.220408"
"291490.0";"2.283928"
"291500.0";"2.203019"
"291510.0";"2.200788"
"291520.0";"2.189622"
"291530.0";"2.277262"
"291540.0";"2.258755"
"291550.0";"2.278081"
"291560.0";"2.213082"
"291570.0";"2.252011"
"291580.0";"2.201495"
"291590.0";"2.167695"
"291600.0";"2.282754"
"291610.0";"2.363696"
"291620.0";"2.23013"
"291630.0";"2.253137"
"291640.0";"2.282304"
"291650.0";"2.180537"
"291660.0";"2.118129"
"291670.0";"2.225052"
"291680.0";"2.278798"
"291690.0";"2.17366"
"291700.0";"2.057935"
"291710.0";"2.149646"
"291720.0";"2.134372"
"291730.0";"2.147383"
"291740.0";"2.178673"
"291750.0";"2.248239"
"291760.0";"2.137038"
"291770.0";"2.431156"
"291780.0";"2.295187"
"291790.0";"2.261667"
"291800.0";"2.336493"
"291810.0";"2.365883"
"291820.0";"2.4153"
"291830.0";"2.374556"
"291840.0";"2.369922"
"291850.0";"2.335836"
"291860.0";"2.367903"
"291870.0";"2.350391"
"291880.0";"2.436975"
"291890.0";"2.584106"
"291900.0";"2.306565"
"291910.0";"2.367585"
"291920.0";"2.463626"
"291930.0";"2.43667"
"291940.0";"2.330247"
"291950.0";"2.30986"
"291960.0";"2.416518"
"291970.0";"2.341821"
"291980.0";"2.343372"
"291990.0";"2.451932"
"292000.0";"2.312439"
"292010.0";"2.374837"
"292020.0";"2.405233"
"292030.0";"2.289593"
"292040.0";"2.436768"
"292050.0";"2.357666"
"292060.0";"2.351891"
"292070.0";"2.305844"
"292080.0";"2.358202"
"292090.0";"2.291095"
"292100.0";"2.19497"
"292110.0";"2.27854"
"292120.0";"2.269598"
"292130.0";"2.262267"
"292140.0";"2.134546"
"292150.0";"2.133948"
"292160.0";"2.252993"
"292170.0";"2.377007"
"292180.0";"2.156175"
"292190.0";"2.275468"
"292200.0";"2.167629"
"292210.0";"2.228234"
"292220.0";"2.244204"
"292230.0";"2.219507"
"292240.0";"2.246071"
"292250.0";"2.243948"
"292260.0";"2.25492"
"292270.0";"2.142178"
"292280.0";"2.133083"
"292290.0";"2.158599"
"292300.0";"2.233101"
"292310.0";"2.085598"
"292320.0";"2.22871"
"292330.0";"2.260136"
"292340.0";"2.202715"
"292350.0";"2.179782"
"292360.0";"2.247574"
"292370.0";"2.282293"
"292380.0";"2.339942"
"292390.0";"2.173314"
"292400.0";"2.151019"
"292410.0";"2.005597"
"292420.0";"2.251279"
"292430.0";"2.200011"
"292440.0";"2.301642"
"292450.0";"2.202378"
"292460.0";"2.013602"
"292470.0";"2.182106"
"292480.0";"2.169803"
"292490.0";"2.168642"
"292500.0";"2.081323"
"292510.0";"2.116569"
"292520.0";"2.174303"
"292530.0";"2.160294"
"292540.0";"2.198102"
"292550.0";"2.169024"
"292560.0";"2.261185"
"292570.0";"2.340797"
"292580.0";"2.205453"
"292590.0";"2.174985"
"292600.0";"2.22066"
"292610.0";"2.298934"
"292620.0";"2.310717"
"292630.0";"2.356699"
"292640.0";"2.222681"
"292650.0";"2.244416"
"292660.0";"2.193367"
"292670.0";"2.334449"
"292680.0";"2.298338"
"292690.0";"2.349499"
"292700.0";"2.376555"
"292710.0";"2.375675"
"292720.0";"2.207822"
"292730.0";"2.35719"
"292740.0";"2.54096"
"292750.0";"2.307557"
"292760.0";"2.366737"
"292770.0";"2.498891"
"292780.0";"2.312774"
"292790.0";"2.439558"
"292800.0";"2.367764"
"292810.0";"2.369861"
"292820.0";"2.26837"
"292830.0";"2.405005"
"292840.0";"2.445711"
"292850.0";"2.396568"
"292860.0";"2.4084"
"292870.0";"2.576017"
"292880.0";"2.42943"
"292890.0";"2.519682"
"292900.0";"2.465378"
"292910.0";"2.469452"
"292920.0";"2.531621"
"292930.0";"2.472059"
"292940.0";"2.433048"
"292950.0";"2.289939"
"292960.0";"2.35878"
"292970.0";"2.420828"
"292980.0";"2.388741"
"292990.0";"2.283775"
"293000.0";"2.250971"
"293010.0";"2.292048"
"293020.0";"2.24157"
"293030.0";"2.328923"
"293040.0";"2.37587"
"293050.0";"2.41136"
"293060.0";"2.271663"
"293070.0";"2.307019"
"293080.0";"2.188743"
"293090.0";"2.312629"
"293100.0";"2.246215"
"293110.0";"2.274951"
"293120.0";"2.258861"
"293130.0";"2.334444"
"293140.0";"2.360183"
"293150.0";"2.204542"
"293160.0";"2.119092"
"293170.0";"2.098526"
"293180.0";"2.257864"
"293190.0";"2.204911"
"293200.0";"2.235815"
"293210.0";"2.27153"
"293220.0";"2.240263"
"293230.0";"2.222021"
"293240.0";"2.227507"
"293250.0";"2.326231"
"293260.0";"2.29792"
"293270.0";"2.258945"
"293280.0";"2.287385"
"293290.0";"2.348962"
"293300.0";"2.321095"
"293310.0";"2.293028"
"293320.0";"2.206891"
"293330.0";"2.279031"
"293340.0";"2.329399"
"293350.0";"2.350984"
"293360.0";"2.294217"
"293370.0";"2.348914"
"293380.0";"2.30396"
"293390.0";"2.277025"
"293400.0";"2.257194"
"293410.0";"2.219559"
"293420.0";"2.269462"
"293430.0";"2.358793"
"293440.0";"2.346565"
"293450.0";"2.338828"
"293460.0";"2.28719"
"293470.0";"2.238921"
"293480.0";"2.213649"
"293490.0";"2.240382"
"293500.0";"2.324535"
"293510.0";"2.304841"
"293520.0";"2.262351"
"293530.0";"2.249945"
"293540.0";"2.270917"
"293550.0";"2.325371"
"293560.0";"2.230345"
"293570.0";"2.306079"
"293580.0";"2.270952"
"293590.0";"2.32159"
"293600.0";"2.194079"
"293610.0";"2.203009"
"293620.0";"2.308062"
"293630.0";"2.182064"
"293640.0";"2.289816"
"293650.0";"2.15104"
"293660.0";"2.315646"
"293670.0";"2.249155"
"293680.0";"2.138914"
"293690.0";"2.336121"
"293700.0";"2.357897"
"293710.0";"2.320492"
"293720.0";"2.305383"
"293730.0";"2.222145"
"293740.0";"2.227258"
"293750.0";"2.197707"
"293760.0";"2.30993"
"293770.0";"2.185623"
"293780.0";"2.22754"
"293790.0";"2.21983"
"293800.0";"2.251378"
"293810.0";"2.335295"
"293820.0";"2.267403"
"293830.0";"2.310724"
"293840.0";"2.319646"
"293850.0";"2.317102"
"293860.0";"2.291361"
"293870.0";"2.187545"
"293880.0";"2.298317"
"293890.0";"2.247088"
"293900.0";"2.275787"
"293910.0";"2.252135"
"293920.0";"2.302978"
"293930.0";"2.230152"
"293940.0";"2.332791"
"293950.0";"2.366489"
"293960.0";"2.341157"
"293970.0";"2.213397"
"293980.0";"2.300297"
"293990.0";"2.270394"
"294000.0";"2.249239"
"294010.0";"2.317858"
"294020.0";"2.306878"
"294030.0";"2.311472"
"294040.0";"2.266155"
"294050.0";"2.255212"
"294060.0";"2.231994"
"294070.0";"2.231228"
"294080.0";"2.213714"
"294090.0";"2.284591"
"294100.0";"2.226876"
"294110.0";"2.301709"
"294120.0";"2.289083"
"294130.0";"2.271492"
"294140.0";"2.350417"
"294150.0";"2.289239"
"294160.0";"2.202584"
"294170.0";"2.159732"
"294180.0";"2.229707"
"294190.0";"2.238647"
"294200.0";"2.263964"
"294210.0";"2.227555"
"294220.0";"2.255976"
"294230.0";"2.261068"
"294240.0";"2.322978"
"294250.0";"2.289167"
"294260.0";"2.345104"
"294270.0";"2.28044"
"294280.0";"2.231727"
"294290.0";"2.272175"
"294300.0";"2.284252"
"294310.0";"2.317149"
"294320.0";"2.388835"
"294330.0";"2.386364"
"294340.0";"2.268871"
"294350.0";"2.339714"
"294360.0";"2.251142"
"294370.0";"2.221635"
"294380.0";"2.134646"
"294390.0";"2.144372"
"294400.0";"2.192863"
"294410.0";"2.256921"
"294420.0";"2.246951"
"294430.0";"2.359515"
"294440.0";"2.366744"
"294450.0";"2.335616"
"294460.0";"2.285953"
"294470.0";"2.373014"
"294480.0";"2.402401"
"294490.0";"2.375726"
"294500.0";"2.231264"
"294510.0";"2.284114"
"294520.0";"2.319732"
"294530.0";"2.442164"
"294540.0";"2.368713"
"294550.0";"2.401489"
"294560.0";"2.284405"
"294570.0";"2.314865"
"294580.0";"2.2397"
"294590.0";"2.300702"
"294600.0";"2.244376"
"294610.0";"2.288569"
"294620.0";"2.28362"
"294630.0";"2.257541"
"294640.0";"2.349046"
"294650.0";"2.341209"
"294660.0";"2.404648"
"294670.0";"2.251486"
"294680.0";"2.46365"
"294690.0";"2.420157"
"294700.0";"2.328875"
"294710.0";"2.361812"
"294720.0";"2.292504"
"294730.0";"2.192882"
"294740.0";"2.296654"
"294750.0";"2.321684"
"294760.0";"2.432884"
"294770.0";"2.391505"
"294780.0";"2.347555"
"294790.0";"2.259491"
"294800.0";"2.352932"
"294810.0";"2.364639"
"294820.0";"2.38313"
"294830.0";"2.42003"
"294840.0";"2.485443"
"294850.0";"2.464045"
"294860.0";"2.495761"
"294870.0";"2.482742"
"294880.0";"2.411058"
"294890.0";"2.426527"
"294900.0";"2.364022"
"294910.0";"2.514017"
"294920.0";"2.560603"
"294930.0";"2.46565"
"294940.0";"2.582344"
"294950.0";"2.559899"
"294960.0";"2.564693"
"294970.0";"2.549275"
"294980.0";"2.566281"
"294990.0";"2.577348"
"295000.0";"2.547471"
"295010.0";"2.491502"
"295020.0";"2.538495"
"295030.0";"2.510687"
"295040.0";"2.369555"
"295050.0";"2.443586"
"295060.0";"2.32897"
"295070.0";"2.360291"
"295080.0";"2.369709"
"295090.0";"2.417892"
"295100.0";"2.521914"
"295110.0";"2.433697"
"295120.0";"2.417823"
"295130.0";"2.431481"
"295140.0";"2.350562"
"295150.0";"2.374659"
"295160.0";"2.431186"
"295170.0";"2.488083"
"295180.0";"2.410355"
"295190.0";"2.358616"
"295200.0";"2.455786"
"295210.0";"2.373366"
"295220.0";"2.396755"
"295230.0";"2.330623"
"295240.0";"2.35098"
"295250.0";"2.411994"
"295260.0";"2.294794"
"295270.0";"2.346823"
"295280.0";"2.360403"
"295290.0";"2.362049"
"295300.0";"2.381273"
"295310.0";"2.285722"
"295320.0";"2.395044"
"295330.0";"2.490471"
"295340.0";"2.309261"
"295350.0";"2.339395"
"295360.0";"2.448026"
"295370.0";"2.400006"
"295380.0";"2.394346"
"295390.0";"2.387385"
"295400.0";"2.342797"
"295410.0";"2.497735"
"295420.0";"2.399627"
"295430.0";"2.432796"
"295440.0";"2.401657"
"295450.0";"2.427928"
"295460.0";"2.403413"
"295470.0";"2.382408"
"295480.0";"2.351932"
"295490.0";"2.422929"
"295500.0";"2.335167"
"295510.0";"2.40831"
"295520.0";"2.342679"
"295530.0";"2.299393"
"295540.0";"2.463146"
"295550.0";"2.317901"
"295560.0";"2.445649"
"295570.0";"2.463181"
"295580.0";"2.38587"
"295590.0";"2.400515"
"295600.0";"2.473713"
"295610.0";"2.407839"
"295620.0";"2.348811"
"295630.0";"2.495795"
"295640.0";"2.36566"
"295650.0";"2.388045"
"295660.0";"2.406845"
"295670.0";"2.419471"
"295680.0";"2.44816"
"295690.0";"2.394783"
"295700.0";"2.471154"
"295710.0";"2.49469"
"295720.0";"2.453617"
"295730.0";"2.35906"
"295740.0";"2.408873"
"295750.0";"2.381588"
"295760.0";"2.461317"
"295770.0";"2.471938"
"295780.0";"2.413757"
"295790.0";"2.403773"
"295800.0";"2.360611"
"295810.0";"2.314268"
"295820.0";"2.423141"
"295830.0";"2.417598"
"295840.0";"2.386159"
"295850.0";"2.420176"
"295860.0";"2.296983"
"295870.0";"2.335998"
"295880.0";"2.366321"
"295890.0";"2.386368"
"295900.0";"2.376338"
"295910.0";"2.393422"
"295920.0";"2.297498"
"295930.0";"2.353715"
"295940.0";"2.37993"
"295950.0";"2.360962"
"295960.0";"2.405248"
"295970.0";"2.357983"
"295980.0";"2.228935"
"295990.0";"2.333037"
"296000.0";"2.274909"
"296010.0";"2.403987"
"296020.0";"2.453449"
"296030.0";"2.346421"
"296040.0";"2.464939"
"296050.0";"2.270934"
"296060.0";"2.426927"
"296070.0";"2.375598"
"296080.0";"2.349844"
"296090.0";"2.356095"
"296100.0";"2.448953"
"296110.0";"2.355683"
"296120.0";"2.348859"
"296130.0";"2.243844"
"296140.0";"2.268782"
"296150.0";"2.206723"
"296160.0";"2.43346"
"296170.0";"2.258221"
"296180.0";"2.207575"
"296190.0";"2.282413"
"296200.0";"2.331746"
"296210.0";"2.271245"
"296220.0";"2.246692"
"296230.0";"2.268777"
"296240.0";"2.171976"
"296250.0";"2.221406"
"296260.0";"2.132278"
"296270.0";"2.202178"
"296280.0";"2.290408"
"296290.0";"2.235632"
"296300.0";"2.238913"
"296310.0";"2.183458"
"296320.0";"2.431846"
"296330.0";"2.268207"
"296340.0";"2.292228"
"296350.0";"2.432914"
"296360.0";"2.312017"
"296370.0";"2.254284"
"296380.0";"2.307851"
"296390.0";"2.314824"
"296400.0";"2.277877"
"296410.0";"2.270267"
"296420.0";"2.340171"
"296430.0";"2.224977"
"296440.0";"2.282361"
"296450.0";"2.279525"
"296460.0";"2.273646"
"296470.0";"2.176321"
"296480.0";"2.253493"
"296490.0";"2.272184"
"296500.0";"2.288843"
"296510.0";"2.39021"
"296520.0";"2.312745"
"296530.0";"2.238444"
"296540.0";"2.210643"
"296550.0";"2.200258"
"296560.0";"2.330857"
"296570.0";"2.271381"
"296580.0";"2.28691"
"296590.0";"2.317461"
"296600.0";"2.254258"
"296610.0";"2.26719"
"296620.0";"2.297688"
"296630.0";"2.220388"
"296640.0";"2.310986"
"296650.0";"2.28581"
"296660.0";"2.222782"
"296670.0";"2.232436"
"296680.0";"2.306975"
"296690.0";"2.262388"
"296700.0";"2.306862"
"296710.0";"2.256877"
"296720.0";"2.364168"
"296730.0";"2.263107"
"296740.0";"2.209995"
"296750.0";"2.191087"
"296760.0";"2.194861"
"296770.0";"2.140573"
"296780.0";"2.102816"
"296790.0";"2.206455"
"296800.0";"2.189226"
"296810.0";"2.264986"
"296820.0";"2.170143"
"296830.0";"2.19877"
"296840.0";"2.199252"
"296850.0";"2.08278"
"296860.0";"2.177699"
"296870.0";"2.143253"
"296880.0";"2.144805"
"296890.0";"2.201781"
"296900.0";"2.28532"
"296910.0";"2.252075"
"296920.0";"2.226489"
"296930.0";"2.248261"
"296940.0";"2.308017"
"296950.0";"2.305691"
"296960.0";"2.333139"
"296970.0";"2.306612"
"296980.0";"2.229632"
"296990.0";"2.255328"
"297000.0";"2.300978"
"297010.0";"2.24663"
"297020.0";"2.264969"
"297030.0";"2.401324"
"297040.0";"2.325033"
"297050.0";"2.425005"
"297060.0";"2.323497"
"297070.0";"2.397558"
"297080.0";"2.290419"
"297090.0";"2.24048"
"297100.0";"2.312205"
"297110.0";"2.340199"
"297120.0";"2.378261"
"297130.0";"2.22383"
"297140.0";"2.270907"
"297150.0";"2.253354"
"297160.0";"2.231399"
"297170.0";"2.215621"
"297180.0";"2.250449"
"297190.0";"2.296921"
"297200.0";"2.264003"
"297210.0";"2.338278"
"297220.0";"2.242291"
"297230.0";"2.440091"
"297240.0";"2.251964"
"297250.0";"2.133599"
"297260.0";"2.205187"
"297270.0";"2.256763"
"297280.0";"2.209718"
"297290.0";"2.137815"
"297300.0";"2.334259"
"297310.0";"2.267319"
"297320.0";"2.217627"
"297330.0";"2.269778"
"297340.0";"2.404096"
"297350.0";"2.514189"
"297360.0";"2.42251"
"297370.0";"2.439449"
"297380.0";"2.379267"
"297390.0";"2.356537"
"297400.0";"2.379895"
"297410.0";"2.32615"
"297420.0";"2.334521"
"297430.0";"2.366517"
"297440.0";"2.352776"
"297450.0";"2.358293"
"297460.0";"2.271506"
"297470.0";"2.109117"
"297480.0";"2.281646"
"297490.0";"2.25225"
"297500.0";"2.221795"
"297510.0";"2.18786"
"297520.0";"2.212526"
"297530.0";"2.184618"
"297540.0";"2.325104"
"297550.0";"2.328206"
"297560.0";"2.334491"
"297570.0";"2.362286"
"297580.0";"2.421655"
"297590.0";"2.394031"
"297600.0";"2.372115"
"297610.0";"2.263294"
"297620.0";"2.203437"
"297630.0";"2.305473"
"297640.0";"2.113533"
"297650.0";"2.216413"
"297660.0";"2.302579"
"297670.0";"2.317446"
"297680.0";"2.128544"
"297690.0";"2.371886"
"297700.0";"2.353489"
"297710.0";"2.376234"
"297720.0";"2.366286"
"297730.0";"2.287755"
"297740.0";"2.351989"
"297750.0";"2.347715"
"297760.0";"2.306528"
"297770.0";"2.314911"
"297780.0";"2.315981"
"297790.0";"2.398083"
"297800.0";"2.216086"
"297810.0";"2.283216"
"297820.0";"2.366288"
"297830.0";"2.280359"
"297840.0";"2.275608"
"297850.0";"2.230257"
"297860.0";"2.077674"
"297870.0";"2.236325"
"297880.0";"2.241874"
"297890.0";"2.311578"
"297900.0";"2.244363"
"297910.0";"2.204492"
"297920.0";"2.135937"
"297930.0";"2.222138"
"297940.0";"2.303402"
"297950.0";"2.411782"
"297960.0";"2.345591"
"297970.0";"2.30721"
"297980.0";"2.292895"
"297990.0";"2.287843"
"298000.0";"2.319309"
"298010.0";"2.475028"
"298020.0";"2.304683"
"298030.0";"2.33632"
"298040.0";"2.285526"
"298050.0";"2.327824"
"298060.0";"2.300545"
"298070.0";"2.242026"
"298080.0";"2.251814"
"298090.0";"2.244992"
"298100.0";"2.299303"
"298110.0";"2.362508"
"298120.0";"2.229861"
"298130.0";"2.30868"
"298140.0";"2.3197"
"298150.0";"2.302964"
"298160.0";"2.35446"
"298170.0";"2.204491"
"298180.0";"2.338835"
"298190.0";"2.289581"
"298200.0";"2.193309"
"298210.0";"2.143893"
"298220.0";"2.228324"
"298230.0";"2.162415"
"298240.0";"2.255592"
"298250.0";"2.298005"
"298260.0";"2.149179"
"298270.0";"2.186955"
"298280.0";"2.277695"
"298290.0";"2.2133"
"298300.0";"2.192864"
"298310.0";"2.280565"
"298320.0";"2.228706"
"298330.0";"2.228571"
"298340.0";"2.28728"
"298350.0";"2.182645"
"298360.0";"2.184415"
"298370.0";"2.21547"
"298380.0";"2.172373"
"298390.0";"2.330962"
"298400.0";"2.180049"
"298410.0";"2.303534"
"298420.0";"2.241399"
"298430.0";"2.175165"
"298440.0";"2.237401"
"298450.0";"2.204237"
"298460.0";"2.194279"
"298470.0";"2.170923"
"298480.0";"2.171657"
"298490.0";"2.155619"
"298500.0";"2.223912"
"298510.0";"2.304923"
"298520.0";"2.276806"
"298530.0";"2.234046"
"298540.0";"2.237401"
"298550.0";"2.280546"
"298560.0";"2.434734"
"298570.0";"2.3629"
"298580.0";"2.304733"
"298590.0";"2.152465"
"298600.0";"2.244531"
"298610.0";"2.291517"
"298620.0";"2.339337"
"298630.0";"2.406236"
"298640.0";"2.32845"
"298650.0";"2.283477"
"298660.0";"2.195958"
"298670.0";"2.247074"
"298680.0";"2.236282"
"298690.0";"2.239953"
"298700.0";"2.218845"
"298710.0";"2.340973"
"298720.0";"2.205562"
"298730.0";"2.116119"
"298740.0";"2.28253"
"298750.0";"2.416514"
"298760.0";"2.389065"
"298770.0";"2.211643"
"298780.0";"2.295464"
"298790.0";"2.239786"
"298800.0";"2.333496"
"298810.0";"2.114038"
"298820.0";"2.288039"
"298830.0";"2.203999"
"298840.0";"2.23898"
"298850.0";"2.24417"
"298860.0";"2.352257"
"298870.0";"2.223799"
"298880.0";"2.250702"
"298890.0";"2.319265"
"298900.0";"2.189542"
"298910.0";"2.232723"
"298920.0";"2.228684"
"298930.0";"2.348687"
"298940.0";"2.282828"
"298950.0";"2.208683"
"298960.0";"2.180073"
"298970.0";"2.283855"
"298980.0";"2.136837"
"298990.0";"2.279567"
"299000.0";"2.30219"
"299010.0";"2.202458"
"299020.0";"2.237299"
"299030.0";"2.293738"
"299040.0";"2.164753"
"299050.0";"2.327939"
"299060.0";"2.292766"
"299070.0";"2.327454"
"299080.0";"2.311128"
"299090.0";"2.202301"
"299100.0";"2.195666"
"299110.0";"2.269175"
"299120.0";"2.291753"
"299130.0";"2.306308"
"299140.0";"2.21508"
"299150.0";"2.250901"
"299160.0";"2.190341"
"299170.0";"2.237988"
"299180.0";"2.200597"
"299190.0";"2.322034"
"299200.0";"2.181017"
"299210.0";"2.143337"
"299220.0";"2.099872"
"299230.0";"2.181244"
"299240.0";"2.182045"
"299250.0";"2.298787"
"299260.0";"2.24102"
"299270.0";"2.150007"
"299280.0";"2.211238"
"299290.0";"2.289246"
"299300.0";"2.184821"
"299310.0";"2.224304"
"299320.0";"2.21525"
"299330.0";"2.250254"
"299340.0";"2.148085"
"299350.0";"2.222025"
"299360.0";"2.192141"
"299370.0";"2.191121"
"299380.0";"2.238618"
"299390.0";"2.218047"
"299400.0";"2.217849"
"299410.0";"2.234995"
"299420.0";"2.231598"
"299430.0";"2.275714"
"299440.0";"2.195433"
"299450.0";"2.287981"
"299460.0";"2.303843"
"299470.0";"2.26578"
"299480.0";"2.272821"
"299490.0";"2.214986"
"299500.0";"2.161545"
"299510.0";"2.178736"
"299520.0";"2.216216"
"299530.0";"2.214505"
"299540.0";"2.145914"
"299550.0";"2.267282"
"299560.0";"2.179636"
"299570.0";"2.176858"
"299580.0";"2.204821"
"299590.0";"2.179405"
"299600.0";"2.179251"
"299610.0";"2.284546"
"299620.0";"2.38554"
"299630.0";"2.2246"
"299640.0";"2.226113"
"299650.0";"2.301741"
"299660.0";"2.361118"
"299670.0";"2.32461"
"299680.0";"2.276704"
"299690.0";"2.250273"
"299700.0";"2.392404"
"299710.0";"2.232873"
"299720.0";"2.210685"
"299730.0";"2.244036"
"299740.0";"2.170685"
"299750.0";"2.198751"
"299760.0";"2.290336"
"299770.0";"2.208571"
"299780.0";"2.189718"
"299790.0";"2.199813"
"299800.0";"2.348284"
"299810.0";"2.242411"
"299820.0";"2.300978"
"299830.0";"2.177083"
"299840.0";"2.234183"
"299850.0";"2.305913"
"299860.0";"2.247304"
"299870.0";"2.20943"
"299880.0";"2.217267"
"299890.0";"2.218557"
"299900.0";"2.183815"
"299910.0";"2.225916"
"299920.0";"2.197184"
"299930.0";"2.122157"
"299940.0";"2.221425"
"299950.0";"2.306818"
"299960.0";"2.264449"
"299970.0";"2.283114"
"299980.0";"2.319178"
"299990.0";"2.287983"
"300000.0";"2.317878"
