# This .csv file was created 12.10.2024 14:33
# extracted out of file prod_mindist_neg1_mol14_55.xvg in working dir /media/ron/DiplArbeit1/neue simulationen/6FXb/LIGAND/CAD/6fxb_cad_2
# Original file was created by command :
"Minimum Distance"
"Time (ps)";"Protein_neg1-MOL14"
"0.0";"2.169577"
"10.0";"2.162201"
"20.0";"2.162701"
"30.0";"2.291027"
"40.0";"2.294734"
"50.0";"2.132073"
"60.0";"2.158778"
"70.0";"2.322603"
"80.0";"2.270895"
"90.0";"2.335275"
"100.0";"2.340685"
"110.0";"2.406945"
"120.0";"2.295479"
"130.0";"2.339674"
"140.0";"2.148154"
"150.0";"2.14097"
"160.0";"2.138866"
"170.0";"2.184386"
"180.0";"2.395261"
"190.0";"2.257878"
"200.0";"2.28704"
"210.0";"2.447903"
"220.0";"2.442161"
"230.0";"2.430867"
"240.0";"2.390003"
"250.0";"2.462885"
"260.0";"2.46266"
"270.0";"2.422558"
"280.0";"2.31339"
"290.0";"2.411588"
"300.0";"2.529883"
"310.0";"2.508072"
"320.0";"2.392492"
"330.0";"2.17187"
"340.0";"2.006362"
"350.0";"2.291874"
"360.0";"2.462102"
"370.0";"2.253138"
"380.0";"2.247044"
"390.0";"2.090773"
"400.0";"2.012704"
"410.0";"2.070394"
"420.0";"1.823448"
"430.0";"2.143327"
"440.0";"1.984092"
"450.0";"1.66549"
"460.0";"1.835617"
"470.0";"1.683362"
"480.0";"1.923019"
"490.0";"2.035063"
"500.0";"2.42676"
"510.0";"2.236172"
"520.0";"1.990832"
"530.0";"1.865542"
"540.0";"1.810445"
"550.0";"2.254176"
"560.0";"2.337911"
"570.0";"2.256294"
"580.0";"2.505565"
"590.0";"2.400867"
"600.0";"2.615783"
"610.0";"2.665367"
"620.0";"2.588684"
"630.0";"2.444468"
"640.0";"2.491619"
"650.0";"2.322639"
"660.0";"1.97404"
"670.0";"2.084035"
"680.0";"2.099699"
"690.0";"1.965561"
"700.0";"1.897105"
"710.0";"1.888693"
"720.0";"2.071669"
"730.0";"1.928868"
"740.0";"2.001916"
"750.0";"2.102136"
"760.0";"2.516568"
"770.0";"2.483003"
"780.0";"2.191974"
"790.0";"2.295632"
"800.0";"2.151323"
"810.0";"2.113846"
"820.0";"2.008722"
"830.0";"2.045979"
"840.0";"2.300675"
"850.0";"2.279925"
"860.0";"2.466519"
"870.0";"2.448112"
"880.0";"2.372537"
"890.0";"2.334714"
"900.0";"2.353722"
"910.0";"2.130187"
"920.0";"2.218451"
"930.0";"2.307888"
"940.0";"2.309664"
"950.0";"2.128794"
"960.0";"2.112849"
"970.0";"2.151893"
"980.0";"2.236637"
"990.0";"2.345237"
"1000.0";"2.324623"
"1010.0";"2.343342"
"1020.0";"2.092536"
"1030.0";"2.225726"
"1040.0";"2.236902"
"1050.0";"2.240932"
"1060.0";"2.26077"
"1070.0";"2.201304"
"1080.0";"2.211128"
"1090.0";"2.268417"
"1100.0";"2.13126"
"1110.0";"2.348716"
"1120.0";"2.328157"
"1130.0";"2.337564"
"1140.0";"2.306639"
"1150.0";"2.253341"
"1160.0";"2.288232"
"1170.0";"2.132265"
"1180.0";"2.193258"
"1190.0";"2.337658"
"1200.0";"2.183179"
"1210.0";"2.048958"
"1220.0";"2.220829"
"1230.0";"2.290089"
"1240.0";"2.378328"
"1250.0";"2.162796"
"1260.0";"2.360783"
"1270.0";"2.220384"
"1280.0";"2.086051"
"1290.0";"2.17419"
"1300.0";"2.564345"
"1310.0";"2.418117"
"1320.0";"2.121896"
"1330.0";"2.113691"
"1340.0";"2.273951"
"1350.0";"2.31272"
"1360.0";"2.770867"
"1370.0";"2.864908"
"1380.0";"2.829406"
"1390.0";"2.96132"
"1400.0";"3.13976"
"1410.0";"3.137094"
"1420.0";"2.942685"
"1430.0";"2.758254"
"1440.0";"2.769033"
"1450.0";"2.999167"
"1460.0";"3.136462"
"1470.0";"3.255983"
"1480.0";"3.123791"
"1490.0";"3.082166"
"1500.0";"3.018944"
"1510.0";"3.076906"
"1520.0";"2.989271"
"1530.0";"2.712389"
"1540.0";"2.697374"
"1550.0";"2.766072"
"1560.0";"2.806766"
"1570.0";"2.772025"
"1580.0";"2.723715"
"1590.0";"2.791872"
"1600.0";"2.693459"
"1610.0";"2.808238"
"1620.0";"2.640021"
"1630.0";"2.689032"
"1640.0";"2.853036"
"1650.0";"2.899488"
"1660.0";"2.946908"
"1670.0";"2.842608"
"1680.0";"2.826734"
"1690.0";"2.579206"
"1700.0";"2.515703"
"1710.0";"2.694466"
"1720.0";"2.861735"
"1730.0";"2.795462"
"1740.0";"3.191307"
"1750.0";"2.853561"
"1760.0";"2.948051"
"1770.0";"2.997728"
"1780.0";"2.846538"
"1790.0";"2.594722"
"1800.0";"2.769379"
"1810.0";"2.66791"
"1820.0";"2.61248"
"1830.0";"2.550892"
"1840.0";"2.325877"
"1850.0";"2.425464"
"1860.0";"2.572084"
"1870.0";"2.340786"
"1880.0";"2.33871"
"1890.0";"2.740269"
"1900.0";"2.93478"
"1910.0";"2.664315"
"1920.0";"2.8053"
"1930.0";"2.744955"
"1940.0";"2.851333"
"1950.0";"3.06243"
"1960.0";"3.036308"
"1970.0";"3.038852"
"1980.0";"3.239173"
"1990.0";"3.342811"
"2000.0";"3.28139"
"2010.0";"3.570258"
"2020.0";"3.493402"
"2030.0";"3.513286"
"2040.0";"3.276751"
"2050.0";"3.386274"
"2060.0";"3.51086"
"2070.0";"3.800161"
"2080.0";"3.712025"
"2090.0";"3.620601"
"2100.0";"3.612917"
"2110.0";"3.69157"
"2120.0";"3.967226"
"2130.0";"3.813972"
"2140.0";"3.721754"
"2150.0";"3.601906"
"2160.0";"3.467195"
"2170.0";"3.669771"
"2180.0";"3.333876"
"2190.0";"3.140063"
"2200.0";"2.93177"
"2210.0";"3.020664"
"2220.0";"2.968001"
"2230.0";"2.903388"
"2240.0";"3.126561"
"2250.0";"3.230299"
"2260.0";"3.435719"
"2270.0";"3.286993"
"2280.0";"3.271307"
"2290.0";"3.488267"
"2300.0";"3.5372"
"2310.0";"3.750865"
"2320.0";"3.679783"
"2330.0";"3.445646"
"2340.0";"3.619387"
"2350.0";"3.236526"
"2360.0";"3.213229"
"2370.0";"3.176006"
"2380.0";"3.254652"
"2390.0";"3.249494"
"2400.0";"3.14923"
"2410.0";"3.230378"
"2420.0";"3.334733"
"2430.0";"3.396657"
"2440.0";"3.694684"
"2450.0";"3.881408"
"2460.0";"4.204761"
"2470.0";"4.22291"
"2480.0";"4.342684"
"2490.0";"4.461619"
"2500.0";"4.608457"
"2510.0";"4.599408"
"2520.0";"4.540705"
"2530.0";"4.6406"
"2540.0";"4.428004"
"2550.0";"4.296004"
"2560.0";"3.984988"
"2570.0";"4.173113"
"2580.0";"3.762661"
"2590.0";"3.819692"
"2600.0";"3.842579"
"2610.0";"3.57461"
"2620.0";"3.820855"
"2630.0";"3.855245"
"2640.0";"3.759689"
"2650.0";"3.869755"
"2660.0";"3.763657"
"2670.0";"3.739723"
"2680.0";"3.795826"
"2690.0";"3.592688"
"2700.0";"3.608561"
"2710.0";"3.679494"
"2720.0";"3.767912"
"2730.0";"3.708678"
"2740.0";"3.892333"
"2750.0";"4.017678"
"2760.0";"3.795414"
"2770.0";"3.879309"
"2780.0";"3.918964"
"2790.0";"3.929982"
"2800.0";"4.306157"
"2810.0";"4.325495"
"2820.0";"4.363623"
"2830.0";"4.249397"
"2840.0";"4.07599"
"2850.0";"4.130445"
"2860.0";"4.181726"
"2870.0";"3.958896"
"2880.0";"3.96355"
"2890.0";"3.882253"
"2900.0";"3.604375"
"2910.0";"3.413874"
"2920.0";"3.543104"
"2930.0";"3.730579"
"2940.0";"4.059919"
"2950.0";"3.903224"
"2960.0";"3.932769"
"2970.0";"3.973137"
"2980.0";"4.014997"
"2990.0";"3.940252"
"3000.0";"3.994528"
"3010.0";"4.067055"
"3020.0";"3.96969"
"3030.0";"3.688367"
"3040.0";"3.737209"
"3050.0";"3.68126"
"3060.0";"3.79104"
"3070.0";"3.78861"
"3080.0";"3.813525"
"3090.0";"3.962484"
"3100.0";"3.960049"
"3110.0";"3.914597"
"3120.0";"3.630264"
"3130.0";"3.657826"
"3140.0";"3.883438"
"3150.0";"3.501132"
"3160.0";"3.455524"
"3170.0";"3.326607"
"3180.0";"3.211739"
"3190.0";"3.180681"
"3200.0";"3.11583"
"3210.0";"3.246678"
"3220.0";"3.468066"
"3230.0";"3.330987"
"3240.0";"3.414698"
"3250.0";"3.361112"
"3260.0";"3.301426"
"3270.0";"3.661911"
"3280.0";"3.533184"
"3290.0";"3.540933"
"3300.0";"3.153196"
"3310.0";"2.809002"
"3320.0";"2.660516"
"3330.0";"2.664065"
"3340.0";"2.741002"
"3350.0";"2.687888"
"3360.0";"2.77682"
"3370.0";"2.645177"
"3380.0";"2.575311"
"3390.0";"2.749291"
"3400.0";"2.677624"
"3410.0";"2.741352"
"3420.0";"2.956304"
"3430.0";"3.123686"
"3440.0";"3.301288"
"3450.0";"3.051661"
"3460.0";"2.928562"
"3470.0";"3.035286"
"3480.0";"3.001694"
"3490.0";"3.114487"
"3500.0";"3.071257"
"3510.0";"3.239862"
"3520.0";"3.414225"
"3530.0";"3.419232"
"3540.0";"3.458144"
"3550.0";"3.455576"
"3560.0";"3.267582"
"3570.0";"3.327345"
"3580.0";"3.210877"
"3590.0";"3.066546"
"3600.0";"3.194258"
"3610.0";"3.434564"
"3620.0";"3.412016"
"3630.0";"3.485615"
"3640.0";"3.424819"
"3650.0";"3.229609"
"3660.0";"3.375915"
"3670.0";"3.292773"
"3680.0";"3.234242"
"3690.0";"3.302449"
"3700.0";"3.249762"
"3710.0";"3.28828"
"3720.0";"3.268956"
"3730.0";"3.23193"
"3740.0";"3.48174"
"3750.0";"3.475681"
"3760.0";"3.745822"
"3770.0";"3.896513"
"3780.0";"3.713822"
"3790.0";"3.387136"
"3800.0";"3.341032"
"3810.0";"3.180213"
"3820.0";"3.385975"
"3830.0";"3.112392"
"3840.0";"2.966212"
"3850.0";"3.231143"
"3860.0";"3.275576"
"3870.0";"3.430685"
"3880.0";"3.119135"
"3890.0";"3.276917"
"3900.0";"3.177785"
"3910.0";"3.069869"
"3920.0";"3.105789"
"3930.0";"3.187133"
"3940.0";"3.130652"
"3950.0";"3.22725"
"3960.0";"2.997781"
"3970.0";"2.989795"
"3980.0";"3.006118"
"3990.0";"2.906371"
"4000.0";"3.040815"
"4010.0";"2.922398"
"4020.0";"3.060364"
"4030.0";"3.146869"
"4040.0";"3.041053"
"4050.0";"3.006261"
"4060.0";"2.889543"
"4070.0";"3.071947"
"4080.0";"3.078039"
"4090.0";"3.295528"
"4100.0";"3.028627"
"4110.0";"3.254961"
"4120.0";"3.240376"
"4130.0";"3.0308"
"4140.0";"3.308976"
"4150.0";"3.255123"
"4160.0";"3.090342"
"4170.0";"2.836092"
"4180.0";"2.471992"
"4190.0";"2.606365"
"4200.0";"2.804247"
"4210.0";"2.900187"
"4220.0";"2.966309"
"4230.0";"2.897087"
"4240.0";"3.114206"
"4250.0";"3.168796"
"4260.0";"3.180989"
"4270.0";"3.528665"
"4280.0";"3.504339"
"4290.0";"3.82258"
"4300.0";"3.50757"
"4310.0";"3.321436"
"4320.0";"3.301559"
"4330.0";"3.380456"
"4340.0";"3.390564"
"4350.0";"3.237833"
"4360.0";"3.461056"
"4370.0";"3.591061"
"4380.0";"3.699903"
"4390.0";"3.517207"
"4400.0";"3.457951"
"4410.0";"3.218847"
"4420.0";"3.342473"
"4430.0";"2.96399"
"4440.0";"3.084752"
"4450.0";"3.305066"
"4460.0";"3.542707"
"4470.0";"3.397915"
"4480.0";"3.661027"
"4490.0";"3.468145"
"4500.0";"3.422835"
"4510.0";"3.617142"
"4520.0";"3.324844"
"4530.0";"3.410982"
"4540.0";"3.42646"
"4550.0";"3.552389"
"4560.0";"3.765731"
"4570.0";"3.644342"
"4580.0";"3.639705"
"4590.0";"4.193945"
"4600.0";"4.260414"
"4610.0";"3.926459"
"4620.0";"4.023485"
"4630.0";"4.267246"
"4640.0";"4.273828"
"4650.0";"4.410845"
"4660.0";"4.49829"
"4670.0";"4.67131"
"4680.0";"4.365686"
"4690.0";"4.440925"
"4700.0";"4.588855"
"4710.0";"4.60685"
"4720.0";"4.441897"
"4730.0";"4.390761"
"4740.0";"4.423584"
"4750.0";"4.267057"
"4760.0";"4.176988"
"4770.0";"4.144002"
"4780.0";"3.960016"
"4790.0";"3.717392"
"4800.0";"3.743454"
"4810.0";"3.899322"
"4820.0";"4.033278"
"4830.0";"4.007873"
"4840.0";"4.038191"
"4850.0";"3.974123"
"4860.0";"3.992617"
"4870.0";"4.257888"
"4880.0";"4.361864"
"4890.0";"4.343548"
"4900.0";"4.397893"
"4910.0";"4.496273"
"4920.0";"4.403976"
"4930.0";"4.630455"
"4940.0";"4.434995"
"4950.0";"4.369985"
"4960.0";"4.555279"
"4970.0";"4.355927"
"4980.0";"4.412845"
"4990.0";"4.606781"
"5000.0";"4.305966"
"5010.0";"4.444818"
"5020.0";"3.878903"
"5030.0";"3.782391"
"5040.0";"3.817535"
"5050.0";"3.779397"
"5060.0";"3.815624"
"5070.0";"3.972785"
"5080.0";"3.93804"
"5090.0";"3.642712"
"5100.0";"3.778186"
"5110.0";"3.868063"
"5120.0";"3.854584"
"5130.0";"3.906836"
"5140.0";"3.864916"
"5150.0";"3.861915"
"5160.0";"4.01218"
"5170.0";"3.960369"
"5180.0";"3.76312"
"5190.0";"3.570018"
"5200.0";"3.406003"
"5210.0";"3.43211"
"5220.0";"3.424525"
"5230.0";"3.644629"
"5240.0";"3.593963"
"5250.0";"3.712903"
"5260.0";"3.879482"
"5270.0";"3.830094"
"5280.0";"3.560044"
"5290.0";"3.608792"
"5300.0";"3.693567"
"5310.0";"3.833287"
"5320.0";"3.701446"
"5330.0";"3.631465"
"5340.0";"3.124024"
"5350.0";"3.213221"
"5360.0";"3.179039"
"5370.0";"3.298544"
"5380.0";"3.519361"
"5390.0";"3.57352"
"5400.0";"3.448389"
"5410.0";"3.325207"
"5420.0";"3.619735"
"5430.0";"3.779369"
"5440.0";"3.857562"
"5450.0";"3.870167"
"5460.0";"3.74835"
"5470.0";"3.774569"
"5480.0";"3.619087"
"5490.0";"3.721291"
"5500.0";"3.702182"
"5510.0";"3.895395"
"5520.0";"3.630044"
"5530.0";"3.639874"
"5540.0";"3.403173"
"5550.0";"3.274938"
"5560.0";"2.89798"
"5570.0";"2.591908"
"5580.0";"2.477645"
"5590.0";"2.417655"
"5600.0";"2.480202"
"5610.0";"2.617527"
"5620.0";"2.668142"
"5630.0";"2.32595"
"5640.0";"2.354967"
"5650.0";"2.707429"
"5660.0";"2.87627"
"5670.0";"3.049608"
"5680.0";"3.104125"
"5690.0";"2.994131"
"5700.0";"2.789412"
"5710.0";"2.883897"
"5720.0";"2.703866"
"5730.0";"2.674644"
"5740.0";"2.882092"
"5750.0";"2.999383"
"5760.0";"3.085676"
"5770.0";"2.998366"
"5780.0";"2.919553"
"5790.0";"2.836276"
"5800.0";"3.034497"
"5810.0";"2.816851"
"5820.0";"2.93996"
"5830.0";"3.266534"
"5840.0";"2.950784"
"5850.0";"3.146899"
"5860.0";"3.606666"
"5870.0";"3.702959"
"5880.0";"3.977254"
"5890.0";"3.926658"
"5900.0";"3.820998"
"5910.0";"4.032655"
"5920.0";"4.185305"
"5930.0";"4.092505"
"5940.0";"3.851029"
"5950.0";"3.817734"
"5960.0";"3.917375"
"5970.0";"4.156789"
"5980.0";"4.265532"
"5990.0";"4.278034"
"6000.0";"4.318641"
"6010.0";"4.521644"
"6020.0";"4.435"
"6030.0";"4.346863"
"6040.0";"4.431804"
"6050.0";"4.520038"
"6060.0";"4.361929"
"6070.0";"4.429227"
"6080.0";"4.455575"
"6090.0";"4.445645"
"6100.0";"4.377107"
"6110.0";"4.405867"
"6120.0";"4.491404"
"6130.0";"4.186175"
"6140.0";"4.190362"
"6150.0";"4.312865"
"6160.0";"4.315152"
"6170.0";"4.461915"
"6180.0";"4.425058"
"6190.0";"4.317961"
"6200.0";"4.328515"
"6210.0";"4.290616"
"6220.0";"4.224971"
"6230.0";"4.360898"
"6240.0";"4.236893"
"6250.0";"4.243437"
"6260.0";"4.193894"
"6270.0";"4.260974"
"6280.0";"4.265327"
"6290.0";"4.326902"
"6300.0";"4.051825"
"6310.0";"3.735204"
"6320.0";"3.894277"
"6330.0";"3.785686"
"6340.0";"3.75669"
"6350.0";"3.810318"
"6360.0";"4.051"
"6370.0";"4.093995"
"6380.0";"3.800627"
"6390.0";"3.798263"
"6400.0";"3.967454"
"6410.0";"3.981431"
"6420.0";"3.983364"
"6430.0";"4.118642"
"6440.0";"4.218275"
"6450.0";"4.28415"
"6460.0";"4.23211"
"6470.0";"4.273009"
"6480.0";"4.137147"
"6490.0";"4.290153"
"6500.0";"4.420507"
"6510.0";"4.073164"
"6520.0";"4.094941"
"6530.0";"3.839605"
"6540.0";"3.845979"
"6550.0";"3.954976"
"6560.0";"4.0466"
"6570.0";"3.918468"
"6580.0";"4.155132"
"6590.0";"4.269315"
"6600.0";"4.226943"
"6610.0";"4.232772"
"6620.0";"4.200754"
"6630.0";"4.242115"
"6640.0";"4.322559"
"6650.0";"4.165707"
"6660.0";"4.19264"
"6670.0";"4.269971"
"6680.0";"4.32685"
"6690.0";"4.564859"
"6700.0";"4.58698"
"6710.0";"4.612914"
"6720.0";"4.69411"
"6730.0";"4.39135"
"6740.0";"4.491125"
"6750.0";"4.397623"
"6760.0";"4.166793"
"6770.0";"3.968929"
"6780.0";"3.903149"
"6790.0";"3.648324"
"6800.0";"3.910461"
"6810.0";"3.794695"
"6820.0";"3.970758"
"6830.0";"4.045655"
"6840.0";"3.662346"
"6850.0";"3.706633"
"6860.0";"3.790456"
"6870.0";"3.793704"
"6880.0";"3.779228"
"6890.0";"4.173117"
"6900.0";"4.019953"
"6910.0";"4.166049"
"6920.0";"3.879441"
"6930.0";"3.942252"
"6940.0";"3.812964"
"6950.0";"3.9145"
"6960.0";"3.80881"
"6970.0";"4.039252"
"6980.0";"3.553008"
"6990.0";"3.813288"
"7000.0";"3.795293"
"7010.0";"3.565067"
"7020.0";"3.515915"
"7030.0";"3.716427"
"7040.0";"3.947924"
"7050.0";"3.598752"
"7060.0";"3.779183"
"7070.0";"3.658289"
"7080.0";"3.738214"
"7090.0";"3.704051"
"7100.0";"3.892519"
"7110.0";"4.020168"
"7120.0";"4.04744"
"7130.0";"4.248001"
"7140.0";"4.165672"
"7150.0";"4.135507"
"7160.0";"3.976285"
"7170.0";"4.029413"
"7180.0";"4.131534"
"7190.0";"4.073051"
"7200.0";"4.253786"
"7210.0";"4.38805"
"7220.0";"4.322745"
"7230.0";"4.404279"
"7240.0";"4.424861"
"7250.0";"4.488741"
"7260.0";"4.556992"
"7270.0";"4.519133"
"7280.0";"4.456892"
"7290.0";"4.308565"
"7300.0";"4.240483"
"7310.0";"4.382371"
"7320.0";"4.294052"
"7330.0";"4.04671"
"7340.0";"4.206348"
"7350.0";"4.099212"
"7360.0";"3.945336"
"7370.0";"4.029609"
"7380.0";"4.474525"
"7390.0";"4.580369"
"7400.0";"4.548633"
"7410.0";"4.428911"
"7420.0";"4.372841"
"7430.0";"4.220327"
"7440.0";"3.982769"
"7450.0";"4.327092"
"7460.0";"4.243744"
"7470.0";"4.230414"
"7480.0";"4.110549"
"7490.0";"4.111641"
"7500.0";"4.120135"
"7510.0";"4.086109"
"7520.0";"4.261167"
"7530.0";"4.137682"
"7540.0";"3.881849"
"7550.0";"3.476232"
"7560.0";"3.499772"
"7570.0";"3.616691"
"7580.0";"3.634736"
"7590.0";"3.746773"
"7600.0";"3.375303"
"7610.0";"3.482393"
"7620.0";"3.54934"
"7630.0";"3.513416"
"7640.0";"3.891825"
"7650.0";"3.972923"
"7660.0";"3.838487"
"7670.0";"3.511029"
"7680.0";"3.658257"
"7690.0";"3.586307"
"7700.0";"3.702566"
"7710.0";"3.873291"
"7720.0";"3.761678"
"7730.0";"3.62417"
"7740.0";"3.950962"
"7750.0";"4.149095"
"7760.0";"4.053743"
"7770.0";"3.928181"
"7780.0";"4.146355"
"7790.0";"4.317159"
"7800.0";"4.217128"
"7810.0";"4.135329"
"7820.0";"4.193286"
"7830.0";"4.274251"
"7840.0";"4.143163"
"7850.0";"4.154531"
"7860.0";"4.109666"
"7870.0";"4.189738"
"7880.0";"4.547088"
"7890.0";"4.720956"
"7900.0";"4.819521"
"7910.0";"4.870529"
"7920.0";"4.767992"
"7930.0";"4.835291"
"7940.0";"4.79345"
"7950.0";"4.660686"
"7960.0";"4.924523"
"7970.0";"4.820605"
"7980.0";"5.012428"
"7990.0";"4.818449"
"8000.0";"4.630814"
"8010.0";"4.7949"
"8020.0";"5.045574"
"8030.0";"5.029046"
"8040.0";"5.101617"
"8050.0";"5.2456"
"8060.0";"5.203686"
"8070.0";"4.993893"
"8080.0";"4.917856"
"8090.0";"5.00612"
"8100.0";"4.830914"
"8110.0";"4.612189"
"8120.0";"4.809276"
"8130.0";"4.616271"
"8140.0";"4.585862"
"8150.0";"4.757267"
"8160.0";"4.796019"
"8170.0";"4.656746"
"8180.0";"4.785253"
"8190.0";"4.73643"
"8200.0";"4.635052"
"8210.0";"4.516097"
"8220.0";"4.577417"
"8230.0";"4.597053"
"8240.0";"4.346957"
"8250.0";"4.291205"
"8260.0";"4.38037"
"8270.0";"4.138974"
"8280.0";"3.86045"
"8290.0";"3.869847"
"8300.0";"3.454587"
"8310.0";"3.550248"
"8320.0";"3.528215"
"8330.0";"3.686795"
"8340.0";"3.529967"
"8350.0";"3.38793"
"8360.0";"3.178251"
"8370.0";"3.158841"
"8380.0";"2.970184"
"8390.0";"3.080678"
"8400.0";"3.182911"
"8410.0";"3.190914"
"8420.0";"3.07984"
"8430.0";"3.281089"
"8440.0";"3.094857"
"8450.0";"3.188415"
"8460.0";"3.263901"
"8470.0";"3.323234"
"8480.0";"3.728012"
"8490.0";"3.897404"
"8500.0";"3.885177"
"8510.0";"3.788831"
"8520.0";"3.970809"
"8530.0";"3.96032"
"8540.0";"4.027382"
"8550.0";"4.13784"
"8560.0";"4.065074"
"8570.0";"3.929464"
"8580.0";"4.124191"
"8590.0";"4.122742"
"8600.0";"4.006728"
"8610.0";"3.967876"
"8620.0";"3.868785"
"8630.0";"3.958599"
"8640.0";"3.930359"
"8650.0";"4.08926"
"8660.0";"3.894911"
"8670.0";"4.092963"
"8680.0";"4.201504"
"8690.0";"4.457994"
"8700.0";"4.397311"
"8710.0";"4.447981"
"8720.0";"4.441883"
"8730.0";"4.494658"
"8740.0";"4.452575"
"8750.0";"4.272694"
"8760.0";"3.989491"
"8770.0";"4.034286"
"8780.0";"4.072044"
"8790.0";"3.982652"
"8800.0";"3.884209"
"8810.0";"3.634121"
"8820.0";"3.7475"
"8830.0";"3.824725"
"8840.0";"4.042151"
"8850.0";"4.256546"
"8860.0";"4.166466"
"8870.0";"4.00198"
"8880.0";"3.757389"
"8890.0";"3.620392"
"8900.0";"3.614978"
"8910.0";"3.74635"
"8920.0";"4.020291"
"8930.0";"4.005625"
"8940.0";"3.78611"
"8950.0";"3.421307"
"8960.0";"3.619704"
"8970.0";"3.468046"
"8980.0";"3.461559"
"8990.0";"3.285825"
"9000.0";"3.547413"
"9010.0";"3.275656"
"9020.0";"3.252982"
"9030.0";"2.98754"
"9040.0";"2.945235"
"9050.0";"2.743548"
"9060.0";"2.803619"
"9070.0";"2.671488"
"9080.0";"2.706405"
"9090.0";"2.984662"
"9100.0";"3.039018"
"9110.0";"2.599198"
"9120.0";"2.790084"
"9130.0";"2.85943"
"9140.0";"2.810567"
"9150.0";"2.684543"
"9160.0";"2.722996"
"9170.0";"2.63264"
"9180.0";"2.62126"
"9190.0";"2.657103"
"9200.0";"2.760942"
"9210.0";"2.828542"
"9220.0";"3.000657"
"9230.0";"2.749485"
"9240.0";"3.051022"
"9250.0";"3.275591"
"9260.0";"3.333577"
"9270.0";"3.57142"
"9280.0";"3.596246"
"9290.0";"4.02967"
"9300.0";"4.036579"
"9310.0";"3.973252"
"9320.0";"4.067078"
"9330.0";"4.069355"
"9340.0";"3.877355"
"9350.0";"3.983717"
"9360.0";"3.594238"
"9370.0";"3.749286"
"9380.0";"3.937201"
"9390.0";"3.751623"
"9400.0";"3.553033"
"9410.0";"3.643704"
"9420.0";"3.544123"
"9430.0";"3.673665"
"9440.0";"3.816491"
"9450.0";"3.563647"
"9460.0";"3.485355"
"9470.0";"3.782891"
"9480.0";"4.111409"
"9490.0";"3.837653"
"9500.0";"3.654371"
"9510.0";"3.619935"
"9520.0";"3.496949"
"9530.0";"3.389417"
"9540.0";"3.381195"
"9550.0";"3.708592"
"9560.0";"3.632586"
"9570.0";"3.685022"
"9580.0";"3.562676"
"9590.0";"3.362781"
"9600.0";"3.269228"
"9610.0";"3.300959"
"9620.0";"3.470354"
"9630.0";"3.394828"
"9640.0";"3.456108"
"9650.0";"3.529946"
"9660.0";"3.520052"
"9670.0";"3.664344"
"9680.0";"3.619498"
"9690.0";"3.533728"
"9700.0";"3.478141"
"9710.0";"3.599499"
"9720.0";"3.577167"
"9730.0";"3.755325"
"9740.0";"3.760974"
"9750.0";"3.979269"
"9760.0";"4.010738"
"9770.0";"3.94627"
"9780.0";"4.111682"
"9790.0";"4.36557"
"9800.0";"4.265718"
"9810.0";"4.333386"
"9820.0";"4.411168"
"9830.0";"4.440785"
"9840.0";"4.508421"
"9850.0";"4.789049"
"9860.0";"4.662085"
"9870.0";"4.674764"
"9880.0";"4.502344"
"9890.0";"4.48702"
"9900.0";"4.333609"
"9910.0";"4.183495"
"9920.0";"4.093851"
"9930.0";"3.989484"
"9940.0";"4.115462"
"9950.0";"3.974892"
"9960.0";"4.296112"
"9970.0";"4.205254"
"9980.0";"4.479302"
"9990.0";"4.184898"
"10000.0";"4.341649"
"10010.0";"4.204618"
"10020.0";"3.987854"
"10030.0";"4.084385"
"10040.0";"3.92437"
"10050.0";"4.034782"
"10060.0";"3.924582"
"10070.0";"3.999952"
"10080.0";"4.029343"
"10090.0";"3.994506"
"10100.0";"4.123395"
"10110.0";"3.76404"
"10120.0";"3.821043"
"10130.0";"3.697481"
"10140.0";"3.653532"
"10150.0";"3.526299"
"10160.0";"3.656893"
"10170.0";"3.440038"
"10180.0";"3.43506"
"10190.0";"3.708647"
"10200.0";"3.554122"
"10210.0";"3.66031"
"10220.0";"3.637736"
"10230.0";"3.549666"
"10240.0";"3.586567"
"10250.0";"3.715082"
"10260.0";"3.624406"
"10270.0";"3.532557"
"10280.0";"3.404289"
"10290.0";"3.370395"
"10300.0";"3.335587"
"10310.0";"3.383407"
"10320.0";"3.564982"
"10330.0";"3.359942"
"10340.0";"3.256984"
"10350.0";"3.189163"
"10360.0";"3.347851"
"10370.0";"3.432108"
"10380.0";"3.47317"
"10390.0";"3.430634"
"10400.0";"3.563932"
"10410.0";"3.41971"
"10420.0";"3.357402"
"10430.0";"3.497945"
"10440.0";"3.430782"
"10450.0";"3.498705"
"10460.0";"3.447318"
"10470.0";"3.519516"
"10480.0";"3.576314"
"10490.0";"3.538255"
"10500.0";"3.662101"
"10510.0";"3.737681"
"10520.0";"3.701054"
"10530.0";"3.697818"
"10540.0";"3.686713"
"10550.0";"3.797239"
"10560.0";"3.71298"
"10570.0";"3.602695"
"10580.0";"3.505164"
"10590.0";"3.514327"
"10600.0";"3.52745"
"10610.0";"3.350316"
"10620.0";"3.25318"
"10630.0";"3.293553"
"10640.0";"3.227731"
"10650.0";"3.279094"
"10660.0";"3.237921"
"10670.0";"3.092262"
"10680.0";"3.300001"
"10690.0";"3.142794"
"10700.0";"3.169214"
"10710.0";"3.195339"
"10720.0";"3.22818"
"10730.0";"3.085343"
"10740.0";"2.987566"
"10750.0";"3.200067"
"10760.0";"3.121458"
"10770.0";"3.297961"
"10780.0";"3.110437"
"10790.0";"3.105326"
"10800.0";"3.023345"
"10810.0";"3.00724"
"10820.0";"3.088539"
"10830.0";"3.231771"
"10840.0";"3.313993"
"10850.0";"3.189939"
"10860.0";"3.448416"
"10870.0";"3.303878"
"10880.0";"3.234938"
"10890.0";"3.250229"
"10900.0";"3.258369"
"10910.0";"3.28002"
"10920.0";"3.2614"
"10930.0";"3.28561"
"10940.0";"3.436409"
"10950.0";"3.167698"
"10960.0";"3.153486"
"10970.0";"3.238236"
"10980.0";"3.061654"
"10990.0";"3.268334"
"11000.0";"3.21883"
"11010.0";"3.176883"
"11020.0";"2.919268"
"11030.0";"2.851244"
"11040.0";"2.996547"
"11050.0";"3.01983"
"11060.0";"3.012597"
"11070.0";"2.92464"
"11080.0";"3.063077"
"11090.0";"3.100316"
"11100.0";"3.266211"
"11110.0";"3.358194"
"11120.0";"3.285733"
"11130.0";"3.332832"
"11140.0";"3.542747"
"11150.0";"3.581652"
"11160.0";"3.361491"
"11170.0";"3.421909"
"11180.0";"3.479759"
"11190.0";"3.350429"
"11200.0";"3.370878"
"11210.0";"3.43175"
"11220.0";"3.437893"
"11230.0";"3.452982"
"11240.0";"3.41583"
"11250.0";"3.294396"
"11260.0";"3.398013"
"11270.0";"3.617482"
"11280.0";"3.47015"
"11290.0";"3.440862"
"11300.0";"3.424678"
"11310.0";"3.53511"
"11320.0";"3.574839"
"11330.0";"3.554752"
"11340.0";"3.632559"
"11350.0";"3.542079"
"11360.0";"3.444293"
"11370.0";"3.501865"
"11380.0";"3.546203"
"11390.0";"3.607176"
"11400.0";"3.572361"
"11410.0";"3.575406"
"11420.0";"3.665066"
"11430.0";"3.6351"
"11440.0";"3.827987"
"11450.0";"3.703781"
"11460.0";"3.716767"
"11470.0";"3.718938"
"11480.0";"3.692353"
"11490.0";"3.646874"
"11500.0";"3.702531"
"11510.0";"3.706573"
"11520.0";"3.600434"
"11530.0";"3.558852"
"11540.0";"3.629829"
"11550.0";"3.4803"
"11560.0";"3.475295"
"11570.0";"3.34376"
"11580.0";"3.357205"
"11590.0";"3.295949"
"11600.0";"3.333405"
"11610.0";"3.248933"
"11620.0";"3.29924"
"11630.0";"3.182796"
"11640.0";"3.0909"
"11650.0";"2.95241"
"11660.0";"3.092832"
"11670.0";"3.000874"
"11680.0";"3.086451"
"11690.0";"3.166302"
"11700.0";"3.134544"
"11710.0";"3.123432"
"11720.0";"2.987636"
"11730.0";"3.1361"
"11740.0";"3.131482"
"11750.0";"3.12468"
"11760.0";"3.23805"
"11770.0";"3.36855"
"11780.0";"3.178252"
"11790.0";"3.28938"
"11800.0";"3.255632"
"11810.0";"3.252194"
"11820.0";"3.314025"
"11830.0";"3.318645"
"11840.0";"3.37242"
"11850.0";"3.259624"
"11860.0";"3.33927"
"11870.0";"3.240903"
"11880.0";"3.225353"
"11890.0";"3.2731"
"11900.0";"3.22737"
"11910.0";"3.283003"
"11920.0";"3.33784"
"11930.0";"3.240351"
"11940.0";"3.247009"
"11950.0";"3.300261"
"11960.0";"3.263399"
"11970.0";"3.239838"
"11980.0";"3.308671"
"11990.0";"3.324051"
"12000.0";"3.28246"
"12010.0";"3.256928"
"12020.0";"3.239526"
"12030.0";"3.28512"
"12040.0";"3.281662"
"12050.0";"3.22766"
"12060.0";"3.37308"
"12070.0";"3.225799"
"12080.0";"3.225186"
"12090.0";"3.250725"
"12100.0";"3.291908"
"12110.0";"3.355092"
"12120.0";"3.372641"
"12130.0";"3.361789"
"12140.0";"3.440578"
"12150.0";"3.37614"
"12160.0";"3.369112"
"12170.0";"3.393484"
"12180.0";"3.368798"
"12190.0";"3.354567"
"12200.0";"3.281908"
"12210.0";"3.269723"
"12220.0";"3.483104"
"12230.0";"3.415628"
"12240.0";"3.386258"
"12250.0";"3.40778"
"12260.0";"3.353734"
"12270.0";"3.354437"
"12280.0";"3.383785"
"12290.0";"3.366773"
"12300.0";"3.428049"
"12310.0";"3.488586"
"12320.0";"3.445511"
"12330.0";"3.445449"
"12340.0";"3.408195"
"12350.0";"3.342457"
"12360.0";"3.684747"
"12370.0";"3.746787"
"12380.0";"3.638175"
"12390.0";"3.534685"
"12400.0";"3.712751"
"12410.0";"3.619898"
"12420.0";"3.696475"
"12430.0";"3.634845"
"12440.0";"3.661184"
"12450.0";"3.615414"
"12460.0";"3.67415"
"12470.0";"3.624823"
"12480.0";"3.599703"
"12490.0";"3.572535"
"12500.0";"3.631676"
"12510.0";"3.636155"
"12520.0";"3.84309"
"12530.0";"3.842607"
"12540.0";"3.750893"
"12550.0";"3.678373"
"12560.0";"3.723252"
"12570.0";"3.834712"
"12580.0";"3.933741"
"12590.0";"3.943181"
"12600.0";"3.983631"
"12610.0";"4.026083"
"12620.0";"3.954961"
"12630.0";"3.610134"
"12640.0";"3.706439"
"12650.0";"3.75613"
"12660.0";"3.457245"
"12670.0";"3.396426"
"12680.0";"3.481431"
"12690.0";"3.723744"
"12700.0";"3.800291"
"12710.0";"3.613745"
"12720.0";"4.008181"
"12730.0";"3.893377"
"12740.0";"3.799273"
"12750.0";"3.995531"
"12760.0";"3.911288"
"12770.0";"3.840641"
"12780.0";"3.912909"
"12790.0";"4.011122"
"12800.0";"4.023262"
"12810.0";"4.130088"
"12820.0";"4.159548"
"12830.0";"4.083665"
"12840.0";"4.279136"
"12850.0";"4.116224"
"12860.0";"4.092223"
"12870.0";"4.133424"
"12880.0";"3.933043"
"12890.0";"3.98752"
"12900.0";"4.068323"
"12910.0";"3.981055"
"12920.0";"4.14836"
"12930.0";"4.232257"
"12940.0";"4.158449"
"12950.0";"4.243682"
"12960.0";"4.3147"
"12970.0";"4.121538"
"12980.0";"4.108179"
"12990.0";"4.310528"
"13000.0";"4.070706"
"13010.0";"4.143959"
"13020.0";"4.310197"
"13030.0";"4.268901"
"13040.0";"4.2894"
"13050.0";"4.180801"
"13060.0";"4.078459"
"13070.0";"3.977942"
"13080.0";"3.825466"
"13090.0";"3.825262"
"13100.0";"3.896187"
"13110.0";"3.809561"
"13120.0";"3.828736"
"13130.0";"3.684114"
"13140.0";"3.655417"
"13150.0";"3.853486"
"13160.0";"3.75298"
"13170.0";"3.642487"
"13180.0";"3.786487"
"13190.0";"3.875829"
"13200.0";"3.8166"
"13210.0";"3.720889"
"13220.0";"3.911908"
"13230.0";"3.888818"
"13240.0";"3.963383"
"13250.0";"4.182029"
"13260.0";"4.076798"
"13270.0";"4.069035"
"13280.0";"4.020142"
"13290.0";"3.975575"
"13300.0";"4.012496"
"13310.0";"3.962746"
"13320.0";"3.973594"
"13330.0";"4.157988"
"13340.0";"4.027124"
"13350.0";"3.840997"
"13360.0";"3.986363"
"13370.0";"3.920559"
"13380.0";"3.932039"
"13390.0";"3.886559"
"13400.0";"3.881525"
"13410.0";"3.688841"
"13420.0";"3.649315"
"13430.0";"3.642082"
"13440.0";"3.643099"
"13450.0";"3.684727"
"13460.0";"3.64406"
"13470.0";"3.572654"
"13480.0";"3.696633"
"13490.0";"3.77203"
"13500.0";"3.766362"
"13510.0";"3.76945"
"13520.0";"3.640615"
"13530.0";"3.608977"
"13540.0";"3.764621"
"13550.0";"3.561289"
"13560.0";"3.492387"
"13570.0";"3.544689"
"13580.0";"3.565426"
"13590.0";"3.644748"
"13600.0";"3.763856"
"13610.0";"3.490496"
"13620.0";"3.640822"
"13630.0";"3.468658"
"13640.0";"3.534163"
"13650.0";"3.515169"
"13660.0";"3.591273"
"13670.0";"3.600202"
"13680.0";"3.844521"
"13690.0";"3.640772"
"13700.0";"3.89955"
"13710.0";"3.95557"
"13720.0";"3.871446"
"13730.0";"3.819405"
"13740.0";"3.684416"
"13750.0";"3.842225"
"13760.0";"3.800423"
"13770.0";"3.487456"
"13780.0";"3.608332"
"13790.0";"3.768649"
"13800.0";"3.870569"
"13810.0";"4.014441"
"13820.0";"3.858811"
"13830.0";"3.892698"
"13840.0";"3.933674"
"13850.0";"3.937284"
"13860.0";"3.948125"
"13870.0";"3.903329"
"13880.0";"4.119208"
"13890.0";"4.139636"
"13900.0";"4.325953"
"13910.0";"4.478719"
"13920.0";"4.367548"
"13930.0";"4.230607"
"13940.0";"4.316979"
"13950.0";"4.183064"
"13960.0";"4.244352"
"13970.0";"4.222902"
"13980.0";"3.880752"
"13990.0";"3.879531"
"14000.0";"3.885717"
"14010.0";"4.030178"
"14020.0";"4.066832"
"14030.0";"3.969417"
"14040.0";"4.063025"
"14050.0";"4.119193"
"14060.0";"3.997743"
"14070.0";"3.972379"
"14080.0";"3.728563"
"14090.0";"3.879749"
"14100.0";"3.960751"
"14110.0";"3.899466"
"14120.0";"3.808036"
"14130.0";"3.838756"
"14140.0";"3.792015"
"14150.0";"3.718033"
"14160.0";"3.856108"
"14170.0";"3.568308"
"14180.0";"3.62848"
"14190.0";"3.755667"
"14200.0";"3.988451"
"14210.0";"4.121664"
"14220.0";"4.132449"
"14230.0";"3.977521"
"14240.0";"4.024303"
"14250.0";"4.070035"
"14260.0";"4.005702"
"14270.0";"4.272002"
"14280.0";"3.875267"
"14290.0";"3.948241"
"14300.0";"3.887203"
"14310.0";"4.046049"
"14320.0";"3.87358"
"14330.0";"3.783641"
"14340.0";"3.786571"
"14350.0";"4.063783"
"14360.0";"3.867075"
"14370.0";"4.108693"
"14380.0";"4.067531"
"14390.0";"4.202382"
"14400.0";"4.205646"
"14410.0";"4.236112"
"14420.0";"4.213738"
"14430.0";"4.207828"
"14440.0";"4.039352"
"14450.0";"4.084158"
"14460.0";"4.285163"
"14470.0";"4.506032"
"14480.0";"4.682349"
"14490.0";"4.658358"
"14500.0";"4.724312"
"14510.0";"4.629875"
"14520.0";"4.595919"
"14530.0";"4.631676"
"14540.0";"4.538568"
"14550.0";"4.442832"
"14560.0";"3.957481"
"14570.0";"3.90418"
"14580.0";"4.103693"
"14590.0";"4.108986"
"14600.0";"4.098258"
"14610.0";"4.007629"
"14620.0";"4.032834"
"14630.0";"3.973275"
"14640.0";"3.93435"
"14650.0";"3.900413"
"14660.0";"3.901736"
"14670.0";"3.81574"
"14680.0";"3.825075"
"14690.0";"3.994057"
"14700.0";"4.147221"
"14710.0";"4.064558"
"14720.0";"4.031787"
"14730.0";"4.078399"
"14740.0";"4.060516"
"14750.0";"4.322504"
"14760.0";"4.323005"
"14770.0";"4.312817"
"14780.0";"4.364605"
"14790.0";"4.333582"
"14800.0";"4.348004"
"14810.0";"4.218187"
"14820.0";"4.067308"
"14830.0";"4.081137"
"14840.0";"3.966134"
"14850.0";"3.890819"
"14860.0";"3.793647"
"14870.0";"3.824085"
"14880.0";"3.95308"
"14890.0";"3.87182"
"14900.0";"4.058745"
"14910.0";"3.94782"
"14920.0";"3.97248"
"14930.0";"3.745564"
"14940.0";"3.595949"
"14950.0";"3.659571"
"14960.0";"3.542035"
"14970.0";"3.455981"
"14980.0";"3.351454"
"14990.0";"3.460623"
"15000.0";"3.501263"
"15010.0";"3.401232"
"15020.0";"3.456469"
"15030.0";"3.488066"
"15040.0";"3.391675"
"15050.0";"3.406791"
"15060.0";"3.200596"
"15070.0";"3.35238"
"15080.0";"3.430244"
"15090.0";"3.443157"
"15100.0";"3.493794"
"15110.0";"3.598648"
"15120.0";"3.433562"
"15130.0";"3.277116"
"15140.0";"3.175179"
"15150.0";"3.187035"
"15160.0";"3.21778"
"15170.0";"3.149781"
"15180.0";"3.088442"
"15190.0";"3.32024"
"15200.0";"3.222788"
"15210.0";"3.401815"
"15220.0";"3.404354"
"15230.0";"3.356614"
"15240.0";"3.282523"
"15250.0";"3.186916"
"15260.0";"3.147042"
"15270.0";"3.151215"
"15280.0";"3.328863"
"15290.0";"3.474254"
"15300.0";"3.286666"
"15310.0";"3.48996"
"15320.0";"3.414977"
"15330.0";"3.3829"
"15340.0";"3.392576"
"15350.0";"3.292318"
"15360.0";"3.368538"
"15370.0";"3.449625"
"15380.0";"3.236542"
"15390.0";"3.254966"
"15400.0";"3.269066"
"15410.0";"3.408256"
"15420.0";"3.25581"
"15430.0";"3.253492"
"15440.0";"3.535011"
"15450.0";"3.405386"
"15460.0";"3.413931"
"15470.0";"3.366208"
"15480.0";"3.407912"
"15490.0";"3.519268"
"15500.0";"3.397186"
"15510.0";"3.516295"
"15520.0";"3.446479"
"15530.0";"3.526713"
"15540.0";"3.629008"
"15550.0";"3.691563"
"15560.0";"3.534641"
"15570.0";"3.558819"
"15580.0";"3.496213"
"15590.0";"3.496888"
"15600.0";"3.414155"
"15610.0";"3.611135"
"15620.0";"3.720393"
"15630.0";"3.410968"
"15640.0";"3.479663"
"15650.0";"3.639399"
"15660.0";"3.606312"
"15670.0";"3.638984"
"15680.0";"3.670245"
"15690.0";"3.527777"
"15700.0";"3.61645"
"15710.0";"3.547099"
"15720.0";"3.612717"
"15730.0";"3.520591"
"15740.0";"3.577244"
"15750.0";"3.542756"
"15760.0";"3.440923"
"15770.0";"3.459054"
"15780.0";"3.331466"
"15790.0";"3.277608"
"15800.0";"3.221126"
"15810.0";"3.17599"
"15820.0";"3.291528"
"15830.0";"3.283419"
"15840.0";"3.304186"
"15850.0";"3.4328"
"15860.0";"3.408474"
"15870.0";"3.531931"
"15880.0";"3.185441"
"15890.0";"3.149012"
"15900.0";"2.921303"
"15910.0";"2.954057"
"15920.0";"2.893927"
"15930.0";"2.886816"
"15940.0";"2.960293"
"15950.0";"2.828685"
"15960.0";"2.874872"
"15970.0";"2.916786"
"15980.0";"3.153019"
"15990.0";"2.987004"
"16000.0";"2.957478"
"16010.0";"3.050216"
"16020.0";"3.247086"
"16030.0";"3.110627"
"16040.0";"3.164001"
"16050.0";"3.266065"
"16060.0";"3.228011"
"16070.0";"3.132266"
"16080.0";"3.236032"
"16090.0";"3.319297"
"16100.0";"3.329647"
"16110.0";"3.247227"
"16120.0";"3.347449"
"16130.0";"3.342793"
"16140.0";"3.359197"
"16150.0";"3.437693"
"16160.0";"3.53964"
"16170.0";"3.50755"
"16180.0";"3.439831"
"16190.0";"3.51379"
"16200.0";"3.399413"
"16210.0";"3.554221"
"16220.0";"3.433428"
"16230.0";"3.378532"
"16240.0";"3.350523"
"16250.0";"3.421537"
"16260.0";"3.384874"
"16270.0";"3.535438"
"16280.0";"3.432073"
"16290.0";"3.415059"
"16300.0";"3.364988"
"16310.0";"3.413012"
"16320.0";"3.302718"
"16330.0";"3.26235"
"16340.0";"2.944873"
"16350.0";"3.274324"
"16360.0";"3.438683"
"16370.0";"3.274966"
"16380.0";"3.378541"
"16390.0";"3.515478"
"16400.0";"3.459432"
"16410.0";"3.441884"
"16420.0";"3.547031"
"16430.0";"3.523053"
"16440.0";"3.533036"
"16450.0";"3.611137"
"16460.0";"3.637925"
"16470.0";"3.806619"
"16480.0";"3.854793"
"16490.0";"3.871153"
"16500.0";"3.580349"
"16510.0";"3.421241"
"16520.0";"3.589534"
"16530.0";"3.653845"
"16540.0";"3.606644"
"16550.0";"3.61351"
"16560.0";"3.595225"
"16570.0";"3.657649"
"16580.0";"3.528318"
"16590.0";"3.499765"
"16600.0";"3.392704"
"16610.0";"3.417331"
"16620.0";"3.296597"
"16630.0";"3.32409"
"16640.0";"3.421947"
"16650.0";"3.550781"
"16660.0";"3.513085"
"16670.0";"3.682494"
"16680.0";"3.462563"
"16690.0";"3.48839"
"16700.0";"3.638073"
"16710.0";"3.552338"
"16720.0";"3.582399"
"16730.0";"3.577163"
"16740.0";"3.652177"
"16750.0";"3.790686"
"16760.0";"3.797141"
"16770.0";"3.736045"
"16780.0";"3.730532"
"16790.0";"3.661497"
"16800.0";"3.790478"
"16810.0";"3.896494"
"16820.0";"3.906341"
"16830.0";"3.864784"
"16840.0";"3.896516"
"16850.0";"3.83925"
"16860.0";"3.823998"
"16870.0";"3.599881"
"16880.0";"3.698732"
"16890.0";"3.514674"
"16900.0";"3.173463"
"16910.0";"3.48334"
"16920.0";"3.863656"
"16930.0";"3.788677"
"16940.0";"3.796899"
"16950.0";"4.02807"
"16960.0";"4.073147"
"16970.0";"4.099924"
"16980.0";"4.051352"
"16990.0";"3.772619"
"17000.0";"3.759344"
"17010.0";"3.652604"
"17020.0";"3.590065"
"17030.0";"3.821702"
"17040.0";"3.895862"
"17050.0";"3.913201"
"17060.0";"3.919596"
"17070.0";"3.977163"
"17080.0";"4.091662"
"17090.0";"3.900236"
"17100.0";"3.798624"
"17110.0";"3.914294"
"17120.0";"3.993942"
"17130.0";"3.861003"
"17140.0";"3.967902"
"17150.0";"3.999797"
"17160.0";"4.26937"
"17170.0";"4.213046"
"17180.0";"4.296844"
"17190.0";"4.20688"
"17200.0";"4.224326"
"17210.0";"4.30526"
"17220.0";"4.233752"
"17230.0";"4.21214"
"17240.0";"3.991575"
"17250.0";"3.864152"
"17260.0";"3.822793"
"17270.0";"3.621201"
"17280.0";"3.669669"
"17290.0";"3.814193"
"17300.0";"3.867595"
"17310.0";"3.745659"
"17320.0";"3.693257"
"17330.0";"3.677035"
"17340.0";"3.608248"
"17350.0";"3.515308"
"17360.0";"3.431424"
"17370.0";"3.181427"
"17380.0";"3.06515"
"17390.0";"2.974244"
"17400.0";"3.132344"
"17410.0";"3.208741"
"17420.0";"3.316865"
"17430.0";"3.2896"
"17440.0";"3.499558"
"17450.0";"3.298684"
"17460.0";"3.329834"
"17470.0";"3.313671"
"17480.0";"3.612539"
"17490.0";"3.518257"
"17500.0";"3.510074"
"17510.0";"3.528976"
"17520.0";"3.733726"
"17530.0";"3.767104"
"17540.0";"4.065224"
"17550.0";"4.10347"
"17560.0";"4.285938"
"17570.0";"4.295235"
"17580.0";"4.113509"
"17590.0";"4.048568"
"17600.0";"3.942817"
"17610.0";"3.89824"
"17620.0";"3.838266"
"17630.0";"3.826944"
"17640.0";"3.73508"
"17650.0";"3.892768"
"17660.0";"3.790556"
"17670.0";"3.727152"
"17680.0";"3.746194"
"17690.0";"3.707985"
"17700.0";"3.904437"
"17710.0";"3.69142"
"17720.0";"3.831493"
"17730.0";"3.876614"
"17740.0";"3.962506"
"17750.0";"3.88113"
"17760.0";"3.765595"
"17770.0";"3.962121"
"17780.0";"3.933083"
"17790.0";"3.874975"
"17800.0";"3.851299"
"17810.0";"3.810423"
"17820.0";"3.965917"
"17830.0";"4.002851"
"17840.0";"3.926041"
"17850.0";"3.75686"
"17860.0";"3.87073"
"17870.0";"3.635077"
"17880.0";"3.709543"
"17890.0";"3.635937"
"17900.0";"3.510255"
"17910.0";"3.57298"
"17920.0";"3.758536"
"17930.0";"3.645013"
"17940.0";"3.676451"
"17950.0";"3.669402"
"17960.0";"3.715786"
"17970.0";"3.822408"
"17980.0";"4.044534"
"17990.0";"3.868278"
"18000.0";"3.893199"
"18010.0";"4.064221"
"18020.0";"4.10628"
"18030.0";"4.118172"
"18040.0";"3.912688"
"18050.0";"4.031995"
"18060.0";"3.878734"
"18070.0";"3.833077"
"18080.0";"3.993652"
"18090.0";"3.923334"
"18100.0";"3.731593"
"18110.0";"3.814077"
"18120.0";"3.880126"
"18130.0";"3.79531"
"18140.0";"3.733029"
"18150.0";"3.840224"
"18160.0";"4.05688"
"18170.0";"3.915453"
"18180.0";"3.982972"
"18190.0";"4.081264"
"18200.0";"4.149673"
"18210.0";"4.005397"
"18220.0";"3.982635"
"18230.0";"4.099106"
"18240.0";"4.298726"
"18250.0";"4.331599"
"18260.0";"4.204026"
"18270.0";"4.246877"
"18280.0";"4.198244"
"18290.0";"4.113766"
"18300.0";"4.386869"
"18310.0";"4.068629"
"18320.0";"4.306389"
"18330.0";"4.363415"
"18340.0";"4.504091"
"18350.0";"4.531146"
"18360.0";"4.408714"
"18370.0";"4.354224"
"18380.0";"4.355036"
"18390.0";"4.434864"
"18400.0";"4.431584"
"18410.0";"4.283429"
"18420.0";"4.197214"
"18430.0";"4.284707"
"18440.0";"4.419545"
"18450.0";"4.422997"
"18460.0";"4.458344"
"18470.0";"4.411582"
"18480.0";"4.184822"
"18490.0";"4.070331"
"18500.0";"4.108192"
"18510.0";"4.118162"
"18520.0";"4.257756"
"18530.0";"4.393293"
"18540.0";"4.297632"
"18550.0";"4.439858"
"18560.0";"4.582479"
"18570.0";"4.489862"
"18580.0";"4.451262"
"18590.0";"4.342829"
"18600.0";"4.341948"
"18610.0";"3.835516"
"18620.0";"3.432981"
"18630.0";"3.489715"
"18640.0";"3.41552"
"18650.0";"3.20672"
"18660.0";"3.249671"
"18670.0";"3.115016"
"18680.0";"3.082769"
"18690.0";"3.13089"
"18700.0";"2.687689"
"18710.0";"2.50389"
"18720.0";"2.314619"
"18730.0";"2.197717"
"18740.0";"2.413817"
"18750.0";"2.527142"
"18760.0";"2.476197"
"18770.0";"2.326787"
"18780.0";"2.198944"
"18790.0";"2.13962"
"18800.0";"1.936955"
"18810.0";"1.872445"
"18820.0";"1.822596"
"18830.0";"1.913595"
"18840.0";"1.549743"
"18850.0";"1.545359"
"18860.0";"1.505417"
"18870.0";"1.723821"
"18880.0";"1.653483"
"18890.0";"1.650846"
"18900.0";"1.597779"
"18910.0";"1.760554"
"18920.0";"1.819854"
"18930.0";"1.924433"
"18940.0";"2.107751"
"18950.0";"2.12726"
"18960.0";"2.142126"
"18970.0";"1.875895"
"18980.0";"1.825887"
"18990.0";"1.925875"
"19000.0";"2.037038"
"19010.0";"2.099224"
"19020.0";"2.493612"
"19030.0";"2.286154"
"19040.0";"2.131116"
"19050.0";"2.074453"
"19060.0";"2.157414"
"19070.0";"2.031857"
"19080.0";"1.849829"
"19090.0";"1.66915"
"19100.0";"1.65656"
"19110.0";"1.873643"
"19120.0";"1.958907"
"19130.0";"2.014872"
"19140.0";"2.000049"
"19150.0";"2.239631"
"19160.0";"2.064993"
"19170.0";"1.856733"
"19180.0";"2.006515"
"19190.0";"1.974562"
"19200.0";"1.869534"
"19210.0";"1.956369"
"19220.0";"1.842526"
"19230.0";"2.092702"
"19240.0";"2.006257"
"19250.0";"1.948129"
"19260.0";"2.126667"
"19270.0";"1.900462"
"19280.0";"2.02255"
"19290.0";"1.988684"
"19300.0";"1.90612"
"19310.0";"2.056019"
"19320.0";"1.796882"
"19330.0";"1.515029"
"19340.0";"1.657484"
"19350.0";"1.791615"
"19360.0";"1.855007"
"19370.0";"1.701753"
"19380.0";"1.565753"
"19390.0";"1.268819"
"19400.0";"1.441393"
"19410.0";"1.785829"
"19420.0";"1.780543"
"19430.0";"1.901557"
"19440.0";"1.879999"
"19450.0";"2.088575"
"19460.0";"2.135069"
"19470.0";"2.11645"
"19480.0";"2.045024"
"19490.0";"2.104614"
"19500.0";"1.932182"
"19510.0";"2.154223"
"19520.0";"2.017564"
"19530.0";"1.874437"
"19540.0";"2.00005"
"19550.0";"2.019231"
"19560.0";"1.854907"
"19570.0";"1.987572"
"19580.0";"2.064487"
"19590.0";"2.051138"
"19600.0";"2.054391"
"19610.0";"2.18809"
"19620.0";"2.048468"
"19630.0";"2.143801"
"19640.0";"2.07961"
"19650.0";"2.42307"
"19660.0";"2.307529"
"19670.0";"2.464628"
"19680.0";"2.498825"
"19690.0";"2.727496"
"19700.0";"2.766182"
"19710.0";"2.601717"
"19720.0";"2.736523"
"19730.0";"2.715601"
"19740.0";"2.886254"
"19750.0";"2.571483"
"19760.0";"2.522178"
"19770.0";"2.538182"
"19780.0";"2.67943"
"19790.0";"2.733867"
"19800.0";"2.665443"
"19810.0";"2.332018"
"19820.0";"2.467587"
"19830.0";"2.16456"
"19840.0";"2.170495"
"19850.0";"1.929357"
"19860.0";"1.927534"
"19870.0";"1.799019"
"19880.0";"1.77437"
"19890.0";"1.948322"
"19900.0";"1.770426"
"19910.0";"2.101925"
"19920.0";"2.005813"
"19930.0";"2.069194"
"19940.0";"2.097555"
"19950.0";"2.033101"
"19960.0";"2.086472"
"19970.0";"1.954616"
"19980.0";"1.762282"
"19990.0";"1.629929"
"20000.0";"1.405453"
"20010.0";"1.373689"
"20020.0";"1.413889"
"20030.0";"1.52605"
"20040.0";"1.752192"
"20050.0";"1.650492"
"20060.0";"1.632598"
"20070.0";"1.706798"
"20080.0";"1.455405"
"20090.0";"1.579126"
"20100.0";"1.467587"
"20110.0";"1.491608"
"20120.0";"1.383398"
"20130.0";"1.404549"
"20140.0";"1.426877"
"20150.0";"1.579753"
"20160.0";"1.257634"
"20170.0";"1.343646"
"20180.0";"1.331995"
"20190.0";"1.377833"
"20200.0";"1.415672"
"20210.0";"1.383033"
"20220.0";"1.412384"
"20230.0";"1.532431"
"20240.0";"1.226482"
"20250.0";"0.8958324"
"20260.0";"0.856438"
"20270.0";"0.9895346"
"20280.0";"0.9687695"
"20290.0";"1.095668"
"20300.0";"1.041508"
"20310.0";"0.8116505"
"20320.0";"0.8734583"
"20330.0";"0.9576293"
"20340.0";"0.9797373"
"20350.0";"1.068052"
"20360.0";"0.8043807"
"20370.0";"0.7280535"
"20380.0";"0.7875398"
"20390.0";"0.810529"
"20400.0";"0.9273778"
"20410.0";"1.05928"
"20420.0";"0.9646602"
"20430.0";"0.9966779"
"20440.0";"0.9628817"
"20450.0";"0.9902266"
"20460.0";"0.8674869"
"20470.0";"0.7824553"
"20480.0";"0.6537563"
"20490.0";"0.6712777"
"20500.0";"0.5394614"
"20510.0";"0.4315059"
"20520.0";"0.5407421"
"20530.0";"0.7873281"
"20540.0";"0.7026247"
"20550.0";"0.7255718"
"20560.0";"0.6225513"
"20570.0";"0.8093221"
"20580.0";"0.7838347"
"20590.0";"0.6414244"
"20600.0";"0.4327912"
"20610.0";"0.4376733"
"20620.0";"0.2638546"
"20630.0";"0.6046075"
"20640.0";"0.7100371"
"20650.0";"0.8464451"
"20660.0";"0.9205595"
"20670.0";"1.314787"
"20680.0";"1.301241"
"20690.0";"1.286363"
"20700.0";"1.311366"
"20710.0";"1.270122"
"20720.0";"1.253856"
"20730.0";"1.157978"
"20740.0";"1.373824"
"20750.0";"1.254592"
"20760.0";"0.9252734"
"20770.0";"0.8724426"
"20780.0";"0.6733038"
"20790.0";"0.6464591"
"20800.0";"0.8564888"
"20810.0";"0.8520238"
"20820.0";"0.8527665"
"20830.0";"0.7192343"
"20840.0";"0.838957"
"20850.0";"0.8858737"
"20860.0";"0.8483482"
"20870.0";"0.8804196"
"20880.0";"0.9045497"
"20890.0";"0.9227172"
"20900.0";"0.9356325"
"20910.0";"0.6661749"
"20920.0";"0.7845266"
"20930.0";"0.6537464"
"20940.0";"0.5011883"
"20950.0";"0.4197271"
"20960.0";"0.2755264"
"20970.0";"0.634912"
"20980.0";"0.7742674"
"20990.0";"0.6596066"
"21000.0";"1.002829"
"21010.0";"0.8657125"
"21020.0";"0.8047175"
"21030.0";"0.7728602"
"21040.0";"0.8082705"
"21050.0";"1.050662"
"21060.0";"0.8480598"
"21070.0";"0.8628216"
"21080.0";"0.9412952"
"21090.0";"0.6881576"
"21100.0";"0.9634951"
"21110.0";"0.8727347"
"21120.0";"0.8182003"
"21130.0";"1.11392"
"21140.0";"1.084648"
"21150.0";"0.9403403"
"21160.0";"1.126491"
"21170.0";"1.104286"
"21180.0";"1.281133"
"21190.0";"1.186356"
"21200.0";"1.113527"
"21210.0";"1.041619"
"21220.0";"1.017335"
"21230.0";"0.9769363"
"21240.0";"0.9915572"
"21250.0";"0.8880995"
"21260.0";"0.689989"
"21270.0";"0.7708659"
"21280.0";"0.5855944"
"21290.0";"0.4769801"
"21300.0";"0.5071896"
"21310.0";"0.4783159"
"21320.0";"0.5738442"
"21330.0";"0.5714106"
"21340.0";"0.6971843"
"21350.0";"0.5828591"
"21360.0";"0.8343481"
"21370.0";"0.8854263"
"21380.0";"0.7486055"
"21390.0";"0.7325392"
"21400.0";"0.5378196"
"21410.0";"0.4627306"
"21420.0";"0.5235745"
"21430.0";"0.3257256"
"21440.0";"0.2894488"
"21450.0";"0.4885918"
"21460.0";"0.2377162"
"21470.0";"0.2519222"
"21480.0";"0.2393182"
"21490.0";"0.2752348"
"21500.0";"0.223513"
"21510.0";"0.2138435"
"21520.0";"0.2303631"
"21530.0";"0.2521946"
"21540.0";"0.3217738"
"21550.0";"0.2455062"
"21560.0";"0.2771078"
"21570.0";"0.2405038"
"21580.0";"0.2438239"
"21590.0";"0.2383402"
"21600.0";"0.2963455"
"21610.0";"0.2897745"
"21620.0";"0.2176371"
"21630.0";"0.2303601"
"21640.0";"0.233517"
"21650.0";"0.2112108"
"21660.0";"0.2515728"
"21670.0";"0.3300396"
"21680.0";"0.2210656"
"21690.0";"0.2878783"
"21700.0";"0.2356733"
"21710.0";"0.4366255"
"21720.0";"0.2387235"
"21730.0";"0.2717532"
"21740.0";"0.2528954"
"21750.0";"0.2469131"
"21760.0";"0.255292"
"21770.0";"0.2335079"
"21780.0";"0.2447138"
"21790.0";"0.2256657"
"21800.0";"0.2418306"
"21810.0";"0.2383338"
"21820.0";"0.2571966"
"21830.0";"0.2888272"
"21840.0";"0.2347189"
"21850.0";"0.2464851"
"21860.0";"0.2347872"
"21870.0";"0.2315965"
"21880.0";"0.2495955"
"21890.0";"0.2914056"
"21900.0";"0.3110968"
"21910.0";"0.2494672"
"21920.0";"0.2347104"
"21930.0";"0.252789"
"21940.0";"0.2122141"
"21950.0";"0.2781335"
"21960.0";"0.2054805"
"21970.0";"0.2102784"
"21980.0";"0.2121959"
"21990.0";"0.2295948"
"22000.0";"0.2211466"
"22010.0";"0.2080967"
"22020.0";"0.1894968"
"22030.0";"0.2309241"
"22040.0";"0.2167441"
"22050.0";"0.1949871"
"22060.0";"0.2145322"
"22070.0";"0.2484244"
"22080.0";"0.2292029"
"22090.0";"0.2363682"
"22100.0";"0.2448956"
"22110.0";"0.2182415"
"22120.0";"0.2336366"
"22130.0";"0.2089447"
"22140.0";"0.2449121"
"22150.0";"0.2545707"
"22160.0";"0.2054119"
"22170.0";"0.2270793"
"22180.0";"0.2571886"
"22190.0";"0.2121836"
"22200.0";"0.2360527"
"22210.0";"0.2189663"
"22220.0";"0.2857991"
"22230.0";"0.2296119"
"22240.0";"0.228022"
"22250.0";"0.1772683"
"22260.0";"0.1602818"
"22270.0";"0.198902"
"22280.0";"0.207456"
"22290.0";"0.1714323"
"22300.0";"0.1800668"
"22310.0";"0.1634904"
"22320.0";"0.1709414"
"22330.0";"0.1872544"
"22340.0";"0.155698"
"22350.0";"0.1991328"
"22360.0";"0.1540162"
"22370.0";"0.1657346"
"22380.0";"0.167015"
"22390.0";"0.1637345"
"22400.0";"0.1743474"
"22410.0";"0.1844915"
"22420.0";"0.1872142"
"22430.0";"0.1573822"
"22440.0";"0.178913"
"22450.0";"0.1816424"
"22460.0";"0.1658854"
"22470.0";"0.1514626"
"22480.0";"0.1576583"
"22490.0";"0.1611891"
"22500.0";"0.167365"
"22510.0";"0.163848"
"22520.0";"0.1864863"
"22530.0";"0.1941414"
"22540.0";"0.178623"
"22550.0";"0.1554127"
"22560.0";"0.1629755"
"22570.0";"0.1708103"
"22580.0";"0.1746593"
"22590.0";"0.1601595"
"22600.0";"0.1601941"
"22610.0";"0.1821897"
"22620.0";"0.1712339"
"22630.0";"0.1685529"
"22640.0";"0.1525681"
"22650.0";"0.1756273"
"22660.0";"0.152964"
"22670.0";"0.1789442"
"22680.0";"0.1887588"
"22690.0";"0.1702849"
"22700.0";"0.1613012"
"22710.0";"0.1657977"
"22720.0";"0.1705932"
"22730.0";"0.171225"
"22740.0";"0.1693786"
"22750.0";"0.195852"
"22760.0";"0.1609567"
"22770.0";"0.1834723"
"22780.0";"0.1652335"
"22790.0";"0.2018044"
"22800.0";"0.1838098"
"22810.0";"0.1724909"
"22820.0";"0.1687989"
"22830.0";"0.1745648"
"22840.0";"0.1652875"
"22850.0";"0.1587385"
"22860.0";"0.1666762"
"22870.0";"0.2365249"
"22880.0";"0.2492669"
"22890.0";"0.2442622"
"22900.0";"0.2525591"
"22910.0";"0.2350851"
"22920.0";"0.2399165"
"22930.0";"0.2292356"
"22940.0";"0.2411766"
"22950.0";"0.2203043"
"22960.0";"0.2572819"
"22970.0";"0.2481532"
"22980.0";"0.2367133"
"22990.0";"0.2424172"
"23000.0";"0.2534047"
"23010.0";"0.2605092"
"23020.0";"0.2280903"
"23030.0";"0.2107155"
"23040.0";"0.2441684"
"23050.0";"0.2367719"
"23060.0";"0.2364867"
"23070.0";"0.2429836"
"23080.0";"0.2642121"
"23090.0";"0.2042183"
"23100.0";"0.2449773"
"23110.0";"0.2387004"
"23120.0";"0.2304214"
"23130.0";"0.234463"
"23140.0";"0.2428127"
"23150.0";"0.2496038"
"23160.0";"0.2474834"
"23170.0";"0.23834"
"23180.0";"0.255566"
"23190.0";"0.2574393"
"23200.0";"0.2479252"
"23210.0";"0.2445118"
"23220.0";"0.2159142"
"23230.0";"0.245874"
"23240.0";"0.2343199"
"23250.0";"0.2236826"
"23260.0";"0.2477783"
"23270.0";"0.2329397"
"23280.0";"0.2332787"
"23290.0";"0.2362418"
"23300.0";"0.2474046"
"23310.0";"0.2280374"
"23320.0";"0.2291334"
"23330.0";"0.258312"
"23340.0";"0.1868209"
"23350.0";"0.1714786"
"23360.0";"0.164642"
"23370.0";"0.168315"
"23380.0";"0.1713797"
"23390.0";"0.1729365"
"23400.0";"0.156496"
"23410.0";"0.1823734"
"23420.0";"0.1636889"
"23430.0";"0.1697467"
"23440.0";"0.1583071"
"23450.0";"0.1792874"
"23460.0";"0.185343"
"23470.0";"0.1831338"
"23480.0";"0.2142851"
"23490.0";"0.1574993"
"23500.0";"0.1847458"
"23510.0";"0.1746396"
"23520.0";"0.17816"
"23530.0";"0.1716363"
"23540.0";"0.1742093"
"23550.0";"0.195259"
"23560.0";"0.197246"
"23570.0";"0.2047071"
"23580.0";"0.1870828"
"23590.0";"0.1750143"
"23600.0";"0.1765815"
"23610.0";"0.1689407"
"23620.0";"0.1738188"
"23630.0";"0.1680626"
"23640.0";"0.1721105"
"23650.0";"0.1781739"
"23660.0";"0.1725952"
"23670.0";"0.1740431"
"23680.0";"0.1516509"
"23690.0";"0.1716654"
"23700.0";"0.1730695"
"23710.0";"0.1680148"
"23720.0";"0.1528528"
"23730.0";"0.170379"
"23740.0";"0.1812267"
"23750.0";"0.1747853"
"23760.0";"0.1688552"
"23770.0";"0.186604"
"23780.0";"0.1785666"
"23790.0";"0.151463"
"23800.0";"0.1539675"
"23810.0";"0.1692366"
"23820.0";"0.1550677"
"23830.0";"0.1835266"
"23840.0";"0.1950128"
"23850.0";"0.1760284"
"23860.0";"0.1825951"
"23870.0";"0.1818131"
"23880.0";"0.1569747"
"23890.0";"0.1565184"
"23900.0";"0.1655808"
"23910.0";"0.1761587"
"23920.0";"0.1830491"
"23930.0";"0.1621296"
"23940.0";"0.1693784"
"23950.0";"0.185833"
"23960.0";"0.1759345"
"23970.0";"0.1780955"
"23980.0";"0.171936"
"23990.0";"0.1677321"
"24000.0";"0.1764454"
"24010.0";"0.1526041"
"24020.0";"0.191562"
"24030.0";"0.1593112"
"24040.0";"0.1683744"
"24050.0";"0.1584363"
"24060.0";"0.1644536"
"24070.0";"0.1595806"
"24080.0";"0.1605585"
"24090.0";"0.1797135"
"24100.0";"0.1650876"
"24110.0";"0.1613258"
"24120.0";"0.1608008"
"24130.0";"0.1614096"
"24140.0";"0.1639573"
"24150.0";"0.1600122"
"24160.0";"0.1530752"
"24170.0";"0.1561155"
"24180.0";"0.1514996"
"24190.0";"0.1538408"
"24200.0";"0.1499201"
"24210.0";"0.161264"
"24220.0";"0.1739656"
"24230.0";"0.16972"
"24240.0";"0.1639208"
"24250.0";"0.1594802"
"24260.0";"0.1625052"
"24270.0";"0.1515586"
"24280.0";"0.1592516"
"24290.0";"0.169219"
"24300.0";"0.1554381"
"24310.0";"0.163649"
"24320.0";"0.1609722"
"24330.0";"0.1568946"
"24340.0";"0.1732223"
"24350.0";"0.1631439"
"24360.0";"0.1479121"
"24370.0";"0.1552804"
"24380.0";"0.1615984"
"24390.0";"0.1561569"
"24400.0";"0.1576672"
"24410.0";"0.1622743"
"24420.0";"0.1611893"
"24430.0";"0.1683033"
"24440.0";"0.1674337"
"24450.0";"0.1695316"
"24460.0";"0.1629968"
"24470.0";"0.1535517"
"24480.0";"0.1756159"
"24490.0";"0.1604057"
"24500.0";"0.1614778"
"24510.0";"0.1799833"
"24520.0";"0.159778"
"24530.0";"0.1658855"
"24540.0";"0.155676"
"24550.0";"0.1520822"
"24560.0";"0.1618578"
"24570.0";"0.1690977"
"24580.0";"0.1788326"
"24590.0";"0.1588395"
"24600.0";"0.1653903"
"24610.0";"0.1614715"
"24620.0";"0.1585558"
"24630.0";"0.1512548"
"24640.0";"0.1620002"
"24650.0";"0.165224"
"24660.0";"0.1507614"
"24670.0";"0.1718635"
"24680.0";"0.1640673"
"24690.0";"0.1517697"
"24700.0";"0.1560962"
"24710.0";"0.1564291"
"24720.0";"0.1532384"
"24730.0";"0.1659219"
"24740.0";"0.1655445"
"24750.0";"0.1566238"
"24760.0";"0.1565696"
"24770.0";"0.1585242"
"24780.0";"0.149469"
"24790.0";"0.1527642"
"24800.0";"0.1439479"
"24810.0";"0.1517825"
"24820.0";"0.1602124"
"24830.0";"0.1613257"
"24840.0";"0.1704406"
"24850.0";"0.1569457"
"24860.0";"0.1613724"
"24870.0";"0.1693046"
"24880.0";"0.1614928"
"24890.0";"0.1568982"
"24900.0";"0.1680591"
"24910.0";"0.1689345"
"24920.0";"0.1502694"
"24930.0";"0.1633067"
"24940.0";"0.1519276"
"24950.0";"0.1517302"
"24960.0";"0.151938"
"24970.0";"0.1575404"
"24980.0";"0.1452824"
"24990.0";"0.1655176"
"25000.0";"0.1643594"
"25010.0";"0.161524"
"25020.0";"0.1596685"
"25030.0";"0.1589651"
"25040.0";"0.1477734"
"25050.0";"0.1642224"
"25060.0";"0.1738878"
"25070.0";"0.1641277"
"25080.0";"0.1595806"
"25090.0";"0.1603275"
"25100.0";"0.1539707"
"25110.0";"0.1550837"
"25120.0";"0.1690355"
"25130.0";"0.1665652"
"25140.0";"0.161174"
"25150.0";"0.1476111"
"25160.0";"0.1656167"
"25170.0";"0.1734213"
"25180.0";"0.1715457"
"25190.0";"0.159405"
"25200.0";"0.1570157"
"25210.0";"0.1489763"
"25220.0";"0.1599091"
"25230.0";"0.167039"
"25240.0";"0.1609718"
"25250.0";"0.1631073"
"25260.0";"0.1632973"
"25270.0";"0.1524664"
"25280.0";"0.1588741"
"25290.0";"0.1559008"
"25300.0";"0.1598283"
"25310.0";"0.1479561"
"25320.0";"0.176366"
"25330.0";"0.1622838"
"25340.0";"0.1610158"
"25350.0";"0.1597498"
"25360.0";"0.1553222"
"25370.0";"0.1600533"
"25380.0";"0.1515715"
"25390.0";"0.1517299"
"25400.0";"0.1677677"
"25410.0";"0.1620157"
"25420.0";"0.1632021"
"25430.0";"0.1690824"
"25440.0";"0.1584737"
"25450.0";"0.1575375"
"25460.0";"0.1661203"
"25470.0";"0.1587986"
"25480.0";"0.1550389"
"25490.0";"0.1504692"
"25500.0";"0.1484889"
"25510.0";"0.1556826"
"25520.0";"0.1556467"
"25530.0";"0.1539156"
"25540.0";"0.1611519"
"25550.0";"0.1590282"
"25560.0";"0.1486207"
"25570.0";"0.1552353"
"25580.0";"0.1634167"
"25590.0";"0.1490439"
"25600.0";"0.14599"
"25610.0";"0.1640824"
"25620.0";"0.1718284"
"25630.0";"0.1631226"
"25640.0";"0.161691"
"25650.0";"0.165224"
"25660.0";"0.1653995"
"25670.0";"0.163487"
"25680.0";"0.1681488"
"25690.0";"0.1637131"
"25700.0";"0.1687753"
"25710.0";"0.1715579"
"25720.0";"0.1518884"
"25730.0";"0.155965"
"25740.0";"0.1578701"
"25750.0";"0.1526337"
"25760.0";"0.1627606"
"25770.0";"0.1464137"
"25780.0";"0.1602653"
"25790.0";"0.1675739"
"25800.0";"0.1522794"
"25810.0";"0.1538636"
"25820.0";"0.1539414"
"25830.0";"0.1527417"
"25840.0";"0.1591069"
"25850.0";"0.1480574"
"25860.0";"0.1643957"
"25870.0";"0.1512113"
"25880.0";"0.1636856"
"25890.0";"0.1527678"
"25900.0";"0.1534764"
"25910.0";"0.1626375"
"25920.0";"0.1718982"
"25930.0";"0.178267"
"25940.0";"0.160181"
"25950.0";"0.1610402"
"25960.0";"0.1593641"
"25970.0";"0.158559"
"25980.0";"0.1753937"
"25990.0";"0.1653543"
"26000.0";"0.1622009"
"26010.0";"0.1755507"
"26020.0";"0.1600029"
"26030.0";"0.1597655"
"26040.0";"0.1687779"
"26050.0";"0.147251"
"26060.0";"0.1454099"
"26070.0";"0.1680269"
"26080.0";"0.1732137"
"26090.0";"0.1603653"
"26100.0";"0.1546029"
"26110.0";"0.1529511"
"26120.0";"0.1595746"
"26130.0";"0.1666556"
"26140.0";"0.1652909"
"26150.0";"0.2016756"
"26160.0";"0.1781321"
"26170.0";"0.1629017"
"26180.0";"0.1657741"
"26190.0";"0.1647242"
"26200.0";"0.1748482"
"26210.0";"0.1563138"
"26220.0";"0.1562145"
"26230.0";"0.1512182"
"26240.0";"0.1746795"
"26250.0";"0.1568632"
"26260.0";"0.1629387"
"26270.0";"0.1609097"
"26280.0";"0.1641248"
"26290.0";"0.1597748"
"26300.0";"0.1656802"
"26310.0";"0.1732367"
"26320.0";"0.1634806"
"26330.0";"0.1608292"
"26340.0";"0.1657767"
"26350.0";"0.1632483"
"26360.0";"0.1583446"
"26370.0";"0.1806267"
"26380.0";"0.1494189"
"26390.0";"0.1550613"
"26400.0";"0.1591415"
"26410.0";"0.1608014"
"26420.0";"0.1517664"
"26430.0";"0.1619815"
"26440.0";"0.1616913"
"26450.0";"0.16145"
"26460.0";"0.1530161"
"26470.0";"0.1629571"
"26480.0";"0.1675082"
"26490.0";"0.1758862"
"26500.0";"0.1597843"
"26510.0";"0.1572609"
"26520.0";"0.1613971"
"26530.0";"0.1642222"
"26540.0";"0.1827182"
"26550.0";"0.1516874"
"26560.0";"0.1664273"
"26570.0";"0.1726295"
"26580.0";"0.1621693"
"26590.0";"0.1702793"
"26600.0";"0.1609383"
"26610.0";"0.1673827"
"26620.0";"0.1549872"
"26630.0";"0.1599184"
"26640.0";"0.1727021"
"26650.0";"0.1575056"
"26660.0";"0.1620618"
"26670.0";"0.1669309"
"26680.0";"0.1582813"
"26690.0";"0.1674366"
"26700.0";"0.1695081"
"26710.0";"0.1555187"
"26720.0";"0.1751285"
"26730.0";"0.1537011"
"26740.0";"0.1622159"
"26750.0";"0.1618703"
"26760.0";"0.154441"
"26770.0";"0.1602403"
"26780.0";"0.168695"
"26790.0";"0.16449"
"26800.0";"0.1645054"
"26810.0";"0.162006"
"26820.0";"0.1643504"
"26830.0";"0.1472345"
"26840.0";"0.167341"
"26850.0";"0.1504561"
"26860.0";"0.169157"
"26870.0";"0.1669313"
"26880.0";"0.1519405"
"26890.0";"0.172087"
"26900.0";"0.1510163"
"26910.0";"0.1756475"
"26920.0";"0.1644046"
"26930.0";"0.1522791"
"26940.0";"0.1439618"
"26950.0";"0.1720027"
"26960.0";"0.1749971"
"26970.0";"0.1599593"
"26980.0";"0.165979"
"26990.0";"0.1651029"
"27000.0";"0.1547931"
"27010.0";"0.1583479"
"27020.0";"0.1577406"
"27030.0";"0.1600904"
"27040.0";"0.1654598"
"27050.0";"0.1626226"
"27060.0";"0.1558623"
"27070.0";"0.1753567"
"27080.0";"0.1597779"
"27090.0";"0.1582054"
"27100.0";"0.1620677"
"27110.0";"0.1650575"
"27120.0";"0.1523878"
"27130.0";"0.1553996"
"27140.0";"0.1651363"
"27150.0";"0.1746824"
"27160.0";"0.161527"
"27170.0";"0.1538896"
"27180.0";"0.1608822"
"27190.0";"0.1555408"
"27200.0";"0.1537919"
"27210.0";"0.1650062"
"27220.0";"0.163426"
"27230.0";"0.1598437"
"27240.0";"0.1584485"
"27250.0";"0.1750719"
"27260.0";"0.1521876"
"27270.0";"0.1597905"
"27280.0";"0.1703817"
"27290.0";"0.1603152"
"27300.0";"0.1489497"
"27310.0";"0.1539026"
"27320.0";"0.1526632"
"27330.0";"0.1722875"
"27340.0";"0.1603309"
"27350.0";"0.1664723"
"27360.0";"0.1675291"
"27370.0";"0.162828"
"27380.0";"0.1844589"
"27390.0";"0.166256"
"27400.0";"0.1546771"
"27410.0";"0.1691184"
"27420.0";"0.1580314"
"27430.0";"0.1740142"
"27440.0";"0.1548451"
"27450.0";"0.155129"
"27460.0";"0.1658494"
"27470.0";"0.1593107"
"27480.0";"0.1547027"
"27490.0";"0.1692604"
"27500.0";"0.1608166"
"27510.0";"0.1651846"
"27520.0";"0.152325"
"27530.0";"0.1620925"
"27540.0";"0.1638474"
"27550.0";"0.1617096"
"27560.0";"0.1583477"
"27570.0";"0.1645996"
"27580.0";"0.1515618"
"27590.0";"0.1615455"
"27600.0";"0.1569555"
"27610.0";"0.1517434"
"27620.0";"0.1677084"
"27630.0";"0.1747455"
"27640.0";"0.1641034"
"27650.0";"0.1615829"
"27660.0";"0.1682793"
"27670.0";"0.1563267"
"27680.0";"0.1449451"
"27690.0";"0.1722613"
"27700.0";"0.1611119"
"27710.0";"0.1603559"
"27720.0";"0.1633465"
"27730.0";"0.1552737"
"27740.0";"0.1598154"
"27750.0";"0.1673591"
"27760.0";"0.1618305"
"27770.0";"0.1597904"
"27780.0";"0.1577941"
"27790.0";"0.171193"
"27800.0";"0.171828"
"27810.0";"0.1757044"
"27820.0";"0.1604335"
"27830.0";"0.1734184"
"27840.0";"0.1724355"
"27850.0";"0.185027"
"27860.0";"0.1664003"
"27870.0";"0.1590629"
"27880.0";"0.1649181"
"27890.0";"0.1632207"
"27900.0";"0.1597937"
"27910.0";"0.1591321"
"27920.0";"0.1583067"
"27930.0";"0.1584579"
"27940.0";"0.1660243"
"27950.0";"0.1665262"
"27960.0";"0.1542756"
"27970.0";"0.1565539"
"27980.0";"0.1694874"
"27990.0";"0.1822333"
"28000.0";"0.1657135"
"28010.0";"0.1776232"
"28020.0";"0.1577878"
"28030.0";"0.1711461"
"28040.0";"0.1440137"
"28050.0";"0.1677196"
"28060.0";"0.1676126"
"28070.0";"0.1634258"
"28080.0";"0.1690116"
"28090.0";"0.1547549"
"28100.0";"0.1771271"
"28110.0";"0.1654993"
"28120.0";"0.1602841"
"28130.0";"0.1842013"
"28140.0";"0.1442391"
"28150.0";"0.1573088"
"28160.0";"0.1519537"
"28170.0";"0.1586062"
"28180.0";"0.1595811"
"28190.0";"0.1668591"
"28200.0";"0.1585998"
"28210.0";"0.1548872"
"28220.0";"0.1524336"
"28230.0";"0.1650154"
"28240.0";"0.1769888"
"28250.0";"0.1671588"
"28260.0";"0.1756985"
"28270.0";"0.1674514"
"28280.0";"0.1629265"
"28290.0";"0.1593929"
"28300.0";"0.1630033"
"28310.0";"0.1582433"
"28320.0";"0.1611738"
"28330.0";"0.1592795"
"28340.0";"0.1653725"
"28350.0";"0.1755163"
"28360.0";"0.1779661"
"28370.0";"0.1630033"
"28380.0";"0.1834912"
"28390.0";"0.1981742"
"28400.0";"0.186612"
"28410.0";"0.1895917"
"28420.0";"0.156544"
"28430.0";"0.1692422"
"28440.0";"0.1670478"
"28450.0";"0.1760057"
"28460.0";"0.1888095"
"28470.0";"0.1552482"
"28480.0";"0.1749457"
"28490.0";"0.1864432"
"28500.0";"0.1738993"
"28510.0";"0.1754825"
"28520.0";"0.1746455"
"28530.0";"0.1645662"
"28540.0";"0.1744793"
"28550.0";"0.2285737"
"28560.0";"0.168837"
"28570.0";"0.1749887"
"28580.0";"0.1751144"
"28590.0";"0.1535056"
"28600.0";"0.1611336"
"28610.0";"0.1831641"
"28620.0";"0.1711228"
"28630.0";"0.1842959"
"28640.0";"0.1831229"
"28650.0";"0.1651271"
"28660.0";"0.1624006"
"28670.0";"0.1805382"
"28680.0";"0.1641648"
"28690.0";"0.1829916"
"28700.0";"0.2405766"
"28710.0";"0.2209686"
"28720.0";"0.2514441"
"28730.0";"0.230801"
"28740.0";"0.2105421"
"28750.0";"0.2208488"
"28760.0";"0.2535882"
"28770.0";"0.2339956"
"28780.0";"0.2559315"
"28790.0";"0.2071035"
"28800.0";"0.234412"
"28810.0";"0.2404849"
"28820.0";"0.2362392"
"28830.0";"0.2589383"
"28840.0";"0.2614689"
"28850.0";"0.1818656"
"28860.0";"0.222861"
"28870.0";"0.269585"
"28880.0";"0.2468784"
"28890.0";"0.2635546"
"28900.0";"0.2372676"
"28910.0";"0.2385311"
"28920.0";"0.2087633"
"28930.0";"0.2850193"
"28940.0";"0.2149837"
"28950.0";"0.2152809"
"28960.0";"0.2299585"
"28970.0";"0.2664845"
"28980.0";"0.2165431"
"28990.0";"0.2688159"
"29000.0";"0.2202132"
"29010.0";"0.2367467"
"29020.0";"0.240152"
"29030.0";"0.234312"
"29040.0";"0.2277675"
"29050.0";"0.2239175"
"29060.0";"0.2237165"
"29070.0";"0.1934475"
"29080.0";"0.2096211"
"29090.0";"0.2457928"
"29100.0";"0.2187534"
"29110.0";"0.2080648"
"29120.0";"0.2483427"
"29130.0";"0.1761165"
"29140.0";"0.2261548"
"29150.0";"0.2254353"
"29160.0";"0.2475966"
"29170.0";"0.2210656"
"29180.0";"0.2264223"
"29190.0";"0.1755507"
"29200.0";"0.2156176"
"29210.0";"0.2451246"
"29220.0";"0.2085713"
"29230.0";"0.1628192"
"29240.0";"0.2189521"
"29250.0";"0.194242"
"29260.0";"0.1748054"
"29270.0";"0.2080506"
"29280.0";"0.2376047"
"29290.0";"0.2272311"
"29300.0";"0.2215966"
"29310.0";"0.2422768"
"29320.0";"0.198053"
"29330.0";"0.1814386"
"29340.0";"0.2073259"
"29350.0";"0.1679612"
"29360.0";"0.2489457"
"29370.0";"0.2244147"
"29380.0";"0.2426707"
"29390.0";"0.2148512"
"29400.0";"0.2414746"
"29410.0";"0.2391399"
"29420.0";"0.2349724"
"29430.0";"0.222677"
"29440.0";"0.2326566"
"29450.0";"0.2412344"
"29460.0";"0.2227331"
"29470.0";"0.2317069"
"29480.0";"0.2195106"
"29490.0";"0.2374321"
"29500.0";"0.2029138"
"29510.0";"0.2510876"
"29520.0";"0.2445917"
"29530.0";"0.2515831"
"29540.0";"0.2085594"
"29550.0";"0.1918697"
"29560.0";"0.2353786"
"29570.0";"0.235597"
"29580.0";"0.2188973"
"29590.0";"0.2472023"
"29600.0";"0.2886748"
"29610.0";"0.242341"
"29620.0";"0.2112938"
"29630.0";"0.2224454"
"29640.0";"0.216864"
"29650.0";"0.2158657"
"29660.0";"0.237794"
"29670.0";"0.2208393"
"29680.0";"0.2421404"
"29690.0";"0.2125651"
"29700.0";"0.2018268"
"29710.0";"0.2352148"
"29720.0";"0.230471"
"29730.0";"0.2246173"
"29740.0";"0.2161875"
"29750.0";"0.2385246"
"29760.0";"0.2233583"
"29770.0";"0.2286505"
"29780.0";"0.2211854"
"29790.0";"0.2255616"
"29800.0";"0.2200634"
"29810.0";"0.2363006"
"29820.0";"0.2389561"
"29830.0";"0.2492911"
"29840.0";"0.216317"
"29850.0";"0.2637841"
"29860.0";"0.2299154"
"29870.0";"0.2416777"
"29880.0";"0.2545388"
"29890.0";"0.2430103"
"29900.0";"0.233129"
"29910.0";"0.2257811"
"29920.0";"0.2415577"
"29930.0";"0.228598"
"29940.0";"0.2272444"
"29950.0";"0.2622481"
"29960.0";"0.2276422"
"29970.0";"0.2053728"
"29980.0";"0.2345829"
"29990.0";"0.2333795"
"30000.0";"0.2162153"
"30010.0";"0.2058812"
"30020.0";"0.228416"
"30030.0";"0.2274842"
"30040.0";"0.2631103"
"30050.0";"0.2548982"
"30060.0";"0.1708652"
"30070.0";"0.2459674"
"30080.0";"0.2268237"
"30090.0";"0.2387487"
"30100.0";"0.2559943"
"30110.0";"0.2504717"
"30120.0";"0.211589"
"30130.0";"0.2555837"
"30140.0";"0.2213911"
"30150.0";"0.239228"
"30160.0";"0.2120612"
"30170.0";"0.2597327"
"30180.0";"0.2165595"
"30190.0";"0.2495475"
"30200.0";"0.2377751"
"30210.0";"0.2266296"
"30220.0";"0.232768"
"30230.0";"0.2488413"
"30240.0";"0.2508483"
"30250.0";"0.1920965"
"30260.0";"0.2034824"
"30270.0";"0.1869387"
"30280.0";"0.2492292"
"30290.0";"0.2071641"
"30300.0";"0.2465844"
"30310.0";"0.2676657"
"30320.0";"0.2280878"
"30330.0";"0.2679796"
"30340.0";"0.2089523"
"30350.0";"0.234964"
"30360.0";"0.2160602"
"30370.0";"0.2275104"
"30380.0";"0.2582305"
"30390.0";"0.2359429"
"30400.0";"0.2454672"
"30410.0";"0.2192556"
"30420.0";"0.2113624"
"30430.0";"0.2599271"
"30440.0";"0.2339785"
"30450.0";"0.23696"
"30460.0";"0.2606645"
"30470.0";"0.2317779"
"30480.0";"0.1969415"
"30490.0";"0.2650302"
"30500.0";"0.2537578"
"30510.0";"0.1944355"
"30520.0";"0.2214429"
"30530.0";"0.1811767"
"30540.0";"0.1672305"
"30550.0";"0.1738449"
"30560.0";"0.1582341"
"30570.0";"0.1590254"
"30580.0";"0.1736607"
"30590.0";"0.1701468"
"30600.0";"0.1729596"
"30610.0";"0.1721714"
"30620.0";"0.1880133"
"30630.0";"0.1814331"
"30640.0";"0.1832947"
"30650.0";"0.1803162"
"30660.0";"0.2044847"
"30670.0";"0.1767342"
"30680.0";"0.1833956"
"30690.0";"0.1983784"
"30700.0";"0.1810551"
"30710.0";"0.1640612"
"30720.0";"0.1670302"
"30730.0";"0.1950514"
"30740.0";"0.196784"
"30750.0";"0.1770564"
"30760.0";"0.1947334"
"30770.0";"0.1919609"
"30780.0";"0.2071956"
"30790.0";"0.1756872"
"30800.0";"0.1897682"
"30810.0";"0.1618301"
"30820.0";"0.2000153"
"30830.0";"0.1826608"
"30840.0";"0.2150652"
"30850.0";"0.1885177"
"30860.0";"0.1926918"
"30870.0";"0.1765216"
"30880.0";"0.1666224"
"30890.0";"0.1911361"
"30900.0";"0.1955734"
"30910.0";"0.2178923"
"30920.0";"0.1742124"
"30930.0";"0.184927"
"30940.0";"0.171933"
"30950.0";"0.2037991"
"30960.0";"0.1522793"
"30970.0";"0.1815407"
"30980.0";"0.1719825"
"30990.0";"0.2025758"
"31000.0";"0.1704874"
"31010.0";"0.1906698"
"31020.0";"0.208504"
"31030.0";"0.1793404"
"31040.0";"0.1824118"
"31050.0";"0.1813753"
"31060.0";"0.1691065"
"31070.0";"0.1613134"
"31080.0";"0.1624316"
"31090.0";"0.1773865"
"31100.0";"0.1667751"
"31110.0";"0.174485"
"31120.0";"0.204536"
"31130.0";"0.1908953"
"31140.0";"0.1759491"
"31150.0";"0.1617313"
"31160.0";"0.1585999"
"31170.0";"0.1731242"
"31180.0";"0.1826609"
"31190.0";"0.1647848"
"31200.0";"0.1702646"
"31210.0";"0.167598"
"31220.0";"0.1786453"
"31230.0";"0.166679"
"31240.0";"0.1696527"
"31250.0";"0.1800998"
"31260.0";"0.1771409"
"31270.0";"0.1883613"
"31280.0";"0.1575468"
"31290.0";"0.1825322"
"31300.0";"0.1598687"
"31310.0";"0.1625051"
"31320.0";"0.1637587"
"31330.0";"0.1843397"
"31340.0";"0.1797413"
"31350.0";"0.1836738"
"31360.0";"0.1681549"
"31370.0";"0.1817552"
"31380.0";"0.1660694"
"31390.0";"0.1633006"
"31400.0";"0.1625452"
"31410.0";"0.1608385"
"31420.0";"0.170886"
"31430.0";"0.1779073"
"31440.0";"0.1668801"
"31450.0";"0.1646874"
"31460.0";"0.1782051"
"31470.0";"0.2019133"
"31480.0";"0.1562658"
"31490.0";"0.1793265"
"31500.0";"0.1889289"
"31510.0";"0.1791785"
"31520.0";"0.1906568"
"31530.0";"0.1814744"
"31540.0";"0.1617466"
"31550.0";"0.1695025"
"31560.0";"0.1747083"
"31570.0";"0.1630825"
"31580.0";"0.1703114"
"31590.0";"0.1905625"
"31600.0";"0.1642258"
"31610.0";"0.1658974"
"31620.0";"0.1797941"
"31630.0";"0.1705197"
"31640.0";"0.1696229"
"31650.0";"0.1587359"
"31660.0";"0.1647059"
"31670.0";"0.1929897"
"31680.0";"0.1631286"
"31690.0";"0.1995142"
"31700.0";"0.1709884"
"31710.0";"0.1840218"
"31720.0";"0.1737844"
"31730.0";"0.1611612"
"31740.0";"0.1704201"
"31750.0";"0.1857981"
"31760.0";"0.172334"
"31770.0";"0.1730927"
"31780.0";"0.1768303"
"31790.0";"0.1861744"
"31800.0";"0.2085809"
"31810.0";"0.1794658"
"31820.0";"0.1735107"
"31830.0";"0.1770678"
"31840.0";"0.1689854"
"31850.0";"0.1562753"
"31860.0";"0.1825652"
"31870.0";"0.1686179"
"31880.0";"0.1680861"
"31890.0";"0.1843286"
"31900.0";"0.1479766"
"31910.0";"0.1851729"
"31920.0";"0.1814991"
"31930.0";"0.1726211"
"31940.0";"0.1693989"
"31950.0";"0.1645934"
"31960.0";"0.1821702"
"31970.0";"0.1610869"
"31980.0";"0.1760029"
"31990.0";"0.1508011"
"32000.0";"0.1720493"
"32010.0";"0.2172325"
"32020.0";"0.1840031"
"32030.0";"0.1551195"
"32040.0";"0.1675498"
"32050.0";"0.1865959"
"32060.0";"0.1709063"
"32070.0";"0.1616477"
"32080.0";"0.1570317"
"32090.0";"0.1627207"
"32100.0";"0.1879843"
"32110.0";"0.1699501"
"32120.0";"0.1581264"
"32130.0";"0.1702149"
"32140.0";"0.1803469"
"32150.0";"0.1724705"
"32160.0";"0.164991"
"32170.0";"0.1595683"
"32180.0";"0.1810993"
"32190.0";"0.1801832"
"32200.0";"0.1776991"
"32210.0";"0.1681843"
"32220.0";"0.1744477"
"32230.0";"0.1617217"
"32240.0";"0.1753427"
"32250.0";"0.1555956"
"32260.0";"0.1804354"
"32270.0";"0.1695703"
"32280.0";"0.1709271"
"32290.0";"0.1783814"
"32300.0";"0.1682857"
"32310.0";"0.1449448"
"32320.0";"0.1654329"
"32330.0";"0.160683"
"32340.0";"0.1987989"
"32350.0";"0.1675649"
"32360.0";"0.1669401"
"32370.0";"0.1851512"
"32380.0";"0.1883745"
"32390.0";"0.1801279"
"32400.0";"0.1665716"
"32410.0";"0.1607605"
"32420.0";"0.1714001"
"32430.0";"0.1540064"
"32440.0";"0.1610155"
"32450.0";"0.1647151"
"32460.0";"0.1747768"
"32470.0";"0.1591542"
"32480.0";"0.1732805"
"32490.0";"0.1692511"
"32500.0";"0.172125"
"32510.0";"0.1646513"
"32520.0";"0.1584958"
"32530.0";"0.1577436"
"32540.0";"0.1654267"
"32550.0";"0.1626346"
"32560.0";"0.1677202"
"32570.0";"0.2087821"
"32580.0";"0.1700737"
"32590.0";"0.1807624"
"32600.0";"0.1561603"
"32610.0";"0.1675291"
"32620.0";"0.1582719"
"32630.0";"0.1598062"
"32640.0";"0.1768644"
"32650.0";"0.1595399"
"32660.0";"0.1685853"
"32670.0";"0.1604275"
"32680.0";"0.1689586"
"32690.0";"0.1657498"
"32700.0";"0.1642255"
"32710.0";"0.15889"
"32720.0";"0.173289"
"32730.0";"0.1717237"
"32740.0";"0.1608385"
"32750.0";"0.1681339"
"32760.0";"0.1730346"
"32770.0";"0.1777412"
"32780.0";"0.1610372"
"32790.0";"0.1712808"
"32800.0";"0.1701469"
"32810.0";"0.1721482"
"32820.0";"0.1660301"
"32830.0";"0.1600843"
"32840.0";"0.1636276"
"32850.0";"0.1596339"
"32860.0";"0.1588363"
"32870.0";"0.1642436"
"32880.0";"0.166268"
"32890.0";"0.1570032"
"32900.0";"0.156812"
"32910.0";"0.150323"
"32920.0";"0.1613785"
"32930.0";"0.1625546"
"32940.0";"0.1643045"
"32950.0";"0.1542109"
"32960.0";"0.151875"
"32970.0";"0.1613041"
"32980.0";"0.1746595"
"32990.0";"0.1713767"
"33000.0";"0.1596181"
"33010.0";"0.1665473"
"33020.0";"0.1813947"
"33030.0";"0.1648667"
"33040.0";"0.1562659"
"33050.0";"0.1663282"
"33060.0";"0.1592167"
"33070.0";"0.1832948"
"33080.0";"0.180025"
"33090.0";"0.1656625"
"33100.0";"0.1669668"
"33110.0";"0.1753313"
"33120.0";"0.162447"
"33130.0";"0.1736693"
"33140.0";"0.164359"
"33150.0";"0.1696613"
"33160.0";"0.1569266"
"33170.0";"0.1589655"
"33180.0";"0.1641373"
"33190.0";"0.1719857"
"33200.0";"0.16382"
"33210.0";"0.1750487"
"33220.0";"0.2092128"
"33230.0";"0.1639119"
"33240.0";"0.1538863"
"33250.0";"0.1679108"
"33260.0";"0.1773722"
"33270.0";"0.1531632"
"33280.0";"0.1627423"
"33290.0";"0.1674545"
"33300.0";"0.1653903"
"33310.0";"0.1599692"
"33320.0";"0.1685823"
"33330.0";"0.1838747"
"33340.0";"0.1713621"
"33350.0";"0.1646752"
"33360.0";"0.1727482"
"33370.0";"0.1647057"
"33380.0";"0.1592168"
"33390.0";"0.1750942"
"33400.0";"0.1643045"
"33410.0";"0.1467276"
"33420.0";"0.1813119"
"33430.0";"0.1769889"
"33440.0";"0.1713302"
"33450.0";"0.1716192"
"33460.0";"0.1600313"
"33470.0";"0.1616725"
"33480.0";"0.1651694"
"33490.0";"0.1697467"
"33500.0";"0.1690681"
"33510.0";"0.1674306"
"33520.0";"0.1794826"
"33530.0";"0.1497096"
"33540.0";"0.1792372"
"33550.0";"0.1649667"
"33560.0";"0.1592511"
"33570.0";"0.178642"
"33580.0";"0.16225"
"33590.0";"0.1762043"
"33600.0";"0.1705434"
"33610.0";"0.1632698"
"33620.0";"0.1788239"
"33630.0";"0.1693903"
"33640.0";"0.1684903"
"33650.0";"0.1494423"
"33660.0";"0.1866601"
"33670.0";"0.1790586"
"33680.0";"0.170414"
"33690.0";"0.1845807"
"33700.0";"0.1729337"
"33710.0";"0.1537206"
"33720.0";"0.1710147"
"33730.0";"0.172334"
"33740.0";"0.1485226"
"33750.0";"0.1642039"
"33760.0";"0.1647087"
"33770.0";"0.1527418"
"33780.0";"0.1700412"
"33790.0";"0.1717063"
"33800.0";"0.1662921"
"33810.0";"0.1725255"
"33820.0";"0.1692633"
"33830.0";"0.1779352"
"33840.0";"0.1651843"
"33850.0";"0.1839293"
"33860.0";"0.1726413"
"33870.0";"0.1789862"
"33880.0";"0.1749544"
"33890.0";"0.157334"
"33900.0";"0.1790278"
"33910.0";"0.1690857"
"33920.0";"0.1554804"
"33930.0";"0.1787681"
"33940.0";"0.1824965"
"33950.0";"0.1781289"
"33960.0";"0.1861342"
"33970.0";"0.1924422"
"33980.0";"0.178432"
"33990.0";"0.1744475"
"34000.0";"0.1595309"
"34010.0";"0.2067582"
"34020.0";"0.1697913"
"34030.0";"0.172305"
"34040.0";"0.194332"
"34050.0";"0.1627821"
"34060.0";"0.1728034"
"34070.0";"0.171901"
"34080.0";"0.1552869"
"34090.0";"0.1731763"
"34100.0";"0.1595122"
"34110.0";"0.2490481"
"34120.0";"0.2020965"
"34130.0";"0.1666674"
"34140.0";"0.1674666"
"34150.0";"0.1765617"
"34160.0";"0.1793544"
"34170.0";"0.1737356"
"34180.0";"0.1682645"
"34190.0";"0.1694137"
"34200.0";"0.1707777"
"34210.0";"0.1633676"
"34220.0";"0.1979169"
"34230.0";"0.1785358"
"34240.0";"0.1744708"
"34250.0";"0.1747742"
"34260.0";"0.1501535"
"34270.0";"0.1788798"
"34280.0";"0.1769322"
"34290.0";"0.1809449"
"34300.0";"0.20005"
"34310.0";"0.1848404"
"34320.0";"0.1862928"
"34330.0";"0.1818408"
"34340.0";"0.1949411"
"34350.0";"0.1577277"
"34360.0";"0.1643045"
"34370.0";"0.1657136"
"34380.0";"0.1711521"
"34390.0";"0.1527905"
"34400.0";"0.1652545"
"34410.0";"0.1791006"
"34420.0";"0.1927958"
"34430.0";"0.188497"
"34440.0";"0.1821814"
"34450.0";"0.1605832"
"34460.0";"0.1663549"
"34470.0";"0.2092487"
"34480.0";"0.1700031"
"34490.0";"0.1521054"
"34500.0";"0.1999425"
"34510.0";"0.1656171"
"34520.0";"0.1709415"
"34530.0";"0.1489061"
"34540.0";"0.1613753"
"34550.0";"0.186215"
"34560.0";"0.1706371"
"34570.0";"0.1726786"
"34580.0";"0.2064582"
"34590.0";"0.164359"
"34600.0";"0.1771782"
"34610.0";"0.1737727"
"34620.0";"0.180737"
"34630.0";"0.1643716"
"34640.0";"0.1692717"
"34650.0";"0.170473"
"34660.0";"0.1670599"
"34670.0";"0.1716973"
"34680.0";"0.1750744"
"34690.0";"0.1678123"
"34700.0";"0.170426"
"34710.0";"0.1780618"
"34720.0";"0.1703935"
"34730.0";"0.1702701"
"34740.0";"0.1796914"
"34750.0";"0.1523613"
"34760.0";"0.1710907"
"34770.0";"0.1634471"
"34780.0";"0.1756874"
"34790.0";"0.1637589"
"34800.0";"0.1587861"
"34810.0";"0.169617"
"34820.0";"0.1838094"
"34830.0";"0.1734994"
"34840.0";"0.1682441"
"34850.0";"0.1496861"
"34860.0";"0.164198"
"34870.0";"0.1665023"
"34880.0";"0.1595024"
"34890.0";"0.1831966"
"34900.0";"0.172491"
"34910.0";"0.1681933"
"34920.0";"0.1650731"
"34930.0";"0.1797164"
"34940.0";"0.1765222"
"34950.0";"0.1763264"
"34960.0";"0.1533363"
"34970.0";"0.1769212"
"34980.0";"0.1715606"
"34990.0";"0.1735307"
"35000.0";"0.1652873"
"35010.0";"0.1559842"
"35020.0";"0.1844347"
"35030.0";"0.1619073"
"35040.0";"0.1892037"
"35050.0";"0.1716216"
"35060.0";"0.1818845"
"35070.0";"0.1514793"
"35080.0";"0.1901079"
"35090.0";"0.1642224"
"35100.0";"0.1803192"
"35110.0";"0.1941881"
"35120.0";"0.1784236"
"35130.0";"0.1868984"
"35140.0";"0.2104045"
"35150.0";"0.1762868"
"35160.0";"0.1724212"
"35170.0";"0.1662166"
"35180.0";"0.1574928"
"35190.0";"0.1667933"
"35200.0";"0.1550226"
"35210.0";"0.1944272"
"35220.0";"0.1822831"
"35230.0";"0.1571177"
"35240.0";"0.1552093"
"35250.0";"0.1609071"
"35260.0";"0.1794886"
"35270.0";"0.1708862"
"35280.0";"0.1764027"
"35290.0";"0.1949976"
"35300.0";"0.1587797"
"35310.0";"0.1922107"
"35320.0";"0.2108386"
"35330.0";"0.1673023"
"35340.0";"0.1596398"
"35350.0";"0.1680326"
"35360.0";"0.1844583"
"35370.0";"0.1628035"
"35380.0";"0.1594395"
"35390.0";"0.1780729"
"35400.0";"0.1539708"
"35410.0";"0.1720317"
"35420.0";"0.1643957"
"35430.0";"0.16985"
"35440.0";"0.1768246"
"35450.0";"0.1861236"
"35460.0";"0.1697316"
"35470.0";"0.1604058"
"35480.0";"0.180322"
"35490.0";"0.1582593"
"35500.0";"0.1601433"
"35510.0";"0.1586698"
"35520.0";"0.1549646"
"35530.0";"0.1544704"
"35540.0";"0.1533232"
"35550.0";"0.1687038"
"35560.0";"0.1791844"
"35570.0";"0.1701822"
"35580.0";"0.1789132"
"35590.0";"0.1667874"
"35600.0";"0.1590753"
"35610.0";"0.174737"
"35620.0";"0.179758"
"35630.0";"0.1841439"
"35640.0";"0.1727543"
"35650.0";"0.1947411"
"35660.0";"0.1979043"
"35670.0";"0.1697556"
"35680.0";"0.1469456"
"35690.0";"0.1535255"
"35700.0";"0.1723546"
"35710.0";"0.2044848"
"35720.0";"0.1801609"
"35730.0";"0.1705431"
"35740.0";"0.1640242"
"35750.0";"0.1706283"
"35760.0";"0.1790223"
"35770.0";"0.2276841"
"35780.0";"0.1681756"
"35790.0";"0.1535609"
"35800.0";"0.1802469"
"35810.0";"0.1745564"
"35820.0";"0.1802247"
"35830.0";"0.1611055"
"35840.0";"0.1849785"
"35850.0";"0.1881299"
"35860.0";"0.1716419"
"35870.0";"0.1612544"
"35880.0";"0.1893225"
"35890.0";"0.1764821"
"35900.0";"0.1640149"
"35910.0";"0.1689763"
"35920.0";"0.1661656"
"35930.0";"0.1747054"
"35940.0";"0.1915047"
"35950.0";"0.184502"
"35960.0";"0.1723951"
"35970.0";"0.1712132"
"35980.0";"0.1778933"
"35990.0";"0.1920625"
"36000.0";"0.1797468"
"36010.0";"0.1534208"
"36020.0";"0.1702059"
"36030.0";"0.1949515"
"36040.0";"0.1741438"
"36050.0";"0.1847107"
"36060.0";"0.1555959"
"36070.0";"0.1740055"
"36080.0";"0.1979923"
"36090.0";"0.1596808"
"36100.0";"0.172876"
"36110.0";"0.191144"
"36120.0";"0.178533"
"36130.0";"0.1702823"
"36140.0";"0.1779466"
"36150.0";"0.1866605"
"36160.0";"0.1889178"
"36170.0";"0.1842334"
"36180.0";"0.1806958"
"36190.0";"0.1701116"
"36200.0";"0.1671106"
"36210.0";"0.1719126"
"36220.0";"0.1788015"
"36230.0";"0.1631993"
"36240.0";"0.1678484"
"36250.0";"0.18175"
"36260.0";"0.1718864"
"36270.0";"0.2121912"
"36280.0";"0.1641493"
"36290.0";"0.1609221"
"36300.0";"0.1736492"
"36310.0";"0.1764259"
"36320.0";"0.1711755"
"36330.0";"0.1897578"
"36340.0";"0.1985824"
"36350.0";"0.163279"
"36360.0";"0.1997848"
"36370.0";"0.177271"
"36380.0";"0.1684931"
"36390.0";"0.167553"
"36400.0";"0.1903286"
"36410.0";"0.1640274"
"36420.0";"0.1685141"
"36430.0";"0.2188401"
"36440.0";"0.1844939"
"36450.0";"0.2137195"
"36460.0";"0.2702702"
"36470.0";"0.17119"
"36480.0";"0.1902367"
"36490.0";"0.1610869"
"36500.0";"0.1806905"
"36510.0";"0.1830574"
"36520.0";"0.1722963"
"36530.0";"0.1517563"
"36540.0";"0.1705873"
"36550.0";"0.237895"
"36560.0";"0.1721686"
"36570.0";"0.1706401"
"36580.0";"0.1812208"
"36590.0";"0.1846646"
"36600.0";"0.1869385"
"36610.0";"0.2128169"
"36620.0";"0.1710672"
"36630.0";"0.1839701"
"36640.0";"0.1652332"
"36650.0";"0.1677677"
"36660.0";"0.1731907"
"36670.0";"0.1978409"
"36680.0";"0.2008108"
"36690.0";"0.164806"
"36700.0";"0.1567578"
"36710.0";"0.1573278"
"36720.0";"0.1821921"
"36730.0";"0.1696672"
"36740.0";"0.1517431"
"36750.0";"0.1578956"
"36760.0";"0.1695022"
"36770.0";"0.1767794"
"36780.0";"0.1779016"
"36790.0";"0.1949795"
"36800.0";"0.165209"
"36810.0";"0.1753738"
"36820.0";"0.1454682"
"36830.0";"0.2038062"
"36840.0";"0.1678602"
"36850.0";"0.1701206"
"36860.0";"0.1808785"
"36870.0";"0.1706252"
"36880.0";"0.1613877"
"36890.0";"0.1646511"
"36900.0";"0.1641492"
"36910.0";"0.1746939"
"36920.0";"0.164259"
"36930.0";"0.1607079"
"36940.0";"0.170047"
"36950.0";"0.1889048"
"36960.0";"0.2026473"
"36970.0";"0.1936387"
"36980.0";"0.1646176"
"36990.0";"0.1707661"
"37000.0";"0.2246978"
"37010.0";"0.1641399"
"37020.0";"0.1880452"
"37030.0";"0.1700734"
"37040.0";"0.1642224"
"37050.0";"0.1874592"
"37060.0";"0.1674993"
"37070.0";"0.1693075"
"37080.0";"0.1763717"
"37090.0";"0.1588366"
"37100.0";"0.1742813"
"37110.0";"0.1807375"
"37120.0";"0.1794293"
"37130.0";"0.1717267"
"37140.0";"0.188441"
"37150.0";"0.1890767"
"37160.0";"0.1653058"
"37170.0";"0.1594021"
"37180.0";"0.1789442"
"37190.0";"0.1728902"
"37200.0";"0.179427"
"37210.0";"0.158496"
"37220.0";"0.1723514"
"37230.0";"0.1731761"
"37240.0";"0.1792067"
"37250.0";"0.1657408"
"37260.0";"0.172621"
"37270.0";"0.1810526"
"37280.0";"0.1748772"
"37290.0";"0.2244772"
"37300.0";"0.2601019"
"37310.0";"0.2391422"
"37320.0";"0.1835485"
"37330.0";"0.2255546"
"37340.0";"0.1720027"
"37350.0";"0.1670807"
"37360.0";"0.2308638"
"37370.0";"0.2570798"
"37380.0";"0.2489194"
"37390.0";"0.1589873"
"37400.0";"0.1902447"
"37410.0";"0.2285386"
"37420.0";"0.1795132"
"37430.0";"0.2726573"
"37440.0";"0.2489357"
"37450.0";"0.2236025"
"37460.0";"0.26503"
"37470.0";"0.272481"
"37480.0";"0.21153"
"37490.0";"0.1994722"
"37500.0";"0.2575153"
"37510.0";"0.2509661"
"37520.0";"0.2559901"
"37530.0";"0.2303085"
"37540.0";"0.2081658"
"37550.0";"0.2379013"
"37560.0";"0.2319783"
"37570.0";"0.2331631"
"37580.0";"0.2430414"
"37590.0";"0.2218491"
"37600.0";"0.2255057"
"37610.0";"0.169635"
"37620.0";"0.1805713"
"37630.0";"0.1978534"
"37640.0";"0.1859621"
"37650.0";"0.1891933"
"37660.0";"0.189045"
"37670.0";"0.189235"
"37680.0";"0.2000051"
"37690.0";"0.152532"
"37700.0";"0.2095255"
"37710.0";"0.1597937"
"37720.0";"0.1685259"
"37730.0";"0.196535"
"37740.0";"0.1670959"
"37750.0";"0.1814031"
"37760.0";"0.1964588"
"37770.0";"0.2007512"
"37780.0";"0.1601627"
"37790.0";"0.1748428"
"37800.0";"0.1852617"
"37810.0";"0.1710526"
"37820.0";"0.1805245"
"37830.0";"0.1795578"
"37840.0";"0.1985473"
"37850.0";"0.2012908"
"37860.0";"0.1886505"
"37870.0";"0.1924682"
"37880.0";"0.1865291"
"37890.0";"0.2186552"
"37900.0";"0.2027534"
"37910.0";"0.237895"
"37920.0";"0.2121085"
"37930.0";"0.1697555"
"37940.0";"0.2079663"
"37950.0";"0.1926292"
"37960.0";"0.1748231"
"37970.0";"0.2333107"
"37980.0";"0.1732891"
"37990.0";"0.1808068"
"38000.0";"0.2064557"
"38010.0";"0.204044"
"38020.0";"0.18589"
"38030.0";"0.1894757"
"38040.0";"0.1878668"
"38050.0";"0.1820852"
"38060.0";"0.2209843"
"38070.0";"0.2045995"
"38080.0";"0.1821207"
"38090.0";"0.2170966"
"38100.0";"0.2015268"
"38110.0";"0.1703202"
"38120.0";"0.1740804"
"38130.0";"0.1980355"
"38140.0";"0.2128332"
"38150.0";"0.1633433"
"38160.0";"0.1813203"
"38170.0";"0.1566014"
"38180.0";"0.2486385"
"38190.0";"0.2327016"
"38200.0";"0.2126897"
"38210.0";"0.2153929"
"38220.0";"0.1817307"
"38230.0";"0.1845778"
"38240.0";"0.170962"
"38250.0";"0.199627"
"38260.0";"0.2156966"
"38270.0";"0.2064584"
"38280.0";"0.1762102"
"38290.0";"0.2261108"
"38300.0";"0.1995345"
"38310.0";"0.2007739"
"38320.0";"0.2120262"
"38330.0";"0.190675"
"38340.0";"0.1901288"
"38350.0";"0.1990826"
"38360.0";"0.2039707"
"38370.0";"0.2069542"
"38380.0";"0.2156709"
"38390.0";"0.2147672"
"38400.0";"0.1801445"
"38410.0";"0.2066423"
"38420.0";"0.1945381"
"38430.0";"0.1875688"
"38440.0";"0.1975853"
"38450.0";"0.1962037"
"38460.0";"0.2228268"
"38470.0";"0.2193286"
"38480.0";"0.2279868"
"38490.0";"0.2043208"
"38500.0";"0.2561757"
"38510.0";"0.2094875"
"38520.0";"0.1928833"
"38530.0";"0.2174122"
"38540.0";"0.1808259"
"38550.0";"0.2139553"
"38560.0";"0.2504413"
"38570.0";"0.2398439"
"38580.0";"0.2038262"
"38590.0";"0.1802164"
"38600.0";"0.2009827"
"38610.0";"0.1998151"
"38620.0";"0.2036151"
"38630.0";"0.2056089"
"38640.0";"0.1991706"
"38650.0";"0.1828577"
"38660.0";"0.2139089"
"38670.0";"0.2196749"
"38680.0";"0.1999128"
"38690.0";"0.180682"
"38700.0";"0.2456705"
"38710.0";"0.2233248"
"38720.0";"0.2563374"
"38730.0";"0.225721"
"38740.0";"0.1950128"
"38750.0";"0.2111706"
"38760.0";"0.1890739"
"38770.0";"0.1795189"
"38780.0";"0.2106609"
"38790.0";"0.1995068"
"38800.0";"0.1947433"
"38810.0";"0.2341392"
"38820.0";"0.1827514"
"38830.0";"0.2617345"
"38840.0";"0.2258697"
"38850.0";"0.2286329"
"38860.0";"0.2013657"
"38870.0";"0.2020023"
"38880.0";"0.1900793"
"38890.0";"0.2296691"
"38900.0";"0.2044849"
"38910.0";"0.2018391"
"38920.0";"0.186314"
"38930.0";"0.1912302"
"38940.0";"0.1912226"
"38950.0";"0.1883668"
"38960.0";"0.2305428"
"38970.0";"0.2241653"
"38980.0";"0.2490101"
"38990.0";"0.221294"
"39000.0";"0.2005842"
"39010.0";"0.2164835"
"39020.0";"0.2386693"
"39030.0";"0.2169099"
"39040.0";"0.2222811"
"39050.0";"0.2408112"
"39060.0";"0.2266848"
"39070.0";"0.2125678"
"39080.0";"0.2281493"
"39090.0";"0.2012588"
"39100.0";"0.1887937"
"39110.0";"0.2204676"
"39120.0";"0.2256389"
"39130.0";"0.2771658"
"39140.0";"0.216384"
"39150.0";"0.2746198"
"39160.0";"0.2059754"
"39170.0";"0.2092035"
"39180.0";"0.2244951"
"39190.0";"0.1953818"
"39200.0";"0.1980861"
"39210.0";"0.2339425"
"39220.0";"0.2051342"
"39230.0";"0.21892"
"39240.0";"0.2162731"
"39250.0";"0.2164695"
"39260.0";"0.213642"
"39270.0";"0.2100119"
"39280.0";"0.2264531"
"39290.0";"0.216594"
"39300.0";"0.242965"
"39310.0";"0.211594"
"39320.0";"0.2390106"
"39330.0";"0.2106231"
"39340.0";"0.2611781"
"39350.0";"0.2107961"
"39360.0";"0.1978613"
"39370.0";"0.2100594"
"39380.0";"0.2136116"
"39390.0";"0.2089259"
"39400.0";"0.2112697"
"39410.0";"0.2131409"
"39420.0";"0.2298935"
"39430.0";"0.2262877"
"39440.0";"0.2413008"
"39450.0";"0.2183804"
"39460.0";"0.213738"
"39470.0";"0.2091269"
"39480.0";"0.2244345"
"39490.0";"0.2559806"
"39500.0";"0.2083268"
"39510.0";"0.2247912"
"39520.0";"0.2013354"
"39530.0";"0.2183872"
"39540.0";"0.2393869"
"39550.0";"0.251694"
"39560.0";"0.24245"
"39570.0";"0.2292554"
"39580.0";"0.2353085"
"39590.0";"0.2512548"
"39600.0";"0.2286415"
"39610.0";"0.260839"
"39620.0";"0.2169263"
"39630.0";"0.2927967"
"39640.0";"0.251211"
"39650.0";"0.2884548"
"39660.0";"0.2283091"
"39670.0";"0.2265457"
"39680.0";"0.3044897"
"39690.0";"0.2551098"
"39700.0";"0.2475419"
"39710.0";"0.2932643"
"39720.0";"0.2718125"
"39730.0";"0.251002"
"39740.0";"0.2356144"
"39750.0";"0.2599156"
"39760.0";"0.2874788"
"39770.0";"0.266985"
"39780.0";"0.2341024"
"39790.0";"0.278719"
"39800.0";"0.2623984"
"39810.0";"0.2704553"
"39820.0";"0.2742589"
"39830.0";"0.2857603"
"39840.0";"0.2656351"
"39850.0";"0.2912763"
"39860.0";"0.267748"
"39870.0";"0.2509601"
"39880.0";"0.2646242"
"39890.0";"0.24134"
"39900.0";"0.2746109"
"39910.0";"0.2579049"
"39920.0";"0.2878018"
"39930.0";"0.2427222"
"39940.0";"0.2824255"
"39950.0";"0.2601137"
"39960.0";"0.2739453"
"39970.0";"0.2620401"
"39980.0";"0.271728"
"39990.0";"0.2747745"
"40000.0";"0.2638977"
"40010.0";"0.2795998"
"40020.0";"0.2471962"
"40030.0";"0.2836934"
"40040.0";"0.2929746"
"40050.0";"0.3020116"
"40060.0";"0.2509864"
"40070.0";"0.3133069"
"40080.0";"0.2072006"
"40090.0";"0.2400354"
"40100.0";"0.2490503"
"40110.0";"0.2864002"
"40120.0";"0.2764528"
"40130.0";"0.2277058"
"40140.0";"0.2226429"
"40150.0";"0.2705365"
"40160.0";"0.2758569"
"40170.0";"0.255331"
"40180.0";"0.2647018"
"40190.0";"0.2475763"
"40200.0";"0.2999899"
"40210.0";"0.2092319"
"40220.0";"0.2469716"
"40230.0";"0.256926"
"40240.0";"0.2692025"
"40250.0";"0.2745052"
"40260.0";"0.2440289"
"40270.0";"0.2450594"
"40280.0";"0.27112"
"40290.0";"0.2436924"
"40300.0";"0.2640664"
"40310.0";"0.2622996"
"40320.0";"0.2583294"
"40330.0";"0.2694159"
"40340.0";"0.2592027"
"40350.0";"0.2286218"
"40360.0";"0.2873673"
"40370.0";"0.2811352"
"40380.0";"0.3045799"
"40390.0";"0.2569998"
"40400.0";"0.3466263"
"40410.0";"0.2295776"
"40420.0";"0.2947032"
"40430.0";"0.271516"
"40440.0";"0.2197473"
"40450.0";"0.2081247"
"40460.0";"0.3006558"
"40470.0";"0.2262434"
"40480.0";"0.3000101"
"40490.0";"0.2336194"
"40500.0";"0.2307381"
"40510.0";"0.2074102"
"40520.0";"0.1946741"
"40530.0";"0.237626"
"40540.0";"0.2155504"
"40550.0";"0.2150026"
"40560.0";"0.2357072"
"40570.0";"0.1612482"
"40580.0";"0.1665353"
"40590.0";"0.2309482"
"40600.0";"0.2059638"
"40610.0";"0.2067995"
"40620.0";"0.2193831"
"40630.0";"0.1705581"
"40640.0";"0.1518256"
"40650.0";"0.1790584"
"40660.0";"0.1620803"
"40670.0";"0.1958039"
"40680.0";"0.1596402"
"40690.0";"0.1727137"
"40700.0";"0.2018463"
"40710.0";"0.1668831"
"40720.0";"0.174714"
"40730.0";"0.1712454"
"40740.0";"0.1561826"
"40750.0";"0.2286088"
"40760.0";"0.240252"
"40770.0";"0.2207577"
"40780.0";"0.2163656"
"40790.0";"0.203042"
"40800.0";"0.1822115"
"40810.0";"0.2546469"
"40820.0";"0.2313225"
"40830.0";"0.23568"
"40840.0";"0.2233384"
"40850.0";"0.1956042"
"40860.0";"0.2185634"
"40870.0";"0.2004843"
"40880.0";"0.2175913"
"40890.0";"0.2209546"
"40900.0";"0.2330625"
"40910.0";"0.2494252"
"40920.0";"0.2445527"
"40930.0";"0.2026325"
"40940.0";"0.2268944"
"40950.0";"0.2326994"
"40960.0";"0.2570254"
"40970.0";"0.2346338"
"40980.0";"0.2424252"
"40990.0";"0.2245575"
"41000.0";"0.2528931"
"41010.0";"0.1595527"
"41020.0";"0.2524402"
"41030.0";"0.2404246"
"41040.0";"0.2181606"
"41050.0";"0.2074827"
"41060.0";"0.1862551"
"41070.0";"0.1808785"
"41080.0";"0.2207171"
"41090.0";"0.2472929"
"41100.0";"0.2198045"
"41110.0";"0.185844"
"41120.0";"0.2525034"
"41130.0";"0.2244929"
"41140.0";"0.2444117"
"41150.0";"0.2143389"
"41160.0";"0.2066423"
"41170.0";"0.155785"
"41180.0";"0.1799584"
"41190.0";"0.1566333"
"41200.0";"0.1678393"
"41210.0";"0.1663281"
"41220.0";"0.1668562"
"41230.0";"0.1510332"
"41240.0";"0.1580792"
"41250.0";"0.1588112"
"41260.0";"0.1719332"
"41270.0";"0.1539545"
"41280.0";"0.1468639"
"41290.0";"0.1635698"
"41300.0";"0.1610405"
"41310.0";"0.1568789"
"41320.0";"0.2293078"
"41330.0";"0.2932951"
"41340.0";"0.2385248"
"41350.0";"0.2486926"
"41360.0";"0.2541612"
"41370.0";"0.2313894"
"41380.0";"0.3006743"
"41390.0";"0.2213189"
"41400.0";"0.2287838"
"41410.0";"0.2328671"
"41420.0";"0.2683323"
"41430.0";"0.2485964"
"41440.0";"0.2467893"
"41450.0";"0.247176"
"41460.0";"0.3004281"
"41470.0";"0.2666253"
"41480.0";"0.28554"
"41490.0";"0.2495934"
"41500.0";"0.2534364"
"41510.0";"0.2529898"
"41520.0";"0.209695"
"41530.0";"0.256037"
"41540.0";"0.2672432"
"41550.0";"0.2140233"
"41560.0";"0.276541"
"41570.0";"0.2619524"
"41580.0";"0.2590848"
"41590.0";"0.2611532"
"41600.0";"0.2736952"
"41610.0";"0.22936"
"41620.0";"0.2379201"
"41630.0";"0.2373291"
"41640.0";"0.2348299"
"41650.0";"0.2536181"
"41660.0";"0.2293054"
"41670.0";"0.2247133"
"41680.0";"0.2253843"
"41690.0";"0.2440531"
"41700.0";"0.2373351"
"41710.0";"0.2156178"
"41720.0";"0.2216888"
"41730.0";"0.2637612"
"41740.0";"0.2377309"
"41750.0";"0.2454811"
"41760.0";"0.2186801"
"41770.0";"0.1618333"
"41780.0";"0.209024"
"41790.0";"0.1960457"
"41800.0";"0.1671499"
"41810.0";"0.163046"
"41820.0";"0.1801001"
"41830.0";"0.1647239"
"41840.0";"0.1853454"
"41850.0";"0.1489865"
"41860.0";"0.2077907"
"41870.0";"0.1930284"
"41880.0";"0.2100596"
"41890.0";"0.1822337"
"41900.0";"0.2095543"
"41910.0";"0.2130468"
"41920.0";"0.2068069"
"41930.0";"0.2189796"
"41940.0";"0.2278902"
"41950.0";"0.2498281"
"41960.0";"0.1660303"
"41970.0";"0.2111066"
"41980.0";"0.238751"
"41990.0";"0.2519225"
"42000.0";"0.2768301"
"42010.0";"0.2646771"
"42020.0";"0.2344398"
"42030.0";"0.1854803"
"42040.0";"0.1671348"
"42050.0";"0.2540807"
"42060.0";"0.2251245"
"42070.0";"0.2055821"
"42080.0";"0.2143664"
"42090.0";"0.238002"
"42100.0";"0.2266318"
"42110.0";"0.2043847"
"42120.0";"0.2384113"
"42130.0";"0.2207917"
"42140.0";"0.1649547"
"42150.0";"0.1756076"
"42160.0";"0.1616353"
"42170.0";"0.2094994"
"42180.0";"0.2042792"
"42190.0";"0.2206853"
"42200.0";"0.2280591"
"42210.0";"0.2204314"
"42220.0";"0.2261903"
"42230.0";"0.2424396"
"42240.0";"0.2493774"
"42250.0";"0.2209617"
"42260.0";"0.265234"
"42270.0";"0.2078653"
"42280.0";"0.2424995"
"42290.0";"0.236324"
"42300.0";"0.2387343"
"42310.0";"0.1933496"
"42320.0";"0.2427077"
"42330.0";"0.2145811"
"42340.0";"0.268896"
"42350.0";"0.2527331"
"42360.0";"0.2056065"
"42370.0";"0.2613409"
"42380.0";"0.2216528"
"42390.0";"0.2160093"
"42400.0";"0.1838859"
"42410.0";"0.1962776"
"42420.0";"0.2185613"
"42430.0";"0.2465564"
"42440.0";"0.2290282"
"42450.0";"0.2167973"
"42460.0";"0.1886826"
"42470.0";"0.2013105"
"42480.0";"0.1960895"
"42490.0";"0.2150864"
"42500.0";"0.1958114"
"42510.0";"0.1784184"
"42520.0";"0.2324351"
"42530.0";"0.1866786"
"42540.0";"0.2108839"
"42550.0";"0.1740976"
"42560.0";"0.2457661"
"42570.0";"0.2013879"
"42580.0";"0.2258738"
"42590.0";"0.215209"
"42600.0";"0.1889895"
"42610.0";"0.2124474"
"42620.0";"0.2100903"
"42630.0";"0.2285148"
"42640.0";"0.2046096"
"42650.0";"0.2102378"
"42660.0";"0.1969924"
"42670.0";"0.1926889"
"42680.0";"0.2151113"
"42690.0";"0.2375332"
"42700.0";"0.1989323"
"42710.0";"0.1760141"
"42720.0";"0.1915566"
"42730.0";"0.1885629"
"42740.0";"0.1853023"
"42750.0";"0.1713504"
"42760.0";"0.1796577"
"42770.0";"0.1775049"
"42780.0";"0.1632362"
"42790.0";"0.2632831"
"42800.0";"0.2125038"
"42810.0";"0.1871554"
"42820.0";"0.2019162"
"42830.0";"0.1891273"
"42840.0";"0.2004819"
"42850.0";"0.1735999"
"42860.0";"0.2042692"
"42870.0";"0.2017148"
"42880.0";"0.1957015"
"42890.0";"0.2222478"
"42900.0";"0.1847537"
"42910.0";"0.220948"
"42920.0";"0.1939098"
"42930.0";"0.187968"
"42940.0";"0.1981566"
"42950.0";"0.2039801"
"42960.0";"0.2006465"
"42970.0";"0.2255772"
"42980.0";"0.1851429"
"42990.0";"0.2098666"
"43000.0";"0.204027"
"43010.0";"0.2056988"
"43020.0";"0.1859277"
"43030.0";"0.1858764"
"43040.0";"0.1872377"
"43050.0";"0.2131761"
"43060.0";"0.1714087"
"43070.0";"0.2017671"
"43080.0";"0.2165868"
"43090.0";"0.1947331"
"43100.0";"0.1845157"
"43110.0";"0.2054265"
"43120.0";"0.1921382"
"43130.0";"0.1769831"
"43140.0";"0.199231"
"43150.0";"0.2145625"
"43160.0";"0.2161181"
"43170.0";"0.2001251"
"43180.0";"0.2012013"
"43190.0";"0.2013579"
"43200.0";"0.1737615"
"43210.0";"0.2085809"
"43220.0";"0.2117191"
"43230.0";"0.1964841"
"43240.0";"0.2009976"
"43250.0";"0.2003493"
"43260.0";"0.2020001"
"43270.0";"0.1960205"
"43280.0";"0.1909451"
"43290.0";"0.2189384"
"43300.0";"0.1813367"
"43310.0";"0.2207169"
"43320.0";"0.2203884"
"43330.0";"0.2228406"
"43340.0";"0.1786504"
"43350.0";"0.1978028"
"43360.0";"0.2205947"
"43370.0";"0.2007013"
"43380.0";"0.1913973"
"43390.0";"0.2028474"
"43400.0";"0.2097233"
"43410.0";"0.2867435"
"43420.0";"0.2164901"
"43430.0";"0.183872"
"43440.0";"0.1935692"
"43450.0";"0.2160186"
"43460.0";"0.2237967"
"43470.0";"0.2084732"
"43480.0";"0.2185841"
"43490.0";"0.2060002"
"43500.0";"0.2117688"
"43510.0";"0.2258429"
"43520.0";"0.1999848"
"43530.0";"0.1959949"
"43540.0";"0.2061557"
"43550.0";"0.2381428"
"43560.0";"0.1715254"
"43570.0";"0.2276072"
"43580.0";"0.2267973"
"43590.0";"0.1642227"
"43600.0";"0.2435099"
"43610.0";"0.1739802"
"43620.0";"0.2304476"
"43630.0";"0.1899737"
"43640.0";"0.2197931"
"43650.0";"0.2153951"
"43660.0";"0.2530494"
"43670.0";"0.2460773"
"43680.0";"0.2582248"
"43690.0";"0.2607988"
"43700.0";"0.1793545"
"43710.0";"0.1665834"
"43720.0";"0.1768899"
"43730.0";"0.2472044"
"43740.0";"0.2487109"
"43750.0";"0.1969033"
"43760.0";"0.2083216"
"43770.0";"0.2558635"
"43780.0";"0.2375942"
"43790.0";"0.2307424"
"43800.0";"0.2202136"
"43810.0";"0.236605"
"43820.0";"0.1861669"
"43830.0";"0.248729"
"43840.0";"0.2135836"
"43850.0";"0.215854"
"43860.0";"0.2024004"
"43870.0";"0.173427"
"43880.0";"0.1830984"
"43890.0";"0.1840244"
"43900.0";"0.2341794"
"43910.0";"0.2022549"
"43920.0";"0.2128357"
"43930.0";"0.1860376"
"43940.0";"0.2028893"
"43950.0";"0.2003396"
"43960.0";"0.2429528"
"43970.0";"0.1880055"
"43980.0";"0.2140585"
"43990.0";"0.2380886"
"44000.0";"0.1647211"
"44010.0";"0.2213123"
"44020.0";"0.2157827"
"44030.0";"0.2350847"
"44040.0";"0.2080819"
"44050.0";"0.2198206"
"44060.0";"0.1821044"
"44070.0";"0.2102904"
"44080.0";"0.1724094"
"44090.0";"0.1844698"
"44100.0";"0.1685559"
"44110.0";"0.2384387"
"44120.0";"0.2265256"
"44130.0";"0.2097832"
"44140.0";"0.2453487"
"44150.0";"0.2140583"
"44160.0";"0.2236359"
"44170.0";"0.2365546"
"44180.0";"0.2315191"
"44190.0";"0.210376"
"44200.0";"0.1849484"
"44210.0";"0.2130447"
"44220.0";"0.2327271"
"44230.0";"0.2456563"
"44240.0";"0.2307576"
"44250.0";"0.1830248"
"44260.0";"0.233782"
"44270.0";"0.2015291"
"44280.0";"0.186277"
"44290.0";"0.2085522"
"44300.0";"0.2176811"
"44310.0";"0.185173"
"44320.0";"0.2304909"
"44330.0";"0.1907408"
"44340.0";"0.1951562"
"44350.0";"0.2070702"
"44360.0";"0.180668"
"44370.0";"0.2045412"
"44380.0";"0.1888226"
"44390.0";"0.2346189"
"44400.0";"0.2186573"
"44410.0";"0.2041885"
"44420.0";"0.2108694"
"44430.0";"0.186882"
"44440.0";"0.2112487"
"44450.0";"0.2040221"
"44460.0";"0.207355"
"44470.0";"0.2610693"
"44480.0";"0.2841496"
"44490.0";"0.2245574"
"44500.0";"0.2114096"
"44510.0";"0.1997749"
"44520.0";"0.2339849"
"44530.0";"0.1901211"
"44540.0";"0.200392"
"44550.0";"0.2203864"
"44560.0";"0.1815297"
"44570.0";"0.2087318"
"44580.0";"0.2212712"
"44590.0";"0.1937884"
"44600.0";"0.227528"
"44610.0";"0.2072052"
"44620.0";"0.2386166"
"44630.0";"0.2270506"
"44640.0";"0.2276662"
"44650.0";"0.1947232"
"44660.0";"0.2169932"
"44670.0";"0.181042"
"44680.0";"0.2158609"
"44690.0";"0.2029137"
"44700.0";"0.2282913"
"44710.0";"0.1886585"
"44720.0";"0.227341"
"44730.0";"0.2309308"
"44740.0";"0.2145368"
"44750.0";"0.192021"
"44760.0";"0.2182406"
"44770.0";"0.2314606"
"44780.0";"0.2279251"
"44790.0";"0.2005946"
"44800.0";"0.2030419"
"44810.0";"0.2214449"
"44820.0";"0.1930491"
"44830.0";"0.2267707"
"44840.0";"0.2101855"
"44850.0";"0.2137149"
"44860.0";"0.2312122"
"44870.0";"0.2072149"
"44880.0";"0.2392926"
"44890.0";"0.2421096"
"44900.0";"0.2277762"
"44910.0";"0.2040934"
"44920.0";"0.2121274"
"44930.0";"0.2311147"
"44940.0";"0.2279537"
"44950.0";"0.2127721"
"44960.0";"0.2483669"
"44970.0";"0.220395"
"44980.0";"0.187995"
"44990.0";"0.2157428"
"45000.0";"0.2294865"
"45010.0";"0.2356227"
"45020.0";"0.2359024"
"45030.0";"0.2592104"
"45040.0";"0.2564605"
"45050.0";"0.2417357"
"45060.0";"0.2272645"
"45070.0";"0.2458518"
"45080.0";"0.2175982"
"45090.0";"0.1677856"
"45100.0";"0.1538765"
"45110.0";"0.166256"
"45120.0";"0.1548259"
"45130.0";"0.1559522"
"45140.0";"0.1620309"
"45150.0";"0.1582752"
"45160.0";"0.1589531"
"45170.0";"0.1637833"
"45180.0";"0.155132"
"45190.0";"0.1516873"
"45200.0";"0.15548"
"45210.0";"0.1680504"
"45220.0";"0.1643595"
"45230.0";"0.1528759"
"45240.0";"0.1779269"
"45250.0";"0.1636916"
"45260.0";"0.1620153"
"45270.0";"0.150864"
"45280.0";"0.1613228"
"45290.0";"0.1736605"
"45300.0";"0.152319"
"45310.0";"0.1664093"
"45320.0";"0.1682645"
"45330.0";"0.1648302"
"45340.0";"0.155827"
"45350.0";"0.1565694"
"45360.0";"0.1805274"
"45370.0";"0.1741582"
"45380.0";"0.159333"
"45390.0";"0.1580251"
"45400.0";"0.1612266"
"45410.0";"0.1528594"
"45420.0";"0.1626191"
"45430.0";"0.1633799"
"45440.0";"0.1588078"
"45450.0";"0.1542919"
"45460.0";"0.1594427"
"45470.0";"0.1631135"
"45480.0";"0.1577975"
"45490.0";"0.1642103"
"45500.0";"0.151159"
"45510.0";"0.1588271"
"45520.0";"0.1765954"
"45530.0";"0.1665652"
"45540.0";"0.1601436"
"45550.0";"0.1647363"
"45560.0";"0.1564227"
"45570.0";"0.1598343"
"45580.0";"0.1529901"
"45590.0";"0.1502131"
"45600.0";"0.1603558"
"45610.0";"0.1625239"
"45620.0";"0.1638199"
"45630.0";"0.1554543"
"45640.0";"0.1694342"
"45650.0";"0.1595055"
"45660.0";"0.1660028"
"45670.0";"0.1601501"
"45680.0";"0.1691096"
"45690.0";"0.1474517"
"45700.0";"0.1661986"
"45710.0";"0.1731187"
"45720.0";"0.1583667"
"45730.0";"0.1574925"
"45740.0";"0.1671228"
"45750.0";"0.1529512"
"45760.0";"0.1631072"
"45770.0";"0.1628744"
"45780.0";"0.1639664"
"45790.0";"0.1611303"
"45800.0";"0.1676513"
"45810.0";"0.1578354"
"45820.0";"0.1545152"
"45830.0";"0.1648422"
"45840.0";"0.1496798"
"45850.0";"0.1645634"
"45860.0";"0.1665743"
"45870.0";"0.1640276"
"45880.0";"0.1626837"
"45890.0";"0.1647848"
"45900.0";"0.1734041"
"45910.0";"0.1663907"
"45920.0";"0.1694372"
"45930.0";"0.1615611"
"45940.0";"0.1552097"
"45950.0";"0.1606829"
"45960.0";"0.1729914"
"45970.0";"0.1694281"
"45980.0";"0.1764371"
"45990.0";"0.1630031"
"46000.0";"0.1671676"
"46010.0";"0.1677052"
"46020.0";"0.1564898"
"46030.0";"0.1624007"
"46040.0";"0.1615676"
"46050.0";"0.1585119"
"46060.0";"0.1773611"
"46070.0";"0.1562753"
"46080.0";"0.1710148"
"46090.0";"0.1690564"
"46100.0";"0.1616042"
"46110.0";"0.1669191"
"46120.0";"0.1703556"
"46130.0";"0.1570542"
"46140.0";"0.1518452"
"46150.0";"0.1743816"
"46160.0";"0.1570255"
"46170.0";"0.1613597"
"46180.0";"0.1652724"
"46190.0";"0.1700497"
"46200.0";"0.1640671"
"46210.0";"0.1652905"
"46220.0";"0.1763578"
"46230.0";"0.157978"
"46240.0";"0.1541526"
"46250.0";"0.1587798"
"46260.0";"0.1552612"
"46270.0";"0.1666884"
"46280.0";"0.1575213"
"46290.0";"0.1551389"
"46300.0";"0.1611021"
"46310.0";"0.1621697"
"46320.0";"0.1603434"
"46330.0";"0.1648666"
"46340.0";"0.1790226"
"46350.0";"0.1578986"
"46360.0";"0.1683805"
"46370.0";"0.185421"
"46380.0";"0.1798694"
"46390.0";"0.1664453"
"46400.0";"0.1579397"
"46410.0";"0.1522763"
"46420.0";"0.1553769"
"46430.0";"0.180405"
"46440.0";"0.1692689"
"46450.0";"0.1608417"
"46460.0";"0.1562466"
"46470.0";"0.1574424"
"46480.0";"0.1547707"
"46490.0";"0.1613973"
"46500.0";"0.1636734"
"46510.0";"0.152843"
"46520.0";"0.1553931"
"46530.0";"0.1652237"
"46540.0";"0.156461"
"46550.0";"0.1456468"
"46560.0";"0.1502862"
"46570.0";"0.1474754"
"46580.0";"0.1631076"
"46590.0";"0.1717615"
"46600.0";"0.1477767"
"46610.0";"0.1658825"
"46620.0";"0.1676517"
"46630.0";"0.1632606"
"46640.0";"0.1684608"
"46650.0";"0.1599626"
"46660.0";"0.1644567"
"46670.0";"0.1589372"
"46680.0";"0.1618671"
"46690.0";"0.1717382"
"46700.0";"0.1592765"
"46710.0";"0.1567449"
"46720.0";"0.1544833"
"46730.0";"0.1580318"
"46740.0";"0.1678124"
"46750.0";"0.1603312"
"46760.0";"0.1557529"
"46770.0";"0.1630124"
"46780.0";"0.1614033"
"46790.0";"0.158158"
"46800.0";"0.1514993"
"46810.0";"0.165206"
"46820.0";"0.1574832"
"46830.0";"0.1642043"
"46840.0";"0.1584741"
"46850.0";"0.16432"
"46860.0";"0.1512152"
"46870.0";"0.152348"
"46880.0";"0.1623022"
"46890.0";"0.1699179"
"46900.0";"0.157102"
"46910.0";"0.1645906"
"46920.0";"0.150413"
"46930.0";"0.1695108"
"46940.0";"0.1489463"
"46950.0";"0.1703409"
"46960.0";"0.1703969"
"46970.0";"0.1507351"
"46980.0";"0.1485969"
"46990.0";"0.1714354"
"47000.0";"0.1612109"
"47010.0";"0.1774657"
"47020.0";"0.1583288"
"47030.0";"0.1629171"
"47040.0";"0.1626161"
"47050.0";"0.2554328"
"47060.0";"0.1959745"
"47070.0";"0.1531077"
"47080.0";"0.1584107"
"47090.0";"0.1597527"
"47100.0";"0.1543437"
"47110.0";"0.1620617"
"47120.0";"0.1571179"
"47130.0";"0.1524106"
"47140.0";"0.1667393"
"47150.0";"0.1663761"
"47160.0";"0.1625115"
"47170.0";"0.1553355"
"47180.0";"0.1637864"
"47190.0";"0.150778"
"47200.0";"0.1636644"
"47210.0";"0.1592672"
"47220.0";"0.1613784"
"47230.0";"0.1694638"
"47240.0";"0.1522005"
"47250.0";"0.1538572"
"47260.0";"0.1719767"
"47270.0";"0.1664242"
"47280.0";"0.1642866"
"47290.0";"0.1709354"
"47300.0";"0.1611242"
"47310.0";"0.1499635"
"47320.0";"0.1646178"
"47330.0";"0.1638629"
"47340.0";"0.1531636"
"47350.0";"0.1607014"
"47360.0";"0.1653149"
"47370.0";"0.1649635"
"47380.0";"0.1659066"
"47390.0";"0.1552096"
"47400.0";"0.1639787"
"47410.0";"0.1574803"
"47420.0";"0.1679163"
"47430.0";"0.1661111"
"47440.0";"0.1584015"
"47450.0";"0.1559806"
"47460.0";"0.1633"
"47470.0";"0.1623606"
"47480.0";"0.1577881"
"47490.0";"0.1700031"
"47500.0";"0.1778033"
"47510.0";"0.1501368"
"47520.0";"0.166943"
"47530.0";"0.1547059"
"47540.0";"0.1610901"
"47550.0";"0.1546641"
"47560.0";"0.1569235"
"47570.0";"0.1585781"
"47580.0";"0.1545088"
"47590.0";"0.1695196"
"47600.0";"0.1580631"
"47610.0";"0.1565693"
"47620.0";"0.153212"
"47630.0";"0.1566778"
"47640.0";"0.1487344"
"47650.0";"0.160913"
"47660.0";"0.1608108"
"47670.0";"0.1644201"
"47680.0";"0.1494354"
"47690.0";"0.1571781"
"47700.0";"0.1495491"
"47710.0";"0.1665563"
"47720.0";"0.1687305"
"47730.0";"0.1539903"
"47740.0";"0.1738647"
"47750.0";"0.1682289"
"47760.0";"0.1695081"
"47770.0";"0.1532187"
"47780.0";"0.1496598"
"47790.0";"0.1536556"
"47800.0";"0.1612453"
"47810.0";"0.1539937"
"47820.0";"0.1614527"
"47830.0";"0.1612019"
"47840.0";"0.1677077"
"47850.0";"0.1600595"
"47860.0";"0.150662"
"47870.0";"0.1579176"
"47880.0";"0.160278"
"47890.0";"0.1937989"
"47900.0";"0.1577025"
"47910.0";"0.1562403"
"47920.0";"0.1548255"
"47930.0";"0.1522955"
"47940.0";"0.157461"
"47950.0";"0.1466321"
"47960.0";"0.1641768"
"47970.0";"0.169334"
"47980.0";"0.1694964"
"47990.0";"0.1620525"
"48000.0";"0.1512547"
"48010.0";"0.1560642"
"48020.0";"0.1481013"
"48030.0";"0.1541329"
"48040.0";"0.1682943"
"48050.0";"0.1582561"
"48060.0";"0.1619226"
"48070.0";"0.1554895"
"48080.0";"0.1714441"
"48090.0";"0.1619228"
"48100.0";"0.1602903"
"48110.0";"0.1555922"
"48120.0";"0.160602"
"48130.0";"0.1650636"
"48140.0";"0.1527088"
"48150.0";"0.1413366"
"48160.0";"0.1714118"
"48170.0";"0.1536944"
"48180.0";"0.1841576"
"48190.0";"0.1635204"
"48200.0";"0.174118"
"48210.0";"0.150884"
"48220.0";"0.166961"
"48230.0";"0.1693931"
"48240.0";"0.1608757"
"48250.0";"0.1661656"
"48260.0";"0.1513835"
"48270.0";"0.1504028"
"48280.0";"0.1661025"
"48290.0";"0.1491877"
"48300.0";"0.1737269"
"48310.0";"0.1551966"
"48320.0";"0.1453167"
"48330.0";"0.157737"
"48340.0";"0.1821894"
"48350.0";"0.1587643"
"48360.0";"0.1779242"
"48370.0";"0.1720375"
"48380.0";"0.1590565"
"48390.0";"0.1607916"
"48400.0";"0.161323"
"48410.0";"0.1728238"
"48420.0";"0.1615457"
"48430.0";"0.1728267"
"48440.0";"0.1593172"
"48450.0";"0.1587638"
"48460.0";"0.1569264"
"48470.0";"0.1616852"
"48480.0";"0.1654509"
"48490.0";"0.1592075"
"48500.0";"0.1716854"
"48510.0";"0.1649151"
"48520.0";"0.1678508"
"48530.0";"0.1605829"
"48540.0";"0.1693693"
"48550.0";"0.1675708"
"48560.0";"0.1611765"
"48570.0";"0.173531"
"48580.0";"0.1659097"
"48590.0";"0.1614529"
"48600.0";"0.1682205"
"48610.0";"0.1626435"
"48620.0";"0.1685499"
"48630.0";"0.1694402"
"48640.0";"0.1645419"
"48650.0";"0.1574039"
"48660.0";"0.1741525"
"48670.0";"0.1654418"
"48680.0";"0.1715401"
"48690.0";"0.1593172"
"48700.0";"0.1640549"
"48710.0";"0.1875901"
"48720.0";"0.1549389"
"48730.0";"0.1774964"
"48740.0";"0.1759689"
"48750.0";"0.1686474"
"48760.0";"0.1609377"
"48770.0";"0.1661146"
"48780.0";"0.1823788"
"48790.0";"0.1610901"
"48800.0";"0.1611242"
"48810.0";"0.1616448"
"48820.0";"0.1636396"
"48830.0";"0.1641524"
"48840.0";"0.1547579"
"48850.0";"0.1528819"
"48860.0";"0.1750684"
"48870.0";"0.1578511"
"48880.0";"0.1629416"
"48890.0";"0.1574486"
"48900.0";"0.1696026"
"48910.0";"0.1710354"
"48920.0";"0.1620184"
"48930.0";"0.1603185"
"48940.0";"0.1621916"
"48950.0";"0.1604089"
"48960.0";"0.1679107"
"48970.0";"0.1407622"
"48980.0";"0.1486743"
"48990.0";"0.1683836"
"49000.0";"0.1590222"
"49010.0";"0.1572576"
"49020.0";"0.1549741"
"49030.0";"0.1792458"
"49040.0";"0.1644475"
"49050.0";"0.1562979"
"49060.0";"0.1551705"
"49070.0";"0.1650727"
"49080.0";"0.1592674"
"49090.0";"0.1656082"
"49100.0";"0.1715048"
"49110.0";"0.1604431"
"49120.0";"0.1594773"
"49130.0";"0.1679465"
"49140.0";"0.1579716"
"49150.0";"0.179836"
"49160.0";"0.169994"
"49170.0";"0.1510133"
"49180.0";"0.1544179"
"49190.0";"0.1678896"
"49200.0";"0.1625698"
"49210.0";"0.1624593"
"49220.0";"0.1552098"
"49230.0";"0.1534404"
"49240.0";"0.1723368"
"49250.0";"0.1705371"
"49260.0";"0.1541459"
"49270.0";"0.1587228"
"49280.0";"0.1742816"
"49290.0";"0.1626929"
"49300.0";"0.1651333"
"49310.0";"0.151357"
"49320.0";"0.1684812"
"49330.0";"0.1805826"
"49340.0";"0.1532678"
"49350.0";"0.152151"
"49360.0";"0.1643957"
"49370.0";"0.170194"
"49380.0";"0.1657166"
"49390.0";"0.1626071"
"49400.0";"0.1639695"
"49410.0";"0.1658345"
"49420.0";"0.1619447"
"49430.0";"0.1774966"
"49440.0";"0.15617"
"49450.0";"0.1571019"
"49460.0";"0.1544607"
"49470.0";"0.1571021"
"49480.0";"0.1524664"
"49490.0";"0.1603155"
"49500.0";"0.1631348"
"49510.0";"0.1830683"
"49520.0";"0.1917631"
"49530.0";"0.1530001"
"49540.0";"0.1571148"
"49550.0";"0.1655233"
"49560.0";"0.1633677"
"49570.0";"0.1532252"
"49580.0";"0.1689882"
"49590.0";"0.1591822"
"49600.0";"0.1656174"
"49610.0";"0.1595619"
"49620.0";"0.1548771"
"49630.0";"0.1642957"
"49640.0";"0.152876"
"49650.0";"0.1607513"
"49660.0";"0.1534992"
"49670.0";"0.1595116"
"49680.0";"0.1646998"
"49690.0";"0.1777438"
"49700.0";"0.1527254"
"49710.0";"0.1544862"
"49720.0";"0.1651576"
"49730.0";"0.1607793"
"49740.0";"0.1672899"
"49750.0";"0.1721688"
"49760.0";"0.1617219"
"49770.0";"0.1497528"
"49780.0";"0.153395"
"49790.0";"0.1626217"
"49800.0";"0.1666521"
"49810.0";"0.152013"
"49820.0";"0.1697819"
"49830.0";"0.1819311"
"49840.0";"0.1541235"
"49850.0";"0.1771271"
"49860.0";"0.1568214"
"49870.0";"0.1512679"
"49880.0";"0.1618795"
"49890.0";"0.1632453"
"49900.0";"0.1735394"
"49910.0";"0.1523254"
"49920.0";"0.1464445"
"49930.0";"0.1616941"
"49940.0";"0.160705"
"49950.0";"0.1672183"
"49960.0";"0.1552225"
"49970.0";"0.1458391"
"49980.0";"0.1542366"
"49990.0";"0.1693573"
"50000.0";"0.1570477"
"50010.0";"0.1593265"
"50020.0";"0.1526202"
"50030.0";"0.1505522"
"50040.0";"0.1593142"
"50050.0";"0.1650333"
"50060.0";"0.1576515"
"50070.0";"0.162662"
"50080.0";"0.1565056"
"50090.0";"0.1563524"
"50100.0";"0.1603779"
"50110.0";"0.1624871"
"50120.0";"0.1555701"
"50130.0";"0.1511884"
"50140.0";"0.1589494"
"50150.0";"0.152774"
"50160.0";"0.1638687"
"50170.0";"0.1422603"
"50180.0";"0.1613318"
"50190.0";"0.1591663"
"50200.0";"0.1571656"
"50210.0";"0.1537853"
"50220.0";"0.1600281"
"50230.0";"0.1578766"
"50240.0";"0.1593112"
"50250.0";"0.1474755"
"50260.0";"0.1552838"
"50270.0";"0.1558912"
"50280.0";"0.1552743"
"50290.0";"0.1601157"
"50300.0";"0.1600689"
"50310.0";"0.1646874"
"50320.0";"0.1579655"
"50330.0";"0.1604743"
"50340.0";"0.1578005"
"50350.0";"0.1621849"
"50360.0";"0.1591575"
"50370.0";"0.1569554"
"50380.0";"0.1734534"
"50390.0";"0.1806352"
"50400.0";"0.1604618"
"50410.0";"0.1561826"
"50420.0";"0.1611026"
"50430.0";"0.1604341"
"50440.0";"0.1495795"
"50450.0";"0.156745"
"50460.0";"0.1606768"
"50470.0";"0.162923"
"50480.0";"0.1619073"
"50490.0";"0.1548579"
"50500.0";"0.1645782"
"50510.0";"0.1612109"
"50520.0";"0.1577372"
"50530.0";"0.1570475"
"50540.0";"0.1722237"
"50550.0";"0.1598905"
"50560.0";"0.1546869"
"50570.0";"0.162071"
"50580.0";"0.1651361"
"50590.0";"0.1576227"
"50600.0";"0.1526629"
"50610.0";"0.1530164"
"50620.0";"0.1581833"
"50630.0";"0.1840215"
"50640.0";"0.1648336"
"50650.0";"0.1515589"
"50660.0";"0.1573595"
"50670.0";"0.1577944"
"50680.0";"0.157261"
"50690.0";"0.1512512"
"50700.0";"0.1451207"
"50710.0";"0.1743932"
"50720.0";"0.1557465"
"50730.0";"0.1568437"
"50740.0";"0.156496"
"50750.0";"0.1719331"
"50760.0";"0.1553772"
"50770.0";"0.1590629"
"50780.0";"0.1629386"
"50790.0";"0.1619075"
"50800.0";"0.1591508"
"50810.0";"0.1610402"
"50820.0";"0.1624222"
"50830.0";"0.1521941"
"50840.0";"0.1732194"
"50850.0";"0.1593144"
"50860.0";"0.1685765"
"50870.0";"0.1634901"
"50880.0";"0.1685317"
"50890.0";"0.1746341"
"50900.0";"0.1654751"
"50910.0";"0.1677439"
"50920.0";"0.1641309"
"50930.0";"0.1651243"
"50940.0";"0.1515287"
"50950.0";"0.1699533"
"50960.0";"0.1552386"
"50970.0";"0.1650793"
"50980.0";"0.1524304"
"50990.0";"0.1592575"
"51000.0";"0.1573945"
"51010.0";"0.1615579"
"51020.0";"0.1586378"
"51030.0";"0.1659698"
"51040.0";"0.1676485"
"51050.0";"0.1642772"
"51060.0";"0.1654508"
"51070.0";"0.1627454"
"51080.0";"0.1656533"
"51090.0";"0.1671016"
"51100.0";"0.155891"
"51110.0";"0.1591257"
"51120.0";"0.1551418"
"51130.0";"0.1565404"
"51140.0";"0.1652906"
"51150.0";"0.1590284"
"51160.0";"0.1641523"
"51170.0";"0.1691423"
"51180.0";"0.1594522"
"51190.0";"0.1782719"
"51200.0";"0.1494021"
"51210.0";"0.15617"
"51220.0";"0.1680982"
"51230.0";"0.166283"
"51240.0";"0.157331"
"51250.0";"0.1699942"
"51260.0";"0.1585091"
"51270.0";"0.1908246"
"51280.0";"0.1616293"
"51290.0";"0.1609812"
"51300.0";"0.1647241"
"51310.0";"0.1755704"
"51320.0";"0.1549256"
"51330.0";"0.1650602"
"51340.0";"0.153473"
"51350.0";"0.1696853"
"51360.0";"0.1620803"
"51370.0";"0.1591826"
"51380.0";"0.1729766"
"51390.0";"0.159427"
"51400.0";"0.157347"
"51410.0";"0.1649275"
"51420.0";"0.1686951"
"51430.0";"0.1680238"
"51440.0";"0.1713361"
"51450.0";"0.148479"
"51460.0";"0.1690235"
"51470.0";"0.1626438"
"51480.0";"0.1536096"
"51490.0";"0.1636672"
"51500.0";"0.1589028"
"51510.0";"0.1892854"
"51520.0";"0.1568213"
"51530.0";"0.1619784"
"51540.0";"0.1545382"
"51550.0";"0.1698706"
"51560.0";"0.1576927"
"51570.0";"0.1662709"
"51580.0";"0.1545769"
"51590.0";"0.1565439"
"51600.0";"0.1861024"
"51610.0";"0.161087"
"51620.0";"0.1559132"
"51630.0";"0.1588111"
"51640.0";"0.1681935"
"51650.0";"0.1541786"
"51660.0";"0.1585497"
"51670.0";"0.1694403"
"51680.0";"0.1454683"
"51690.0";"0.1585527"
"51700.0";"0.1632332"
"51710.0";"0.1563239"
"51720.0";"0.1518418"
"51730.0";"0.1758579"
"51740.0";"0.151281"
"51750.0";"0.1587611"
"51760.0";"0.1693669"
"51770.0";"0.1649849"
"51780.0";"0.1556438"
"51790.0";"0.1518453"
"51800.0";"0.1582402"
"51810.0";"0.1774766"
"51820.0";"0.1597658"
"51830.0";"0.1466459"
"51840.0";"0.1549522"
"51850.0";"0.1705377"
"51860.0";"0.1532939"
"51870.0";"0.1566969"
"51880.0";"0.1554961"
"51890.0";"0.1510233"
"51900.0";"0.1583195"
"51910.0";"0.1682972"
"51920.0";"0.1576898"
"51930.0";"0.1657496"
"51940.0";"0.1545994"
"51950.0";"0.181706"
"51960.0";"0.1572454"
"51970.0";"0.1762355"
"51980.0";"0.1583449"
"51990.0";"0.1627358"
"52000.0";"0.1678183"
"52010.0";"0.1730723"
"52020.0";"0.166544"
"52030.0";"0.1590911"
"52040.0";"0.1563843"
"52050.0";"0.1662529"
"52060.0";"0.1594145"
"52070.0";"0.1648058"
"52080.0";"0.1723891"
"52090.0";"0.1617563"
"52100.0";"0.1606672"
"52110.0";"0.1611054"
"52120.0";"0.1571657"
"52130.0";"0.1495156"
"52140.0";"0.1690297"
"52150.0";"0.1707069"
"52160.0";"0.1552677"
"52170.0";"0.1635668"
"52180.0";"0.1575055"
"52190.0";"0.1690386"
"52200.0";"0.1536392"
"52210.0";"0.1443676"
"52220.0";"0.156949"
"52230.0";"0.1573372"
"52240.0";"0.1813832"
"52250.0";"0.1560349"
"52260.0";"0.158887"
"52270.0";"0.1500736"
"52280.0";"0.1500571"
"52290.0";"0.158714"
"52300.0";"0.1614871"
"52310.0";"0.1904049"
"52320.0";"0.1728874"
"52330.0";"0.1579397"
"52340.0";"0.1540976"
"52350.0";"0.1547549"
"52360.0";"0.1606486"
"52370.0";"0.1668232"
"52380.0";"0.1500734"
"52390.0";"0.1617252"
"52400.0";"0.1725949"
"52410.0";"0.1566463"
"52420.0";"0.1562081"
"52430.0";"0.1645143"
"52440.0";"0.1607329"
"52450.0";"0.1566461"
"52460.0";"0.1506419"
"52470.0";"0.1495258"
"52480.0";"0.1677884"
"52490.0";"0.1607548"
"52500.0";"0.1673438"
"52510.0";"0.1523353"
"52520.0";"0.1494793"
"52530.0";"0.169779"
"52540.0";"0.1791197"
"52550.0";"0.1596652"
"52560.0";"0.1587892"
"52570.0";"0.1683955"
"52580.0";"0.148479"
"52590.0";"0.1573974"
"52600.0";"0.1623853"
"52610.0";"0.1568214"
"52620.0";"0.1648056"
"52630.0";"0.1598184"
"52640.0";"0.1659034"
"52650.0";"0.1610777"
"52660.0";"0.1572197"
"52670.0";"0.1589712"
"52680.0";"0.1639147"
"52690.0";"0.150894"
"52700.0";"0.1700382"
"52710.0";"0.1576932"
"52720.0";"0.1541623"
"52730.0";"0.153418"
"52740.0";"0.145468"
"52750.0";"0.1661746"
"52760.0";"0.1821154"
"52770.0";"0.1586474"
"52780.0";"0.1567201"
"52790.0";"0.1487314"
"52800.0";"0.1692959"
"52810.0";"0.1629387"
"52820.0";"0.1569744"
"52830.0";"0.1641311"
"52840.0";"0.1597815"
"52850.0";"0.1730144"
"52860.0";"0.1702409"
"52870.0";"0.1609347"
"52880.0";"0.1695909"
"52890.0";"0.1569363"
"52900.0";"0.1660153"
"52910.0";"0.161669"
"52920.0";"0.1621914"
"52930.0";"0.15715"
"52940.0";"0.1757613"
"52950.0";"0.1599374"
"52960.0";"0.1547741"
"52970.0";"0.1559906"
"52980.0";"0.1535774"
"52990.0";"0.1732887"
"53000.0";"0.1737296"
"53010.0";"0.1666644"
"53020.0";"0.1591636"
"53030.0";"0.1581932"
"53040.0";"0.1550938"
"53050.0";"0.1589089"
"53060.0";"0.1484621"
"53070.0";"0.1590096"
"53080.0";"0.1778315"
"53090.0";"0.1693577"
"53100.0";"0.1557723"
"53110.0";"0.1608041"
"53120.0";"0.1536848"
"53130.0";"0.1687989"
"53140.0";"0.171117"
"53150.0";"0.1564769"
"53160.0";"0.1691924"
"53170.0";"0.1497832"
"53180.0";"0.1538118"
"53190.0";"0.1582438"
"53200.0";"0.1555283"
"53210.0";"0.158698"
"53220.0";"0.1536162"
"53230.0";"0.1532251"
"53240.0";"0.1633551"
"53250.0";"0.1529734"
"53260.0";"0.1513734"
"53270.0";"0.1475161"
"53280.0";"0.1628281"
"53290.0";"0.1654118"
"53300.0";"0.1750598"
"53310.0";"0.1551549"
"53320.0";"0.1555698"
"53330.0";"0.1618423"
"53340.0";"0.1550353"
"53350.0";"0.158433"
"53360.0";"0.1645784"
"53370.0";"0.1568312"
"53380.0";"0.1612764"
"53390.0";"0.1511621"
"53400.0";"0.1643505"
"53410.0";"0.1612331"
"53420.0";"0.1626161"
"53430.0";"0.1532354"
"53440.0";"0.1708596"
"53450.0";"0.16533"
"53460.0";"0.1740201"
"53470.0";"0.1605835"
"53480.0";"0.1681547"
"53490.0";"0.153834"
"53500.0";"0.1558781"
"53510.0";"0.1641371"
"53520.0";"0.1558655"
"53530.0";"0.1550294"
"53540.0";"0.1765475"
"53550.0";"0.1665921"
"53560.0";"0.1679552"
"53570.0";"0.1667842"
"53580.0";"0.1557209"
"53590.0";"0.1605552"
"53600.0";"0.1562884"
"53610.0";"0.1649542"
"53620.0";"0.1546642"
"53630.0";"0.1521151"
"53640.0";"0.1543825"
"53650.0";"0.1597624"
"53660.0";"0.1540716"
"53670.0";"0.1481145"
"53680.0";"0.1446238"
"53690.0";"0.1538864"
"53700.0";"0.1739998"
"53710.0";"0.1502863"
"53720.0";"0.1732829"
"53730.0";"0.1596371"
"53740.0";"0.1715953"
"53750.0";"0.1633248"
"53760.0";"0.1592046"
"53770.0";"0.1626223"
"53780.0";"0.1528593"
"53790.0";"0.1528073"
"53800.0";"0.1617312"
"53810.0";"0.1614032"
"53820.0";"0.1550903"
"53830.0";"0.1565021"
"53840.0";"0.1573184"
"53850.0";"0.1556311"
"53860.0";"0.1577497"
"53870.0";"0.1615051"
"53880.0";"0.1609751"
"53890.0";"0.1597846"
"53900.0";"0.1595339"
"53910.0";"0.1533135"
"53920.0";"0.1662827"
"53930.0";"0.1625239"
"53940.0";"0.1672992"
"53950.0";"0.1522167"
"53960.0";"0.1611523"
"53970.0";"0.1569653"
"53980.0";"0.1512646"
"53990.0";"0.1590285"
"54000.0";"0.1581427"
"54010.0";"0.1625978"
"54020.0";"0.1545608"
"54030.0";"0.1740747"
"54040.0";"0.1591634"
"54050.0";"0.1683148"
"54060.0";"0.1642376"
"54070.0";"0.1608534"
"54080.0";"0.1730491"
"54090.0";"0.1588871"
"54100.0";"0.160997"
"54110.0";"0.1667214"
"54120.0";"0.1607167"
"54130.0";"0.1593803"
"54140.0";"0.1952282"
"54150.0";"0.1844996"
"54160.0";"0.1711725"
"54170.0";"0.1765618"
"54180.0";"0.1892116"
"54190.0";"0.1639451"
"54200.0";"0.2064316"
"54210.0";"0.1820056"
"54220.0";"0.1811739"
"54230.0";"0.1854994"
"54240.0";"0.1868744"
"54250.0";"0.1899"
"54260.0";"0.1691715"
"54270.0";"0.1872135"
"54280.0";"0.1705285"
"54290.0";"0.162908"
"54300.0";"0.1911755"
"54310.0";"0.1964612"
"54320.0";"0.1846213"
"54330.0";"0.178418"
"54340.0";"0.1965172"
"54350.0";"0.1881623"
"54360.0";"0.1776798"
"54370.0";"0.1859167"
"54380.0";"0.1798001"
"54390.0";"0.1760285"
"54400.0";"0.1792011"
"54410.0";"0.1859544"
"54420.0";"0.1729887"
"54430.0";"0.1996047"
"54440.0";"0.1720058"
"54450.0";"0.2070893"
"54460.0";"0.1768444"
"54470.0";"0.2022402"
"54480.0";"0.1835456"
"54490.0";"0.1563779"
"54500.0";"0.1658704"
"54510.0";"0.1662557"
"54520.0";"0.1729853"
"54530.0";"0.1788183"
"54540.0";"0.1840136"
"54550.0";"0.1807124"
"54560.0";"0.1658524"
"54570.0";"0.1809918"
"54580.0";"0.172456"
"54590.0";"0.1914916"
"54600.0";"0.1835863"
"54610.0";"0.1877154"
"54620.0";"0.1877312"
"54630.0";"0.1769577"
"54640.0";"0.1940333"
"54650.0";"0.1744133"
"54660.0";"0.1856824"
"54670.0";"0.1783115"
"54680.0";"0.1775218"
"54690.0";"0.1685972"
"54700.0";"0.1925849"
"54710.0";"0.1851945"
"54720.0";"0.2071568"
"54730.0";"0.1755562"
"54740.0";"0.1708655"
"54750.0";"0.2018246"
"54760.0";"0.1662918"
"54770.0";"0.1749684"
"54780.0";"0.1715226"
"54790.0";"0.171152"
"54800.0";"0.2477519"
"54810.0";"0.2193377"
"54820.0";"0.2268086"
"54830.0";"0.2487772"
"54840.0";"0.1839265"
"54850.0";"0.2035509"
"54860.0";"0.1783506"
"54870.0";"0.164125"
"54880.0";"0.1627084"
"54890.0";"0.2028129"
"54900.0";"0.1703113"
"54910.0";"0.1855806"
"54920.0";"0.1628068"
"54930.0";"0.1850325"
"54940.0";"0.1773865"
"54950.0";"0.1678005"
"54960.0";"0.2032413"
"54970.0";"0.1905939"
"54980.0";"0.1647848"
"54990.0";"0.1824225"
"55000.0";"0.1623239"
"55010.0";"0.1841602"
"55020.0";"0.1666795"
"55030.0";"0.1920368"
"55040.0";"0.1676964"
"55050.0";"0.1805495"
"55060.0";"0.1791676"
"55070.0";"0.1744649"
"55080.0";"0.1638107"
"55090.0";"0.1669163"
"55100.0";"0.1715517"
"55110.0";"0.1568598"
"55120.0";"0.1831556"
"55130.0";"0.1704964"
"55140.0";"0.1768644"
"55150.0";"0.161892"
"55160.0";"0.1793237"
"55170.0";"0.1925357"
"55180.0";"0.1634965"
"55190.0";"0.1762041"
"55200.0";"0.1552644"
"55210.0";"0.1764341"
"55220.0";"0.1821099"
"55230.0";"0.1757555"
"55240.0";"0.1787737"
"55250.0";"0.172731"
"55260.0";"0.1773894"
"55270.0";"0.1593268"
"55280.0";"0.2010197"
"55290.0";"0.1732312"
"55300.0";"0.1775723"
"55310.0";"0.2049512"
"55320.0";"0.186604"
"55330.0";"0.1958596"
"55340.0";"0.1752341"
"55350.0";"0.1842309"
"55360.0";"0.2038481"
"55370.0";"0.1994463"
"55380.0";"0.182225"
"55390.0";"0.1805796"
"55400.0";"0.2014396"
"55410.0";"0.1892776"
"55420.0";"0.1847512"
"55430.0";"0.1779271"
"55440.0";"0.189452"
"55450.0";"0.1883933"
"55460.0";"0.2057034"
"55470.0";"0.2057426"
"55480.0";"0.2048632"
"55490.0";"0.2265262"
"55500.0";"0.190798"
"55510.0";"0.2069443"
"55520.0";"0.1788688"
"55530.0";"0.1829232"
"55540.0";"0.190775"
"55550.0";"0.1792234"
"55560.0";"0.1707043"
"55570.0";"0.1775222"
"55580.0";"0.200674"
"55590.0";"0.1720234"
"55600.0";"0.1977755"
"55610.0";"0.1853917"
"55620.0";"0.1784012"
"55630.0";"0.1826992"
"55640.0";"0.1814661"
"55650.0";"0.182225"
"55660.0";"0.1778594"
"55670.0";"0.1714175"
"55680.0";"0.1945172"
"55690.0";"0.1955632"
"55700.0";"0.1879525"
"55710.0";"0.1849353"
"55720.0";"0.2111112"
"55730.0";"0.1868074"
"55740.0";"0.172038"
"55750.0";"0.1819561"
"55760.0";"0.2218152"
"55770.0";"0.2078677"
"55780.0";"0.188093"
"55790.0";"0.1917573"
"55800.0";"0.1844151"
"55810.0";"0.1608724"
"55820.0";"0.1790336"
"55830.0";"0.1822251"
"55840.0";"0.1832893"
"55850.0";"0.2122948"
"55860.0";"0.1667634"
"55870.0";"0.1876513"
"55880.0";"0.2045724"
"55890.0";"0.1805024"
"55900.0";"0.1830057"
"55910.0";"0.1901313"
"55920.0";"0.1893725"
"55930.0";"0.2029802"
"55940.0";"0.1819833"
"55950.0";"0.1794827"
"55960.0";"0.1997399"
"55970.0";"0.1882709"
"55980.0";"0.2039656"
"55990.0";"0.1766946"
"56000.0";"0.1791786"
"56010.0";"0.1708946"
"56020.0";"0.1772512"
"56030.0";"0.1984893"
"56040.0";"0.1927409"
"56050.0";"0.2056284"
"56060.0";"0.1951254"
"56070.0";"0.1748999"
"56080.0";"0.2005195"
"56090.0";"0.1823707"
"56100.0";"0.1887354"
"56110.0";"0.1750716"
"56120.0";"0.1672782"
"56130.0";"0.1845509"
"56140.0";"0.1711986"
"56150.0";"0.178362"
"56160.0";"0.2054531"
"56170.0";"0.1839701"
"56180.0";"0.1764596"
"56190.0";"0.1785891"
"56200.0";"0.1764625"
"56210.0";"0.1755248"
"56220.0";"0.1786896"
"56230.0";"0.2035706"
"56240.0";"0.1854319"
"56250.0";"0.1694138"
"56260.0";"0.1849325"
"56270.0";"0.1925852"
"56280.0";"0.1779355"
"56290.0";"0.1941086"
"56300.0";"0.1658345"
"56310.0";"0.1928812"
"56320.0";"0.1973452"
"56330.0";"0.1831421"
"56340.0";"0.196606"
"56350.0";"0.1920441"
"56360.0";"0.1735653"
"56370.0";"0.1780475"
"56380.0";"0.1959261"
"56390.0";"0.1890765"
"56400.0";"0.1992211"
"56410.0";"0.1863841"
"56420.0";"0.1839074"
"56430.0";"0.1870534"
"56440.0";"0.1760741"
"56450.0";"0.1684221"
"56460.0";"0.1909267"
"56470.0";"0.1783954"
"56480.0";"0.177454"
"56490.0";"0.214518"
"56500.0";"0.1889601"
"56510.0";"0.1730723"
"56520.0";"0.1685318"
"56530.0";"0.1998248"
"56540.0";"0.1962472"
"56550.0";"0.1822689"
"56560.0";"0.1904572"
"56570.0";"0.1899712"
"56580.0";"0.1883853"
"56590.0";"0.2088016"
"56600.0";"0.1921899"
"56610.0";"0.1881195"
"56620.0";"0.1956401"
"56630.0";"0.188775"
"56640.0";"0.1893383"
"56650.0";"0.1683002"
"56660.0";"0.1891826"
"56670.0";"0.1786754"
"56680.0";"0.1718663"
"56690.0";"0.19213"
"56700.0";"0.1607729"
"56710.0";"0.1868423"
"56720.0";"0.1802723"
"56730.0";"0.2193696"
"56740.0";"0.163224"
"56750.0";"0.1727541"
"56760.0";"0.1700296"
"56770.0";"0.179633"
"56780.0";"0.1590282"
"56790.0";"0.1958034"
"56800.0";"0.1752338"
"56810.0";"0.1706105"
"56820.0";"0.1727425"
"56830.0";"0.1721514"
"56840.0";"0.1776655"
"56850.0";"0.1809918"
"56860.0";"0.1836793"
"56870.0";"0.1975376"
"56880.0";"0.168656"
"56890.0";"0.1806485"
"56900.0";"0.1981265"
"56910.0";"0.1714468"
"56920.0";"0.1857015"
"56930.0";"0.1712163"
"56940.0";"0.1708388"
"56950.0";"0.186743"
"56960.0";"0.1755163"
"56970.0";"0.1790363"
"56980.0";"0.2164463"
"56990.0";"0.1885998"
"57000.0";"0.1764626"
"57010.0";"0.186301"
"57020.0";"0.1609659"
"57030.0";"0.1882499"
"57040.0";"0.1986553"
"57050.0";"0.2141988"
"57060.0";"0.1857847"
"57070.0";"0.1746797"
"57080.0";"0.1861933"
"57090.0";"0.1807928"
"57100.0";"0.1806128"
"57110.0";"0.1740518"
"57120.0";"0.1821153"
"57130.0";"0.190751"
"57140.0";"0.1899397"
"57150.0";"0.1752542"
"57160.0";"0.1776317"
"57170.0";"0.1775021"
"57180.0";"0.1820165"
"57190.0";"0.1516607"
"57200.0";"0.1759033"
"57210.0";"0.1644534"
"57220.0";"0.1886002"
"57230.0";"0.2056134"
"57240.0";"0.1652509"
"57250.0";"0.1727454"
"57260.0";"0.1800583"
"57270.0";"0.1762527"
"57280.0";"0.1876835"
"57290.0";"0.174066"
"57300.0";"0.1756731"
"57310.0";"0.1897812"
"57320.0";"0.2018367"
"57330.0";"0.1850353"
"57340.0";"0.1601814"
"57350.0";"0.1907932"
"57360.0";"0.1871093"
"57370.0";"0.1683627"
"57380.0";"0.1864137"
"57390.0";"0.1783982"
"57400.0";"0.1850271"
"57410.0";"0.1754477"
"57420.0";"0.1755475"
"57430.0";"0.1814221"
"57440.0";"0.1869786"
"57450.0";"0.1736721"
"57460.0";"0.1976082"
"57470.0";"0.1797274"
"57480.0";"0.1926397"
"57490.0";"0.1867135"
"57500.0";"0.1821512"
"57510.0";"0.1793709"
"57520.0";"0.1679585"
"57530.0";"0.1843204"
"57540.0";"0.1571434"
"57550.0";"0.1823623"
"57560.0";"0.1687541"
"57570.0";"0.1722263"
"57580.0";"0.1742903"
"57590.0";"0.1961069"
"57600.0";"0.1686833"
"57610.0";"0.1826063"
"57620.0";"0.1961582"
"57630.0";"0.1763919"
"57640.0";"0.1807208"
"57650.0";"0.1878993"
"57660.0";"0.170112"
"57670.0";"0.1679614"
"57680.0";"0.1714355"
"57690.0";"0.1834148"
"57700.0";"0.1804492"
"57710.0";"0.1758498"
"57720.0";"0.1836437"
"57730.0";"0.1730375"
"57740.0";"0.1676722"
"57750.0";"0.1707925"
"57760.0";"0.1717001"
"57770.0";"0.1640152"
"57780.0";"0.1752142"
"57790.0";"0.1553514"
"57800.0";"0.19212"
"57810.0";"0.1817937"
"57820.0";"0.164204"
"57830.0";"0.1735801"
"57840.0";"0.1923795"
"57850.0";"0.195722"
"57860.0";"0.183589"
"57870.0";"0.1874059"
"57880.0";"0.1920207"
"57890.0";"0.1818376"
"57900.0";"0.1846211"
"57910.0";"0.1851754"
"57920.0";"0.1929017"
"57930.0";"0.1887669"
"57940.0";"0.1912615"
"57950.0";"0.1713505"
"57960.0";"0.1716334"
"57970.0";"0.1887513"
"57980.0";"0.177609"
"57990.0";"0.1869465"
"58000.0";"0.1897286"
"58010.0";"0.1849703"
"58020.0";"0.172482"
"58030.0";"0.1995822"
"58040.0";"0.1798971"
"58050.0";"0.198902"
"58060.0";"0.197436"
"58070.0";"0.1847515"
"58080.0";"0.1883322"
"58090.0";"0.1756443"
"58100.0";"0.1638813"
"58110.0";"0.164189"
"58120.0";"0.1611396"
"58130.0";"0.1711199"
"58140.0";"0.1742441"
"58150.0";"0.16456"
"58160.0";"0.1525156"
"58170.0";"0.1828931"
"58180.0";"0.1758237"
"58190.0";"0.1744305"
"58200.0";"0.1675828"
"58210.0";"0.160736"
"58220.0";"0.1543766"
"58230.0";"0.1527712"
"58240.0";"0.1706108"
"58250.0";"0.1723776"
"58260.0";"0.1637224"
"58270.0";"0.1503194"
"58280.0";"0.1600126"
"58290.0";"0.1596906"
"58300.0";"0.1643563"
"58310.0";"0.1480641"
"58320.0";"0.1642466"
"58330.0";"0.1826553"
"58340.0";"0.1617219"
"58350.0";"0.1627761"
"58360.0";"0.1612855"
"58370.0";"0.1579113"
"58380.0";"0.1520362"
"58390.0";"0.1590155"
"58400.0";"0.1562242"
"58410.0";"0.1801274"
"58420.0";"0.1577464"
"58430.0";"0.1562244"
"58440.0";"0.1552353"
"58450.0";"0.1633065"
"58460.0";"0.1589655"
"58470.0";"0.1618208"
"58480.0";"0.1528725"
"58490.0";"0.1660482"
"58500.0";"0.1617098"
"58510.0";"0.1755477"
"58520.0";"0.1626131"
"58530.0";"0.1618425"
"58540.0";"0.1533657"
"58550.0";"0.1537564"
"58560.0";"0.1543342"
"58570.0";"0.1753883"
"58580.0";"0.165436"
"58590.0";"0.1516607"
"58600.0";"0.1619817"
"58610.0";"0.1754453"
"58620.0";"0.1702733"
"58630.0";"0.1561603"
"58640.0";"0.1568469"
"58650.0";"0.1662228"
"58660.0";"0.171645"
"58670.0";"0.1616759"
"58680.0";"0.1735108"
"58690.0";"0.1644629"
"58700.0";"0.1621391"
"58710.0";"0.1622436"
"58720.0";"0.1640153"
"58730.0";"0.1580919"
"58740.0";"0.1810776"
"58750.0";"0.171269"
"58760.0";"0.1548225"
"58770.0";"0.1896179"
"58780.0";"0.1810469"
"58790.0";"0.1606114"
"58800.0";"0.1622528"
"58810.0";"0.1647697"
"58820.0";"0.1842066"
"58830.0";"0.1620959"
"58840.0";"0.1597529"
"58850.0";"0.168244"
"58860.0";"0.1691034"
"58870.0";"0.1666161"
"58880.0";"0.168015"
"58890.0";"0.1692249"
"58900.0";"0.1553513"
"58910.0";"0.1618673"
"58920.0";"0.160028"
"58930.0";"0.1554155"
"58940.0";"0.1580316"
"58950.0";"0.1677198"
"58960.0";"0.1713592"
"58970.0";"0.1691419"
"58980.0";"0.1653211"
"58990.0";"0.1682171"
"59000.0";"0.163129"
"59010.0";"0.1550357"
"59020.0";"0.1771016"
"59030.0";"0.1591321"
"59040.0";"0.1621388"
"59050.0";"0.1594771"
"59060.0";"0.1488826"
"59070.0";"0.1609102"
"59080.0";"0.1643229"
"59090.0";"0.1591412"
"59100.0";"0.175331"
"59110.0";"0.1562882"
"59120.0";"0.1700915"
"59130.0";"0.1497532"
"59140.0";"0.1651332"
"59150.0";"0.1614125"
"59160.0";"0.1642007"
"59170.0";"0.1810111"
"59180.0";"0.1585718"
"59190.0";"0.1686087"
"59200.0";"0.1639694"
"59210.0";"0.1789864"
"59220.0";"0.1606737"
"59230.0";"0.1783338"
"59240.0";"0.1754648"
"59250.0";"0.1506188"
"59260.0";"0.1513437"
"59270.0";"0.1599811"
"59280.0";"0.1579051"
"59290.0";"0.1701795"
"59300.0";"0.1490673"
"59310.0";"0.1633096"
"59320.0";"0.1775726"
"59330.0";"0.1735197"
"59340.0";"0.1773387"
"59350.0";"0.1723778"
"59360.0";"0.1503763"
"59370.0";"0.1796497"
"59380.0";"0.1619722"
"59390.0";"0.1615952"
"59400.0";"0.1625883"
"59410.0";"0.164976"
"59420.0";"0.1713504"
"59430.0";"0.1561281"
"59440.0";"0.1579812"
"59450.0";"0.1774741"
"59460.0";"0.1903839"
"59470.0";"0.1622499"
"59480.0";"0.1634962"
"59490.0";"0.1664271"
"59500.0";"0.1632332"
"59510.0";"0.1624376"
"59520.0";"0.1692602"
"59530.0";"0.1695524"
"59540.0";"0.1600032"
"59550.0";"0.1587359"
"59560.0";"0.158808"
"59570.0";"0.1529771"
"59580.0";"0.1594834"
"59590.0";"0.1649394"
"59600.0";"0.1555796"
"59610.0";"0.1559648"
"59620.0";"0.1568819"
"59630.0";"0.1736693"
"59640.0";"0.1670241"
"59650.0";"0.1625885"
"59660.0";"0.1682379"
"59670.0";"0.1551868"
"59680.0";"0.1703669"
"59690.0";"0.186949"
"59700.0";"0.1784407"
"59710.0";"0.153652"
"59720.0";"0.1641583"
"59730.0";"0.1637651"
"59740.0";"0.180538"
"59750.0";"0.1764711"
"59760.0";"0.1864967"
"59770.0";"0.1587765"
"59780.0";"0.1538052"
"59790.0";"0.1608666"
"59800.0";"0.161969"
"59810.0";"0.1758776"
"59820.0";"0.1554668"
"59830.0";"0.1643168"
"59840.0";"0.1832837"
"59850.0";"0.1738449"
"59860.0";"0.1657618"
"59870.0";"0.1740745"
"59880.0";"0.1772818"
"59890.0";"0.1608014"
"59900.0";"0.1610529"
"59910.0";"0.1807124"
"59920.0";"0.1536844"
"59930.0";"0.1764794"
"59940.0";"0.1573592"
"59950.0";"0.1700617"
"59960.0";"0.1672187"
"59970.0";"0.1553991"
"59980.0";"0.1626069"
"59990.0";"0.1576072"
"60000.0";"0.1550031"
"60010.0";"0.1587009"
"60020.0";"0.1626129"
"60030.0";"0.1636676"
"60040.0";"0.1750142"
"60050.0";"0.1601437"
"60060.0";"0.1881912"
"60070.0";"0.1568692"
"60080.0";"0.1602526"
"60090.0";"0.1574325"
"60100.0";"0.1671344"
"60110.0";"0.1740402"
"60120.0";"0.1693991"
"60130.0";"0.1914236"
"60140.0";"0.1711546"
"60150.0";"0.1537887"
"60160.0";"0.1720376"
"60170.0";"0.1663911"
"60180.0";"0.1593674"
"60190.0";"0.1675019"
"60200.0";"0.1706487"
"60210.0";"0.1667874"
"60220.0";"0.1750112"
"60230.0";"0.1534735"
"60240.0";"0.147875"
"60250.0";"0.1625331"
"60260.0";"0.172282"
"60270.0";"0.1629292"
"60280.0";"0.1656925"
"60290.0";"0.1799724"
"60300.0";"0.1649487"
"60310.0";"0.1617468"
"60320.0";"0.1553771"
"60330.0";"0.17276"
"60340.0";"0.1694399"
"60350.0";"0.1637373"
"60360.0";"0.173211"
"60370.0";"0.1593927"
"60380.0";"0.1596435"
"60390.0";"0.1628648"
"60400.0";"0.1637101"
"60410.0";"0.1731649"
"60420.0";"0.160125"
"60430.0";"0.1516181"
"60440.0";"0.1545769"
"60450.0";"0.1535868"
"60460.0";"0.1810445"
"60470.0";"0.1674547"
"60480.0";"0.1597498"
"60490.0";"0.1746423"
"60500.0";"0.1843611"
"60510.0";"0.1817166"
"60520.0";"0.1714001"
"60530.0";"0.1712336"
"60540.0";"0.1611893"
"60550.0";"0.1556311"
"60560.0";"0.1652544"
"60570.0";"0.1725514"
"60580.0";"0.1691894"
"60590.0";"0.1840518"
"60600.0";"0.1765393"
"60610.0";"0.1666163"
"60620.0";"0.1753655"
"60630.0";"0.1813338"
"60640.0";"0.1818845"
"60650.0";"0.2010296"
"60660.0";"0.1924398"
"60670.0";"0.1650155"
"60680.0";"0.1680776"
"60690.0";"0.1793237"
"60700.0";"0.1622526"
"60710.0";"0.1580913"
"60720.0";"0.1620894"
"60730.0";"0.1616104"
"60740.0";"0.1589119"
"60750.0";"0.1639266"
"60760.0";"0.1508442"
"60770.0";"0.1519112"
"60780.0";"0.1663883"
"60790.0";"0.169638"
"60800.0";"0.1764228"
"60810.0";"0.2383803"
"60820.0";"0.2383299"
"60830.0";"0.2019654"
"60840.0";"0.1568122"
"60850.0";"0.1659248"
"60860.0";"0.1597655"
"60870.0";"0.1628651"
"60880.0";"0.16039"
"60890.0";"0.1610308"
"60900.0";"0.1794045"
"60910.0";"0.1616694"
"60920.0";"0.1495696"
"60930.0";"0.1540939"
"60940.0";"0.1567196"
"60950.0";"0.1502169"
"60960.0";"0.1611276"
"60970.0";"0.1490539"
"60980.0";"0.160664"
"60990.0";"0.1595619"
"61000.0";"0.1690385"
"61010.0";"0.1500964"
"61020.0";"0.1534083"
"61030.0";"0.1596686"
"61040.0";"0.1577181"
"61050.0";"0.1631133"
"61060.0";"0.1733119"
"61070.0";"0.1622993"
"61080.0";"0.1681128"
"61090.0";"0.166304"
"61100.0";"0.1674127"
"61110.0";"0.1558301"
"61120.0";"0.1588618"
"61130.0";"0.1606549"
"61140.0";"0.16327"
"61150.0";"0.1589877"
"61160.0";"0.1676422"
"61170.0";"0.1590911"
"61180.0";"0.1582343"
"61190.0";"0.1528858"
"61200.0";"0.1726672"
"61210.0";"0.1564352"
"61220.0";"0.1673468"
"61230.0";"0.1448381"
"61240.0";"0.1689111"
"61250.0";"0.2347189"
"61260.0";"0.1517533"
"61270.0";"0.1700384"
"61280.0";"0.176054"
"61290.0";"0.1656321"
"61300.0";"0.1693517"
"61310.0";"0.144295"
"61320.0";"0.1586727"
"61330.0";"0.1571085"
"61340.0";"0.1525842"
"61350.0";"0.166039"
"61360.0";"0.1602345"
"61370.0";"0.1551512"
"61380.0";"0.158874"
"61390.0";"0.1661358"
"61400.0";"0.1576581"
"61410.0";"0.1568439"
"61420.0";"0.175568"
"61430.0";"0.178519"
"61440.0";"0.1547187"
"61450.0";"0.1616262"
"61460.0";"0.1649846"
"61470.0";"0.1777247"
"61480.0";"0.2033023"
"61490.0";"0.1915357"
"61500.0";"0.1662319"
"61510.0";"0.1686593"
"61520.0";"0.2146952"
"61530.0";"0.1743273"
"61540.0";"0.2137176"
"61550.0";"0.173072"
"61560.0";"0.2393682"
"61570.0";"0.1972944"
"61580.0";"0.1944069"
"61590.0";"0.1873206"
"61600.0";"0.1795495"
"61610.0";"0.1878988"
"61620.0";"0.1826613"
"61630.0";"0.18759"
"61640.0";"0.1934758"
"61650.0";"0.1884034"
"61660.0";"0.1756874"
"61670.0";"0.1835783"
"61680.0";"0.1625852"
"61690.0";"0.1777441"
"61700.0";"0.1634655"
"61710.0";"0.173534"
"61720.0";"0.1912014"
"61730.0";"0.1820713"
"61740.0";"0.1747369"
"61750.0";"0.1764878"
"61760.0";"0.1939203"
"61770.0";"0.1841876"
"61780.0";"0.181262"
"61790.0";"0.2204763"
"61800.0";"0.171619"
"61810.0";"0.2076271"
"61820.0";"0.2282675"
"61830.0";"0.1898287"
"61840.0";"0.1942395"
"61850.0";"0.1786305"
"61860.0";"0.1746909"
"61870.0";"0.1827265"
"61880.0";"0.1976585"
"61890.0";"0.2033445"
"61900.0";"0.1694843"
"61910.0";"0.18632"
"61920.0";"0.1829887"
"61930.0";"0.1824967"
"61940.0";"0.1637377"
"61950.0";"0.1917237"
"61960.0";"0.16414"
"61970.0";"0.1800803"
"61980.0";"0.1812068"
"61990.0";"0.1900233"
"62000.0";"0.1651454"
"62010.0";"0.1835758"
"62020.0";"0.1722379"
"62030.0";"0.1834367"
"62040.0";"0.1802386"
"62050.0";"0.1710937"
"62060.0";"0.1900023"
"62070.0";"0.1960867"
"62080.0";"0.1637103"
"62090.0";"0.1810523"
"62100.0";"0.2246374"
"62110.0";"0.1770114"
"62120.0";"0.1870213"
"62130.0";"0.169591"
"62140.0";"0.1837692"
"62150.0";"0.1824228"
"62160.0";"0.160851"
"62170.0";"0.179455"
"62180.0";"0.1981338"
"62190.0";"0.1905491"
"62200.0";"0.1709357"
"62210.0";"0.1982573"
"62220.0";"0.1641405"
"62230.0";"0.1804937"
"62240.0";"0.165496"
"62250.0";"0.172331"
"62260.0";"0.189581"
"62270.0";"0.1724207"
"62280.0";"0.1814882"
"62290.0";"0.1805131"
"62300.0";"0.194281"
"62310.0";"0.1593268"
"62320.0";"0.171199"
"62330.0";"0.1678631"
"62340.0";"0.1746855"
"62350.0";"0.1788576"
"62360.0";"0.1985372"
"62370.0";"0.1824143"
"62380.0";"0.1778625"
"62390.0";"0.1663913"
"62400.0";"0.1650636"
"62410.0";"0.1661596"
"62420.0";"0.1757412"
"62430.0";"0.1904893"
"62440.0";"0.1818514"
"62450.0";"0.1741121"
"62460.0";"0.1728638"
"62470.0";"0.1738566"
"62480.0";"0.1800223"
"62490.0";"0.1825078"
"62500.0";"0.1693193"
"62510.0";"0.1848293"
"62520.0";"0.1756219"
"62530.0";"0.1811434"
"62540.0";"0.1807042"
"62550.0";"0.176785"
"62560.0";"0.1763801"
"62570.0";"0.1824143"
"62580.0";"0.1748628"
"62590.0";"0.1634292"
"62600.0";"0.2008931"
"62610.0";"0.1690121"
"62620.0";"0.1675766"
"62630.0";"0.2188467"
"62640.0";"0.1668863"
"62650.0";"0.1660783"
"62660.0";"0.1767398"
"62670.0";"0.1665354"
"62680.0";"0.1737265"
"62690.0";"0.1953461"
"62700.0";"0.1815847"
"62710.0";"0.173465"
"62720.0";"0.1789103"
"62730.0";"0.1712102"
"62740.0";"0.1810057"
"62750.0";"0.1839868"
"62760.0";"0.1738102"
"62770.0";"0.2012512"
"62780.0";"0.1783288"
"62790.0";"0.1753196"
"62800.0";"0.1923432"
"62810.0";"0.1955352"
"62820.0";"0.1779016"
"62830.0";"0.1846885"
"62840.0";"0.1897686"
"62850.0";"0.1909292"
"62860.0";"0.2095975"
"62870.0";"0.1960664"
"62880.0";"0.2004219"
"62890.0";"0.2275984"
"62900.0";"0.209306"
"62910.0";"0.1756957"
"62920.0";"0.1803912"
"62930.0";"0.1837662"
"62940.0";"0.1750541"
"62950.0";"0.1959951"
"62960.0";"0.1755674"
"62970.0";"0.1773528"
"62980.0";"0.174086"
"62990.0";"0.1723772"
"63000.0";"0.1722934"
"63010.0";"0.1783736"
"63020.0";"0.1716304"
"63030.0";"0.1912826"
"63040.0";"0.1577623"
"63050.0";"0.1616355"
"63060.0";"0.1749314"
"63070.0";"0.1702084"
"63080.0";"0.1693926"
"63090.0";"0.1805242"
"63100.0";"0.1880984"
"63110.0";"0.1673857"
"63120.0";"0.1518781"
"63130.0";"0.1666159"
"63140.0";"0.1780869"
"63150.0";"0.1660119"
"63160.0";"0.1777669"
"63170.0";"0.1765501"
"63180.0";"0.1656924"
"63190.0";"0.1765812"
"63200.0";"0.1729854"
"63210.0";"0.2114452"
"63220.0";"0.1726818"
"63230.0";"0.1731647"
"63240.0";"0.1696379"
"63250.0";"0.1726326"
"63260.0";"0.1875258"
"63270.0";"0.179265"
"63280.0";"0.1744646"
"63290.0";"0.1781937"
"63300.0";"0.1604649"
"63310.0";"0.1809366"
"63320.0";"0.189824"
"63330.0";"0.1719943"
"63340.0";"0.1771694"
"63350.0";"0.1732365"
"63360.0";"0.1841385"
"63370.0";"0.1855077"
"63380.0";"0.1734159"
"63390.0";"0.1654872"
"63400.0";"0.1539483"
"63410.0";"0.1728035"
"63420.0";"0.1773193"
"63430.0";"0.1854454"
"63440.0";"0.1804246"
"63450.0";"0.1698144"
"63460.0";"0.1818214"
"63470.0";"0.1736603"
"63480.0";"0.1568375"
"63490.0";"0.1554929"
"63500.0";"0.1885999"
"63510.0";"0.1828336"
"63520.0";"0.1618705"
"63530.0";"0.1726179"
"63540.0";"0.1610866"
"63550.0";"0.1580919"
"63560.0";"0.1841765"
"63570.0";"0.1755593"
"63580.0";"0.1966572"
"63590.0";"0.1836355"
"63600.0";"0.1905073"
"63610.0";"0.1705579"
"63620.0";"0.195095"
"63630.0";"0.1729653"
"63640.0";"0.1836629"
"63650.0";"0.1665083"
"63660.0";"0.2215875"
"63670.0";"0.1851268"
"63680.0";"0.1866038"
"63690.0";"0.1711871"
"63700.0";"0.1794433"
"63710.0";"0.1825512"
"63720.0";"0.1928964"
"63730.0";"0.1762358"
"63740.0";"0.1802913"
"63750.0";"0.1744393"
"63760.0";"0.1745081"
"63770.0";"0.1805988"
"63780.0";"0.1806489"
"63790.0";"0.1736523"
"63800.0";"0.1711047"
"63810.0";"0.1659791"
"63820.0";"0.197043"
"63830.0";"0.1955429"
"63840.0";"0.1861207"
"63850.0";"0.1709418"
"63860.0";"0.1937474"
"63870.0";"0.1843068"
"63880.0";"0.1723399"
"63890.0";"0.17975"
"63900.0";"0.1831393"
"63910.0";"0.1792036"
"63920.0";"0.1700469"
"63930.0";"0.1758577"
"63940.0";"0.1816148"
"63950.0";"0.1829261"
"63960.0";"0.1660244"
"63970.0";"0.1839783"
"63980.0";"0.1842989"
"63990.0";"0.1670299"
"64000.0";"0.1582685"
"64010.0";"0.1750316"
"64020.0";"0.1809973"
"64030.0";"0.184602"
"64040.0";"0.1677678"
"64050.0";"0.1794712"
"64060.0";"0.1600567"
"64070.0";"0.1691422"
"64080.0";"0.1731737"
"64090.0";"0.1856985"
"64100.0";"0.178146"
"64110.0";"0.176508"
"64120.0";"0.1824747"
"64130.0";"0.160328"
"64140.0";"0.1734881"
"64150.0";"0.1784908"
"64160.0";"0.181849"
"64170.0";"0.186016"
"64180.0";"0.1813095"
"64190.0";"0.1889206"
"64200.0";"0.1949511"
"64210.0";"0.1658584"
"64220.0";"0.1681042"
"64230.0";"0.1697348"
"64240.0";"0.1667963"
"64250.0";"0.1784881"
"64260.0";"0.1755763"
"64270.0";"0.1893463"
"64280.0";"0.1752885"
"64290.0";"0.1742356"
"64300.0";"0.1879413"
"64310.0";"0.1746111"
"64320.0";"0.1871552"
"64330.0";"0.1870507"
"64340.0";"0.1775922"
"64350.0";"0.1736374"
"64360.0";"0.2094561"
"64370.0";"0.1670033"
"64380.0";"0.1772116"
"64390.0";"0.1880774"
"64400.0";"0.1791173"
"64410.0";"0.1824394"
"64420.0";"0.1783562"
"64430.0";"0.2078317"
"64440.0";"0.1772512"
"64450.0";"0.1710733"
"64460.0";"0.1933827"
"64470.0";"0.1837307"
"64480.0";"0.1775895"
"64490.0";"0.161821"
"64500.0";"0.1819313"
"64510.0";"0.1734303"
"64520.0";"0.1840301"
"64530.0";"0.1626962"
"64540.0";"0.1749342"
"64550.0";"0.1754396"
"64560.0";"0.1690146"
"64570.0";"0.1761021"
"64580.0";"0.1912147"
"64590.0";"0.1674337"
"64600.0";"0.1728293"
"64610.0";"0.1790949"
"64620.0";"0.1517993"
"64630.0";"0.1653208"
"64640.0";"0.1808812"
"64650.0";"0.1597342"
"64660.0";"0.1615737"
"64670.0";"0.1954736"
"64680.0";"0.1838339"
"64690.0";"0.1828031"
"64700.0";"0.1714813"
"64710.0";"0.178824"
"64720.0";"0.1789689"
"64730.0";"0.1716799"
"64740.0";"0.1734501"
"64750.0";"0.1689349"
"64760.0";"0.1785328"
"64770.0";"0.1634317"
"64780.0";"0.1737984"
"64790.0";"0.1879869"
"64800.0";"0.1751743"
"64810.0";"0.1753711"
"64820.0";"0.1805243"
"64830.0";"0.1976081"
"64840.0";"0.180898"
"64850.0";"0.1886504"
"64860.0";"0.1850456"
"64870.0";"0.1571368"
"64880.0";"0.1559394"
"64890.0";"0.1833928"
"64900.0";"0.1796917"
"64910.0";"0.1774122"
"64920.0";"0.1786196"
"64930.0";"0.1763945"
"64940.0";"0.1774429"
"64950.0";"0.1682028"
"64960.0";"0.1754338"
"64970.0";"0.1746568"
"64980.0";"0.1543405"
"64990.0";"0.1576611"
"65000.0";"0.1785413"
"65010.0";"0.1790869"
"65020.0";"0.1725747"
"65030.0";"0.1769574"
"65040.0";"0.1851084"
"65050.0";"0.172273"
"65060.0";"0.1775613"
"65070.0";"0.1817059"
"65080.0";"0.186038"
"65090.0";"0.1762557"
"65100.0";"0.1600439"
"65110.0";"0.1864777"
"65120.0";"0.1713888"
"65130.0";"0.1611054"
"65140.0";"0.1724297"
"65150.0";"0.1606021"
"65160.0";"0.1821235"
"65170.0";"0.1813093"
"65180.0";"0.1698054"
"65190.0";"0.1835705"
"65200.0";"0.1817719"
"65210.0";"0.1639207"
"65220.0";"0.1756214"
"65230.0";"0.1681666"
"65240.0";"0.1660874"
"65250.0";"0.175026"
"65260.0";"0.1770341"
"65270.0";"0.1551935"
"65280.0";"0.1968221"
"65290.0";"0.1855018"
"65300.0";"0.178376"
"65310.0";"0.1763491"
"65320.0";"0.1776518"
"65330.0";"0.1774714"
"65340.0";"0.1637374"
"65350.0";"0.1882926"
"65360.0";"0.1726787"
"65370.0";"0.1706724"
"65380.0";"0.1845698"
"65390.0";"0.1998625"
"65400.0";"0.1724905"
"65410.0";"0.1800609"
"65420.0";"0.1858227"
"65430.0";"0.1663133"
"65440.0";"0.179254"
"65450.0";"0.1724501"
"65460.0";"0.178944"
"65470.0";"0.1715866"
"65480.0";"0.1804492"
"65490.0";"0.1745539"
"65500.0";"0.1828527"
"65510.0";"0.1761846"
"65520.0";"0.1811605"
"65530.0";"0.1923174"
"65540.0";"0.1816095"
"65550.0";"0.1690917"
"65560.0";"0.1815652"
"65570.0";"0.1877895"
"65580.0";"0.167827"
"65590.0";"0.1735772"
"65600.0";"0.1682287"
"65610.0";"0.1854424"
"65620.0";"0.1843503"
"65630.0";"0.1916062"
"65640.0";"0.1737728"
"65650.0";"0.1656805"
"65660.0";"0.1895204"
"65670.0";"0.2164901"
"65680.0";"0.1767343"
"65690.0";"0.1700998"
"65700.0";"0.1688937"
"65710.0";"0.1649513"
"65720.0";"0.1671827"
"65730.0";"0.1727081"
"65740.0";"0.1927846"
"65750.0";"0.1894943"
"65760.0";"0.1565057"
"65770.0";"0.1654962"
"65780.0";"0.1800139"
"65790.0";"0.2017867"
"65800.0";"0.1730777"
"65810.0";"0.1687427"
"65820.0";"0.1851084"
"65830.0";"0.1938271"
"65840.0";"0.1743703"
"65850.0";"0.1983986"
"65860.0";"0.1861991"
"65870.0";"0.1675766"
"65880.0";"0.158395"
"65890.0";"0.2002473"
"65900.0";"0.1686566"
"65910.0";"0.1582941"
"65920.0";"0.1880664"
"65930.0";"0.16658"
"65940.0";"0.1551867"
"65950.0";"0.1734301"
"65960.0";"0.1897209"
"65970.0";"0.1736376"
"65980.0";"0.1810911"
"65990.0";"0.1777809"
"66000.0";"0.1701474"
"66010.0";"0.1770259"
"66020.0";"0.172395"
"66030.0";"0.1896893"
"66040.0";"0.2136493"
"66050.0";"0.1708833"
"66060.0";"0.1736922"
"66070.0";"0.1711319"
"66080.0";"0.1897737"
"66090.0";"0.1626375"
"66100.0";"0.1720262"
"66110.0";"0.1638933"
"66120.0";"0.1822222"
"66130.0";"0.1837772"
"66140.0";"0.1815073"
"66150.0";"0.1818956"
"66160.0";"0.1804468"
"66170.0";"0.1857578"
"66180.0";"0.1796383"
"66190.0";"0.176199"
"66200.0";"0.1767851"
"66210.0";"0.1821291"
"66220.0";"0.1770477"
"66230.0";"0.1869576"
"66240.0";"0.2004744"
"66250.0";"0.1905908"
"66260.0";"0.1613602"
"66270.0";"0.1804827"
"66280.0";"0.1969872"
"66290.0";"0.1840134"
"66300.0";"0.1698117"
"66310.0";"0.1671077"
"66320.0";"0.1909083"
"66330.0";"0.1620525"
"66340.0";"0.1803802"
"66350.0";"0.180114"
"66360.0";"0.1674693"
"66370.0";"0.2066424"
"66380.0";"0.1613879"
"66390.0";"0.1661023"
"66400.0";"0.1827267"
"66410.0";"0.1832866"
"66420.0";"0.1990203"
"66430.0";"0.1899711"
"66440.0";"0.1751971"
"66450.0";"0.1974868"
"66460.0";"0.2052753"
"66470.0";"0.1877924"
"66480.0";"0.1787987"
"66490.0";"0.181367"
"66500.0";"0.1764911"
"66510.0";"0.1741778"
"66520.0";"0.1796939"
"66530.0";"0.1710231"
"66540.0";"0.1816176"
"66550.0";"0.177011"
"66560.0";"0.1621387"
"66570.0";"0.1835864"
"66580.0";"0.1687276"
"66590.0";"0.1532318"
"66600.0";"0.1759374"
"66610.0";"0.1751368"
"66620.0";"0.1749086"
"66630.0";"0.1739745"
"66640.0";"0.1710845"
"66650.0";"0.1949026"
"66660.0";"0.1763123"
"66670.0";"0.168348"
"66680.0";"0.1720033"
"66690.0";"0.158433"
"66700.0";"0.1804579"
"66710.0";"0.1850433"
"66720.0";"0.178087"
"66730.0";"0.1707456"
"66740.0";"0.1722961"
"66750.0";"0.1725952"
"66760.0";"0.1852703"
"66770.0";"0.1923798"
"66780.0";"0.1669791"
"66790.0";"0.1657982"
"66800.0";"0.181717"
"66810.0";"0.1645115"
"66820.0";"0.1681931"
"66830.0";"0.2028621"
"66840.0";"0.1853484"
"66850.0";"0.1749344"
"66860.0";"0.1914079"
"66870.0";"0.180945"
"66880.0";"0.1643225"
"66890.0";"0.1668952"
"66900.0";"0.160851"
"66910.0";"0.1729767"
"66920.0";"0.1822608"
"66930.0";"0.1777356"
"66940.0";"0.1576895"
"66950.0";"0.1524762"
"66960.0";"0.1665774"
"66970.0";"0.177834"
"66980.0";"0.1756642"
"66990.0";"0.1615703"
"67000.0";"0.1872915"
"67010.0";"0.17689"
"67020.0";"0.1998597"
"67030.0";"0.1852162"
"67040.0";"0.1892752"
"67050.0";"0.1738996"
"67060.0";"0.1697559"
"67070.0";"0.1784433"
"67080.0";"0.1844833"
"67090.0";"0.1844261"
"67100.0";"0.1794964"
"67110.0";"0.1795578"
"67120.0";"0.1794128"
"67130.0";"0.1975397"
"67140.0";"0.1715753"
"67150.0";"0.2089331"
"67160.0";"0.1716883"
"67170.0";"0.1782079"
"67180.0";"0.1903183"
"67190.0";"0.1866577"
"67200.0";"0.1907592"
"67210.0";"0.1668799"
"67220.0";"0.1699236"
"67230.0";"0.1826281"
"67240.0";"0.1763946"
"67250.0";"0.1806876"
"67260.0";"0.1785665"
"67270.0";"0.1653149"
"67280.0";"0.1837253"
"67290.0";"0.1789523"
"67300.0";"0.181221"
"67310.0";"0.1780394"
"67320.0";"0.1662439"
"67330.0";"0.1638049"
"67340.0";"0.1684874"
"67350.0";"0.1995393"
"67360.0";"0.195228"
"67370.0";"0.1724759"
"67380.0";"0.1676723"
"67390.0";"0.1707073"
"67400.0";"0.1680152"
"67410.0";"0.1599939"
"67420.0";"0.1615211"
"67430.0";"0.1693545"
"67440.0";"0.1812788"
"67450.0";"0.1749342"
"67460.0";"0.1710993"
"67470.0";"0.1816424"
"67480.0";"0.1841903"
"67490.0";"0.1878669"
"67500.0";"0.1781151"
"67510.0";"0.1776232"
"67520.0";"0.1674338"
"67530.0";"0.1807123"
"67540.0";"0.1791369"
"67550.0";"0.1809419"
"67560.0";"0.1702616"
"67570.0";"0.1970734"
"67580.0";"0.167562"
"67590.0";"0.1774542"
"67600.0";"0.1916742"
"67610.0";"0.1636428"
"67620.0";"0.1753026"
"67630.0";"0.1769125"
"67640.0";"0.1649517"
"67650.0";"0.1749798"
"67660.0";"0.1694139"
"67670.0";"0.1675498"
"67680.0";"0.1691475"
"67690.0";"0.1693811"
"67700.0";"0.1690474"
"67710.0";"0.1711403"
"67720.0";"0.1626684"
"67730.0";"0.1771609"
"67740.0";"0.1871495"
"67750.0";"0.1760936"
"67760.0";"0.165578"
"67770.0";"0.1766916"
"67780.0";"0.1719621"
"67790.0";"0.1808288"
"67800.0";"0.1602125"
"67810.0";"0.1791258"
"67820.0";"0.1794377"
"67830.0";"0.1829179"
"67840.0";"0.179964"
"67850.0";"0.1827817"
"67860.0";"0.1824805"
"67870.0";"0.1753111"
"67880.0";"0.1612079"
"67890.0";"0.169853"
"67900.0";"0.1779015"
"67910.0";"0.1823648"
"67920.0";"0.1812926"
"67930.0";"0.1995646"
"67940.0";"0.1859273"
"67950.0";"0.1881143"
"67960.0";"0.1822746"
"67970.0";"0.1863274"
"67980.0";"0.1678003"
"67990.0";"0.1589022"
"68000.0";"0.1770565"
"68010.0";"0.1775192"
"68020.0";"0.1832293"
"68030.0";"0.1889895"
"68040.0";"0.1757072"
"68050.0";"0.1761308"
"68060.0";"0.1772512"
"68070.0";"0.1578895"
"68080.0";"0.1876539"
"68090.0";"0.1763462"
"68100.0";"0.1603091"
"68110.0";"0.1764996"
"68120.0";"0.1614251"
"68130.0";"0.2022992"
"68140.0";"0.1755281"
"68150.0";"0.1866547"
"68160.0";"0.1625975"
"68170.0";"0.1620156"
"68180.0";"0.2198204"
"68190.0";"0.1797276"
"68200.0";"0.1786478"
"68210.0";"0.1682677"
"68220.0";"0.1825759"
"68230.0";"0.1955963"
"68240.0";"0.1842256"
"68250.0";"0.2367171"
"68260.0";"0.1804134"
"68270.0";"0.1723864"
"68280.0";"0.1851568"
"68290.0";"0.1591574"
"68300.0";"0.1724935"
"68310.0";"0.1772314"
"68320.0";"0.1836628"
"68330.0";"0.1767769"
"68340.0";"0.1602057"
"68350.0";"0.1657015"
"68360.0";"0.1878589"
"68370.0";"0.1880133"
"68380.0";"0.1949153"
"68390.0";"0.1834419"
"68400.0";"0.1858656"
"68410.0";"0.1728757"
"68420.0";"0.1700413"
"68430.0";"0.1790447"
"68440.0";"0.1781267"
"68450.0";"0.1652451"
"68460.0";"0.212139"
"68470.0";"0.1754678"
"68480.0";"0.1702497"
"68490.0";"0.1740661"
"68500.0";"0.1793404"
"68510.0";"0.1983682"
"68520.0";"0.1882498"
"68530.0";"0.1774513"
"68540.0";"0.1750029"
"68550.0";"0.1872964"
"68560.0";"0.1832621"
"68570.0";"0.174416"
"68580.0";"0.1870858"
"68590.0";"0.183382"
"68600.0";"0.1730491"
"68610.0";"0.1747171"
"68620.0";"0.1763433"
"68630.0";"0.2149349"
"68640.0";"0.1748142"
"68650.0";"0.1609658"
"68660.0";"0.1857874"
"68670.0";"0.1708918"
"68680.0";"0.1752085"
"68690.0";"0.1633063"
"68700.0";"0.1822251"
"68710.0";"0.1775559"
"68720.0";"0.1854349"
"68730.0";"0.169384"
"68740.0";"0.1729769"
"68750.0";"0.1608042"
"68760.0";"0.1683629"
"68770.0";"0.1820193"
"68780.0";"0.1810995"
"68790.0";"0.1809364"
"68800.0";"0.1853566"
"68810.0";"0.1874831"
"68820.0";"0.1599189"
"68830.0";"0.1769124"
"68840.0";"0.1684546"
"68850.0";"0.1811796"
"68860.0";"0.1838832"
"68870.0";"0.1745565"
"68880.0";"0.1764568"
"68890.0";"0.1622623"
"68900.0";"0.1851486"
"68910.0";"0.1729885"
"68920.0";"0.1877098"
"68930.0";"0.1667185"
"68940.0";"0.210841"
"68950.0";"0.1861829"
"68960.0";"0.1790364"
"68970.0";"0.1710146"
"68980.0";"0.1719827"
"68990.0";"0.1750715"
"69000.0";"0.1845753"
"69010.0";"0.2108127"
"69020.0";"0.1763434"
"69030.0";"0.1581708"
"69040.0";"0.1586759"
"69050.0";"0.1791175"
"69060.0";"0.1747369"
"69070.0";"0.1755277"
"69080.0";"0.1722383"
"69090.0";"0.1785834"
"69100.0";"0.1926292"
"69110.0";"0.165801"
"69120.0";"0.1839835"
"69130.0";"0.1742928"
"69140.0";"0.1805685"
"69150.0";"0.1859194"
"69160.0";"0.1728845"
"69170.0";"0.1879866"
"69180.0";"0.1605647"
"69190.0";"0.1921536"
"69200.0";"0.1642285"
"69210.0";"0.1837007"
"69220.0";"0.1724471"
"69230.0";"0.1844504"
"69240.0";"0.1689851"
"69250.0";"0.1886184"
"69260.0";"0.1659216"
"69270.0";"0.1778933"
"69280.0";"0.1839184"
"69290.0";"0.1809835"
"69300.0";"0.1745911"
"69310.0";"0.2033127"
"69320.0";"0.192733"
"69330.0";"0.1901368"
"69340.0";"0.1748885"
"69350.0";"0.2012014"
"69360.0";"0.1727024"
"69370.0";"0.19426"
"69380.0";"0.1880265"
"69390.0";"0.1994918"
"69400.0";"0.1770708"
"69410.0";"0.1996399"
"69420.0";"0.1754565"
"69430.0";"0.1732426"
"69440.0";"0.19152"
"69450.0";"0.1954124"
"69460.0";"0.2091744"
"69470.0";"0.178944"
"69480.0";"0.185742"
"69490.0";"0.1966519"
"69500.0";"0.1919402"
"69510.0";"0.1836574"
"69520.0";"0.1851133"
"69530.0";"0.1854211"
"69540.0";"0.185475"
"69550.0";"0.1913636"
"69560.0";"0.18043"
"69570.0";"0.185035"
"69580.0";"0.1753483"
"69590.0";"0.1611272"
"69600.0";"0.1711403"
"69610.0";"0.1897867"
"69620.0";"0.1822443"
"69630.0";"0.1612731"
"69640.0";"0.1941573"
"69650.0";"0.1811768"
"69660.0";"0.1727715"
"69670.0";"0.1736232"
"69680.0";"0.1899947"
"69690.0";"0.1744046"
"69700.0";"0.1995219"
"69710.0";"0.1877686"
"69720.0";"0.2046606"
"69730.0";"0.1782443"
"69740.0";"0.1881994"
"69750.0";"0.1727744"
"69760.0";"0.1838531"
"69770.0";"0.1756871"
"69780.0";"0.176369"
"69790.0";"0.1784911"
"69800.0";"0.1854995"
"69810.0";"0.1845428"
"69820.0";"0.1777555"
"69830.0";"0.1987713"
"69840.0";"0.2219458"
"69850.0";"0.2087607"
"69860.0";"0.2000524"
"69870.0";"0.1781293"
"69880.0";"0.1723949"
"69890.0";"0.1787762"
"69900.0";"0.2072437"
"69910.0";"0.1696261"
"69920.0";"0.1742499"
"69930.0";"0.1785412"
"69940.0";"0.1938532"
"69950.0";"0.1755135"
"69960.0";"0.1734416"
"69970.0";"0.1656049"
"69980.0";"0.172479"
"69990.0";"0.1930029"
"70000.0";"0.1737643"
"70010.0";"0.1808453"
"70020.0";"0.1607326"
"70030.0";"0.1849161"
"70040.0";"0.1796272"
"70050.0";"0.180848"
"70060.0";"0.1745249"
"70070.0";"0.1809171"
"70080.0";"0.1744392"
"70090.0";"0.1781179"
"70100.0";"0.1695109"
"70110.0";"0.1992812"
"70120.0";"0.1945994"
"70130.0";"0.1749972"
"70140.0";"0.1727687"
"70150.0";"0.1867698"
"70160.0";"0.1776092"
"70170.0";"0.1681487"
"70180.0";"0.197104"
"70190.0";"0.1922239"
"70200.0";"0.1745882"
"70210.0";"0.174442"
"70220.0";"0.1735308"
"70230.0";"0.1915463"
"70240.0";"0.1795801"
"70250.0";"0.164997"
"70260.0";"0.1693664"
"70270.0";"0.1810911"
"70280.0";"0.1964562"
"70290.0";"0.1598342"
"70300.0";"0.180297"
"70310.0";"0.1983155"
"70320.0";"0.1553866"
"70330.0";"0.1495793"
"70340.0";"0.1836874"
"70350.0";"0.1873099"
"70360.0";"0.1755763"
"70370.0";"0.1816729"
"70380.0";"0.1761732"
"70390.0";"0.1797053"
"70400.0";"0.1647545"
"70410.0";"0.1693576"
"70420.0";"0.1618549"
"70430.0";"0.1742266"
"70440.0";"0.1679463"
"70450.0";"0.1845292"
"70460.0";"0.1765758"
"70470.0";"0.1924915"
"70480.0";"0.1778567"
"70490.0";"0.1647331"
"70500.0";"0.1884808"
"70510.0";"0.176108"
"70520.0";"0.1978637"
"70530.0";"0.2275434"
"70540.0";"0.2263739"
"70550.0";"0.1872618"
"70560.0";"0.2089595"
"70570.0";"0.1812043"
"70580.0";"0.1735224"
"70590.0";"0.1871764"
"70600.0";"0.196972"
"70610.0";"0.1826609"
"70620.0";"0.2078799"
"70630.0";"0.1710263"
"70640.0";"0.1715431"
"70650.0";"0.2053365"
"70660.0";"0.1784013"
"70670.0";"0.1861344"
"70680.0";"0.2188402"
"70690.0";"0.1982144"
"70700.0";"0.1990202"
"70710.0";"0.1630735"
"70720.0";"0.1840788"
"70730.0";"0.1699557"
"70740.0";"0.1891405"
"70750.0";"0.1852054"
"70760.0";"0.1851215"
"70770.0";"0.16892"
"70780.0";"0.1934864"
"70790.0";"0.1793711"
"70800.0";"0.179025"
"70810.0";"0.1688165"
"70820.0";"0.1730145"
"70830.0";"0.1897815"
"70840.0";"0.1791786"
"70850.0";"0.1783791"
"70860.0";"0.1927691"
"70870.0";"0.1934631"
"70880.0";"0.2052584"
"70890.0";"0.1915124"
"70900.0";"0.1918593"
"70910.0";"0.1715255"
"70920.0";"0.1997648"
"70930.0";"0.170555"
"70940.0";"0.1945457"
"70950.0";"0.1884251"
"70960.0";"0.1874594"
"70970.0";"0.1767512"
"70980.0";"0.199642"
"70990.0";"0.186826"
"71000.0";"0.1848271"
"71010.0";"0.182225"
"71020.0";"0.184586"
"71030.0";"0.1759857"
"71040.0";"0.1680624"
"71050.0";"0.1821154"
"71060.0";"0.1869035"
"71070.0";"0.193365"
"71080.0";"0.1730117"
"71090.0";"0.1776682"
"71100.0";"0.1725194"
"71110.0";"0.1836545"
"71120.0";"0.1722644"
"71130.0";"0.1757668"
"71140.0";"0.1687364"
"71150.0";"0.1907825"
"71160.0";"0.1750485"
"71170.0";"0.187867"
"71180.0";"0.1624991"
"71190.0";"0.1571305"
"71200.0";"0.1592734"
"71210.0";"0.1890528"
"71220.0";"0.1821045"
"71230.0";"0.1791033"
"71240.0";"0.1883269"
"71250.0";"0.1762952"
"71260.0";"0.1738763"
"71270.0";"0.1741522"
"71280.0";"0.1910107"
"71290.0";"0.1833086"
"71300.0";"0.1660873"
"71310.0";"0.1646511"
"71320.0";"0.2139487"
"71330.0";"0.1612297"
"71340.0";"0.195136"
"71350.0";"0.1709416"
"71360.0";"0.2360531"
"71370.0";"0.1697644"
"71380.0";"0.1585843"
"71390.0";"0.1639999"
"71400.0";"0.1567864"
"71410.0";"0.1730896"
"71420.0";"0.1798166"
"71430.0";"0.177395"
"71440.0";"0.2019752"
"71450.0";"0.1647575"
"71460.0";"0.1728843"
"71470.0";"0.1863678"
"71480.0";"0.178334"
"71490.0";"0.1969695"
"71500.0";"0.1748257"
"71510.0";"0.1775754"
"71520.0";"0.1702411"
"71530.0";"0.1889284"
"71540.0";"0.1840356"
"71550.0";"0.1880347"
"71560.0";"0.2021015"
"71570.0";"0.1834366"
"71580.0";"0.1907276"
"71590.0";"0.1866681"
"71600.0";"0.1977727"
"71610.0";"0.1922809"
"71620.0";"0.2021436"
"71630.0";"0.1790141"
"71640.0";"0.1861454"
"71650.0";"0.1719767"
"71660.0";"0.1927718"
"71670.0";"0.1838177"
"71680.0";"0.178115"
"71690.0";"0.2118891"
"71700.0";"0.1768192"
"71710.0";"0.1821454"
"71720.0";"0.1801055"
"71730.0";"0.1755562"
"71740.0";"0.2043526"
"71750.0";"0.1873954"
"71760.0";"0.2151024"
"71770.0";"0.195489"
"71780.0";"0.2235642"
"71790.0";"0.1866893"
"71800.0";"0.1596621"
"71810.0";"0.1671797"
"71820.0";"0.180294"
"71830.0";"0.1818956"
"71840.0";"0.1879866"
"71850.0";"0.1926888"
"71860.0";"0.1740719"
"71870.0";"0.1845915"
"71880.0";"0.161586"
"71890.0";"0.1978232"
"71900.0";"0.1683656"
"71910.0";"0.197071"
"71920.0";"0.1794575"
"71930.0";"0.1702998"
"71940.0";"0.1875446"
"71950.0";"0.1870534"
"71960.0";"0.1818737"
"71970.0";"0.18779"
"71980.0";"0.177882"
"71990.0";"0.1881437"
"72000.0";"0.1888333"
"72010.0";"0.1811351"
"72020.0";"0.1682438"
"72030.0";"0.1788491"
"72040.0";"0.1693341"
"72050.0";"0.2102474"
"72060.0";"0.1857795"
"72070.0";"0.1940027"
"72080.0";"0.1653995"
"72090.0";"0.1706605"
"72100.0";"0.1646359"
"72110.0";"0.1808702"
"72120.0";"0.1833522"
"72130.0";"0.1792793"
"72140.0";"0.1760965"
"72150.0";"0.1710848"
"72160.0";"0.1845994"
"72170.0";"0.1794825"
"72180.0";"0.1734847"
"72190.0";"0.1740486"
"72200.0";"0.1725946"
"72210.0";"0.1742355"
"72220.0";"0.1846294"
"72230.0";"0.1766748"
"72240.0";"0.180003"
"72250.0";"0.1571656"
"72260.0";"0.178922"
"72270.0";"0.178701"
"72280.0";"0.1763266"
"72290.0";"0.1621388"
"72300.0";"0.188433"
"72310.0";"0.183385"
"72320.0";"0.1796802"
"72330.0";"0.163649"
"72340.0";"0.1927848"
"72350.0";"0.1776064"
"72360.0";"0.2002276"
"72370.0";"0.1888863"
"72380.0";"0.1843068"
"72390.0";"0.1984666"
"72400.0";"0.1641066"
"72410.0";"0.1965554"
"72420.0";"0.1797637"
"72430.0";"0.1713067"
"72440.0";"0.1771272"
"72450.0";"0.1925774"
"72460.0";"0.1870268"
"72470.0";"0.1756301"
"72480.0";"0.1973168"
"72490.0";"0.165206"
"72500.0";"0.1742442"
"72510.0";"0.1701704"
"72520.0";"0.1758776"
"72530.0";"0.1705343"
"72540.0";"0.1731503"
"72550.0";"0.1751141"
"72560.0";"0.1607638"
"72570.0";"0.1818378"
"72580.0";"0.1749145"
"72590.0";"0.1658944"
"72600.0";"0.1819368"
"72610.0";"0.1761277"
"72620.0";"0.1654327"
"72630.0";"0.1843721"
"72640.0";"0.1999627"
"72650.0";"0.1819587"
"72660.0";"0.1869251"
"72670.0";"0.1877815"
"72680.0";"0.1831227"
"72690.0";"0.2027881"
"72700.0";"0.1657618"
"72710.0";"0.1815214"
"72720.0";"0.1991307"
"72730.0";"0.1863598"
"72740.0";"0.1854994"
"72750.0";"0.2026476"
"72760.0";"0.1761649"
"72770.0";"0.2059149"
"72780.0";"0.1887669"
"72790.0";"0.2274994"
"72800.0";"0.158556"
"72810.0";"0.1628775"
"72820.0";"0.1765983"
"72830.0";"0.186164"
"72840.0";"0.1765474"
"72850.0";"0.2152394"
"72860.0";"0.170417"
"72870.0";"0.1837118"
"72880.0";"0.1850351"
"72890.0";"0.2217949"
"72900.0";"0.1669793"
"72910.0";"0.1846183"
"72920.0";"0.1743358"
"72930.0";"0.1803579"
"72940.0";"0.1765275"
"72950.0";"0.1757668"
"72960.0";"0.1882417"
"72970.0";"0.172919"
"72980.0";"0.1822197"
"72990.0";"0.170241"
"73000.0";"0.1724413"
"73010.0";"0.1705226"
"73020.0";"0.1739025"
"73030.0";"0.1917003"
"73040.0";"0.1840353"
"73050.0";"0.1689675"
"73060.0";"0.2003247"
"73070.0";"0.1734935"
"73080.0";"0.1659519"
"73090.0";"0.1749201"
"73100.0";"0.2025908"
"73110.0";"0.1858846"
"73120.0";"0.1636243"
"73130.0";"0.1870345"
"73140.0";"0.1714206"
"73150.0";"0.1804301"
"73160.0";"0.1867914"
"73170.0";"0.1670538"
"73180.0";"0.1820358"
"73190.0";"0.1586602"
"73200.0";"0.1906487"
"73210.0";"0.1841576"
"73220.0";"0.1765588"
"73230.0";"0.1752656"
"73240.0";"0.1786871"
"73250.0";"0.1965223"
"73260.0";"0.211308"
"73270.0";"0.178045"
"73280.0";"0.1876006"
"73290.0";"0.1665262"
"73300.0";"0.184746"
"73310.0";"0.2034844"
"73320.0";"0.1857552"
"73330.0";"0.1672423"
"73340.0";"0.2072703"
"73350.0";"0.1965019"
"73360.0";"0.2003996"
"73370.0";"0.1824007"
"73380.0";"0.1784741"
"73390.0";"0.1756872"
"73400.0";"0.2080456"
"73410.0";"0.1782863"
"73420.0";"0.1855964"
"73430.0";"0.19859"
"73440.0";"0.1706694"
"73450.0";"0.1803191"
"73460.0";"0.1825708"
"73470.0";"0.1646755"
"73480.0";"0.2138926"
"73490.0";"0.188218"
"73500.0";"0.2057258"
"73510.0";"0.1949178"
"73520.0";"0.1889182"
"73530.0";"0.1681011"
"73540.0";"0.1614716"
"73550.0";"0.1686887"
"73560.0";"0.1618423"
"73570.0";"0.170672"
"73580.0";"0.1991632"
"73590.0";"0.1847944"
"73600.0";"0.1984416"
"73610.0";"0.1631536"
"73620.0";"0.1991909"
"73630.0";"0.219627"
"73640.0";"0.2195676"
"73650.0";"0.1835784"
"73660.0";"0.1857903"
"73670.0";"0.188502"
"73680.0";"0.2060606"
"73690.0";"0.2112108"
"73700.0";"0.2026647"
"73710.0";"0.2086265"
"73720.0";"0.2021164"
"73730.0";"0.2133941"
"73740.0";"0.1844855"
"73750.0";"0.1854239"
"73760.0";"0.2281819"
"73770.0";"0.1897419"
"73780.0";"0.2235284"
"73790.0";"0.212389"
"73800.0";"0.1998224"
"73810.0";"0.1891693"
"73820.0";"0.1805795"
"73830.0";"0.1979418"
"73840.0";"0.1582909"
"73850.0";"0.2060315"
"73860.0";"0.1706986"
"73870.0";"0.1752854"
"73880.0";"0.1487985"
"73890.0";"0.1858224"
"73900.0";"0.1729424"
"73910.0";"0.1950127"
"73920.0";"0.1826992"
"73930.0";"0.1931581"
"73940.0";"0.1980353"
"73950.0";"0.2197772"
"73960.0";"0.1931994"
"73970.0";"0.22202"
"73980.0";"0.2429834"
"73990.0";"0.1870478"
"74000.0";"0.1711727"
"74010.0";"0.1790364"
"74020.0";"0.2223623"
"74030.0";"0.1962373"
"74040.0";"0.2098976"
"74050.0";"0.1999424"
"74060.0";"0.1844829"
"74070.0";"0.1978106"
"74080.0";"0.18186"
"74090.0";"0.1940749"
"74100.0";"0.1909292"
"74110.0";"0.1722179"
"74120.0";"0.1657494"
"74130.0";"0.1877605"
"74140.0";"0.2218309"
"74150.0";"0.2066058"
"74160.0";"0.1675707"
"74170.0";"0.1678123"
"74180.0";"0.1633097"
"74190.0";"0.1770114"
"74200.0";"0.1941647"
"74210.0";"0.2300782"
"74220.0";"0.1929717"
"74230.0";"0.1641494"
"74240.0";"0.1973626"
"74250.0";"0.1842255"
"74260.0";"0.1859463"
"74270.0";"0.1952282"
"74280.0";"0.1705461"
"74290.0";"0.1684193"
"74300.0";"0.1687542"
"74310.0";"0.1827074"
"74320.0";"0.1768674"
"74330.0";"0.2070628"
"74340.0";"0.1947129"
"74350.0";"0.1666735"
"74360.0";"0.1888306"
"74370.0";"0.1747742"
"74380.0";"0.2033543"
"74390.0";"0.1949435"
"74400.0";"0.1822747"
"74410.0";"0.1642866"
"74420.0";"0.1756671"
"74430.0";"0.1783115"
"74440.0";"0.2063154"
"74450.0";"0.1800806"
"74460.0";"0.1876671"
"74470.0";"0.1799806"
"74480.0";"0.1947355"
"74490.0";"0.1714031"
"74500.0";"0.1821151"
"74510.0";"0.1903103"
"74520.0";"0.1778173"
"74530.0";"0.1701207"
"74540.0";"0.180139"
"74550.0";"0.185154"
"74560.0";"0.1775303"
"74570.0";"0.1924008"
"74580.0";"0.1666194"
"74590.0";"0.1732801"
"74600.0";"0.1982722"
"74610.0";"0.1733695"
"74620.0";"0.1729162"
"74630.0";"0.1870106"
"74640.0";"0.1755705"
"74650.0";"0.1772004"
"74660.0";"0.1597654"
"74670.0";"0.1732314"
"74680.0";"0.180613"
"74690.0";"0.1994116"
"74700.0";"0.195115"
"74710.0";"0.166376"
"74720.0";"0.1765387"
"74730.0";"0.1681933"
"74740.0";"0.1872622"
"74750.0";"0.1643228"
"74760.0";"0.1670871"
"74770.0";"0.1727252"
"74780.0";"0.1714408"
"74790.0";"0.179755"
"74800.0";"0.1776541"
"74810.0";"0.1807236"
"74820.0";"0.185844"
"74830.0";"0.2111609"
"74840.0";"0.1829808"
"74850.0";"0.1756959"
"74860.0";"0.1723543"
"74870.0";"0.1840272"
"74880.0";"0.186636"
"74890.0";"0.1881009"
"74900.0";"0.1954508"
"74910.0";"0.1948128"
"74920.0";"0.1808148"
"74930.0";"0.18527"
"74940.0";"0.21086"
"74950.0";"0.1759571"
"74960.0";"0.181816"
"74970.0";"0.1941391"
"74980.0";"0.1931503"
"74990.0";"0.1837497"
"75000.0";"0.1582311"
"75010.0";"0.1884781"
"75020.0";"0.1941909"
"75030.0";"0.1888547"
"75040.0";"0.1784657"
"75050.0";"0.1933932"
"75060.0";"0.1919113"
"75070.0";"0.2000851"
"75080.0";"0.1815351"
"75090.0";"0.1758894"
"75100.0";"0.1905226"
"75110.0";"0.1971041"
"75120.0";"0.1696377"
"75130.0";"0.1700032"
"75140.0";"0.1691096"
"75150.0";"0.1702085"
"75160.0";"0.1648211"
"75170.0";"0.206075"
"75180.0";"0.1693606"
"75190.0";"0.1893302"
"75200.0";"0.1753795"
"75210.0";"0.1606889"
"75220.0";"0.171776"
"75230.0";"0.1771411"
"75240.0";"0.2275283"
"75250.0";"0.1833736"
"75260.0";"0.2036096"
"75270.0";"0.1811385"
"75280.0";"0.1894652"
"75290.0";"0.1928859"
"75300.0";"0.1686831"
"75310.0";"0.2084322"
"75320.0";"0.1683512"
"75330.0";"0.1981588"
"75340.0";"0.202677"
"75350.0";"0.1840952"
"75360.0";"0.172383"
"75370.0";"0.1887433"
"75380.0";"0.1907119"
"75390.0";"0.1853213"
"75400.0";"0.1756986"
"75410.0";"0.1814994"
"75420.0";"0.1821977"
"75430.0";"0.1834584"
"75440.0";"0.1895311"
"75450.0";"0.1862846"
"75460.0";"0.2065358"
"75470.0";"0.1964535"
"75480.0";"0.184916"
"75490.0";"0.1987008"
"75500.0";"0.1839375"
"75510.0";"0.1878351"
"75520.0";"0.1988516"
"75530.0";"0.2085065"
"75540.0";"0.1865772"
"75550.0";"0.1805049"
"75560.0";"0.1880346"
"75570.0";"0.1862956"
"75580.0";"0.2066904"
"75590.0";"0.1876216"
"75600.0";"0.1851188"
"75610.0";"0.1850539"
"75620.0";"0.1798302"
"75630.0";"0.2026722"
"75640.0";"0.1779747"
"75650.0";"0.1801694"
"75660.0";"0.1860482"
"75670.0";"0.176142"
"75680.0";"0.189"
"75690.0";"0.1675291"
"75700.0";"0.1871579"
"75710.0";"0.1928572"
"75720.0";"0.1950205"
"75730.0";"0.1848187"
"75740.0";"0.1826936"
"75750.0";"0.1761848"
"75760.0";"0.1735653"
"75770.0";"0.1834285"
"75780.0";"0.1940181"
"75790.0";"0.1849055"
"75800.0";"0.1889841"
"75810.0";"0.1775498"
"75820.0";"0.1887273"
"75830.0";"0.1824774"
"75840.0";"0.187923"
"75850.0";"0.1922628"
"75860.0";"0.2040491"
"75870.0";"0.20097"
"75880.0";"0.1883745"
"75890.0";"0.1892142"
"75900.0";"0.1942189"
"75910.0";"0.1855101"
"75920.0";"0.1924214"
"75930.0";"0.1745908"
"75940.0";"0.1898841"
"75950.0";"0.1733349"
"75960.0";"0.1804384"
"75970.0";"0.1747598"
"75980.0";"0.1746025"
"75990.0";"0.1903603"
"76000.0";"0.1906569"
"76010.0";"0.1869545"
"76020.0";"0.1815185"
"76030.0";"0.1976512"
"76040.0";"0.1649301"
"76050.0";"0.1701938"
"76060.0";"0.1698294"
"76070.0";"0.1654723"
"76080.0";"0.1929586"
"76090.0";"0.1844721"
"76100.0";"0.1734647"
"76110.0";"0.1738186"
"76120.0";"0.1864429"
"76130.0";"0.1883481"
"76140.0";"0.1787119"
"76150.0";"0.1623637"
"76160.0";"0.1677678"
"76170.0";"0.2096545"
"76180.0";"0.182354"
"76190.0";"0.1740001"
"76200.0";"0.172945"
"76210.0";"0.174671"
"76220.0";"0.1736693"
"76230.0";"0.1783957"
"76240.0";"0.1665114"
"76250.0";"0.1779581"
"76260.0";"0.1719709"
"76270.0";"0.1803913"
"76280.0";"0.1879735"
"76290.0";"0.1919611"
"76300.0";"0.1935176"
"76310.0";"0.2019158"
"76320.0";"0.211698"
"76330.0";"0.1780618"
"76340.0";"0.16965"
"76350.0";"0.1843068"
"76360.0";"0.1872593"
"76370.0";"0.1794465"
"76380.0";"0.1876033"
"76390.0";"0.2015591"
"76400.0";"0.1661022"
"76410.0";"0.174737"
"76420.0";"0.1802388"
"76430.0";"0.1905286"
"76440.0";"0.159956"
"76450.0";"0.179516"
"76460.0";"0.1802301"
"76470.0";"0.1911255"
"76480.0";"0.1651909"
"76490.0";"0.1784012"
"76500.0";"0.1727572"
"76510.0";"0.1717849"
"76520.0";"0.1837415"
"76530.0";"0.1663848"
"76540.0";"0.1890844"
"76550.0";"0.1820686"
"76560.0";"0.1768673"
"76570.0";"0.1710232"
"76580.0";"0.1849837"
"76590.0";"0.1870425"
"76600.0";"0.1785188"
"76610.0";"0.1807705"
"76620.0";"0.1757496"
"76630.0";"0.1986179"
"76640.0";"0.1949077"
"76650.0";"0.1834121"
"76660.0";"0.1858653"
"76670.0";"0.15566"
"76680.0";"0.1998527"
"76690.0";"0.1946716"
"76700.0";"0.1774406"
"76710.0";"0.1866814"
"76720.0";"0.173669"
"76730.0";"0.1589027"
"76740.0";"0.2070189"
"76750.0";"0.1887355"
"76760.0";"0.1859678"
"76770.0";"0.1665595"
"76780.0";"0.177037"
"76790.0";"0.181937"
"76800.0";"0.1597339"
"76810.0";"0.1672931"
"76820.0";"0.1567609"
"76830.0";"0.1770281"
"76840.0";"0.170426"
"76850.0";"0.1883481"
"76860.0";"0.1656051"
"76870.0";"0.1873073"
"76880.0";"0.1670122"
"76890.0";"0.1713242"
"76900.0";"0.1735077"
"76910.0";"0.1845587"
"76920.0";"0.1795799"
"76930.0";"0.1718196"
"76940.0";"0.1714467"
"76950.0";"0.1775697"
"76960.0";"0.183981"
"76970.0";"0.1723512"
"76980.0";"0.1745079"
"76990.0";"0.183374"
"77000.0";"0.1842661"
"77010.0";"0.1841766"
"77020.0";"0.1881063"
"77030.0";"0.1858764"
"77040.0";"0.1771043"
"77050.0";"0.1768104"
"77060.0";"0.195995"
"77070.0";"0.1938608"
"77080.0";"0.1776203"
"77090.0";"0.1742212"
"77100.0";"0.1732889"
"77110.0";"0.160776"
"77120.0";"0.1736981"
"77130.0";"0.1883903"
"77140.0";"0.1782443"
"77150.0";"0.1981061"
"77160.0";"0.1805408"
"77170.0";"0.1723802"
"77180.0";"0.1811188"
"77190.0";"0.1736118"
"77200.0";"0.1795356"
"77210.0";"0.1656535"
"77220.0";"0.181381"
"77230.0";"0.1898682"
"77240.0";"0.1746769"
"77250.0";"0.1823978"
"77260.0";"0.1691659"
"77270.0";"0.1944533"
"77280.0";"0.1867484"
"77290.0";"0.1744073"
"77300.0";"0.1772513"
"77310.0";"0.156879"
"77320.0";"0.1680505"
"77330.0";"0.158272"
"77340.0";"0.1555185"
"77350.0";"0.1769208"
"77360.0";"0.1664271"
"77370.0";"0.1808339"
"77380.0";"0.1685854"
"77390.0";"0.1910418"
"77400.0";"0.1968604"
"77410.0";"0.1694373"
"77420.0";"0.1780899"
"77430.0";"0.1783563"
"77440.0";"0.1579431"
"77450.0";"0.1743475"
"77460.0";"0.1846782"
"77470.0";"0.1847919"
"77480.0";"0.1740143"
"77490.0";"0.1780053"
"77500.0";"0.1880026"
"77510.0";"0.1781515"
"77520.0";"0.1702293"
"77530.0";"0.1704524"
"77540.0";"0.2118065"
"77550.0";"0.1705932"
"77560.0";"0.1851189"
"77570.0";"0.1866682"
"77580.0";"0.1794967"
"77590.0";"0.1821373"
"77600.0";"0.1746538"
"77610.0";"0.1807235"
"77620.0";"0.1916664"
"77630.0";"0.1936645"
"77640.0";"0.1708011"
"77650.0";"0.1706721"
"77660.0";"0.1856583"
"77670.0";"0.1831667"
"77680.0";"0.1874271"
"77690.0";"0.1839454"
"77700.0";"0.1690563"
"77710.0";"0.2024501"
"77720.0";"0.1698263"
"77730.0";"0.1816892"
"77740.0";"0.1844263"
"77750.0";"0.1777245"
"77760.0";"0.1848079"
"77770.0";"0.1790867"
"77780.0";"0.1924941"
"77790.0";"0.170962"
"77800.0";"0.1796719"
"77810.0";"0.1719681"
"77820.0";"0.1891509"
"77830.0";"0.1761278"
"77840.0";"0.1934347"
"77850.0";"0.179092"
"77860.0";"0.1781041"
"77870.0";"0.1684338"
"77880.0";"0.1883454"
"77890.0";"0.1731966"
"77900.0";"0.1815873"
"77910.0";"0.1871549"
"77920.0";"0.1780281"
"77930.0";"0.1801029"
"77940.0";"0.1766071"
"77950.0";"0.169074"
"77960.0";"0.1938401"
"77970.0";"0.1752171"
"77980.0";"0.1869919"
"77990.0";"0.1889261"
"78000.0";"0.1809115"
"78010.0";"0.1808813"
"78020.0";"0.1602623"
"78030.0";"0.1926059"
"78040.0";"0.1935228"
"78050.0";"0.1825513"
"78060.0";"0.1919012"
"78070.0";"0.17429"
"78080.0";"0.1832455"
"78090.0";"0.1832318"
"78100.0";"0.1852486"
"78110.0";"0.185046"
"78120.0";"0.1723544"
"78130.0";"0.1975097"
"78140.0";"0.2024499"
"78150.0";"0.1936232"
"78160.0";"0.1831777"
"78170.0";"0.1898683"
"78180.0";"0.1903132"
"78190.0";"0.1902867"
"78200.0";"0.1631747"
"78210.0";"0.194651"
"78220.0";"0.1689056"
"78230.0";"0.2069057"
"78240.0";"0.1608725"
"78250.0";"0.1550807"
"78260.0";"0.2136281"
"78270.0";"0.169337"
"78280.0";"0.1738333"
"78290.0";"0.1911908"
"78300.0";"0.1840951"
"78310.0";"0.1781292"
"78320.0";"0.169455"
"78330.0";"0.1768306"
"78340.0";"0.1770027"
"78350.0";"0.1765759"
"78360.0";"0.1830875"
"78370.0";"0.1760371"
"78380.0";"0.1669099"
"78390.0";"0.1777665"
"78400.0";"0.1735655"
"78410.0";"0.1727194"
"78420.0";"0.1814414"
"78430.0";"0.196484"
"78440.0";"0.1629416"
"78450.0";"0.2005045"
"78460.0";"0.1737124"
"78470.0";"0.1725515"
"78480.0";"0.1772089"
"78490.0";"0.1799194"
"78500.0";"0.1674397"
"78510.0";"0.207584"
"78520.0";"0.1662104"
"78530.0";"0.1902026"
"78540.0";"0.187835"
"78550.0";"0.1631594"
"78560.0";"0.1756956"
"78570.0";"0.1831637"
"78580.0";"0.15096"
"78590.0";"0.1698267"
"78600.0";"0.1692011"
"78610.0";"0.1728582"
"78620.0";"0.1726792"
"78630.0";"0.1819395"
"78640.0";"0.1740604"
"78650.0";"0.1820054"
"78660.0";"0.1779523"
"78670.0";"0.1913871"
"78680.0";"0.1726906"
"78690.0";"0.1748745"
"78700.0";"0.1733551"
"78710.0";"0.1651241"
"78720.0";"0.1698525"
"78730.0";"0.1677887"
"78740.0";"0.1840218"
"78750.0";"0.1698734"
"78760.0";"0.172064"
"78770.0";"0.1799835"
"78780.0";"0.1879068"
"78790.0";"0.1840356"
"78800.0";"0.1848702"
"78810.0";"0.1825541"
"78820.0";"0.1735539"
"78830.0";"0.1821346"
"78840.0";"0.198255"
"78850.0";"0.1670269"
"78860.0";"0.1694816"
"78870.0";"0.175875"
"78880.0";"0.1710498"
"78890.0";"0.1962196"
"78900.0";"0.1902288"
"78910.0";"0.1821099"
"78920.0";"0.1883058"
"78930.0";"0.1571335"
"78940.0";"0.1717848"
"78950.0";"0.1650637"
"78960.0";"0.1984163"
"78970.0";"0.188682"
"78980.0";"0.2036321"
"78990.0";"0.2023391"
"79000.0";"0.221217"
"79010.0";"0.2314585"
"79020.0";"0.1795577"
"79030.0";"0.1797389"
"79040.0";"0.161558"
"79050.0";"0.1849485"
"79060.0";"0.1895624"
"79070.0";"0.1936001"
"79080.0";"0.2003645"
"79090.0";"0.175593"
"79100.0";"0.1832542"
"79110.0";"0.1687898"
"79120.0";"0.1758663"
"79130.0";"0.1733927"
"79140.0";"0.1640276"
"79150.0";"0.2028867"
"79160.0";"0.15459"
"79170.0";"0.1826721"
"79180.0";"0.1723371"
"79190.0";"0.1696144"
"79200.0";"0.1866255"
"79210.0";"0.1724414"
"79220.0";"0.1636858"
"79230.0";"0.1942317"
"79240.0";"0.1839864"
"79250.0";"0.181469"
"79260.0";"0.1754336"
"79270.0";"0.1819312"
"79280.0";"0.1697231"
"79290.0";"0.175391"
"79300.0";"0.161895"
"79310.0";"0.1995046"
"79320.0";"0.1942241"
"79330.0";"0.1484385"
"79340.0";"0.1705785"
"79350.0";"0.1728727"
"79360.0";"0.1822364"
"79370.0";"0.1942419"
"79380.0";"0.2071955"
"79390.0";"0.194692"
"79400.0";"0.1630492"
"79410.0";"0.1718225"
"79420.0";"0.1667361"
"79430.0";"0.1893805"
"79440.0";"0.1759916"
"79450.0";"0.1904362"
"79460.0";"0.1841249"
"79470.0";"0.1827431"
"79480.0";"0.1871603"
"79490.0";"0.1772004"
"79500.0";"0.1904444"
"79510.0";"0.1794767"
"79520.0";"0.21068"
"79530.0";"0.1628406"
"79540.0";"0.1793125"
"79550.0";"0.191909"
"79560.0";"0.1811685"
"79570.0";"0.1754255"
"79580.0";"0.1833193"
"79590.0";"0.1879202"
"79600.0";"0.1752427"
"79610.0";"0.1761846"
"79620.0";"0.1838994"
"79630.0";"0.1835673"
"79640.0";"0.1944992"
"79650.0";"0.1933132"
"79660.0";"0.1888413"
"79670.0";"0.1893068"
"79680.0";"0.1803331"
"79690.0";"0.1743416"
"79700.0";"0.1711989"
"79710.0";"0.1663881"
"79720.0";"0.1817936"
"79730.0";"0.1966061"
"79740.0";"0.1842414"
"79750.0";"0.1755818"
"79760.0";"0.1675293"
"79770.0";"0.1828908"
"79780.0";"0.1727715"
"79790.0";"0.1890265"
"79800.0";"0.191528"
"79810.0";"0.2035561"
"79820.0";"0.1985702"
"79830.0";"0.1954609"
"79840.0";"0.1727746"
"79850.0";"0.1747742"
"79860.0";"0.176414"
"79870.0";"0.1646632"
"79880.0";"0.1739339"
"79890.0";"0.1700263"
"79900.0";"0.1911518"
"79910.0";"0.1662348"
"79920.0";"0.1720494"
"79930.0";"0.1814"
"79940.0";"0.2119173"
"79950.0";"0.1648061"
"79960.0";"0.1926785"
"79970.0";"0.1780199"
"79980.0";"0.1708098"
"79990.0";"0.1780955"
"80000.0";"0.1801137"
"80010.0";"0.1676964"
"80020.0";"0.1783426"
"80030.0";"0.1820574"
"80040.0";"0.1814194"
"80050.0";"0.1776908"
"80060.0";"0.1712341"
"80070.0";"0.169785"
"80080.0";"0.1818873"
"80090.0";"0.1795854"
"80100.0";"0.1760712"
"80110.0";"0.1755932"
"80120.0";"0.1712573"
"80130.0";"0.2078797"
"80140.0";"0.1746368"
"80150.0";"0.1772939"
"80160.0";"0.1805578"
"80170.0";"0.1937264"
"80180.0";"0.1716567"
"80190.0";"0.181276"
"80200.0";"0.1677705"
"80210.0";"0.1626345"
"80220.0";"0.1901657"
"80230.0";"0.1909478"
"80240.0";"0.1734416"
"80250.0";"0.1749744"
"80260.0";"0.1737499"
"80270.0";"0.1720028"
"80280.0";"0.1934449"
"80290.0";"0.1988442"
"80300.0";"0.1890955"
"80310.0";"0.1789354"
"80320.0";"0.1828031"
"80330.0";"0.1846372"
"80340.0";"0.1808091"
"80350.0";"0.1676036"
"80360.0";"0.2026699"
"80370.0";"0.1928546"
"80380.0";"0.1726757"
"80390.0";"0.1934402"
"80400.0";"0.1881064"
"80410.0";"0.1708568"
"80420.0";"0.1904992"
"80430.0";"0.1760511"
"80440.0";"0.1813808"
"80450.0";"0.1743271"
"80460.0";"0.1712071"
"80470.0";"0.1955226"
"80480.0";"0.1833304"
"80490.0";"0.1754653"
"80500.0";"0.2022128"
"80510.0";"0.1840109"
"80520.0";"0.1799861"
"80530.0";"0.1679463"
"80540.0";"0.1705374"
"80550.0";"0.1669103"
"80560.0";"0.1677795"
"80570.0";"0.1813339"
"80580.0";"0.2047776"
"80590.0";"0.180845"
"80600.0";"0.1878191"
"80610.0";"0.1676307"
"80620.0";"0.1715254"
"80630.0";"0.1764116"
"80640.0";"0.194139"
"80650.0";"0.1627792"
"80660.0";"0.164003"
"80670.0";"0.1713388"
"80680.0";"0.1528431"
"80690.0";"0.1898576"
"80700.0";"0.170144"
"80710.0";"0.204893"
"80720.0";"0.1935483"
"80730.0";"0.171971"
"80740.0";"0.1768444"
"80750.0";"0.178351"
"80760.0";"0.185216"
"80770.0";"0.1996043"
"80780.0";"0.165994"
"80790.0";"0.1931994"
"80800.0";"0.1926864"
"80810.0";"0.2079566"
"80820.0";"0.1823542"
"80830.0";"0.1777104"
"80840.0";"0.2039758"
"80850.0";"0.1607299"
"80860.0";"0.1770369"
"80870.0";"0.1566972"
"80880.0";"0.1856905"
"80890.0";"0.1843316"
"80900.0";"0.1854183"
"80910.0";"0.1718374"
"80920.0";"0.1597061"
"80930.0";"0.1783846"
"80940.0";"0.1934659"
"80950.0";"0.1620154"
"80960.0";"0.1781042"
"80970.0";"0.1826202"
"80980.0";"0.1865718"
"80990.0";"0.1808951"
"81000.0";"0.1680865"
"81010.0";"0.1747372"
"81020.0";"0.1716099"
"81030.0";"0.1795606"
"81040.0";"0.1802471"
"81050.0";"0.1666254"
"81060.0";"0.1691213"
"81070.0";"0.1754311"
"81080.0";"0.1698349"
"81090.0";"0.1997849"
"81100.0";"0.1844288"
"81110.0";"0.1918279"
"81120.0";"0.1826555"
"81130.0";"0.1655323"
"81140.0";"0.1807899"
"81150.0";"0.1760373"
"81160.0";"0.1614589"
"81170.0";"0.1733089"
"81180.0";"0.1754336"
"81190.0";"0.1957091"
"81200.0";"0.1614498"
"81210.0";"0.17862"
"81220.0";"0.1683508"
"81230.0";"0.1900131"
"81240.0";"0.1751916"
"81250.0";"0.1670388"
"81260.0";"0.1749998"
"81270.0";"0.1435897"
"81280.0";"0.1883402"
"81290.0";"0.1788656"
"81300.0";"0.1860833"
"81310.0";"0.1975246"
"81320.0";"0.1777273"
"81330.0";"0.1631593"
"81340.0";"0.186105"
"81350.0";"0.1756959"
"81360.0";"0.1808232"
"81370.0";"0.1584961"
"81380.0";"0.169083"
"81390.0";"0.1670388"
"81400.0";"0.1765049"
"81410.0";"0.1591663"
"81420.0";"0.1878027"
"81430.0";"0.1640546"
"81440.0";"0.1788181"
"81450.0";"0.1830438"
"81460.0";"0.1800749"
"81470.0";"0.1699823"
"81480.0";"0.1763459"
"81490.0";"0.1566305"
"81500.0";"0.1763036"
"81510.0";"0.1667752"
"81520.0";"0.1570761"
"81530.0";"0.1862151"
"81540.0";"0.2016262"
"81550.0";"0.1924419"
"81560.0";"0.1822797"
"81570.0";"0.2013877"
"81580.0";"0.1734215"
"81590.0";"0.1720378"
"81600.0";"0.1811765"
"81610.0";"0.181331"
"81620.0";"0.1891244"
"81630.0";"0.1827374"
"81640.0";"0.2046924"
"81650.0";"0.1769691"
"81660.0";"0.1972489"
"81670.0";"0.1752969"
"81680.0";"0.1738506"
"81690.0";"0.2088086"
"81700.0";"0.1884197"
"81710.0";"0.2018565"
"81720.0";"0.195023"
"81730.0";"0.1843205"
"81740.0";"0.2066763"
"81750.0";"0.1624313"
"81760.0";"0.1733063"
"81770.0";"0.2097475"
"81780.0";"0.1946148"
"81790.0";"0.1959953"
"81800.0";"0.192096"
"81810.0";"0.1714263"
"81820.0";"0.1917839"
"81830.0";"0.2060414"
"81840.0";"0.1906224"
"81850.0";"0.1942656"
"81860.0";"0.1760057"
"81870.0";"0.2034205"
"81880.0";"0.1953893"
"81890.0";"0.1723977"
"81900.0";"0.1738302"
"81910.0";"0.164003"
"81920.0";"0.2125136"
"81930.0";"0.1739367"
"81940.0";"0.1762838"
"81950.0";"0.1964231"
"81960.0";"0.1687306"
"81970.0";"0.1806681"
"81980.0";"0.1872272"
"81990.0";"0.1936052"
"82000.0";"0.2024993"
"82010.0";"0.1948666"
"82020.0";"0.1593268"
"82030.0";"0.1836436"
"82040.0";"0.2019333"
"82050.0";"0.1834204"
"82060.0";"0.1832184"
"82070.0";"0.1731041"
"82080.0";"0.1690533"
"82090.0";"0.1841086"
"82100.0";"0.1807484"
"82110.0";"0.1946744"
"82120.0";"0.2043184"
"82130.0";"0.1872538"
"82140.0";"0.1773953"
"82150.0";"0.178933"
"82160.0";"0.1716917"
"82170.0";"0.2098479"
"82180.0";"0.1573084"
"82190.0";"0.1829481"
"82200.0";"0.1689527"
"82210.0";"0.1662679"
"82220.0";"0.1655687"
"82230.0";"0.184114"
"82240.0";"0.2043279"
"82250.0";"0.1711199"
"82260.0";"0.1847485"
"82270.0";"0.2201318"
"82280.0";"0.2008508"
"82290.0";"0.1934218"
"82300.0";"0.1974386"
"82310.0";"0.1854079"
"82320.0";"0.1654995"
"82330.0";"0.158019"
"82340.0";"0.1816977"
"82350.0";"0.1785666"
"82360.0";"0.1821785"
"82370.0";"0.1641311"
"82380.0";"0.1641218"
"82390.0";"0.1726267"
"82400.0";"0.1757983"
"82410.0";"0.1825075"
"82420.0";"0.2121345"
"82430.0";"0.1804965"
"82440.0";"0.1934658"
"82450.0";"0.1690267"
"82460.0";"0.1840436"
"82470.0";"0.178997"
"82480.0";"0.1792902"
"82490.0";"0.1692012"
"82500.0";"0.1994116"
"82510.0";"0.1977699"
"82520.0";"0.19858"
"82530.0";"0.1894968"
"82540.0";"0.1743185"
"82550.0";"0.1798387"
"82560.0";"0.1985973"
"82570.0";"0.1763123"
"82580.0";"0.1876621"
"82590.0";"0.164988"
"82600.0";"0.1949078"
"82610.0";"0.202894"
"82620.0";"0.1727221"
"82630.0";"0.1852809"
"82640.0";"0.2065745"
"82650.0";"0.1769012"
"82660.0";"0.1838096"
"82670.0";"0.1718197"
"82680.0";"0.1667152"
"82690.0";"0.1829179"
"82700.0";"0.1766154"
"82710.0";"0.1933857"
"82720.0";"0.1807927"
"82730.0";"0.164648"
"82740.0";"0.2047925"
"82750.0";"0.1672544"
"82760.0";"0.1729219"
"82770.0";"0.179747"
"82780.0";"0.1713768"
"82790.0";"0.1757868"
"82800.0";"0.1916611"
"82810.0";"0.1848188"
"82820.0";"0.157461"
"82830.0";"0.1891272"
"82840.0";"0.1692011"
"82850.0";"0.1664062"
"82860.0";"0.1963009"
"82870.0";"0.1800581"
"82880.0";"0.1783482"
"82890.0";"0.1645144"
"82900.0";"0.1754167"
"82910.0";"0.1709093"
"82920.0";"0.1588206"
"82930.0";"0.1804052"
"82940.0";"0.2148584"
"82950.0";"0.1664"
"82960.0";"0.1732801"
"82970.0";"0.1702353"
"82980.0";"0.1939822"
"82990.0";"0.1761933"
"83000.0";"0.1850054"
"83010.0";"0.1992235"
"83020.0";"0.1818241"
"83030.0";"0.173473"
"83040.0";"0.1700736"
"83050.0";"0.1941905"
"83060.0";"0.1922342"
"83070.0";"0.1723977"
"83080.0";"0.1621263"
"83090.0";"0.1899581"
"83100.0";"0.1814663"
"83110.0";"0.184182"
"83120.0";"0.1729883"
"83130.0";"0.19553"
"83140.0";"0.1879283"
"83150.0";"0.1747826"
"83160.0";"0.1914292"
"83170.0";"0.1795216"
"83180.0";"0.1635267"
"83190.0";"0.1806296"
"83200.0";"0.1780618"
"83210.0";"0.1838586"
"83220.0";"0.1856288"
"83230.0";"0.1764116"
"83240.0";"0.1808702"
"83250.0";"0.1810776"
"83260.0";"0.1800722"
"83270.0";"0.1807596"
"83280.0";"0.2141892"
"83290.0";"0.1737382"
"83300.0";"0.1944373"
"83310.0";"0.1665203"
"83320.0";"0.1703555"
"83330.0";"0.1765305"
"83340.0";"0.1895365"
"83350.0";"0.1757897"
"83360.0";"0.1744302"
"83370.0";"0.1838723"
"83380.0";"0.1884385"
"83390.0";"0.1820714"
"83400.0";"0.1639544"
"83410.0";"0.1619566"
"83420.0";"0.1818159"
"83430.0";"0.1694253"
"83440.0";"0.1689082"
"83450.0";"0.19901"
"83460.0";"0.1869598"
"83470.0";"0.1734704"
"83480.0";"0.1781962"
"83490.0";"0.1721248"
"83500.0";"0.1937213"
"83510.0";"0.1777274"
"83520.0";"0.166976"
"83530.0";"0.1915122"
"83540.0";"0.1754196"
"83550.0";"0.2025661"
"83560.0";"0.1828908"
"83570.0";"0.1762129"
"83580.0";"0.190929"
"83590.0";"0.1689587"
"83600.0";"0.1931266"
"83610.0";"0.1670838"
"83620.0";"0.1909921"
"83630.0";"0.1708509"
"83640.0";"0.1862526"
"83650.0";"0.1948897"
"83660.0";"0.1730956"
"83670.0";"0.1966974"
"83680.0";"0.1614591"
"83690.0";"0.1726124"
"83700.0";"0.1812348"
"83710.0";"0.1736145"
"83720.0";"0.1751257"
"83730.0";"0.163377"
"83740.0";"0.1673948"
"83750.0";"0.1865742"
"83760.0";"0.1812179"
"83770.0";"0.167335"
"83780.0";"0.1997275"
"83790.0";"0.1803774"
"83800.0";"0.1751712"
"83810.0";"0.180671"
"83820.0";"0.1782384"
"83830.0";"0.1808204"
"83840.0";"0.2010322"
"83850.0";"0.1800749"
"83860.0";"0.1768022"
"83870.0";"0.1953331"
"83880.0";"0.1841357"
"83890.0";"0.1967129"
"83900.0";"0.1980227"
"83910.0";"0.1722384"
"83920.0";"0.1873845"
"83930.0";"0.2028274"
"83940.0";"0.1760853"
"83950.0";"0.1814114"
"83960.0";"0.171038"
"83970.0";"0.1571909"
"83980.0";"0.1638932"
"83990.0";"0.1655568"
"84000.0";"0.1931503"
"84010.0";"0.1830355"
"84020.0";"0.1800669"
"84030.0";"0.1768247"
"84040.0";"0.1800058"
"84050.0";"0.1802058"
"84060.0";"0.1916532"
"84070.0";"0.1755507"
"84080.0";"0.1821429"
"84090.0";"0.1660482"
"84100.0";"0.1908296"
"84110.0";"0.1806125"
"84120.0";"0.1930959"
"84130.0";"0.1788715"
"84140.0";"0.1752427"
"84150.0";"0.1768786"
"84160.0";"0.1755161"
"84170.0";"0.1778904"
"84180.0";"0.1846782"
"84190.0";"0.1659791"
"84200.0";"0.1716915"
"84210.0";"0.1974992"
"84220.0";"0.2056526"
"84230.0";"0.1664935"
"84240.0";"0.1812568"
"84250.0";"0.1731734"
"84260.0";"0.1739137"
"84270.0";"0.1704289"
"84280.0";"0.1905205"
"84290.0";"0.1803716"
"84300.0";"0.1892034"
"84310.0";"0.1864401"
"84320.0";"0.1685497"
"84330.0";"0.1832103"
"84340.0";"0.1772852"
"84350.0";"0.2012286"
"84360.0";"0.1697941"
"84370.0";"0.1749544"
"84380.0";"0.1903941"
"84390.0";"0.165617"
"84400.0";"0.1797914"
"84410.0";"0.1790027"
"84420.0";"0.1822333"
"84430.0";"0.1620279"
"84440.0";"0.1723718"
"84450.0";"0.1734531"
"84460.0";"0.168514"
"84470.0";"0.1717965"
"84480.0";"0.1832945"
"84490.0";"0.181022"
"84500.0";"0.1802137"
"84510.0";"0.1766296"
"84520.0";"0.1925279"
"84530.0";"0.1805409"
"84540.0";"0.1569777"
"84550.0";"0.1816841"
"84560.0";"0.169142"
"84570.0";"0.1553576"
"84580.0";"0.1840545"
"84590.0";"0.1916483"
"84600.0";"0.1865076"
"84610.0";"0.1787233"
"84620.0";"0.20006"
"84630.0";"0.1758663"
"84640.0";"0.1616352"
"84650.0";"0.1641034"
"84660.0";"0.1673173"
"84670.0";"0.1792734"
"84680.0";"0.1893174"
"84690.0";"0.1848294"
"84700.0";"0.1648695"
"84710.0";"0.1780393"
"84720.0";"0.1762412"
"84730.0";"0.1912538"
"84740.0";"0.1822556"
"84750.0";"0.1778399"
"84760.0";"0.1693045"
"84770.0";"0.1815984"
"84780.0";"0.1742815"
"84790.0";"0.1634073"
"84800.0";"0.1795804"
"84810.0";"0.1883217"
"84820.0";"0.1863814"
"84830.0";"0.1937551"
"84840.0";"0.1747971"
"84850.0";"0.184624"
"84860.0";"0.1838696"
"84870.0";"0.1804549"
"84880.0";"0.1820275"
"84890.0";"0.1872593"
"84900.0";"0.1890449"
"84910.0";"0.1698233"
"84920.0";"0.1659248"
"84930.0";"0.1825843"
"84940.0";"0.1728757"
"84950.0";"0.1743158"
"84960.0";"0.1714932"
"84970.0";"0.1645508"
"84980.0";"0.1810057"
"84990.0";"0.1836436"
"85000.0";"0.1808287"
"85010.0";"0.1752173"
"85020.0";"0.1916454"
"85030.0";"0.1828908"
"85040.0";"0.1975602"
"85050.0";"0.1898841"
"85060.0";"0.1774573"
"85070.0";"0.1815186"
"85080.0";"0.1800806"
"85090.0";"0.1721423"
"85100.0";"0.1703056"
"85110.0";"0.1696058"
"85120.0";"0.1797054"
"85130.0";"0.1733467"
"85140.0";"0.1871256"
"85150.0";"0.1674337"
"85160.0";"0.1742897"
"85170.0";"0.2025687"
"85180.0";"0.1904626"
"85190.0";"0.1721249"
"85200.0";"0.1881066"
"85210.0";"0.1861989"
"85220.0";"0.1937163"
"85230.0";"0.2022326"
"85240.0";"0.1732109"
"85250.0";"0.1694402"
"85260.0";"0.1837879"
"85270.0";"0.175559"
"85280.0";"0.1833166"
"85290.0";"0.1887431"
"85300.0";"0.1697089"
"85310.0";"0.1818596"
"85320.0";"0.1748084"
"85330.0";"0.1907513"
"85340.0";"0.1773441"
"85350.0";"0.1641586"
"85360.0";"0.1811545"
"85370.0";"0.1666913"
"85380.0";"0.1704906"
"85390.0";"0.1716888"
"85400.0";"0.1659459"
"85410.0";"0.1782162"
"85420.0";"0.181218"
"85430.0";"0.1717323"
"85440.0";"0.198182"
"85450.0";"0.1849918"
"85460.0";"0.1829236"
"85470.0";"0.1801388"
"85480.0";"0.1860781"
"85490.0";"0.1761764"
"85500.0";"0.1714032"
"85510.0";"0.1763974"
"85520.0";"0.1869439"
"85530.0";"0.1770281"
"85540.0";"0.1801139"
"85550.0";"0.171304"
"85560.0";"0.1812345"
"85570.0";"0.1869547"
"85580.0";"0.1709034"
"85590.0";"0.1791923"
"85600.0";"0.1961963"
"85610.0";"0.1702146"
"85620.0";"0.1570507"
"85630.0";"0.1877366"
"85640.0";"0.1963213"
"85650.0";"0.1845942"
"85660.0";"0.18593"
"85670.0";"0.1667722"
"85680.0";"0.1920024"
"85690.0";"0.176244"
"85700.0";"0.1822798"
"85710.0";"0.1894783"
"85720.0";"0.1712688"
"85730.0";"0.1619658"
"85740.0";"0.1789388"
"85750.0";"0.2112583"
"85760.0";"0.1968601"
"85770.0";"0.1919661"
"85780.0";"0.1787566"
"85790.0";"0.1996246"
"85800.0";"0.1616509"
"85810.0";"0.1693872"
"85820.0";"0.1865211"
"85830.0";"0.1844426"
"85840.0";"0.1592264"
"85850.0";"0.1958525"
"85860.0";"0.1868742"
"85870.0";"0.1853023"
"85880.0";"0.1802942"
"85890.0";"0.1941571"
"85900.0";"0.1718404"
"85910.0";"0.1633892"
"85920.0";"0.1686713"
"85930.0";"0.1957267"
"85940.0";"0.1616849"
"85950.0";"0.1715662"
"85960.0";"0.1915488"
"85970.0";"0.178073"
"85980.0";"0.1819617"
"85990.0";"0.1731822"
"86000.0";"0.1840435"
"86010.0";"0.1739597"
"86020.0";"0.196535"
"86030.0";"0.173029"
"86040.0";"0.1911727"
"86050.0";"0.1922105"
"86060.0";"0.1779495"
"86070.0";"0.1835481"
"86080.0";"0.1900685"
"86090.0";"0.1792738"
"86100.0";"0.1776654"
"86110.0";"0.1757898"
"86120.0";"0.1707775"
"86130.0";"0.1739971"
"86140.0";"0.1721511"
"86150.0";"0.1762556"
"86160.0";"0.1850566"
"86170.0";"0.208406"
"86180.0";"0.1796022"
"86190.0";"0.1620187"
"86200.0";"0.1692955"
"86210.0";"0.1880347"
"86220.0";"0.2020572"
"86230.0";"0.1717121"
"86240.0";"0.1891326"
"86250.0";"0.190184"
"86260.0";"0.1942835"
"86270.0";"0.1810746"
"86280.0";"0.1884251"
"86290.0";"0.1727253"
"86300.0";"0.1684428"
"86310.0";"0.1791452"
"86320.0";"0.1753169"
"86330.0";"0.1800611"
"86340.0";"0.1613475"
"86350.0";"0.177955"
"86360.0";"0.1921899"
"86370.0";"0.1642772"
"86380.0";"0.1830029"
"86390.0";"0.1777498"
"86400.0";"0.1805602"
"86410.0";"0.1829591"
"86420.0";"0.1742814"
"86430.0";"0.1679077"
"86440.0";"0.1817854"
"86450.0";"0.1673736"
"86460.0";"0.1789692"
"86470.0";"0.1883906"
"86480.0";"0.1720292"
"86490.0";"0.1992234"
"86500.0";"0.173554"
"86510.0";"0.1970205"
"86520.0";"0.1983157"
"86530.0";"0.1660511"
"86540.0";"0.2023363"
"86550.0";"0.1850676"
"86560.0";"0.171301"
"86570.0";"0.1982071"
"86580.0";"0.1928888"
"86590.0";"0.1880345"
"86600.0";"0.1848947"
"86610.0";"0.1639999"
"86620.0";"0.178519"
"86630.0";"0.1754224"
"86640.0";"0.1757812"
"86650.0";"0.1742468"
"86660.0";"0.1788938"
"86670.0";"0.1874538"
"86680.0";"0.1926785"
"86690.0";"0.1915359"
"86700.0";"0.1606769"
"86710.0";"0.1688491"
"86720.0";"0.1868609"
"86730.0";"0.1792375"
"86740.0";"0.1959516"
"86750.0";"0.1939585"
"86760.0";"0.1831446"
"86770.0";"0.1730462"
"86780.0";"0.1744134"
"86790.0";"0.187374"
"86800.0";"0.1833113"
"86810.0";"0.1831641"
"86820.0";"0.1733263"
"86830.0";"0.1810883"
"86840.0";"0.1763691"
"86850.0";"0.1823897"
"86860.0";"0.1669282"
"86870.0";"0.170288"
"86880.0";"0.1648453"
"86890.0";"0.1724587"
"86900.0";"0.1715138"
"86910.0";"0.1895098"
"86920.0";"0.1939512"
"86930.0";"0.1655687"
"86940.0";"0.1627606"
"86950.0";"0.1740401"
"86960.0";"0.1599781"
"86970.0";"0.1804353"
"86980.0";"0.1837852"
"86990.0";"0.1763972"
"87000.0";"0.1845019"
"87010.0";"0.1786757"
"87020.0";"0.1833492"
"87030.0";"0.184217"
"87040.0";"0.1870478"
"87050.0";"0.2166425"
"87060.0";"0.1872536"
"87070.0";"0.1678632"
"87080.0";"0.1885997"
"87090.0";"0.177254"
"87100.0";"0.2131313"
"87110.0";"0.1786084"
"87120.0";"0.1831121"
"87130.0";"0.1783058"
"87140.0";"0.1760372"
"87150.0";"0.1584172"
"87160.0";"0.2029433"
"87170.0";"0.1883431"
"87180.0";"0.1854991"
"87190.0";"0.1585276"
"87200.0";"0.190016"
"87210.0";"0.1877818"
"87220.0";"0.1739484"
"87230.0";"0.1783171"
"87240.0";"0.1869145"
"87250.0";"0.1752171"
"87260.0";"0.1674874"
"87270.0";"0.1791398"
"87280.0";"0.2074728"
"87290.0";"0.2006019"
"87300.0";"0.2009876"
"87310.0";"0.2032608"
"87320.0";"0.1933237"
"87330.0";"0.1891479"
"87340.0";"0.1935483"
"87350.0";"0.1908141"
"87360.0";"0.1961379"
"87370.0";"0.1937086"
"87380.0";"0.1745967"
"87390.0";"0.1634656"
"87400.0";"0.1897473"
"87410.0";"0.1683269"
"87420.0";"0.1892038"
"87430.0";"0.2013084"
"87440.0";"0.187211"
"87450.0";"0.1655599"
"87460.0";"0.179925"
"87470.0";"0.1744965"
"87480.0";"0.1810802"
"87490.0";"0.1775246"
"87500.0";"0.1785778"
"87510.0";"0.1614095"
"87520.0";"0.1795634"
"87530.0";"0.151003"
"87540.0";"0.1865074"
"87550.0";"0.1568374"
"87560.0";"0.2117684"
"87570.0";"0.1757897"
"87580.0";"0.1692426"
"87590.0";"0.1918175"
"87600.0";"0.1898925"
"87610.0";"0.168754"
"87620.0";"0.1851974"
"87630.0";"0.1945402"
"87640.0";"0.1744535"
"87650.0";"0.176856"
"87660.0";"0.183327"
"87670.0";"0.1884832"
"87680.0";"0.1660964"
"87690.0";"0.182631"
"87700.0";"0.1847239"
"87710.0";"0.175795"
"87720.0";"0.174342"
"87730.0";"0.1585117"
"87740.0";"0.1921454"
"87750.0";"0.1872672"
"87760.0";"0.1805989"
"87770.0";"0.1762839"
"87780.0";"0.1784068"
"87790.0";"0.1892829"
"87800.0";"0.1755506"
"87810.0";"0.1720788"
"87820.0";"0.1839374"
"87830.0";"0.1761678"
"87840.0";"0.1805825"
"87850.0";"0.1718632"
"87860.0";"0.1734731"
"87870.0";"0.1900813"
"87880.0";"0.1645751"
"87890.0";"0.1669641"
"87900.0";"0.1609907"
"87910.0";"0.1841383"
"87920.0";"0.1668651"
"87930.0";"0.1798611"
"87940.0";"0.1764086"
"87950.0";"0.1660603"
"87960.0";"0.1740142"
"87970.0";"0.1806073"
"87980.0";"0.2034551"
"87990.0";"0.2084849"
"88000.0";"0.1588366"
"88010.0";"0.1928055"
"88020.0";"0.1860458"
"88030.0";"0.1810773"
"88040.0";"0.1819395"
"88050.0";"0.1734909"
"88060.0";"0.1616104"
"88070.0";"0.1858736"
"88080.0";"0.1772285"
"88090.0";"0.1759262"
"88100.0";"0.1932279"
"88110.0";"0.1651937"
"88120.0";"0.1781039"
"88130.0";"0.1819615"
"88140.0";"0.1768079"
"88150.0";"0.1830355"
"88160.0";"0.1729423"
"88170.0";"0.1684933"
"88180.0";"0.1610124"
"88190.0";"0.158874"
"88200.0";"0.1629386"
"88210.0";"0.172421"
"88220.0";"0.1599091"
"88230.0";"0.1739338"
"88240.0";"0.1971654"
"88250.0";"0.1566305"
"88260.0";"0.19368"
"88270.0";"0.1977093"
"88280.0";"0.1831229"
"88290.0";"0.1775219"
"88300.0";"0.1879307"
"88310.0";"0.1777417"
"88320.0";"0.2075718"
"88330.0";"0.180075"
"88340.0";"0.1655324"
"88350.0";"0.202445"
"88360.0";"0.1966774"
"88370.0";"0.1695705"
"88380.0";"0.174637"
"88390.0";"0.1827378"
"88400.0";"0.1719097"
"88410.0";"0.1841413"
"88420.0";"0.1882128"
"88430.0";"0.1842985"
"88440.0";"0.1747684"
"88450.0";"0.185653"
"88460.0";"0.1635879"
"88470.0";"0.2043379"
"88480.0";"0.1629385"
"88490.0";"0.1791202"
"88500.0";"0.1844425"
"88510.0";"0.1727918"
"88520.0";"0.1707074"
"88530.0";"0.172099"
"88540.0";"0.1833328"
"88550.0";"0.2087245"
"88560.0";"0.1905703"
"88570.0";"0.1951919"
"88580.0";"0.1738589"
"88590.0";"0.1788716"
"88600.0";"0.1640517"
"88610.0";"0.1681848"
"88620.0";"0.1782583"
"88630.0";"0.1810745"
"88640.0";"0.1692248"
"88650.0";"0.1685261"
"88660.0";"0.1730835"
"88670.0";"0.171817"
"88680.0";"0.1550838"
"88690.0";"0.2179127"
"88700.0";"0.1773302"
"88710.0";"0.1753795"
"88720.0";"0.1873447"
"88730.0";"0.1745109"
"88740.0";"0.1897997"
"88750.0";"0.1758353"
"88760.0";"0.178575"
"88770.0";"0.1872856"
"88780.0";"0.1878457"
"88790.0";"0.1776117"
"88800.0";"0.1833932"
"88810.0";"0.1667424"
"88820.0";"0.1983482"
"88830.0";"0.1791229"
"88840.0";"0.1714934"
"88850.0";"0.1856503"
"88860.0";"0.1897842"
"88870.0";"0.181403"
"88880.0";"0.174052"
"88890.0";"0.1719679"
"88900.0";"0.1867056"
"88910.0";"0.1751399"
"88920.0";"0.1916115"
"88930.0";"0.1960405"
"88940.0";"0.1758436"
"88950.0";"0.1928599"
"88960.0";"0.1823706"
"88970.0";"0.1862392"
"88980.0";"0.1735398"
"88990.0";"0.1867965"
"89000.0";"0.185545"
"89010.0";"0.1797137"
"89020.0";"0.1965529"
"89030.0";"0.1694252"
"89040.0";"0.1781825"
"89050.0";"0.1993615"
"89060.0";"0.1847429"
"89070.0";"0.1944274"
"89080.0";"0.1790644"
"89090.0";"0.1736147"
"89100.0";"0.1763888"
"89110.0";"0.1826198"
"89120.0";"0.1711168"
"89130.0";"0.1766437"
"89140.0";"0.1908377"
"89150.0";"0.1598342"
"89160.0";"0.1764114"
"89170.0";"0.1717439"
"89180.0";"0.1845155"
"89190.0";"0.188624"
"89200.0";"0.1661413"
"89210.0";"0.1798611"
"89220.0";"0.1796718"
"89230.0";"0.1825157"
"89240.0";"0.1819588"
"89250.0";"0.1753453"
"89260.0";"0.183112"
"89270.0";"0.1733523"
"89280.0";"0.1765812"
"89290.0";"0.1781041"
"89300.0";"0.1880241"
"89310.0";"0.1718692"
"89320.0";"0.1865986"
"89330.0";"0.1789664"
"89340.0";"0.1649909"
"89350.0";"0.1647056"
"89360.0";"0.1783928"
"89370.0";"0.1636277"
"89380.0";"0.1652787"
"89390.0";"0.1659579"
"89400.0";"0.1880661"
"89410.0";"0.1894493"
"89420.0";"0.1899108"
"89430.0";"0.2064678"
"89440.0";"0.167365"
"89450.0";"0.1775077"
"89460.0";"0.1580791"
"89470.0";"0.1877045"
"89480.0";"0.2203135"
"89490.0";"0.168861"
"89500.0";"0.1799196"
"89510.0";"0.1886318"
"89520.0";"0.1884914"
"89530.0";"0.1728265"
"89540.0";"0.1785442"
"89550.0";"0.1795688"
"89560.0";"0.1828335"
"89570.0";"0.1777329"
"89580.0";"0.1884488"
"89590.0";"0.1751401"
"89600.0";"0.1796664"
"89610.0";"0.1601842"
"89620.0";"0.1745708"
"89630.0";"0.1975903"
"89640.0";"0.179992"
"89650.0";"0.171193"
"89660.0";"0.1738589"
"89670.0";"0.1602781"
"89680.0";"0.1766944"
"89690.0";"0.1716101"
"89700.0";"0.1867029"
"89710.0";"0.1773303"
"89720.0";"0.1769546"
"89730.0";"0.1720813"
"89740.0";"0.1828906"
"89750.0";"0.1971141"
"89760.0";"0.1727135"
"89770.0";"0.1818487"
"89780.0";"0.1775247"
"89790.0";"0.1905016"
"89800.0";"0.1690831"
"89810.0";"0.1794883"
"89820.0";"0.1831146"
"89830.0";"0.1713652"
"89840.0";"0.167756"
"89850.0";"0.1697822"
"89860.0";"0.193621"
"89870.0";"0.1843612"
"89880.0";"0.1743186"
"89890.0";"0.1838396"
"89900.0";"0.1866335"
"89910.0";"0.1849244"
"89920.0";"0.1786423"
"89930.0";"0.1711867"
"89940.0";"0.1859518"
"89950.0";"0.1952255"
"89960.0";"0.1802054"
"89970.0";"0.1833739"
"89980.0";"0.1621911"
"89990.0";"0.1647605"
"90000.0";"0.1839373"
"90010.0";"0.1697942"
"90020.0";"0.1883748"
"90030.0";"0.195995"
"90040.0";"0.1825404"
"90050.0";"0.1891506"
"90060.0";"0.1891903"
"90070.0";"0.1829646"
"90080.0";"0.1669522"
"90090.0";"0.1775333"
"90100.0";"0.1774991"
"90110.0";"0.1857767"
"90120.0";"0.1707512"
"90130.0";"0.200422"
"90140.0";"0.1977019"
"90150.0";"0.175909"
"90160.0";"0.1880215"
"90170.0";"0.1976412"
"90180.0";"0.178118"
"90190.0";"0.1947433"
"90200.0";"0.1854429"
"90210.0";"0.2038286"
"90220.0";"0.1913271"
"90230.0";"0.2004845"
"90240.0";"0.2036664"
"90250.0";"0.1891083"
"90260.0";"0.1890106"
"90270.0";"0.2027955"
"90280.0";"0.1870052"
"90290.0";"0.172151"
"90300.0";"0.1859328"
"90310.0";"0.1845671"
"90320.0";"0.1788353"
"90330.0";"0.1771693"
"90340.0";"0.1805574"
"90350.0";"0.1762501"
"90360.0";"0.1619292"
"90370.0";"0.1720147"
"90380.0";"0.1558139"
"90390.0";"0.1793824"
"90400.0";"0.1824227"
"90410.0";"0.1928859"
"90420.0";"0.1699235"
"90430.0";"0.1658285"
"90440.0";"0.1696731"
"90450.0";"0.1930932"
"90460.0";"0.1745454"
"90470.0";"0.1803832"
"90480.0";"0.1725888"
"90490.0";"0.1794267"
"90500.0";"0.1679704"
"90510.0";"0.1895943"
"90520.0";"0.1802526"
"90530.0";"0.1724937"
"90540.0";"0.1853351"
"90550.0";"0.1907119"
"90560.0";"0.1902864"
"90570.0";"0.1853915"
"90580.0";"0.1811462"
"90590.0";"0.1842877"
"90600.0";"0.1671194"
"90610.0";"0.1776092"
"90620.0";"0.1889045"
"90630.0";"0.1677203"
"90640.0";"0.1753113"
"90650.0";"0.178729"
"90660.0";"0.194322"
"90670.0";"0.1807703"
"90680.0";"0.1551033"
"90690.0";"0.1648817"
"90700.0";"0.1707981"
"90710.0";"0.171"
"90720.0";"0.2026869"
"90730.0";"0.1722701"
"90740.0";"0.1824583"
"90750.0";"0.1790725"
"90760.0";"0.19904"
"90770.0";"0.1806575"
"90780.0";"0.1756617"
"90790.0";"0.1956938"
"90800.0";"0.1792037"
"90810.0";"0.1730344"
"90820.0";"0.1633829"
"90830.0";"0.1744822"
"90840.0";"0.1815324"
"90850.0";"0.1713126"
"90860.0";"0.1791394"
"90870.0";"0.1645996"
"90880.0";"0.1865959"
"90890.0";"0.1694847"
"90900.0";"0.2024993"
"90910.0";"0.1875685"
"90920.0";"0.1761845"
"90930.0";"0.183079"
"90940.0";"0.182609"
"90950.0";"0.1743618"
"90960.0";"0.1741523"
"90970.0";"0.1693072"
"90980.0";"0.1858224"
"90990.0";"0.1715605"
"91000.0";"0.162487"
"91010.0";"0.1854507"
"91020.0";"0.2176349"
"91030.0";"0.1778452"
"91040.0";"0.1706048"
"91050.0";"0.1700529"
"91060.0";"0.1740057"
"91070.0";"0.188857"
"91080.0";"0.1864566"
"91090.0";"0.1678275"
"91100.0";"0.1839454"
"91110.0";"0.1822363"
"91120.0";"0.2075789"
"91130.0";"0.1823702"
"91140.0";"0.2005517"
"91150.0";"0.2078485"
"91160.0";"0.1989926"
"91170.0";"0.1737038"
"91180.0";"0.2048949"
"91190.0";"0.1851539"
"91200.0";"0.1589654"
"91210.0";"0.1697823"
"91220.0";"0.169794"
"91230.0";"0.1854375"
"91240.0";"0.1930052"
"91250.0";"0.1800804"
"91260.0";"0.1771469"
"91270.0";"0.1841875"
"91280.0";"0.1688462"
"91290.0";"0.1797415"
"91300.0";"0.1810361"
"91310.0";"0.1794325"
"91320.0";"0.1703935"
"91330.0";"0.1750461"
"91340.0";"0.1793347"
"91350.0";"0.1753084"
"91360.0";"0.1919531"
"91370.0";"0.1621759"
"91380.0";"0.183363"
"91390.0";"0.1622496"
"91400.0";"0.1710233"
"91410.0";"0.1835049"
"91420.0";"0.1854538"
"91430.0";"0.1791899"
"91440.0";"0.1810637"
"91450.0";"0.1917733"
"91460.0";"0.1974687"
"91470.0";"0.1739024"
"91480.0";"0.2005867"
"91490.0";"0.1908533"
"91500.0";"0.1918047"
"91510.0";"0.2039092"
"91520.0";"0.1795829"
"91530.0";"0.1742982"
"91540.0";"0.1722675"
"91550.0";"0.1866494"
"91560.0";"0.1703204"
"91570.0";"0.1705609"
"91580.0";"0.172305"
"91590.0";"0.1860914"
"91600.0";"0.1658946"
"91610.0";"0.1723861"
"91620.0";"0.1714904"
"91630.0";"0.1731444"
"91640.0";"0.1798389"
"91650.0";"0.1685081"
"91660.0";"0.1858952"
"91670.0";"0.1735338"
"91680.0";"0.1652906"
"91690.0";"0.167547"
"91700.0";"0.2090383"
"91710.0";"0.1721976"
"91720.0";"0.1752626"
"91730.0";"0.1762498"
"91740.0";"0.1814772"
"91750.0";"0.1737038"
"91760.0";"0.1759175"
"91770.0";"0.1711314"
"91780.0";"0.1732225"
"91790.0";"0.173003"
"91800.0";"0.1748087"
"91810.0";"0.1780816"
"91820.0";"0.1628926"
"91830.0";"0.1913243"
"91840.0";"0.2084924"
"91850.0";"0.188597"
"91860.0";"0.1872028"
"91870.0";"0.2248312"
"91880.0";"0.1661203"
"91890.0";"0.1729281"
"91900.0";"0.1901051"
"91910.0";"0.1860538"
"91920.0";"0.1978032"
"91930.0";"0.1897656"
"91940.0";"0.171528"
"91950.0";"0.2081031"
"91960.0";"0.1842307"
"91970.0";"0.2058373"
"91980.0";"0.2102829"
"91990.0";"0.1727801"
"92000.0";"0.1929093"
"92010.0";"0.1937779"
"92020.0";"0.1686565"
"92030.0";"0.1658375"
"92040.0";"0.1778792"
"92050.0";"0.1849214"
"92060.0";"0.1919426"
"92070.0";"0.1724933"
"92080.0";"0.2041301"
"92090.0";"0.2081948"
"92100.0";"0.1778538"
"92110.0";"0.1973173"
"92120.0";"0.1695671"
"92130.0";"0.2042108"
"92140.0";"0.183603"
"92150.0";"0.1852459"
"92160.0";"0.1997724"
"92170.0";"0.1758438"
"92180.0";"0.1886636"
"92190.0";"0.1822775"
"92200.0";"0.170731"
"92210.0";"0.1837035"
"92220.0";"0.180981"
"92230.0";"0.1688966"
"92240.0";"0.1871603"
"92250.0";"0.1939639"
"92260.0";"0.1929842"
"92270.0";"0.202366"
"92280.0";"0.1833326"
"92290.0";"0.1736955"
"92300.0";"0.1904599"
"92310.0";"0.1721682"
"92320.0";"0.1804968"
"92330.0";"0.1906068"
"92340.0";"0.1943397"
"92350.0";"0.1904362"
"92360.0";"0.1844914"
"92370.0";"0.2170161"
"92380.0";"0.2002074"
"92390.0";"0.1754936"
"92400.0";"0.1844613"
"92410.0";"0.2072365"
"92420.0";"0.1877712"
"92430.0";"0.1961249"
"92440.0";"0.1778314"
"92450.0";"0.1724559"
"92460.0";"0.1783059"
"92470.0";"0.1713797"
"92480.0";"0.180172"
"92490.0";"0.1942731"
"92500.0";"0.2009777"
"92510.0";"0.1968803"
"92520.0";"0.1933366"
"92530.0";"0.1983053"
"92540.0";"0.1808564"
"92550.0";"0.1830491"
"92560.0";"0.199394"
"92570.0";"0.1760143"
"92580.0";"0.1787763"
"92590.0";"0.1792903"
"92600.0";"0.1889869"
"92610.0";"0.1771922"
"92620.0";"0.2047462"
"92630.0";"0.1816425"
"92640.0";"0.1874191"
"92650.0";"0.1646237"
"92660.0";"0.1938169"
"92670.0";"0.1657044"
"92680.0";"0.1977728"
"92690.0";"0.1904758"
"92700.0";"0.1859569"
"92710.0";"0.1795133"
"92720.0";"0.178449"
"92730.0";"0.2000278"
"92740.0";"0.1838967"
"92750.0";"0.1754167"
"92760.0";"0.1856501"
"92770.0";"0.1885049"
"92780.0";"0.1770281"
"92790.0";"0.187227"
"92800.0";"0.1771694"
"92810.0";"0.1929249"
"92820.0";"0.1864433"
"92830.0";"0.1815407"
"92840.0";"0.1730751"
"92850.0";"0.1789189"
"92860.0";"0.1864753"
"92870.0";"0.1959822"
"92880.0";"0.1846214"
"92890.0";"0.1837444"
"92900.0";"0.1851322"
"92910.0";"0.1814747"
"92920.0";"0.190507"
"92930.0";"0.1923877"
"92940.0";"0.1928185"
"92950.0";"0.1818433"
"92960.0";"0.1995294"
"92970.0";"0.1861022"
"92980.0";"0.1910837"
"92990.0";"0.1694727"
"93000.0";"0.1924786"
"93010.0";"0.2036026"
"93020.0";"0.1918124"
"93030.0";"0.1847971"
"93040.0";"0.1754568"
"93050.0";"0.1901261"
"93060.0";"0.190688"
"93070.0";"0.2097856"
"93080.0";"0.188947"
"93090.0";"0.1842335"
"93100.0";"0.1830329"
"93110.0";"0.2060024"
"93120.0";"0.1901394"
"93130.0";"0.2026253"
"93140.0";"0.2181488"
"93150.0";"0.1959621"
"93160.0";"0.1910315"
"93170.0";"0.1889285"
"93180.0";"0.1779666"
"93190.0";"0.1790557"
"93200.0";"0.1781624"
"93210.0";"0.2022202"
"93220.0";"0.1798083"
"93230.0";"0.1728643"
"93240.0";"0.2022469"
"93250.0";"0.1906857"
"93260.0";"0.1660032"
"93270.0";"0.1941492"
"93280.0";"0.1705224"
"93290.0";"0.1857873"
"93300.0";"0.17404"
"93310.0";"0.1701469"
"93320.0";"0.2033397"
"93330.0";"0.2194836"
"93340.0";"0.1713157"
"93350.0";"0.1941059"
"93360.0";"0.1678839"
"93370.0";"0.1871525"
"93380.0";"0.1721308"
"93390.0";"0.1705667"
"93400.0";"0.1721454"
"93410.0";"0.2016852"
"93420.0";"0.1696466"
"93430.0";"0.1756503"
"93440.0";"0.1633585"
"93450.0";"0.2009128"
"93460.0";"0.1762782"
"93470.0";"0.1727109"
"93480.0";"0.1764459"
"93490.0";"0.1948462"
"93500.0";"0.1966546"
"93510.0";"0.1756987"
"93520.0";"0.2023415"
"93530.0";"0.1975375"
"93540.0";"0.1950923"
"93550.0";"0.1749597"
"93560.0";"0.193137"
"93570.0";"0.1849568"
"93580.0";"0.1723862"
"93590.0";"0.1999125"
"93600.0";"0.166328"
"93610.0";"0.1693075"
"93620.0";"0.2038065"
"93630.0";"0.2026176"
"93640.0";"0.1927021"
"93650.0";"0.1881995"
"93660.0";"0.1821371"
"93670.0";"0.1902684"
"93680.0";"0.1675051"
"93690.0";"0.1830001"
"93700.0";"0.1839809"
"93710.0";"0.1914839"
"93720.0";"0.1948386"
"93730.0";"0.1817635"
"93740.0";"0.1704903"
"93750.0";"0.1891268"
"93760.0";"0.2051976"
"93770.0";"0.1800693"
"93780.0";"0.2030319"
"93790.0";"0.1707571"
"93800.0";"0.157512"
"93810.0";"0.1701293"
"93820.0";"0.1677913"
"93830.0";"0.1724817"
"93840.0";"0.172293"
"93850.0";"0.1634441"
"93860.0";"0.1566558"
"93870.0";"0.1557209"
"93880.0";"0.1531666"
"93890.0";"0.1653055"
"93900.0";"0.1519669"
"93910.0";"0.1656171"
"93920.0";"0.1641614"
"93930.0";"0.174439"
"93940.0";"0.1467821"
"93950.0";"0.1643229"
"93960.0";"0.1641768"
"93970.0";"0.1597342"
"93980.0";"0.1642132"
"93990.0";"0.1612109"
"94000.0";"0.1558651"
"94010.0";"0.1675324"
"94020.0";"0.1613473"
"94030.0";"0.1690475"
"94040.0";"0.1564549"
"94050.0";"0.1613506"
"94060.0";"0.1606422"
"94070.0";"0.1625856"
"94080.0";"0.1638321"
"94090.0";"0.1594618"
"94100.0";"0.1529644"
"94110.0";"0.1601309"
"94120.0";"0.1624992"
"94130.0";"0.1546932"
"94140.0";"0.1517794"
"94150.0";"0.1502399"
"94160.0";"0.1630767"
"94170.0";"0.1714469"
"94180.0";"0.166391"
"94190.0";"0.1616943"
"94200.0";"0.1730576"
"94210.0";"0.1770028"
"94220.0";"0.1923171"
"94230.0";"0.217435"
"94240.0";"0.1893064"
"94250.0";"0.1896654"
"94260.0";"0.2183045"
"94270.0";"0.1761048"
"94280.0";"0.1991332"
"94290.0";"0.2113266"
"94300.0";"0.2023732"
"94310.0";"0.1822115"
"94320.0";"0.1829237"
"94330.0";"0.1894997"
"94340.0";"0.2019752"
"94350.0";"0.194682"
"94360.0";"0.1988515"
"94370.0";"0.1877789"
"94380.0";"0.1832649"
"94390.0";"0.1812181"
"94400.0";"0.1772229"
"94410.0";"0.1862497"
"94420.0";"0.2181491"
"94430.0";"0.2064314"
"94440.0";"0.1624129"
"94450.0";"0.1792986"
"94460.0";"0.1725428"
"94470.0";"0.1944688"
"94480.0";"0.1852836"
"94490.0";"0.1962958"
"94500.0";"0.1890662"
"94510.0";"0.1982774"
"94520.0";"0.185984"
"94530.0";"0.1971648"
"94540.0";"0.1976995"
"94550.0";"0.173107"
"94560.0";"0.1868743"
"94570.0";"0.1772148"
"94580.0";"0.1971649"
"94590.0";"0.1748884"
"94600.0";"0.1723019"
"94610.0";"0.1837609"
"94620.0";"0.1821951"
"94630.0";"0.1757783"
"94640.0";"0.1870694"
"94650.0";"0.1994918"
"94660.0";"0.1905415"
"94670.0";"0.2013705"
"94680.0";"0.1708041"
"94690.0";"0.1854991"
"94700.0";"0.1774402"
"94710.0";"0.1688014"
"94720.0";"0.1850782"
"94730.0";"0.1783508"
"94740.0";"0.1943681"
"94750.0";"0.1844288"
"94760.0";"0.1912223"
"94770.0";"0.169502"
"94780.0";"0.188494"
"94790.0";"0.1905621"
"94800.0";"0.186518"
"94810.0";"0.1937086"
"94820.0";"0.1973778"
"94830.0";"0.1797471"
"94840.0";"0.174092"
"94850.0";"0.1970331"
"94860.0";"0.1712569"
"94870.0";"0.1826938"
"94880.0";"0.1740747"
"94890.0";"0.1897418"
"94900.0";"0.1961863"
"94910.0";"0.1658586"
"94920.0";"0.1576769"
"94930.0";"0.1778341"
"94940.0";"0.19315"
"94950.0";"0.1795941"
"94960.0";"0.1837119"
"94970.0";"0.1930749"
"94980.0";"0.1743272"
"94990.0";"0.1893567"
"95000.0";"0.196311"
"95010.0";"0.1800999"
"95020.0";"0.2030296"
"95030.0";"0.1831641"
"95040.0";"0.1814416"
"95050.0";"0.2239218"
"95060.0";"0.1800807"
"95070.0";"0.1972663"
"95080.0";"0.1750001"
"95090.0";"0.1922576"
"95100.0";"0.2148184"
"95110.0";"0.1885391"
"95120.0";"0.1836138"
"95130.0";"0.1978509"
"95140.0";"0.1911595"
"95150.0";"0.1852727"
"95160.0";"0.1993214"
"95170.0";"0.1731503"
"95180.0";"0.1969797"
"95190.0";"0.1990025"
"95200.0";"0.2153628"
"95210.0";"0.1949822"
"95220.0";"0.177082"
"95230.0";"0.1955123"
"95240.0";"0.1850108"
"95250.0";"0.1844285"
"95260.0";"0.1830003"
"95270.0";"0.1886875"
"95280.0";"0.1968883"
"95290.0";"0.1730752"
"95300.0";"0.1852189"
"95310.0";"0.2001524"
"95320.0";"0.1870028"
"95330.0";"0.1806434"
"95340.0";"0.1766918"
"95350.0";"0.179786"
"95360.0";"0.1817166"
"95370.0";"0.1687724"
"95380.0";"0.1786194"
"95390.0";"0.1845562"
"95400.0";"0.1754368"
"95410.0";"0.1789664"
"95420.0";"0.2041301"
"95430.0";"0.1840707"
"95440.0";"0.1864218"
"95450.0";"0.1777892"
"95460.0";"0.2026474"
"95470.0";"0.1834641"
"95480.0";"0.1765614"
"95490.0";"0.1824664"
"95500.0";"0.1935485"
"95510.0";"0.20583"
"95520.0";"0.2009976"
"95530.0";"0.1692012"
"95540.0";"0.2113412"
"95550.0";"0.1827648"
"95560.0";"0.1951946"
"95570.0";"0.2052533"
"95580.0";"0.195972"
"95590.0";"0.1779468"
"95600.0";"0.1918282"
"95610.0";"0.1891954"
"95620.0";"0.1843692"
"95630.0";"0.1972079"
"95640.0";"0.1829153"
"95650.0";"0.1821676"
"95660.0";"0.1878374"
"95670.0";"0.189589"
"95680.0";"0.2330559"
"95690.0";"0.2007436"
"95700.0";"0.18779"
"95710.0";"0.1825076"
"95720.0";"0.1845318"
"95730.0";"0.1874515"
"95740.0";"0.1926293"
"95750.0";"0.1855934"
"95760.0";"0.1912932"
"95770.0";"0.1713653"
"95780.0";"0.1980252"
"95790.0";"0.1890079"
"95800.0";"0.1827951"
"95810.0";"0.1766407"
"95820.0";"0.1786531"
"95830.0";"0.1897921"
"95840.0";"0.1751481"
"95850.0";"0.1902368"
"95860.0";"0.1892378"
"95870.0";"0.199945"
"95880.0";"0.1766436"
"95890.0";"0.1861424"
"95900.0";"0.1961274"
"95910.0";"0.184402"
"95920.0";"0.1838316"
"95930.0";"0.1994593"
"95940.0";"0.2052824"
"95950.0";"0.223224"
"95960.0";"0.1738792"
"95970.0";"0.1801667"
"95980.0";"0.2040514"
"95990.0";"0.2157315"
"96000.0";"0.2096999"
"96010.0";"0.2013777"
"96020.0";"0.2108344"
"96030.0";"0.193564"
"96040.0";"0.2054484"
"96050.0";"0.2094376"
"96060.0";"0.1895284"
"96070.0";"0.1814389"
"96080.0";"0.1968099"
"96090.0";"0.1980429"
"96100.0";"0.202361"
"96110.0";"0.1756614"
"96120.0";"0.1943426"
"96130.0";"0.2043526"
"96140.0";"0.2397731"
"96150.0";"0.188526"
"96160.0";"0.2456341"
"96170.0";"0.2231435"
"96180.0";"0.2625568"
"96190.0";"0.2275741"
"96200.0";"0.2516106"
"96210.0";"0.1772456"
"96220.0";"0.2439035"
"96230.0";"0.2197294"
"96240.0";"0.266955"
"96250.0";"0.2389373"
"96260.0";"0.2459554"
"96270.0";"0.2154529"
"96280.0";"0.2525253"
"96290.0";"0.2177457"
"96300.0";"0.2430188"
"96310.0";"0.2373586"
"96320.0";"0.2174578"
"96330.0";"0.2356375"
"96340.0";"0.2037205"
"96350.0";"0.2033863"
"96360.0";"0.2297153"
"96370.0";"0.2277319"
"96380.0";"0.2045729"
"96390.0";"0.2084537"
"96400.0";"0.2362159"
"96410.0";"0.2185271"
"96420.0";"0.24157"
"96430.0";"0.1940646"
"96440.0";"0.2393029"
"96450.0";"0.2427963"
"96460.0";"0.2347211"
"96470.0";"0.2304865"
"96480.0";"0.2512712"
"96490.0";"0.2147208"
"96500.0";"0.2329808"
"96510.0";"0.2298543"
"96520.0";"0.2300304"
"96530.0";"0.1941417"
"96540.0";"0.2401291"
"96550.0";"0.2048365"
"96560.0";"0.1856045"
"96570.0";"0.2147117"
"96580.0";"0.2068093"
"96590.0";"0.220692"
"96600.0";"0.2281796"
"96610.0";"0.2318855"
"96620.0";"0.2099378"
"96630.0";"0.270137"
"96640.0";"0.2509601"
"96650.0";"0.2471215"
"96660.0";"0.2326413"
"96670.0";"0.2784494"
"96680.0";"0.232478"
"96690.0";"0.2255949"
"96700.0";"0.2013879"
"96710.0";"0.2475155"
"96720.0";"0.2706934"
"96730.0";"0.2477296"
"96740.0";"0.2158239"
"96750.0";"0.2470989"
"96760.0";"0.2272203"
"96770.0";"0.2379684"
"96780.0";"0.2158453"
"96790.0";"0.2087508"
"96800.0";"0.21497"
"96810.0";"0.2267907"
"96820.0";"0.2051926"
"96830.0";"0.2423966"
"96840.0";"0.2567042"
"96850.0";"0.2539668"
"96860.0";"0.2206222"
"96870.0";"0.2089163"
"96880.0";"0.2360804"
"96890.0";"0.2395601"
"96900.0";"0.201298"
"96910.0";"0.2291595"
"96920.0";"0.2392343"
"96930.0";"0.2504796"
"96940.0";"0.2501643"
"96950.0";"0.2260576"
"96960.0";"0.2225377"
"96970.0";"0.2382436"
"96980.0";"0.2278372"
"96990.0";"0.2234501"
"97000.0";"0.2155412"
"97010.0";"0.2290351"
"97020.0";"0.2151023"
"97030.0";"0.2212281"
"97040.0";"0.2128145"
"97050.0";"0.1754568"
"97060.0";"0.2289674"
"97070.0";"0.1948256"
"97080.0";"0.1884384"
"97090.0";"0.1802804"
"97100.0";"0.1869008"
"97110.0";"0.1889471"
"97120.0";"0.1995822"
"97130.0";"0.1979975"
"97140.0";"0.193083"
"97150.0";"0.1798751"
"97160.0";"0.1808896"
"97170.0";"0.2001926"
"97180.0";"0.1975576"
"97190.0";"0.1825814"
"97200.0";"0.2052338"
"97210.0";"0.1720642"
"97220.0";"0.1947431"
"97230.0";"0.2286025"
"97240.0";"0.2014967"
"97250.0";"0.1837853"
"97260.0";"0.1836381"
"97270.0";"0.1894572"
"97280.0";"0.1829401"
"97290.0";"0.1897182"
"97300.0";"0.1938892"
"97310.0";"0.1763916"
"97320.0";"0.1798056"
"97330.0";"0.1707659"
"97340.0";"0.2146768"
"97350.0";"0.2035559"
"97360.0";"0.1923435"
"97370.0";"0.1770225"
"97380.0";"0.1820687"
"97390.0";"0.1878775"
"97400.0";"0.1798081"
"97410.0";"0.1989874"
"97420.0";"0.184689"
"97430.0";"0.1862714"
"97440.0";"0.194095"
"97450.0";"0.200659"
"97460.0";"0.1883667"
"97470.0";"0.1922839"
"97480.0";"0.1815733"
"97490.0";"0.1861744"
"97500.0";"0.1692956"
"97510.0";"0.195525"
"97520.0";"0.1774287"
"97530.0";"0.1752283"
"97540.0";"0.1965833"
"97550.0";"0.1959311"
"97560.0";"0.1956805"
"97570.0";"0.1994144"
"97580.0";"0.195228"
"97590.0";"0.186024"
"97600.0";"0.1829263"
"97610.0";"0.2001749"
"97620.0";"0.1869999"
"97630.0";"0.187843"
"97640.0";"0.1664481"
"97650.0";"0.1893252"
"97660.0";"0.1826855"
"97670.0";"0.2113883"
"97680.0";"0.1724474"
"97690.0";"0.1787374"
"97700.0";"0.1767541"
"97710.0";"0.1951436"
"97720.0";"0.1631963"
"97730.0";"0.1698058"
"97740.0";"0.167556"
"97750.0";"0.1839266"
"97760.0";"0.1772625"
"97770.0";"0.1670358"
"97780.0";"0.1784966"
"97790.0";"0.1997523"
"97800.0";"0.1810114"
"97810.0";"0.1588553"
"97820.0";"0.1862391"
"97830.0";"0.179516"
"97840.0";"0.2411516"
"97850.0";"0.218543"
"97860.0";"0.1898523"
"97870.0";"0.1874086"
"97880.0";"0.174797"
"97890.0";"0.1662048"
"97900.0";"0.2129905"
"97910.0";"0.1845345"
"97920.0";"0.167072"
"97930.0";"0.1694491"
"97940.0";"0.1672456"
"97950.0";"0.1752344"
"97960.0";"0.187427"
"97970.0";"0.1803054"
"97980.0";"0.1669403"
"97990.0";"0.1623392"
"98000.0";"0.204296"
"98010.0";"0.1792959"
"98020.0";"0.192276"
"98030.0";"0.1706017"
"98040.0";"0.1784293"
"98050.0";"0.1670597"
"98060.0";"0.1801472"
"98070.0";"0.1772823"
"98080.0";"0.1786758"
"98090.0";"0.1644568"
"98100.0";"0.1879707"
"98110.0";"0.1816675"
"98120.0";"0.1696053"
"98130.0";"0.198585"
"98140.0";"0.1815571"
"98150.0";"0.1677646"
"98160.0";"0.1716684"
"98170.0";"0.1971018"
"98180.0";"0.1785413"
"98190.0";"0.1697585"
"98200.0";"0.182195"
"98210.0";"0.1832185"
"98220.0";"0.1851593"
"98230.0";"0.1754539"
"98240.0";"0.1771014"
"98250.0";"0.1755534"
"98260.0";"0.1518848"
"98270.0";"0.1898762"
"98280.0";"0.1760457"
"98290.0";"0.1780619"
"98300.0";"0.1733261"
"98310.0";"0.1685972"
"98320.0";"0.1939509"
"98330.0";"0.1729102"
"98340.0";"0.1650155"
"98350.0";"0.1685499"
"98360.0";"0.1729337"
"98370.0";"0.1681042"
"98380.0";"0.1606767"
"98390.0";"0.1853345"
"98400.0";"0.1643229"
"98410.0";"0.1705932"
"98420.0";"0.1727486"
"98430.0";"0.1654146"
"98440.0";"0.1918985"
"98450.0";"0.1752654"
"98460.0";"0.175676"
"98470.0";"0.1764681"
"98480.0";"0.175602"
"98490.0";"0.1622499"
"98500.0";"0.1793264"
"98510.0";"0.1854805"
"98520.0";"0.1678123"
"98530.0";"0.1846536"
"98540.0";"0.1541006"
"98550.0";"0.1725512"
"98560.0";"0.1592045"
"98570.0";"0.1641493"
"98580.0";"0.1755705"
"98590.0";"0.17379"
"98600.0";"0.1783845"
"98610.0";"0.1881409"
"98620.0";"0.1840679"
"98630.0";"0.1828578"
"98640.0";"0.1803579"
"98650.0";"0.172884"
"98660.0";"0.2010895"
"98670.0";"0.1749459"
"98680.0";"0.1821371"
"98690.0";"0.1829016"
"98700.0";"0.1782388"
"98710.0";"0.1670148"
"98720.0";"0.1733494"
"98730.0";"0.2108956"
"98740.0";"0.2142219"
"98750.0";"0.174499"
"98760.0";"0.1781041"
"98770.0";"0.1818074"
"98780.0";"0.1788884"
"98790.0";"0.2055554"
"98800.0";"0.1763946"
"98810.0";"0.1834148"
"98820.0";"0.2148071"
"98830.0";"0.1961505"
"98840.0";"0.1868475"
"98850.0";"0.1753197"
"98860.0";"0.1691863"
"98870.0";"0.1672903"
"98880.0";"0.167"
"98890.0";"0.1816481"
"98900.0";"0.168119"
"98910.0";"0.1832946"
"98920.0";"0.1909843"
"98930.0";"0.1797803"
"98940.0";"0.1825949"
"98950.0";"0.162561"
"98960.0";"0.1740403"
"98970.0";"0.1740143"
"98980.0";"0.1788352"
"98990.0";"0.1699971"
"99000.0";"0.1808231"
"99010.0";"0.1619938"
"99020.0";"0.1650638"
"99030.0";"0.1821867"
"99040.0";"0.1700382"
"99050.0";"0.1758493"
"99060.0";"0.1896208"
"99070.0";"0.1657014"
"99080.0";"0.1927226"
"99090.0";"0.1840464"
"99100.0";"0.1758719"
"99110.0";"0.181309"
"99120.0";"0.1777695"
"99130.0";"0.1717206"
"99140.0";"0.1822361"
"99150.0";"0.1753028"
"99160.0";"0.1735138"
"99170.0";"0.1465777"
"99180.0";"0.1801279"
"99190.0";"0.1726992"
"99200.0";"0.174774"
"99210.0";"0.1749114"
"99220.0";"0.1755676"
"99230.0";"0.1729568"
"99240.0";"0.1639695"
"99250.0";"0.1573563"
"99260.0";"0.1794128"
"99270.0";"0.187024"
"99280.0";"0.1781629"
"99290.0";"0.179683"
"99300.0";"0.1940747"
"99310.0";"0.1655689"
"99320.0";"0.1677915"
"99330.0";"0.1892986"
"99340.0";"0.1784881"
"99350.0";"0.1694609"
"99360.0";"0.1765815"
"99370.0";"0.1800361"
"99380.0";"0.1771555"
"99390.0";"0.1851591"
"99400.0";"0.1843314"
"99410.0";"0.1661505"
"99420.0";"0.1789442"
"99430.0";"0.1642834"
"99440.0";"0.1910629"
"99450.0";"0.1763776"
"99460.0";"0.1747969"
"99470.0";"0.1825103"
"99480.0";"0.1920756"
"99490.0";"0.1806709"
"99500.0";"0.1857578"
"99510.0";"0.1781742"
"99520.0";"0.1756928"
"99530.0";"0.1785581"
"99540.0";"0.1750572"
"99550.0";"0.1703026"
"99560.0";"0.1759914"
"99570.0";"0.1951332"
"99580.0";"0.1788716"
"99590.0";"0.1754937"
"99600.0";"0.1717963"
"99610.0";"0.1752798"
"99620.0";"0.1693931"
"99630.0";"0.1676335"
"99640.0";"0.1765729"
"99650.0";"0.1707017"
"99660.0";"0.1855746"
"99670.0";"0.1661928"
"99680.0";"0.1731417"
"99690.0";"0.1963798"
"99700.0";"0.1808011"
"99710.0";"0.1668804"
"99720.0";"0.170883"
"99730.0";"0.1658252"
"99740.0";"0.1817582"
"99750.0";"0.1783172"
"99760.0";"0.1897025"
"99770.0";"0.1756701"
"99780.0";"0.172566"
"99790.0";"0.166973"
"99800.0";"0.1789134"
"99810.0";"0.1797026"
"99820.0";"0.1910866"
"99830.0";"0.1644295"
"99840.0";"0.1690118"
"99850.0";"0.1862312"
"99860.0";"0.1853133"
"99870.0";"0.1756957"
"99880.0";"0.166018"
"99890.0";"0.1699412"
"99900.0";"0.1839727"
"99910.0";"0.1685944"
"99920.0";"0.1983784"
"99930.0";"0.1741636"
"99940.0";"0.1845375"
"99950.0";"0.1724556"
"99960.0";"0.2087513"
"99970.0";"0.1788937"
"99980.0";"0.1964945"
"99990.0";"0.1781377"
"100000.0";"0.1743502"
"100010.0";"0.2020964"
"100020.0";"0.1702234"
"100030.0";"0.1813174"
"100040.0";"0.1704495"
"100050.0";"0.1986554"
"100060.0";"0.1558012"
"100070.0";"0.1674932"
"100080.0";"0.168692"
"100090.0";"0.1690858"
"100100.0";"0.1800583"
"100110.0";"0.171677"
"100120.0";"0.1786675"
"100130.0";"0.1918698"
"100140.0";"0.1878326"
"100150.0";"0.1799889"
"100160.0";"0.1717993"
"100170.0";"0.1816672"
"100180.0";"0.1753311"
"100190.0";"0.1730722"
"100200.0";"0.1762044"
"100210.0";"0.1980051"
"100220.0";"0.1936051"
"100230.0";"0.1812568"
"100240.0";"0.1622498"
"100250.0";"0.1665263"
"100260.0";"0.165949"
"100270.0";"0.1936723"
"100280.0";"0.2040858"
"100290.0";"0.1719564"
"100300.0";"0.1740516"
"100310.0";"0.1630493"
"100320.0";"0.1655477"
"100330.0";"0.1758323"
"100340.0";"0.1718692"
"100350.0";"0.162265"
"100360.0";"0.1690945"
"100370.0";"0.1729047"
"100380.0";"0.1743387"
"100390.0";"0.1631596"
"100400.0";"0.1733697"
"100410.0";"0.1814195"
"100420.0";"0.1760739"
"100430.0";"0.1781319"
"100440.0";"0.1682676"
"100450.0";"0.1912775"
"100460.0";"0.1670807"
"100470.0";"0.1759375"
"100480.0";"0.1770227"
"100490.0";"0.1842389"
"100500.0";"0.1781405"
"100510.0";"0.1887989"
"100520.0";"0.1711287"
"100530.0";"0.1737438"
"100540.0";"0.1794519"
"100550.0";"0.1992211"
"100560.0";"0.1680773"
"100570.0";"0.1863198"
"100580.0";"0.1778681"
"100590.0";"0.2044846"
"100600.0";"0.1929245"
"100610.0";"0.1906125"
"100620.0";"0.1689349"
"100630.0";"0.2126171"
"100640.0";"0.1709974"
"100650.0";"0.1743935"
"100660.0";"0.1844831"
"100670.0";"0.1693841"
"100680.0";"0.1754851"
"100690.0";"0.1636185"
"100700.0";"0.1884516"
"100710.0";"0.1719682"
"100720.0";"0.1671317"
"100730.0";"0.1992009"
"100740.0";"0.1728958"
"100750.0";"0.1743501"
"100760.0";"0.1668157"
"100770.0";"0.1669398"
"100780.0";"0.1674692"
"100790.0";"0.1786727"
"100800.0";"0.1745883"
"100810.0";"0.1847188"
"100820.0";"0.1791478"
"100830.0";"0.1744076"
"100840.0";"0.1712018"
"100850.0";"0.1819041"
"100860.0";"0.174247"
"100870.0";"0.1744535"
"100880.0";"0.183573"
"100890.0";"0.184743"
"100900.0";"0.1842308"
"100910.0";"0.1609755"
"100920.0";"0.1758407"
"100930.0";"0.168908"
"100940.0";"0.1713305"
"100950.0";"0.1863275"
"100960.0";"0.1794268"
"100970.0";"0.1714528"
"100980.0";"0.1697824"
"100990.0";"0.1677917"
"101000.0";"0.1820413"
"101010.0";"0.1917133"
"101020.0";"0.1844288"
"101030.0";"0.168431"
"101040.0";"0.1600439"
"101050.0";"0.188624"
"101060.0";"0.1955354"
"101070.0";"0.1736116"
"101080.0";"0.1820025"
"101090.0";"0.1662228"
"101100.0";"0.1700529"
"101110.0";"0.1773724"
"101120.0";"0.1975069"
"101130.0";"0.1969187"
"101140.0";"0.1597153"
"101150.0";"0.1959312"
"101160.0";"0.2367109"
"101170.0";"0.1789444"
"101180.0";"0.2014892"
"101190.0";"0.1823293"
"101200.0";"0.1996922"
"101210.0";"0.1742213"
"101220.0";"0.1940104"
"101230.0";"0.2037794"
"101240.0";"0.180305"
"101250.0";"0.201067"
"101260.0";"0.1682674"
"101270.0";"0.1748312"
"101280.0";"0.1708947"
"101290.0";"0.1900185"
"101300.0";"0.1819834"
"101310.0";"0.1756875"
"101320.0";"0.1831778"
"101330.0";"0.1815653"
"101340.0";"0.1759603"
"101350.0";"0.1716831"
"101360.0";"0.1762868"
"101370.0";"0.1718429"
"101380.0";"0.1643594"
"101390.0";"0.1582687"
"101400.0";"0.1661657"
"101410.0";"0.1524105"
"101420.0";"0.1597687"
"101430.0";"0.1754138"
"101440.0";"0.1580509"
"101450.0";"0.1696053"
"101460.0";"0.1922043"
"101470.0";"0.2117404"
"101480.0";"0.1962957"
"101490.0";"0.1839483"
"101500.0";"0.2255857"
"101510.0";"0.1706721"
"101520.0";"0.1891246"
"101530.0";"0.1914421"
"101540.0";"0.1834639"
"101550.0";"0.1931657"
"101560.0";"0.1991307"
"101570.0";"0.1763037"
"101580.0";"0.1632084"
"101590.0";"0.1739365"
"101600.0";"0.1728667"
"101610.0";"0.194466"
"101620.0";"0.1844288"
"101630.0";"0.2054482"
"101640.0";"0.1561439"
"101650.0";"0.1616513"
"101660.0";"0.1856374"
"101670.0";"0.1985296"
"101680.0";"0.181692"
"101690.0";"0.1754251"
"101700.0";"0.2332833"
"101710.0";"0.1920547"
"101720.0";"0.1839702"
"101730.0";"0.1881779"
"101740.0";"0.1952805"
"101750.0";"0.1624008"
"101760.0";"0.1752028"
"101770.0";"0.1844208"
"101780.0";"0.1869894"
"101790.0";"0.2248136"
"101800.0";"0.173925"
"101810.0";"0.1662105"
"101820.0";"0.1943142"
"101830.0";"0.1918276"
"101840.0";"0.1776908"
"101850.0";"0.2294646"
"101860.0";"0.193303"
"101870.0";"0.1862312"
"101880.0";"0.1686328"
"101890.0";"0.1823032"
"101900.0";"0.1977675"
"101910.0";"0.1858548"
"101920.0";"0.1770141"
"101930.0";"0.1888412"
"101940.0";"0.1820356"
"101950.0";"0.1724936"
"101960.0";"0.1681105"
"101970.0";"0.1674185"
"101980.0";"0.172363"
"101990.0";"0.1731186"
"102000.0";"0.163716"
"102010.0";"0.1793039"
"102020.0";"0.1929715"
"102030.0";"0.1778116"
"102040.0";"0.1867563"
"102050.0";"0.1839729"
"102060.0";"0.181948"
"102070.0";"0.1751118"
"102080.0";"0.1817749"
"102090.0";"0.1942009"
"102100.0";"0.2073096"
"102110.0";"0.1817915"
"102120.0";"0.1700058"
"102130.0";"0.1881753"
"102140.0";"0.1913893"
"102150.0";"0.1693338"
"102160.0";"0.1925981"
"102170.0";"0.1912274"
"102180.0";"0.1793043"
"102190.0";"0.1718661"
"102200.0";"0.202618"
"102210.0";"0.170108"
"102220.0";"0.2055385"
"102230.0";"0.1934681"
"102240.0";"0.1996724"
"102250.0";"0.1733147"
"102260.0";"0.1707659"
"102270.0";"0.183112"
"102280.0";"0.1736779"
"102290.0";"0.1685171"
"102300.0";"0.1767625"
"102310.0";"0.1708098"
"102320.0";"0.1760539"
"102330.0";"0.1910628"
"102340.0";"0.1909605"
"102350.0";"0.1975373"
"102360.0";"0.1764201"
"102370.0";"0.1725862"
"102380.0";"0.1831777"
"102390.0";"0.1962342"
"102400.0";"0.1690147"
"102410.0";"0.1969593"
"102420.0";"0.2104899"
"102430.0";"0.1813233"
"102440.0";"0.1812899"
"102450.0";"0.1702528"
"102460.0";"0.2012436"
"102470.0";"0.1688078"
"102480.0";"0.2124194"
"102490.0";"0.2045236"
"102500.0";"0.209919"
"102510.0";"0.1959824"
"102520.0";"0.1889548"
"102530.0";"0.1940748"
"102540.0";"0.2038701"
"102550.0";"0.1928446"
"102560.0";"0.209764"
"102570.0";"0.1612237"
"102580.0";"0.1798306"
"102590.0";"0.1936804"
"102600.0";"0.1709358"
"102610.0";"0.1762751"
"102620.0";"0.1805265"
"102630.0";"0.1857956"
"102640.0";"0.1798052"
"102650.0";"0.1713656"
"102660.0";"0.179474"
"102670.0";"0.1808784"
"102680.0";"0.1888358"
"102690.0";"0.1758692"
"102700.0";"0.2075985"
"102710.0";"0.2006613"
"102720.0";"0.1732886"
"102730.0";"0.1993063"
"102740.0";"0.194767"
"102750.0";"0.1948793"
"102760.0";"0.1808038"
"102770.0";"0.189452"
"102780.0";"0.188491"
"102790.0";"0.184992"
"102800.0";"0.1834829"
"102810.0";"0.197985"
"102820.0";"0.1850784"
"102830.0";"0.1752942"
"102840.0";"0.1818872"
"102850.0";"0.1846538"
"102860.0";"0.1789579"
"102870.0";"0.1679463"
"102880.0";"0.1777665"
"102890.0";"0.1927821"
"102900.0";"0.2120735"
"102910.0";"0.1879708"
"102920.0";"0.1883215"
"102930.0";"0.2003248"
"102940.0";"0.2103904"
"102950.0";"0.1840137"
"102960.0";"0.1995821"
"102970.0";"0.2064318"
"102980.0";"0.1939949"
"102990.0";"0.1960329"
"103000.0";"0.2166957"
"103010.0";"0.1879735"
"103020.0";"0.1863033"
"103030.0";"0.1939588"
"103040.0";"0.1799887"
"103050.0";"0.205239"
"103060.0";"0.1917446"
"103070.0";"0.1768644"
"103080.0";"0.1804051"
"103090.0";"0.1641216"
"103100.0";"0.1754879"
"103110.0";"0.1722353"
"103120.0";"0.1772593"
"103130.0";"0.1915124"
"103140.0";"0.1696879"
"103150.0";"0.1839863"
"103160.0";"0.1821784"
"103170.0";"0.1883558"
"103180.0";"0.1831066"
"103190.0";"0.1790698"
"103200.0";"0.1895992"
"103210.0";"0.1726412"
"103220.0";"0.2114073"
"103230.0";"0.1983886"
"103240.0";"0.1910358"
"103250.0";"0.1926293"
"103260.0";"0.1891983"
"103270.0";"0.1821509"
"103280.0";"0.1821235"
"103290.0";"0.1878244"
"103300.0";"0.1911439"
"103310.0";"0.1751656"
"103320.0";"0.2058496"
"103330.0";"0.17313"
"103340.0";"0.2047096"
"103350.0";"0.1776542"
"103360.0";"0.2115702"
"103370.0";"0.1910447"
"103380.0";"0.1724295"
"103390.0";"0.2076631"
"103400.0";"0.1891983"
"103410.0";"0.1835865"
"103420.0";"0.1964715"
"103430.0";"0.201854"
"103440.0";"0.2216123"
"103450.0";"0.1990401"
"103460.0";"0.2110093"
"103470.0";"0.1821236"
"103480.0";"0.2027833"
"103490.0";"0.2090287"
"103500.0";"0.202257"
"103510.0";"0.1998099"
"103520.0";"0.1847866"
"103530.0";"0.1898687"
"103540.0";"0.1914498"
"103550.0";"0.2221239"
"103560.0";"0.2090022"
"103570.0";"0.193352"
"103580.0";"0.1832674"
"103590.0";"0.2123488"
"103600.0";"0.193"
"103610.0";"0.2152229"
"103620.0";"0.1997849"
"103630.0";"0.1946896"
"103640.0";"0.1909682"
"103650.0";"0.22687"
"103660.0";"0.2340492"
"103670.0";"0.190738"
"103680.0";"0.1934063"
"103690.0";"0.197924"
"103700.0";"0.2289829"
"103710.0";"0.2086599"
"103720.0";"0.2233139"
"103730.0";"0.2134716"
"103740.0";"0.2049098"
"103750.0";"0.186585"
"103760.0";"0.16166"
"103770.0";"0.2140373"
"103780.0";"0.1944971"
"103790.0";"0.2140347"
"103800.0";"0.1979975"
"103810.0";"0.2502983"
"103820.0";"0.2126358"
"103830.0";"0.2089641"
"103840.0";"0.208137"
"103850.0";"0.2476955"
"103860.0";"0.198386"
"103870.0";"0.2052617"
"103880.0";"0.1933537"
"103890.0";"0.2102057"
"103900.0";"0.2152534"
"103910.0";"0.2054558"
"103920.0";"0.2220086"
"103930.0";"0.1770393"
"103940.0";"0.2010457"
"103950.0";"0.2204674"
"103960.0";"0.2028339"
"103970.0";"0.200112"
"103980.0";"0.2161454"
"103990.0";"0.2092224"
"104000.0";"0.2134954"
"104010.0";"0.1992619"
"104020.0";"0.238902"
"104030.0";"0.1887349"
"104040.0";"0.1960738"
"104050.0";"0.1982042"
"104060.0";"0.2103186"
"104070.0";"0.2076634"
"104080.0";"0.1791819"
"104090.0";"0.1973253"
"104100.0";"0.2033152"
"104110.0";"0.2032856"
"104120.0";"0.238021"
"104130.0";"0.1814087"
"104140.0";"0.233677"
"104150.0";"0.2055722"
"104160.0";"0.2267577"
"104170.0";"0.1941364"
"104180.0";"0.1708042"
"104190.0";"0.214935"
"104200.0";"0.2039463"
"104210.0";"0.2046704"
"104220.0";"0.2018192"
"104230.0";"0.2116128"
"104240.0";"0.2059318"
"104250.0";"0.1944659"
"104260.0";"0.2099382"
"104270.0";"0.2058861"
"104280.0";"0.2056068"
"104290.0";"0.2512252"
"104300.0";"0.2466131"
"104310.0";"0.202845"
"104320.0";"0.1990302"
"104330.0";"0.1933854"
"104340.0";"0.1724732"
"104350.0";"0.1935097"
"104360.0";"0.18636"
"104370.0";"0.1716887"
"104380.0";"0.1723078"
"104390.0";"0.2293927"
"104400.0";"0.1562403"
"104410.0";"0.238736"
"104420.0";"0.239654"
"104430.0";"0.2027855"
"104440.0";"0.2035117"
"104450.0";"0.2179197"
"104460.0";"0.245752"
"104470.0";"0.220656"
"104480.0";"0.234732"
"104490.0";"0.2349343"
"104500.0";"0.2283093"
"104510.0";"0.2234346"
"104520.0";"0.2212216"
"104530.0";"0.2594884"
"104540.0";"0.216449"
"104550.0";"0.2341388"
"104560.0";"0.2382289"
"104570.0";"0.2047849"
"104580.0";"0.2178671"
"104590.0";"0.2324241"
"104600.0";"0.2519146"
"104610.0";"0.1867674"
"104620.0";"0.2363768"
"104630.0";"0.2442725"
"104640.0";"0.2192921"
"104650.0";"0.2617344"
"104660.0";"0.2132372"
"104670.0";"0.2367047"
"104680.0";"0.2234479"
"104690.0";"0.2185725"
"104700.0";"0.1980155"
"104710.0";"0.2523389"
"104720.0";"0.2384889"
"104730.0";"0.2113695"
"104740.0";"0.188226"
"104750.0";"0.2101808"
"104760.0";"0.1765474"
"104770.0";"0.2008431"
"104780.0";"0.1791591"
"104790.0";"0.1673738"
"104800.0";"0.2263229"
"104810.0";"0.2385854"
"104820.0";"0.2357159"
"104830.0";"0.2286417"
"104840.0";"0.2374467"
"104850.0";"0.2079739"
"104860.0";"0.2343631"
"104870.0";"0.2326263"
"104880.0";"0.1662107"
"104890.0";"0.1855209"
"104900.0";"0.2090216"
"104910.0";"0.1817386"
"104920.0";"0.197459"
"104930.0";"0.2247247"
"104940.0";"0.1914181"
"104950.0";"0.1867861"
"104960.0";"0.174066"
"104970.0";"0.2121319"
"104980.0";"0.2362647"
"104990.0";"0.1998749"
"105000.0";"0.1700621"
"105010.0";"0.1880716"
"105020.0";"0.1799833"
"105030.0";"0.2135627"
"105040.0";"0.1630383"
"105050.0";"0.1892066"
"105060.0";"0.17304"
"105070.0";"0.1686473"
"105080.0";"0.187566"
"105090.0";"0.1751298"
"105100.0";"0.1672205"
"105110.0";"0.194389"
"105120.0";"0.1871391"
"105130.0";"0.1909957"
"105140.0";"0.1626503"
"105150.0";"0.2150635"
"105160.0";"0.1689117"
"105170.0";"0.2041619"
"105180.0";"0.1756954"
"105190.0";"0.1850565"
"105200.0";"0.2307616"
"105210.0";"0.1881063"
"105220.0";"0.2073163"
"105230.0";"0.20361"
"105240.0";"0.1975375"
"105250.0";"0.2131007"
"105260.0";"0.1935101"
"105270.0";"0.2175957"
"105280.0";"0.1668952"
"105290.0";"0.1713654"
"105300.0";"0.1866924"
"105310.0";"0.1844692"
"105320.0";"0.1658492"
"105330.0";"0.195995"
"105340.0";"0.1828409"
"105350.0";"0.168407"
"105360.0";"0.1902783"
"105370.0";"0.1844696"
"105380.0";"0.1752143"
"105390.0";"0.1758326"
"105400.0";"0.2186138"
"105410.0";"0.1857769"
"105420.0";"0.172334"
"105430.0";"0.1776541"
"105440.0";"0.1837879"
"105450.0";"0.1825243"
"105460.0";"0.1785495"
"105470.0";"0.1879098"
"105480.0";"0.1928963"
"105490.0";"0.1889052"
"105500.0";"0.2058956"
"105510.0";"0.2177729"
"105520.0";"0.2055944"
"105530.0";"0.1710732"
"105540.0";"0.1641528"
"105550.0";"0.1744791"
"105560.0";"0.1648917"
"105570.0";"0.1639569"
"105580.0";"0.2005293"
"105590.0";"0.1810939"
"105600.0";"0.1857659"
"105610.0";"0.1767936"
"105620.0";"0.1940875"
"105630.0";"0.2106229"
"105640.0";"0.1900105"
"105650.0";"0.1862337"
"105660.0";"0.1733957"
"105670.0";"0.1699"
"105680.0";"0.168006"
"105690.0";"0.1763887"
"105700.0";"0.1768446"
"105710.0";"0.1782864"
"105720.0";"0.1755734"
"105730.0";"0.1668591"
"105740.0";"0.1779944"
"105750.0";"0.1881302"
"105760.0";"0.1697321"
"105770.0";"0.1797472"
"105780.0";"0.1787765"
"105790.0";"0.1846646"
"105800.0";"0.176508"
"105810.0";"0.1664752"
"105820.0";"0.1898208"
"105830.0";"0.1739796"
"105840.0";"0.1888942"
"105850.0";"0.2039758"
"105860.0";"0.1661596"
"105870.0";"0.172006"
"105880.0";"0.1749657"
"105890.0";"0.1825074"
"105900.0";"0.1614989"
"105910.0";"0.1703114"
"105920.0";"0.1697086"
"105930.0";"0.1894757"
"105940.0";"0.1599404"
"105950.0";"0.1684904"
"105960.0";"0.1852079"
"105970.0";"0.1823898"
"105980.0";"0.1868313"
"105990.0";"0.1636429"
"106000.0";"0.1833084"
"106010.0";"0.1802803"
"106020.0";"0.177502"
"106030.0";"0.1822389"
"106040.0";"0.1843691"
"106050.0";"0.1666735"
"106060.0";"0.1877072"
"106070.0";"0.201328"
"106080.0";"0.178958"
"106090.0";"0.1743157"
"106100.0";"0.1723021"
"106110.0";"0.1664122"
"106120.0";"0.1949384"
"106130.0";"0.1752882"
"106140.0";"0.1753312"
"106150.0";"0.172968"
"106160.0";"0.1858117"
"106170.0";"0.1655776"
"106180.0";"0.1709912"
"106190.0";"0.1924397"
"106200.0";"0.1874114"
"106210.0";"0.1730345"
"106220.0";"0.2054409"
"106230.0";"0.1863142"
"106240.0";"0.173309"
"106250.0";"0.1776147"
"106260.0";"0.1686177"
"106270.0";"0.1818046"
"106280.0";"0.1785442"
"106290.0";"0.1854455"
"106300.0";"0.1578545"
"106310.0";"0.1949"
"106320.0";"0.1785609"
"106330.0";"0.1820139"
"106340.0";"0.1876753"
"106350.0";"0.1765475"
"106360.0";"0.1714904"
"106370.0";"0.1670958"
"106380.0";"0.1661385"
"106390.0";"0.1753568"
"106400.0";"0.1992009"
"106410.0";"0.1805382"
"106420.0";"0.1619938"
"106430.0";"0.1876326"
"106440.0";"0.1757554"
"106450.0";"0.1710818"
"106460.0";"0.1786701"
"106470.0";"0.1680951"
"106480.0";"0.1703731"
"106490.0";"0.1735975"
"106500.0";"0.1844394"
"106510.0";"0.1703557"
"106520.0";"0.1671076"
"106530.0";"0.1774993"
"106540.0";"0.1810797"
"106550.0";"0.1919529"
"106560.0";"0.1698997"
"106570.0";"0.1808809"
"106580.0";"0.157699"
"106590.0";"0.1785136"
"106600.0";"0.1837771"
"106610.0";"0.1656319"
"106620.0";"0.1703936"
"106630.0";"0.17119"
"106640.0";"0.1937577"
"106650.0";"0.170839"
"106660.0";"0.1793543"
"106670.0";"0.1672693"
"106680.0";"0.1723341"
"106690.0";"0.1851758"
"106700.0";"0.1773697"
"106710.0";"0.1727687"
"106720.0";"0.2085067"
"106730.0";"0.1750143"
"106740.0";"0.1689675"
"106750.0";"0.1867458"
"106760.0";"0.1904416"
"106770.0";"0.1752626"
"106780.0";"0.1725342"
"106790.0";"0.176091"
"106800.0";"0.1645509"
"106810.0";"0.1673352"
"106820.0";"0.1757043"
"106830.0";"0.1775162"
"106840.0";"0.15479"
"106850.0";"0.1702938"
"106860.0";"0.1664872"
"106870.0";"0.1613474"
"106880.0";"0.1777918"
"106890.0";"0.1664393"
"106900.0";"0.1685882"
"106910.0";"0.1670957"
"106920.0";"0.1734647"
"106930.0";"0.1833167"
"106940.0";"0.1818407"
"106950.0";"0.1823899"
"106960.0";"0.194597"
"106970.0";"0.2095974"
"106980.0";"0.1805823"
"106990.0";"0.1862926"
"107000.0";"0.1774513"
"107010.0";"0.1858334"
"107020.0";"0.1529478"
"107030.0";"0.186957"
"107040.0";"0.1727338"
"107050.0";"0.1784012"
"107060.0";"0.1678364"
"107070.0";"0.1792513"
"107080.0";"0.1788098"
"107090.0";"0.1551031"
"107100.0";"0.175889"
"107110.0";"0.1800943"
"107120.0";"0.171971"
"107130.0";"0.1801888"
"107140.0";"0.1766268"
"107150.0";"0.18636"
"107160.0";"0.1867139"
"107170.0";"0.1662318"
"107180.0";"0.1760113"
"107190.0";"0.1718896"
"107200.0";"0.1781404"
"107210.0";"0.170953"
"107220.0";"0.1587512"
"107230.0";"0.1739223"
"107240.0";"0.1709878"
"107250.0";"0.1711052"
"107260.0";"0.1885685"
"107270.0";"0.1797052"
"107280.0";"0.1828389"
"107290.0";"0.1782639"
"107300.0";"0.1596057"
"107310.0";"0.1714177"
"107320.0";"0.1925124"
"107330.0";"0.1861451"
"107340.0";"0.1875155"
"107350.0";"0.169405"
"107360.0";"0.1782274"
"107370.0";"0.1580664"
"107380.0";"0.1685109"
"107390.0";"0.1720145"
"107400.0";"0.1818654"
"107410.0";"0.1603247"
"107420.0";"0.1850784"
"107430.0";"0.1805575"
"107440.0";"0.1846129"
"107450.0";"0.1918073"
"107460.0";"0.1688904"
"107470.0";"0.1769125"
"107480.0";"0.1996722"
"107490.0";"0.1676843"
"107500.0";"0.1815214"
"107510.0";"0.1630462"
"107520.0";"0.1760513"
"107530.0";"0.1740144"
"107540.0";"0.1531831"
"107550.0";"0.1925227"
"107560.0";"0.18419"
"107570.0";"0.1666914"
"107580.0";"0.1778372"
"107590.0";"0.1884914"
"107600.0";"0.1727685"
"107610.0";"0.1822252"
"107620.0";"0.178947"
"107630.0";"0.1833167"
"107640.0";"0.1883689"
"107650.0";"0.1771384"
"107660.0";"0.1566845"
"107670.0";"0.1807236"
"107680.0";"0.1680506"
"107690.0";"0.1919609"
"107700.0";"0.1717584"
"107710.0";"0.1864028"
"107720.0";"0.1740632"
"107730.0";"0.1653389"
"107740.0";"0.1964151"
"107750.0";"0.1879388"
"107760.0";"0.2017798"
"107770.0";"0.1648544"
"107780.0";"0.1623391"
"107790.0";"0.1770142"
"107800.0";"0.1781828"
"107810.0";"0.1710758"
"107820.0";"0.1928599"
"107830.0";"0.1610311"
"107840.0";"0.1977094"
"107850.0";"0.1821015"
"107860.0";"0.1649059"
"107870.0";"0.1694049"
"107880.0";"0.1666552"
"107890.0";"0.1794131"
"107900.0";"0.1638443"
"107910.0";"0.1803471"
"107920.0";"0.1688254"
"107930.0";"0.1625147"
"107940.0";"0.1849161"
"107950.0";"0.1863783"
"107960.0";"0.2068935"
"107970.0";"0.2044823"
"107980.0";"0.1819368"
"107990.0";"0.1788346"
"108000.0";"0.1799362"
"108010.0";"0.1860402"
"108020.0";"0.1891588"
"108030.0";"0.1785808"
"108040.0";"0.1793492"
"108050.0";"0.1916584"
"108060.0";"0.1718286"
"108070.0";"0.1669041"
"108080.0";"0.1648541"
"108090.0";"0.187811"
"108100.0";"0.1897813"
"108110.0";"0.1695755"
"108120.0";"0.1915306"
"108130.0";"0.1699677"
"108140.0";"0.2007636"
"108150.0";"0.1707249"
"108160.0";"0.1722471"
"108170.0";"0.1841765"
"108180.0";"0.1706048"
"108190.0";"0.1776543"
"108200.0";"0.2096164"
"108210.0";"0.1738995"
"108220.0";"0.1719474"
"108230.0";"0.1809031"
"108240.0";"0.1879839"
"108250.0";"0.1708185"
"108260.0";"0.1687517"
"108270.0";"0.1778849"
"108280.0";"0.1796497"
"108290.0";"0.1710267"
"108300.0";"0.1642437"
"108310.0";"0.1690237"
"108320.0";"0.2027732"
"108330.0";"0.1732166"
"108340.0";"0.1963924"
"108350.0";"0.1898578"
"108360.0";"0.1841958"
"108370.0";"0.1886637"
"108380.0";"0.1828033"
"108390.0";"0.1964917"
"108400.0";"0.2101905"
"108410.0";"0.1788126"
"108420.0";"0.1699266"
"108430.0";"0.1855883"
"108440.0";"0.1949458"
"108450.0";"0.1901843"
"108460.0";"0.2081273"
"108470.0";"0.1603432"
"108480.0";"0.1696498"
"108490.0";"0.1591132"
"108500.0";"0.1747026"
"108510.0";"0.1835021"
"108520.0";"0.1740374"
"108530.0";"0.1827017"
"108540.0";"0.1677734"
"108550.0";"0.1651696"
"108560.0";"0.1699679"
"108570.0";"0.1645786"
"108580.0";"0.1777668"
"108590.0";"0.1834939"
"108600.0";"0.1750829"
"108610.0";"0.1662706"
"108620.0";"0.1699821"
"108630.0";"0.1767286"
"108640.0";"0.1914419"
"108650.0";"0.1638385"
"108660.0";"0.2146648"
"108670.0";"0.1684578"
"108680.0";"0.216705"
"108690.0";"0.1800305"
"108700.0";"0.2047586"
"108710.0";"0.157006"
"108720.0";"0.1972484"
"108730.0";"0.1971017"
"108740.0";"0.1833277"
"108750.0";"0.1740747"
"108760.0";"0.1701618"
"108770.0";"0.1737958"
"108780.0";"0.1684368"
"108790.0";"0.1821675"
"108800.0";"0.2254708"
"108810.0";"0.1954995"
"108820.0";"0.1953509"
"108830.0";"0.1792204"
"108840.0";"0.1704612"
"108850.0";"0.1756531"
"108860.0";"0.1887034"
"108870.0";"0.1831773"
"108880.0";"0.1772627"
"108890.0";"0.182606"
"108900.0";"0.2185888"
"108910.0";"0.1783734"
"108920.0";"0.1657709"
"108930.0";"0.1736289"
"108940.0";"0.1750801"
"108950.0";"0.1643229"
"108960.0";"0.19858"
"108970.0";"0.1772963"
"108980.0";"0.1657075"
"108990.0";"0.1882976"
"109000.0";"0.2134176"
"109010.0";"0.1973349"
"109020.0";"0.1711872"
"109030.0";"0.1566463"
"109040.0";"0.1713301"
"109050.0";"0.1632084"
"109060.0";"0.1893833"
"109070.0";"0.1926786"
"109080.0";"0.1656986"
"109090.0";"0.2153091"
"109100.0";"0.1776739"
"109110.0";"0.1819287"
"109120.0";"0.1749544"
"109130.0";"0.1907067"
"109140.0";"0.1772819"
"109150.0";"0.1827923"
"109160.0";"0.1834909"
"109170.0";"0.1934399"
"109180.0";"0.1740058"
"109190.0";"0.1766041"
"109200.0";"0.1534732"
"109210.0";"0.1698117"
"109220.0";"0.1685615"
"109230.0";"0.1676454"
"109240.0";"0.1610311"
"109250.0";"0.1673472"
"109260.0";"0.1722355"
"109270.0";"0.1886321"
"109280.0";"0.1889259"
"109290.0";"0.1660873"
"109300.0";"0.1926084"
"109310.0";"0.1788685"
"109320.0";"0.1723079"
"109330.0";"0.1961278"
"109340.0";"0.191919"
"109350.0";"0.1737123"
"109360.0";"0.1670631"
"109370.0";"0.1788769"
"109380.0";"0.1656082"
"109390.0";"0.2009628"
"109400.0";"0.1768104"
"109410.0";"0.161425"
"109420.0";"0.1679078"
"109430.0";"0.1909999"
"109440.0";"0.1875154"
"109450.0";"0.1651454"
"109460.0";"0.1703235"
"109470.0";"0.1732886"
"109480.0";"0.1709534"
"109490.0";"0.1663161"
"109500.0";"0.163294"
"109510.0";"0.1786085"
"109520.0";"0.1683864"
"109530.0";"0.1833415"
"109540.0";"0.1776654"
"109550.0";"0.1813369"
"109560.0";"0.1822169"
"109570.0";"0.1663759"
"109580.0";"0.1608976"
"109590.0";"0.1693692"
"109600.0";"0.1856907"
"109610.0";"0.1684072"
"109620.0";"0.1698882"
"109630.0";"0.1810442"
"109640.0";"0.1661387"
"109650.0";"0.1664122"
"109660.0";"0.1603529"
"109670.0";"0.177339"
"109680.0";"0.1740662"
"109690.0";"0.1607762"
"109700.0";"0.1670748"
"109710.0";"0.1684222"
"109720.0";"0.1674096"
"109730.0";"0.1827485"
"109740.0";"0.1879707"
"109750.0";"0.1747509"
"109760.0";"0.1766635"
"109770.0";"0.1599936"
"109780.0";"0.19898"
"109790.0";"0.1977021"
"109800.0";"0.1964692"
"109810.0";"0.1743386"
"109820.0";"0.1672542"
"109830.0";"0.179246"
"109840.0";"0.1839458"
"109850.0";"0.1782834"
"109860.0";"0.1702882"
"109870.0";"0.1740057"
"109880.0";"0.183973"
"109890.0";"0.1738334"
"109900.0";"0.1698558"
"109910.0";"0.1889551"
"109920.0";"0.1725224"
"109930.0";"0.184808"
"109940.0";"0.1676125"
"109950.0";"0.1727599"
"109960.0";"0.1946125"
"109970.0";"0.1719157"
"109980.0";"0.1926936"
"109990.0";"0.1769687"
"110000.0";"0.1747169"
"110010.0";"0.1719709"
"110020.0";"0.1701294"
"110030.0";"0.1824446"
"110040.0";"0.1754823"
"110050.0";"0.1945303"
"110060.0";"0.1797054"
"110070.0";"0.1830056"
"110080.0";"0.174714"
"110090.0";"0.1811599"
"110100.0";"0.1722702"
"110110.0";"0.1781488"
"110120.0";"0.16892"
"110130.0";"0.1685498"
"110140.0";"0.1804799"
"110150.0";"0.1870534"
"110160.0";"0.1597029"
"110170.0";"0.174797"
"110180.0";"0.1906882"
"110190.0";"0.1764823"
"110200.0";"0.1772171"
"110210.0";"0.1667752"
"110220.0";"0.1742898"
"110230.0";"0.1793878"
"110240.0";"0.1812762"
"110250.0";"0.1955121"
"110260.0";"0.1643502"
"110270.0";"0.2161367"
"110280.0";"0.1649331"
"110290.0";"0.1721452"
"110300.0";"0.1951667"
"110310.0";"0.1791479"
"110320.0";"0.1821896"
"110330.0";"0.1665444"
"110340.0";"0.1765844"
"110350.0";"0.1813201"
"110360.0";"0.174863"
"110370.0";"0.159731"
"110380.0";"0.1711898"
"110390.0";"0.1772259"
"110400.0";"0.1718199"
"110410.0";"0.1857901"
"110420.0";"0.1825213"
"110430.0";"0.1748313"
"110440.0";"0.1657527"
"110450.0";"0.202329"
"110460.0";"0.1765391"
"110470.0";"0.1754138"
"110480.0";"0.1772708"
"110490.0";"0.1660302"
"110500.0";"0.1728757"
"110510.0";"0.1730058"
"110520.0";"0.1629416"
"110530.0";"0.1757213"
"110540.0";"0.1620155"
"110550.0";"0.1668803"
"110560.0";"0.1806157"
"110570.0";"0.1808978"
"110580.0";"0.1707162"
"110590.0";"0.1848107"
"110600.0";"0.164271"
"110610.0";"0.1810715"
"110620.0";"0.1739972"
"110630.0";"0.1604527"
"110640.0";"0.1725978"
"110650.0";"0.1753881"
"110660.0";"0.1923643"
"110670.0";"0.1710936"
"110680.0";"0.1833959"
"110690.0";"0.169074"
"110700.0";"0.1653359"
"110710.0";"0.1569111"
"110720.0";"0.1811545"
"110730.0";"0.1732425"
"110740.0";"0.1734963"
"110750.0";"0.1790223"
"110760.0";"0.1735569"
"110770.0";"0.1959615"
"110780.0";"0.1702174"
"110790.0";"0.1745221"
"110800.0";"0.1725515"
"110810.0";"0.1727252"
"110820.0";"0.1748687"
"110830.0";"0.1842634"
"110840.0";"0.1718895"
"110850.0";"0.1660151"
"110860.0";"0.1866815"
"110870.0";"0.1665082"
"110880.0";"0.1735194"
"110890.0";"0.1665714"
"110900.0";"0.1765814"
"110910.0";"0.1767767"
"110920.0";"0.1997224"
"110930.0";"0.1725252"
"110940.0";"0.1815323"
"110950.0";"0.1599376"
"110960.0";"0.1784098"
"110970.0";"0.1719594"
"110980.0";"0.1760285"
"110990.0";"0.1630521"
"111000.0";"0.164405"
"111010.0";"0.173381"
"111020.0";"0.1755478"
"111030.0";"0.1590596"
"111040.0";"0.178631"
"111050.0";"0.1939151"
"111060.0";"0.1769663"
"111070.0";"0.1934891"
"111080.0";"0.1812705"
"111090.0";"0.2045605"
"111100.0";"0.193321"
"111110.0";"0.173254"
"111120.0";"0.1740116"
"111130.0";"0.170801"
"111140.0";"0.193662"
"111150.0";"0.1792958"
"111160.0";"0.1788267"
"111170.0";"0.1765673"
"111180.0";"0.1810772"
"111190.0";"0.1700294"
"111200.0";"0.1841957"
"111210.0";"0.2027757"
"111220.0";"0.1819701"
"111230.0";"0.1782274"
"111240.0";"0.1898919"
"111250.0";"0.1785414"
"111260.0";"0.1984841"
"111270.0";"0.1740658"
"111280.0";"0.1736895"
"111290.0";"0.1670091"
"111300.0";"0.1554512"
"111310.0";"0.154169"
"111320.0";"0.1554896"
"111330.0";"0.1564419"
"111340.0";"0.1786699"
"111350.0";"0.1760538"
"111360.0";"0.1716449"
"111370.0";"0.2072774"
"111380.0";"0.2141799"
"111390.0";"0.1721775"
"111400.0";"0.1653784"
"111410.0";"0.1859733"
"111420.0";"0.1839922"
"111430.0";"0.1935484"
"111440.0";"0.1771245"
"111450.0";"0.1862926"
"111460.0";"0.1607329"
"111470.0";"0.1925901"
"111480.0";"0.1699059"
"111490.0";"0.1954606"
"111500.0";"0.1765983"
"111510.0";"0.1886638"
"111520.0";"0.1808284"
"111530.0";"0.1800748"
"111540.0";"0.1848677"
"111550.0";"0.2013605"
"111560.0";"0.1917864"
"111570.0";"0.1743616"
"111580.0";"0.1791481"
"111590.0";"0.1729741"
"111600.0";"0.1750002"
"111610.0";"0.1867135"
"111620.0";"0.1911362"
"111630.0";"0.1828357"
"111640.0";"0.2047902"
"111650.0";"0.1736376"
"111660.0";"0.1724703"
"111670.0";"0.1704406"
"111680.0";"0.1827047"
"111690.0";"0.1693398"
"111700.0";"0.1701794"
"111710.0";"0.1736289"
"111720.0";"0.1641767"
"111730.0";"0.1766748"
"111740.0";"0.1748086"
"111750.0";"0.1763009"
"111760.0";"0.1577466"
"111770.0";"0.1600406"
"111780.0";"0.1850352"
"111790.0";"0.1647303"
"111800.0";"0.2047976"
"111810.0";"0.1755961"
"111820.0";"0.1882711"
"111830.0";"0.166976"
"111840.0";"0.1834937"
"111850.0";"0.1700146"
"111860.0";"0.1808895"
"111870.0";"0.167991"
"111880.0";"0.1828252"
"111890.0";"0.1601533"
"111900.0";"0.1989196"
"111910.0";"0.1844721"
"111920.0";"0.1840787"
"111930.0";"0.1773529"
"111940.0";"0.173185"
"111950.0";"0.1883083"
"111960.0";"0.1652087"
"111970.0";"0.17764"
"111980.0";"0.1686213"
"111990.0";"0.1785803"
"112000.0";"0.1874539"
"112010.0";"0.1967893"
"112020.0";"0.1717353"
"112030.0";"0.1904966"
"112040.0";"0.1707074"
"112050.0";"0.1795272"
"112060.0";"0.1766467"
"112070.0";"0.1893698"
"112080.0";"0.1748197"
"112090.0";"0.1776205"
"112100.0";"0.1797946"
"112110.0";"0.1709648"
"112120.0";"0.17573"
"112130.0";"0.1766156"
"112140.0";"0.2043011"
"112150.0";"0.1743701"
"112160.0";"0.1972691"
"112170.0";"0.1928185"
"112180.0";"0.1767937"
"112190.0";"0.168612"
"112200.0";"0.165218"
"112210.0";"0.162819"
"112220.0";"0.1800252"
"112230.0";"0.1672544"
"112240.0";"0.1767596"
"112250.0";"0.1870483"
"112260.0";"0.1847864"
"112270.0";"0.1731934"
"112280.0";"0.1752969"
"112290.0";"0.1755305"
"112300.0";"0.1904206"
"112310.0";"0.1782808"
"112320.0";"0.1841982"
"112330.0";"0.168763"
"112340.0";"0.1763434"
"112350.0";"0.1750686"
"112360.0";"0.1697204"
"112370.0";"0.171808"
"112380.0";"0.1811603"
"112390.0";"0.1901393"
"112400.0";"0.176454"
"112410.0";"0.171604"
"112420.0";"0.1753566"
"112430.0";"0.1859138"
"112440.0";"0.1945608"
"112450.0";"0.1935924"
"112460.0";"0.178404"
"112470.0";"0.1697235"
"112480.0";"0.1713976"
"112490.0";"0.1689435"
"112500.0";"0.1855803"
"112510.0";"0.158962"
"112520.0";"0.1800056"
"112530.0";"0.1686357"
"112540.0";"0.162653"
"112550.0";"0.1799889"
"112560.0";"0.1815435"
"112570.0";"0.1609751"
"112580.0";"0.1663551"
"112590.0";"0.1757356"
"112600.0";"0.1791534"
"112610.0";"0.1712219"
"112620.0";"0.1730115"
"112630.0";"0.1816424"
"112640.0";"0.1606424"
"112650.0";"0.1733117"
"112660.0";"0.1782638"
"112670.0";"0.163539"
"112680.0";"0.1765501"
"112690.0";"0.1686742"
"112700.0";"0.1861236"
"112710.0";"0.1714176"
"112720.0";"0.1684697"
"112730.0";"0.1795494"
"112740.0";"0.1654901"
"112750.0";"0.1567038"
"112760.0";"0.1864886"
"112770.0";"0.1708421"
"112780.0";"0.1714497"
"112790.0";"0.1715635"
"112800.0";"0.1700999"
"112810.0";"0.1688106"
"112820.0";"0.1843203"
"112830.0";"0.194602"
"112840.0";"0.1720638"
"112850.0";"0.1706048"
"112860.0";"0.1919429"
"112870.0";"0.1745222"
"112880.0";"0.179371"
"112890.0";"0.1841007"
"112900.0";"0.1936"
"112910.0";"0.1767372"
"112920.0";"0.1658854"
"112930.0";"0.178603"
"112940.0";"0.1579937"
"112950.0";"0.1567355"
"112960.0";"0.1764767"
"112970.0";"0.1854025"
"112980.0";"0.1880159"
"112990.0";"0.1657859"
"113000.0";"0.1664452"
"113010.0";"0.165342"
"113020.0";"0.1945585"
"113030.0";"0.1815986"
"113040.0";"0.1753112"
"113050.0";"0.1666254"
"113060.0";"0.1686211"
"113070.0";"0.1742324"
"113080.0";"0.1703468"
"113090.0";"0.174545"
"113100.0";"0.1708743"
"113110.0";"0.1708831"
"113120.0";"0.1926992"
"113130.0";"0.1706577"
"113140.0";"0.1757669"
"113150.0";"0.1746025"
"113160.0";"0.1605053"
"113170.0";"0.1710907"
"113180.0";"0.1812869"
"113190.0";"0.1826773"
"113200.0";"0.1778847"
"113210.0";"0.1654418"
"113220.0";"0.1758949"
"113230.0";"0.1731387"
"113240.0";"0.1731068"
"113250.0";"0.1753709"
"113260.0";"0.1671887"
"113270.0";"0.1702084"
"113280.0";"0.1780168"
"113290.0";"0.1773612"
"113300.0";"0.1831228"
"113310.0";"0.1837171"
"113320.0";"0.1745108"
"113330.0";"0.1640914"
"113340.0";"0.1875554"
"113350.0";"0.1694994"
"113360.0";"0.1680506"
"113370.0";"0.1695229"
"113380.0";"0.1712335"
"113390.0";"0.1745883"
"113400.0";"0.1633189"
"113410.0";"0.1828358"
"113420.0";"0.1751514"
"113430.0";"0.1741121"
"113440.0";"0.174611"
"113450.0";"0.1779355"
"113460.0";"0.1659187"
"113470.0";"0.1719328"
"113480.0";"0.1753909"
"113490.0";"0.1805437"
"113500.0";"0.1731762"
"113510.0";"0.182858"
"113520.0";"0.1731503"
"113530.0";"0.1718981"
"113540.0";"0.1690501"
"113550.0";"0.1673349"
"113560.0";"0.1714555"
"113570.0";"0.1760457"
"113580.0";"0.1727974"
"113590.0";"0.1667962"
"113600.0";"0.179123"
"113610.0";"0.1708918"
"113620.0";"0.1715223"
"113630.0";"0.1775162"
"113640.0";"0.1615053"
"113650.0";"0.1780614"
"113660.0";"0.1742183"
"113670.0";"0.1679673"
"113680.0";"0.1595119"
"113690.0";"0.1737154"
"113700.0";"0.1800667"
"113710.0";"0.1708184"
"113720.0";"0.1757868"
"113730.0";"0.1831228"
"113740.0";"0.1945122"
"113750.0";"0.17154"
"113760.0";"0.1666313"
"113770.0";"0.1818406"
"113780.0";"0.1719856"
"113790.0";"0.1706078"
"113800.0";"0.1711286"
"113810.0";"0.175781"
"113820.0";"0.1633494"
"113830.0";"0.1715023"
"113840.0";"0.1667123"
"113850.0";"0.1759375"
"113860.0";"0.1661384"
"113870.0";"0.1882895"
"113880.0";"0.1780477"
"113890.0";"0.1718662"
"113900.0";"0.1736317"
"113910.0";"0.1776571"
"113920.0";"0.1818433"
"113930.0";"0.1716217"
"113940.0";"0.1646727"
"113950.0";"0.1548934"
"113960.0";"0.174092"
"113970.0";"0.168363"
"113980.0";"0.1827376"
"113990.0";"0.1675025"
"114000.0";"0.1662799"
"114010.0";"0.1725806"
"114020.0";"0.1721481"
"114030.0";"0.1645996"
"114040.0";"0.1818378"
"114050.0";"0.1686742"
"114060.0";"0.1776598"
"114070.0";"0.1767509"
"114080.0";"0.1850785"
"114090.0";"0.171082"
"114100.0";"0.1848186"
"114110.0";"0.1689853"
"114120.0";"0.1765924"
"114130.0";"0.1756163"
"114140.0";"0.1810941"
"114150.0";"0.1760708"
"114160.0";"0.1708833"
"114170.0";"0.1785609"
"114180.0";"0.1763576"
"114190.0";"0.16063"
"114200.0";"0.1788127"
"114210.0";"0.1789108"
"114220.0";"0.1617531"
"114230.0";"0.1733928"
"114240.0";"0.1670151"
"114250.0";"0.1887749"
"114260.0";"0.1650302"
"114270.0";"0.1815323"
"114280.0";"0.1721162"
"114290.0";"0.1791395"
"114300.0";"0.1761733"
"114310.0";"0.1658855"
"114320.0";"0.1654873"
"114330.0";"0.1808121"
"114340.0";"0.1776008"
"114350.0";"0.1720959"
"114360.0";"0.1728032"
"114370.0";"0.178418"
"114380.0";"0.1750686"
"114390.0";"0.1745481"
"114400.0";"0.1723369"
"114410.0";"0.1710264"
"114420.0";"0.1837117"
"114430.0";"0.1704522"
"114440.0";"0.1660696"
"114450.0";"0.1798386"
"114460.0";"0.1753083"
"114470.0";"0.1715486"
"114480.0";"0.1673468"
"114490.0";"0.173266"
"114500.0";"0.1851513"
"114510.0";"0.1730318"
"114520.0";"0.1728411"
"114530.0";"0.1690149"
"114540.0";"0.1765729"
"114550.0";"0.1686358"
"114560.0";"0.1726732"
"114570.0";"0.21706"
"114580.0";"0.1807487"
"114590.0";"0.1604837"
"114600.0";"0.1705581"
"114610.0";"0.1698703"
"114620.0";"0.1835291"
"114630.0";"0.1675141"
"114640.0";"0.1849757"
"114650.0";"0.1833058"
"114660.0";"0.1822691"
"114670.0";"0.1660874"
"114680.0";"0.1812237"
"114690.0";"0.189971"
"114700.0";"0.1838722"
"114710.0";"0.1768107"
"114720.0";"0.1806683"
"114730.0";"0.1791118"
"114740.0";"0.1777328"
"114750.0";"0.1716069"
"114760.0";"0.1786337"
"114770.0";"0.1844913"
"114780.0";"0.16449"
"114790.0";"0.1657889"
"114800.0";"0.1892112"
"114810.0";"0.1739139"
"114820.0";"0.1736692"
"114830.0";"0.1800803"
"114840.0";"0.2010098"
"114850.0";"0.1661386"
"114860.0";"0.1768473"
"114870.0";"0.1649881"
"114880.0";"0.1576229"
"114890.0";"0.1804937"
"114900.0";"0.1622129"
"114910.0";"0.1850868"
"114920.0";"0.1805548"
"114930.0";"0.1585276"
"114940.0";"0.1553159"
"114950.0";"0.183807"
"114960.0";"0.1732889"
"114970.0";"0.164195"
"114980.0";"0.1712866"
"114990.0";"0.1637651"
"115000.0";"0.1597842"
"115010.0";"0.1775415"
"115020.0";"0.1684667"
"115030.0";"0.1793349"
"115040.0";"0.1656048"
"115050.0";"0.1696614"
"115060.0";"0.1785524"
"115070.0";"0.175146"
"115080.0";"0.175673"
"115090.0";"0.1756473"
"115100.0";"0.1726442"
"115110.0";"0.1734876"
"115120.0";"0.1831967"
"115130.0";"0.1694727"
"115140.0";"0.1677526"
"115150.0";"0.1663551"
"115160.0";"0.1670746"
"115170.0";"0.177857"
"115180.0";"0.1792987"
"115190.0";"0.1854426"
"115200.0";"0.2086075"
"115210.0";"0.1798724"
"115220.0";"0.1855289"
"115230.0";"0.2096186"
"115240.0";"0.2375312"
"115250.0";"0.1932615"
"115260.0";"0.222506"
"115270.0";"0.241435"
"115280.0";"0.2143152"
"115290.0";"0.2030912"
"115300.0";"0.2160022"
"115310.0";"0.2243056"
"115320.0";"0.2344293"
"115330.0";"0.2297608"
"115340.0";"0.1832185"
"115350.0";"0.23228"
"115360.0";"0.2240783"
"115370.0";"0.2169469"
"115380.0";"0.219504"
"115390.0";"0.2506573"
"115400.0";"0.2061019"
"115410.0";"0.2281163"
"115420.0";"0.208245"
"115430.0";"0.2422126"
"115440.0";"0.2411514"
"115450.0";"0.2407198"
"115460.0";"0.233433"
"115470.0";"0.1905311"
"115480.0";"0.2096283"
"115490.0";"0.2137521"
"115500.0";"0.1787569"
"115510.0";"0.1771413"
"115520.0";"0.1886241"
"115530.0";"0.1777246"
"115540.0";"0.2050416"
"115550.0";"0.2016457"
"115560.0";"0.1813669"
"115570.0";"0.1914315"
"115580.0";"0.2104685"
"115590.0";"0.1792148"
"115600.0";"0.1910395"
"115610.0";"0.1774937"
"115620.0";"0.2009604"
"115630.0";"0.1840056"
"115640.0";"0.1904681"
"115650.0";"0.1986579"
"115660.0";"0.1808288"
"115670.0";"0.1919295"
"115680.0";"0.1790333"
"115690.0";"0.1803495"
"115700.0";"0.1812182"
"115710.0";"0.170003"
"115720.0";"0.1779549"
"115730.0";"0.1708039"
"115740.0";"0.1821457"
"115750.0";"0.1901159"
"115760.0";"0.1826032"
"115770.0";"0.1946715"
"115780.0";"0.1758407"
"115790.0";"0.1753396"
"115800.0";"0.1889896"
"115810.0";"0.156729"
"115820.0";"0.1870856"
"115830.0";"0.1880664"
"115840.0";"0.1851295"
"115850.0";"0.1807262"
"115860.0";"0.1743615"
"115870.0";"0.1700736"
"115880.0";"0.1841872"
"115890.0";"0.1657137"
"115900.0";"0.1841901"
"115910.0";"0.2150604"
"115920.0";"0.2000026"
"115930.0";"0.1892328"
"115940.0";"0.1920443"
"115950.0";"0.1949206"
"115960.0";"0.18739"
"115970.0";"0.1726759"
"115980.0";"0.1791116"
"115990.0";"0.1990025"
"116000.0";"0.1970941"
"116010.0";"0.1973272"
"116020.0";"0.1884063"
"116030.0";"0.1723514"
"116040.0";"0.1921875"
"116050.0";"0.2141073"
"116060.0";"0.1896524"
"116070.0";"0.1926083"
"116080.0";"0.1850513"
"116090.0";"0.1884038"
"116100.0";"0.1662468"
"116110.0";"0.1792373"
"116120.0";"0.1891799"
"116130.0";"0.1966572"
"116140.0";"0.200095"
"116150.0";"0.1957295"
"116160.0";"0.1865208"
"116170.0";"0.1787429"
"116180.0";"0.1935691"
"116190.0";"0.1755961"
"116200.0";"0.1841442"
"116210.0";"0.195502"
"116220.0";"0.179736"
"116230.0";"0.1778763"
"116240.0";"0.1773302"
"116250.0";"0.1925981"
"116260.0";"0.1811243"
"116270.0";"0.1927744"
"116280.0";"0.1703114"
"116290.0";"0.1805853"
"116300.0";"0.1943271"
"116310.0";"0.1786841"
"116320.0";"0.1788353"
"116330.0";"0.1776879"
"116340.0";"0.1714905"
"116350.0";"0.1764906"
"116360.0";"0.1768559"
"116370.0";"0.2339187"
"116380.0";"0.1936644"
"116390.0";"0.1780729"
"116400.0";"0.218463"
"116410.0";"0.173274"
"116420.0";"0.1918801"
"116430.0";"0.1823322"
"116440.0";"0.1895812"
"116450.0";"0.1853293"
"116460.0";"0.2130986"
"116470.0";"0.1880134"
"116480.0";"0.1777244"
"116490.0";"0.1623979"
"116500.0";"0.1791484"
"116510.0";"0.1870269"
"116520.0";"0.1923386"
"116530.0";"0.2220944"
"116540.0";"0.1834643"
"116550.0";"0.1809089"
"116560.0";"0.189098"
"116570.0";"0.1835783"
"116580.0";"0.1693076"
"116590.0";"0.1745652"
"116600.0";"0.1671047"
"116610.0";"0.1760938"
"116620.0";"0.2096736"
"116630.0";"0.1839049"
"116640.0";"0.1850757"
"116650.0";"0.1642558"
"116660.0";"0.1691892"
"116670.0";"0.1990326"
"116680.0";"0.1773219"
"116690.0";"0.188045"
"116700.0";"0.1908323"
"116710.0";"0.2015193"
"116720.0";"0.172919"
"116730.0";"0.1648179"
"116740.0";"0.1727946"
"116750.0";"0.1676693"
"116760.0";"0.1753796"
"116770.0";"0.1488892"
"116780.0";"0.1752401"
"116790.0";"0.1689409"
"116800.0";"0.1673108"
"116810.0";"0.1689764"
"116820.0";"0.174516"
"116830.0";"0.1671675"
"116840.0";"0.1745939"
"116850.0";"0.1712948"
"116860.0";"0.170417"
"116870.0";"0.1787287"
"116880.0";"0.1758806"
"116890.0";"0.1805603"
"116900.0";"0.189299"
"116910.0";"0.1654028"
"116920.0";"0.1813307"
"116930.0";"0.1641521"
"116940.0";"0.1802801"
"116950.0";"0.1817746"
"116960.0";"0.1715401"
"116970.0";"0.1787459"
"116980.0";"0.1864646"
"116990.0";"0.1702614"
"117000.0";"0.1894044"
"117010.0";"0.1869892"
"117020.0";"0.2037695"
"117030.0";"0.1730954"
"117040.0";"0.1675622"
"117050.0";"0.1812647"
"117060.0";"0.1812676"
"117070.0";"0.1740832"
"117080.0";"0.1881619"
"117090.0";"0.1740517"
"117100.0";"0.1664632"
"117110.0";"0.1757982"
"117120.0";"0.1648697"
"117130.0";"0.1679316"
"117140.0";"0.1742327"
"117150.0";"0.1772714"
"117160.0";"0.1793151"
"117170.0";"0.1749086"
"117180.0";"0.1717237"
"117190.0";"0.1849216"
"117200.0";"0.1856045"
"117210.0";"0.1679465"
"117220.0";"0.1928134"
"117230.0";"0.170883"
"117240.0";"0.1844503"
"117250.0";"0.188162"
"117260.0";"0.1932615"
"117270.0";"0.1873391"
"117280.0";"0.1615952"
"117290.0";"0.1707981"
"117300.0";"0.1804303"
"117310.0";"0.1773048"
"117320.0";"0.1853133"
"117330.0";"0.1719915"
"117340.0";"0.1673619"
"117350.0";"0.1736695"
"117360.0";"0.1786869"
"117370.0";"0.1798362"
"117380.0";"0.1814663"
"117390.0";"0.1870665"
"117400.0";"0.163377"
"117410.0";"0.1856772"
"117420.0";"0.1802389"
"117430.0";"0.177601"
"117440.0";"0.1705314"
"117450.0";"0.1768445"
"117460.0";"0.1968273"
"117470.0";"0.1687009"
"117480.0";"0.1747969"
"117490.0";"0.1836384"
"117500.0";"0.1843205"
"117510.0";"0.1741867"
"117520.0";"0.1653635"
"117530.0";"0.177916"
"117540.0";"0.1861908"
"117550.0";"0.1619073"
"117560.0";"0.1649273"
"117570.0";"0.193096"
"117580.0";"0.1931579"
"117590.0";"0.1836547"
"117600.0";"0.1875661"
"117610.0";"0.1881491"
"117620.0";"0.1624867"
"117630.0";"0.1745539"
"117640.0";"0.1622499"
"117650.0";"0.1913789"
"117660.0";"0.1750283"
"117670.0";"0.1909504"
"117680.0";"0.1921691"
"117690.0";"0.1655958"
"117700.0";"0.1989798"
"117710.0";"0.1676213"
"117720.0";"0.183112"
"117730.0";"0.1951282"
"117740.0";"0.1851838"
"117750.0";"0.1695963"
"117760.0";"0.1713739"
"117770.0";"0.2058203"
"117780.0";"0.1791926"
"117790.0";"0.1914912"
"117800.0";"0.1755817"
"117810.0";"0.1729104"
"117820.0";"0.183284"
"117830.0";"0.171971"
"117840.0";"0.1813867"
"117850.0";"0.1951539"
"117860.0";"0.1797052"
"117870.0";"0.1846617"
"117880.0";"0.1846887"
"117890.0";"0.1683625"
"117900.0";"0.1721801"
"117910.0";"0.1973552"
"117920.0";"0.1730118"
"117930.0";"0.1768556"
"117940.0";"0.1685766"
"117950.0";"0.1604026"
"117960.0";"0.181425"
"117970.0";"0.1572324"
"117980.0";"0.1796108"
"117990.0";"0.1872112"
"118000.0";"0.1741552"
"118010.0";"0.1656834"
"118020.0";"0.1829235"
"118030.0";"0.1774599"
"118040.0";"0.1645996"
"118050.0";"0.1830794"
"118060.0";"0.1727195"
"118070.0";"0.1803135"
"118080.0";"0.165484"
"118090.0";"0.1784883"
"118100.0";"0.1675829"
"118110.0";"0.1728642"
"118120.0";"0.1671436"
"118130.0";"0.182784"
"118140.0";"0.1867673"
"118150.0";"0.1650517"
"118160.0";"0.1708745"
"118170.0";"0.1682051"
"118180.0";"0.1821676"
"118190.0";"0.164624"
"118200.0";"0.1894097"
"118210.0";"0.1968582"
"118220.0";"0.1823978"
"118230.0";"0.1760713"
"118240.0";"0.180823"
"118250.0";"0.1728352"
"118260.0";"0.1961478"
"118270.0";"0.1655234"
"118280.0";"0.180577"
"118290.0";"0.1825758"
"118300.0";"0.1804133"
"118310.0";"0.1914393"
"118320.0";"0.2069903"
"118330.0";"0.1827512"
"118340.0";"0.1756187"
"118350.0";"0.1807706"
"118360.0";"0.1690206"
"118370.0";"0.2017546"
"118380.0";"0.1767653"
"118390.0";"0.1948592"
"118400.0";"0.1859946"
"118410.0";"0.1778315"
"118420.0";"0.2053802"
"118430.0";"0.1668052"
"118440.0";"0.1898026"
"118450.0";"0.1777581"
"118460.0";"0.187505"
"118470.0";"0.2214856"
"118480.0";"0.1919008"
"118490.0";"0.1777359"
"118500.0";"0.2038283"
"118510.0";"0.1991933"
"118520.0";"0.1778231"
"118530.0";"0.1968197"
"118540.0";"0.2116363"
"118550.0";"0.213696"
"118560.0";"0.1931477"
"118570.0";"0.1869919"
"118580.0";"0.1770566"
"118590.0";"0.2065938"
"118600.0";"0.180325"
"118610.0";"0.1887327"
"118620.0";"0.1885977"
"118630.0";"0.1821238"
"118640.0";"0.2088923"
"118650.0";"0.2125325"
"118660.0";"0.1709211"
"118670.0";"0.1857794"
"118680.0";"0.190633"
"118690.0";"0.186376"
"118700.0";"0.1754365"
"118710.0";"0.1798974"
"118720.0";"0.2201205"
"118730.0";"0.1771157"
"118740.0";"0.201189"
"118750.0";"0.1678331"
"118760.0";"0.1978611"
"118770.0";"0.2221464"
"118780.0";"0.1617653"
"118790.0";"0.1805131"
"118800.0";"0.2081994"
"118810.0";"0.1950231"
"118820.0";"0.1878855"
"118830.0";"0.1848486"
"118840.0";"0.1684694"
"118850.0";"0.1871925"
"118860.0";"0.1711899"
"118870.0";"0.1824224"
"118880.0";"0.1824446"
"118890.0";"0.1812015"
"118900.0";"0.1735598"
"118910.0";"0.1754109"
"118920.0";"0.1782134"
"118930.0";"0.1679168"
"118940.0";"0.2228293"
"118950.0";"0.1844205"
"118960.0";"0.2263472"
"118970.0";"0.2189387"
"118980.0";"0.17191"
"118990.0";"0.1701881"
"119000.0";"0.189045"
"119010.0";"0.1971243"
"119020.0";"0.1840789"
"119030.0";"0.1743617"
"119040.0";"0.191682"
"119050.0";"0.1670389"
"119060.0";"0.1813366"
"119070.0";"0.183374"
"119080.0";"0.1684459"
"119090.0";"0.162653"
"119100.0";"0.1695465"
"119110.0";"0.1823953"
"119120.0";"0.1960739"
"119130.0";"0.1974867"
"119140.0";"0.1793154"
"119150.0";"0.1794741"
"119160.0";"0.1864216"
"119170.0";"0.2174441"
"119180.0";"0.1815653"
"119190.0";"0.1757129"
"119200.0";"0.1926265"
"119210.0";"0.1779381"
"119220.0";"0.189634"
"119230.0";"0.1868502"
"119240.0";"0.2053803"
"119250.0";"0.1788938"
"119260.0";"0.1965755"
"119270.0";"0.2026179"
"119280.0";"0.216968"
"119290.0";"0.2173339"
"119300.0";"0.183913"
"119310.0";"0.1807706"
"119320.0";"0.1826307"
"119330.0";"0.1793794"
"119340.0";"0.1784517"
"119350.0";"0.178025"
"119360.0";"0.1880745"
"119370.0";"0.1664873"
"119380.0";"0.1779579"
"119390.0";"0.1681932"
"119400.0";"0.1724124"
"119410.0";"0.188412"
"119420.0";"0.1917316"
"119430.0";"0.1844422"
"119440.0";"0.1797387"
"119450.0";"0.1731072"
"119460.0";"0.1691803"
"119470.0";"0.191442"
"119480.0";"0.194322"
"119490.0";"0.1855694"
"119500.0";"0.1879363"
"119510.0";"0.1817304"
"119520.0";"0.1717531"
"119530.0";"0.1671318"
"119540.0";"0.1794048"
"119550.0";"0.1852077"
"119560.0";"0.1842554"
"119570.0";"0.1708859"
"119580.0";"0.206635"
"119590.0";"0.1939178"
"119600.0";"0.1791312"
"119610.0";"0.2112013"
"119620.0";"0.2132346"
"119630.0";"0.1995846"
"119640.0";"0.1881942"
"119650.0";"0.2016978"
"119660.0";"0.1742269"
"119670.0";"0.2103901"
"119680.0";"0.1902341"
"119690.0";"0.1694932"
"119700.0";"0.1861104"
"119710.0";"0.1814829"
"119720.0";"0.197937"
"119730.0";"0.1821098"
"119740.0";"0.1803472"
"119750.0";"0.1725399"
"119760.0";"0.1747596"
"119770.0";"0.1785664"
"119780.0";"0.1760966"
"119790.0";"0.1911127"
"119800.0";"0.1847539"
"119810.0";"0.1766862"
"119820.0";"0.1782638"
"119830.0";"0.1977929"
"119840.0";"0.1954202"
"119850.0";"0.1928989"
"119860.0";"0.1834201"
"119870.0";"0.1999924"
"119880.0";"0.1817276"
"119890.0";"0.1954123"
"119900.0";"0.1639939"
"119910.0";"0.1744508"
"119920.0";"0.1767315"
"119930.0";"0.2092894"
"119940.0";"0.1907144"
"119950.0";"0.1889788"
"119960.0";"0.172125"
"119970.0";"0.1845481"
"119980.0";"0.175869"
"119990.0";"0.1863115"
"120000.0";"0.1686476"
"120010.0";"0.1733377"
"120020.0";"0.1745882"
"120030.0";"0.1997023"
"120040.0";"0.1850945"
"120050.0";"0.1732369"
"120060.0";"0.1887034"
"120070.0";"0.1598249"
"120080.0";"0.2072776"
"120090.0";"0.2126076"
"120100.0";"0.1771157"
"120110.0";"0.1771186"
"120120.0";"0.1811796"
"120130.0";"0.1937137"
"120140.0";"0.1724356"
"120150.0";"0.2026846"
"120160.0";"0.209509"
"120170.0";"0.184762"
"120180.0";"0.1953688"
"120190.0";"0.1885604"
"120200.0";"0.1972462"
"120210.0";"0.182439"
"120220.0";"0.17025"
"120230.0";"0.1873206"
"120240.0";"0.1881305"
"120250.0";"0.1779832"
"120260.0";"0.1857796"
"120270.0";"0.1987839"
"120280.0";"0.1833577"
"120290.0";"0.1716132"
"120300.0";"0.1807455"
"120310.0";"0.1954943"
"120320.0";"0.2133399"
"120330.0";"0.184312"
"120340.0";"0.178011"
"120350.0";"0.189655"
"120360.0";"0.1900419"
"120370.0";"0.1736347"
"120380.0";"0.1952768"
"120390.0";"0.1842988"
"120400.0";"0.1676427"
"120410.0";"0.1755534"
"120420.0";"0.1724586"
"120430.0";"0.1710117"
"120440.0";"0.1821595"
"120450.0";"0.1835918"
"120460.0";"0.1773527"
"120470.0";"0.1922239"
"120480.0";"0.1794742"
"120490.0";"0.1996748"
"120500.0";"0.1811601"
"120510.0";"0.1835266"
"120520.0";"0.1709592"
"120530.0";"0.2004246"
"120540.0";"0.1694314"
"120550.0";"0.1903706"
"120560.0";"0.1823649"
"120570.0";"0.180372"
"120580.0";"0.1870053"
"120590.0";"0.1628373"
"120600.0";"0.1794578"
"120610.0";"0.1912957"
"120620.0";"0.1924811"
"120630.0";"0.1779661"
"120640.0";"0.1669909"
"120650.0";"0.1722354"
"120660.0";"0.1885179"
"120670.0";"0.1762442"
"120680.0";"0.1866976"
"120690.0";"0.1899579"
"120700.0";"0.1823761"
"120710.0";"0.1951972"
"120720.0";"0.185092"
"120730.0";"0.1741637"
"120740.0";"0.1707483"
"120750.0";"0.1781544"
"120760.0";"0.1895759"
"120770.0";"0.1909712"
"120780.0";"0.1937008"
"120790.0";"0.1675621"
"120800.0";"0.1918696"
"120810.0";"0.1995221"
"120820.0";"0.1741866"
"120830.0";"0.2080913"
"120840.0";"0.1955149"
"120850.0";"0.1887803"
"120860.0";"0.1747627"
"120870.0";"0.1798054"
"120880.0";"0.1903182"
"120890.0";"0.1857338"
"120900.0";"0.1819038"
"120910.0";"0.1786478"
"120920.0";"0.1661927"
"120930.0";"0.1796275"
"120940.0";"0.1807789"
"120950.0";"0.1858764"
"120960.0";"0.1877073"
"120970.0";"0.199562"
"120980.0";"0.1983179"
"120990.0";"0.2127463"
"121000.0";"0.1823264"
"121010.0";"0.1817555"
"121020.0";"0.1784744"
"121030.0";"0.1793239"
"121040.0";"0.1912641"
"121050.0";"0.1665112"
"121060.0";"0.1818873"
"121070.0";"0.1834883"
"121080.0";"0.174023"
"121090.0";"0.1821015"
"121100.0";"0.2023339"
"121110.0";"0.1920677"
"121120.0";"0.1548966"
"121130.0";"0.1700117"
"121140.0";"0.1767654"
"121150.0";"0.1718051"
"121160.0";"0.1971013"
"121170.0";"0.1924006"
"121180.0";"0.1989622"
"121190.0";"0.1799219"
"121200.0";"0.2023884"
"121210.0";"0.2031772"
"121220.0";"0.2159769"
"121230.0";"0.180524"
"121240.0";"0.2261878"
"121250.0";"0.1736493"
"121260.0";"0.1703703"
"121270.0";"0.181838"
"121280.0";"0.1783731"
"121290.0";"0.1934865"
"121300.0";"0.1726066"
"121310.0";"0.1706137"
"121320.0";"0.1727597"
"121330.0";"0.1761277"
"121340.0";"0.1786674"
"121350.0";"0.204502"
"121360.0";"0.2044383"
"121370.0";"0.1813063"
"121380.0";"0.1715195"
"121390.0";"0.2093347"
"121400.0";"0.2064318"
"121410.0";"0.1762954"
"121420.0";"0.1682231"
"121430.0";"0.1807843"
"121440.0";"0.1744191"
"121450.0";"0.1789609"
"121460.0";"0.2179471"
"121470.0";"0.1964714"
"121480.0";"0.2267288"
"121490.0";"0.1902681"
"121500.0";"0.1996221"
"121510.0";"0.1810138"
"121520.0";"0.2265062"
"121530.0";"0.1918958"
"121540.0";"0.1609409"
"121550.0";"0.1869787"
"121560.0";"0.1750486"
"121570.0";"0.1772486"
"121580.0";"0.1698795"
"121590.0";"0.1956272"
"121600.0";"0.1827182"
"121610.0";"0.1812319"
"121620.0";"0.1920521"
"121630.0";"0.1919611"
"121640.0";"0.1738332"
"121650.0";"0.1795273"
"121660.0";"0.1869385"
"121670.0";"0.173407"
"121680.0";"0.2056236"
"121690.0";"0.1856472"
"121700.0";"0.2033566"
"121710.0";"0.1971318"
"121720.0";"0.1887298"
"121730.0";"0.1764027"
"121740.0";"0.1894016"
"121750.0";"0.1999422"
"121760.0";"0.2004592"
"121770.0";"0.1763348"
"121780.0";"0.1769013"
"121790.0";"0.1677292"
"121800.0";"0.1706779"
"121810.0";"0.1718283"
"121820.0";"0.1774769"
"121830.0";"0.1616293"
"121840.0";"0.1844913"
"121850.0";"0.1668774"
"121860.0";"0.1653755"
"121870.0";"0.1768106"
"121880.0";"0.1758579"
"121890.0";"0.1734761"
"121900.0";"0.1900342"
"121910.0";"0.1669523"
"121920.0";"0.1687034"
"121930.0";"0.1914706"
"121940.0";"0.1898132"
"121950.0";"0.1867241"
"121960.0";"0.1743673"
"121970.0";"0.1471157"
"121980.0";"0.1731068"
"121990.0";"0.1627359"
"122000.0";"0.1812759"
"122010.0";"0.1646875"
"122020.0";"0.1809891"
"122030.0";"0.1758579"
"122040.0";"0.171219"
"122050.0";"0.1906017"
"122060.0";"0.14982"
"122070.0";"0.1847945"
"122080.0";"0.2164831"
"122090.0";"0.1699205"
"122100.0";"0.192811"
"122110.0";"0.1707102"
"122120.0";"0.1901052"
"122130.0";"0.1559168"
"122140.0";"0.1796164"
"122150.0";"0.1733262"
"122160.0";"0.1711752"
"122170.0";"0.2084919"
"122180.0";"0.1749772"
"122190.0";"0.1983985"
"122200.0";"0.1836817"
"122210.0";"0.1656685"
"122220.0";"0.181058"
"122230.0";"0.1742726"
"122240.0";"0.1893565"
"122250.0";"0.1764113"
"122260.0";"0.181937"
"122270.0";"0.1902367"
"122280.0";"0.1579433"
"122290.0";"0.1749686"
"122300.0";"0.188263"
"122310.0";"0.1928004"
"122320.0";"0.1870455"
"122330.0";"0.1973019"
"122340.0";"0.1899923"
"122350.0";"0.169319"
"122360.0";"0.1805187"
"122370.0";"0.1755937"
"122380.0";"0.1837855"
"122390.0";"0.1545674"
"122400.0";"0.1876434"
"122410.0";"0.1523615"
"122420.0";"0.1662857"
"122430.0";"0.1672903"
"122440.0";"0.1658252"
"122450.0";"0.1562752"
"122460.0";"0.1519044"
"122470.0";"0.1663671"
"122480.0";"0.156908"
"122490.0";"0.1562464"
"122500.0";"0.1777247"
"122510.0";"0.177161"
"122520.0";"0.1593674"
"122530.0";"0.1578129"
"122540.0";"0.1640852"
"122550.0";"0.1608885"
"122560.0";"0.1644569"
"122570.0";"0.1711898"
"122580.0";"0.168541"
"122590.0";"0.1649639"
"122600.0";"0.1612483"
"122610.0";"0.1816644"
"122620.0";"0.1795216"
"122630.0";"0.1793711"
"122640.0";"0.1782667"
"122650.0";"0.17431"
"122660.0";"0.1751741"
"122670.0";"0.1676335"
"122680.0";"0.1786674"
"122690.0";"0.1768869"
"122700.0";"0.1711257"
"122710.0";"0.1654901"
"122720.0";"0.1809918"
"122730.0";"0.1693694"
"122740.0";"0.1778172"
"122750.0";"0.1898499"
"122760.0";"0.1829014"
"122770.0";"0.1717849"
"122780.0";"0.1700648"
"122790.0";"0.1720146"
"122800.0";"0.1785188"
"122810.0";"0.1687632"
"122820.0";"0.168514"
"122830.0";"0.1758039"
"122840.0";"0.1769097"
"122850.0";"0.1751655"
"122860.0";"0.1914576"
"122870.0";"0.180812"
"122880.0";"0.1797943"
"122890.0";"0.1712922"
"122900.0";"0.1927823"
"122910.0";"0.1917762"
"122920.0";"0.1747745"
"122930.0";"0.1628097"
"122940.0";"0.1670957"
"122950.0";"0.1897444"
"122960.0";"0.1638325"
"122970.0";"0.1690532"
"122980.0";"0.1733609"
"122990.0";"0.1744649"
"123000.0";"0.1801721"
"123010.0";"0.1902788"
"123020.0";"0.1699234"
"123030.0";"0.1842903"
"123040.0";"0.1699972"
"123050.0";"0.1783086"
"123060.0";"0.1770482"
"123070.0";"0.1642227"
"123080.0";"0.1756388"
"123090.0";"0.1739225"
"123100.0";"0.1820714"
"123110.0";"0.1760283"
"123120.0";"0.2037867"
"123130.0";"0.1749088"
"123140.0";"0.2015813"
"123150.0";"0.1742327"
"123160.0";"0.1763689"
"123170.0";"0.1837773"
"123180.0";"0.172673"
"123190.0";"0.1756618"
"123200.0";"0.1897605"
"123210.0";"0.1922964"
"123220.0";"0.1733002"
"123230.0";"0.1802886"
"123240.0";"0.1912355"
"123250.0";"0.1728842"
"123260.0";"0.1581929"
"123270.0";"0.1664814"
"123280.0";"0.1680895"
"123290.0";"0.1662466"
"123300.0";"0.1847756"
"123310.0";"0.1767965"
"123320.0";"0.211797"
"123330.0";"0.1865529"
"123340.0";"0.2137031"
"123350.0";"0.1668951"
"123360.0";"0.1791786"
"123370.0";"0.1900974"
"123380.0";"0.1895389"
"123390.0";"0.1880452"
"123400.0";"0.1804467"
"123410.0";"0.1762498"
"123420.0";"0.1865853"
"123430.0";"0.1765024"
"123440.0";"0.2095403"
"123450.0";"0.1690091"
"123460.0";"0.1916794"
"123470.0";"0.1883557"
"123480.0";"0.2008108"
"123490.0";"0.1787906"
"123500.0";"0.186207"
"123510.0";"0.167836"
"123520.0";"0.1942189"
"123530.0";"0.183221"
"123540.0";"0.170517"
"123550.0";"0.1802776"
"123560.0";"0.1947385"
"123570.0";"0.1798472"
"123580.0";"0.1772737"
"123590.0";"0.1851111"
"123600.0";"0.197702"
"123610.0";"0.2004744"
"123620.0";"0.187867"
"123630.0";"0.2102713"
"123640.0";"0.1898448"
"123650.0";"0.1853671"
"123660.0";"0.1662858"
"123670.0";"0.2134504"
"123680.0";"0.1996596"
"123690.0";"0.1940439"
"123700.0";"0.1718311"
"123710.0";"0.1761816"
"123720.0";"0.1692009"
"123730.0";"0.1762809"
"123740.0";"0.1816426"
"123750.0";"0.1660303"
"123760.0";"0.1813534"
"123770.0";"0.1823241"
"123780.0";"0.1744995"
"123790.0";"0.1598406"
"123800.0";"0.1789583"
"123810.0";"0.1754395"
"123820.0";"0.1838641"
"123830.0";"0.2001124"
"123840.0";"0.1680299"
"123850.0";"0.1903525"
"123860.0";"0.183439"
"123870.0";"0.1830873"
"123880.0";"0.181091"
"123890.0";"0.1800026"
"123900.0";"0.1702085"
"123910.0";"0.1953686"
"123920.0";"0.1808673"
"123930.0";"0.1934864"
"123940.0";"0.1707924"
"123950.0";"0.196469"
"123960.0";"0.1852269"
"123970.0";"0.1762554"
"123980.0";"0.1667694"
"123990.0";"0.1714119"
"124000.0";"0.1880134"
"124010.0";"0.1811326"
"124020.0";"0.1816616"
"124030.0";"0.1909478"
"124040.0";"0.2026475"
"124050.0";"0.1947051"
"124060.0";"0.1928342"
"124070.0";"0.1917318"
"124080.0";"0.1839074"
"124090.0";"0.1814029"
"124100.0";"0.1970661"
"124110.0";"0.2023585"
"124120.0";"0.1851404"
"124130.0";"0.1936933"
"124140.0";"0.1981946"
"124150.0";"0.1802471"
"124160.0";"0.1902679"
"124170.0";"0.1898762"
"124180.0";"0.1831608"
"124190.0";"0.1966673"
"124200.0";"0.1862498"
"124210.0";"0.1933778"
"124220.0";"0.178919"
"124230.0";"0.1999626"
"124240.0";"0.1877791"
"124250.0";"0.1911126"
"124260.0";"0.2084085"
"124270.0";"0.2015962"
"124280.0";"0.1816152"
"124290.0";"0.1837498"
"124300.0";"0.197066"
"124310.0";"0.2047874"
"124320.0";"0.1929094"
"124330.0";"0.2015667"
"124340.0";"0.2095831"
"124350.0";"0.1889257"
"124360.0";"0.1983078"
"124370.0";"0.2168456"
"124380.0";"0.1811325"
"124390.0";"0.1878135"
"124400.0";"0.1742928"
"124410.0";"0.19384"
"124420.0";"0.1900973"
"124430.0";"0.1881331"
"124440.0";"0.1914994"
"124450.0";"0.2068477"
"124460.0";"0.1816978"
"124470.0";"0.1799474"
"124480.0";"0.1721426"
"124490.0";"0.2040613"
"124500.0";"0.1877343"
"124510.0";"0.1776571"
"124520.0";"0.1814526"
"124530.0";"0.1992237"
"124540.0";"0.208545"
"124550.0";"0.1651242"
"124560.0";"0.1688639"
"124570.0";"0.2194973"
"124580.0";"0.1756645"
"124590.0";"0.1928678"
"124600.0";"0.1997924"
"124610.0";"0.1837908"
"124620.0";"0.179697"
"124630.0";"0.1727976"
"124640.0";"0.1756304"
"124650.0";"0.1992136"
"124660.0";"0.1973244"
"124670.0";"0.1894784"
"124680.0";"0.1923254"
"124690.0";"0.1924082"
"124700.0";"0.1791815"
"124710.0";"0.1876299"
"124720.0";"0.1858198"
"124730.0";"0.1892459"
"124740.0";"0.1554638"
"124750.0";"0.1844507"
"124760.0";"0.1911127"
"124770.0";"0.1829591"
"124780.0";"0.1839403"
"124790.0";"0.1957907"
"124800.0";"0.1725284"
"124810.0";"0.1837964"
"124820.0";"0.1774542"
"124830.0";"0.1782414"
"124840.0";"0.1951563"
"124850.0";"0.2096046"
"124860.0";"0.1604058"
"124870.0";"0.1550903"
"124880.0";"0.1805491"
"124890.0";"0.1952923"
"124900.0";"0.1948563"
"124910.0";"0.1832104"
"124920.0";"0.1586286"
"124930.0";"0.179533"
"124940.0";"0.1747859"
"124950.0";"0.2024476"
"124960.0";"0.1855505"
"124970.0";"0.199143"
"124980.0";"0.1770564"
"124990.0";"0.1834285"
"125000.0";"0.1493253"
"125010.0";"0.1781854"
"125020.0";"0.183393"
"125030.0";"0.1699676"
"125040.0";"0.1872273"
"125050.0";"0.1997523"
"125060.0";"0.1741983"
"125070.0";"0.1849544"
"125080.0";"0.1698147"
"125090.0";"0.1695965"
"125100.0";"0.1835373"
"125110.0";"0.1688963"
"125120.0";"0.1724296"
"125130.0";"0.1742268"
"125140.0";"0.1867913"
"125150.0";"0.1809779"
"125160.0";"0.1886239"
"125170.0";"0.1817057"
"125180.0";"0.1897813"
"125190.0";"0.1643259"
"125200.0";"0.1740402"
"125210.0";"0.1846997"
"125220.0";"0.1834995"
"125230.0";"0.1756875"
"125240.0";"0.1573309"
"125250.0";"0.1621666"
"125260.0";"0.1842202"
"125270.0";"0.1880132"
"125280.0";"0.1664931"
"125290.0";"0.2059758"
"125300.0";"0.2033643"
"125310.0";"0.164396"
"125320.0";"0.2093344"
"125330.0";"0.2019356"
"125340.0";"0.1816727"
"125350.0";"0.2049048"
"125360.0";"0.1984415"
"125370.0";"0.1859245"
"125380.0";"0.1776346"
"125390.0";"0.1805131"
"125400.0";"0.1833823"
"125410.0";"0.1924839"
"125420.0";"0.1900605"
"125430.0";"0.158158"
"125440.0";"0.1612731"
"125450.0";"0.1710557"
"125460.0";"0.1918177"
"125470.0";"0.2045629"
"125480.0";"0.1620894"
"125490.0";"0.1658223"
"125500.0";"0.1745308"
"125510.0";"0.17398"
"125520.0";"0.1835592"
"125530.0";"0.1810441"
"125540.0";"0.1905203"
"125550.0";"0.1750283"
"125560.0";"0.1702176"
"125570.0";"0.1827593"
"125580.0";"0.1827838"
"125590.0";"0.2029578"
"125600.0";"0.1772346"
"125610.0";"0.1844859"
"125620.0";"0.1728237"
"125630.0";"0.2081754"
"125640.0";"0.1843071"
"125650.0";"0.1951669"
"125660.0";"0.2011815"
"125670.0";"0.1981565"
"125680.0";"0.1877923"
"125690.0";"0.1730895"
"125700.0";"0.1856985"
"125710.0";"0.1983458"
"125720.0";"0.1762838"
"125730.0";"0.1802054"
"125740.0";"0.1651998"
"125750.0";"0.1877128"
"125760.0";"0.1725574"
"125770.0";"0.1734303"
"125780.0";"0.171505"
"125790.0";"0.163493"
"125800.0";"0.1841954"
"125810.0";"0.1828171"
"125820.0";"0.181094"
"125830.0";"0.1765475"
"125840.0";"0.1989296"
"125850.0";"0.1743874"
"125860.0";"0.1772457"
"125870.0";"0.1906044"
"125880.0";"0.1814278"
"125890.0";"0.1524795"
"125900.0";"0.2053995"
"125910.0";"0.1670358"
"125920.0";"0.1844994"
"125930.0";"0.1716651"
"125940.0";"0.1720843"
"125950.0";"0.1709211"
"125960.0";"0.1728036"
"125970.0";"0.1846023"
"125980.0";"0.1762497"
"125990.0";"0.1837444"
"126000.0";"0.1855425"
"126010.0";"0.2054214"
"126020.0";"0.1893595"
"126030.0";"0.1960334"
"126040.0";"0.1848485"
"126050.0";"0.1930645"
"126060.0";"0.2131876"
"126070.0";"0.2177954"
"126080.0";"0.1914655"
"126090.0";"0.1852862"
"126100.0";"0.1955122"
"126110.0";"0.1781153"
"126120.0";"0.2091818"
"126130.0";"0.1860162"
"126140.0";"0.1829343"
"126150.0";"0.189452"
"126160.0";"0.1880134"
"126170.0";"0.202361"
"126180.0";"0.1937368"
"126190.0";"0.196227"
"126200.0";"0.1739713"
"126210.0";"0.1667964"
"126220.0";"0.1833058"
"126230.0";"0.1770819"
"126240.0";"0.1673081"
"126250.0";"0.1800307"
"126260.0";"0.1873099"
"126270.0";"0.1680626"
"126280.0";"0.1858951"
"126290.0";"0.2028101"
"126300.0";"0.1720174"
"126310.0";"0.1764115"
"126320.0";"0.1915751"
"126330.0";"0.1954633"
"126340.0";"0.1825894"
"126350.0";"0.1759916"
"126360.0";"0.1847186"
"126370.0";"0.1820495"
"126380.0";"0.1913245"
"126390.0";"0.167036"
"126400.0";"0.1935715"
"126410.0";"0.1760823"
"126420.0";"0.1728641"
"126430.0";"0.1589622"
"126440.0";"0.2034971"
"126450.0";"0.1741119"
"126460.0";"0.1660241"
"126470.0";"0.1623669"
"126480.0";"0.1640762"
"126490.0";"0.1730607"
"126500.0";"0.1800473"
"126510.0";"0.1636032"
"126520.0";"0.2053972"
"126530.0";"0.1661748"
"126540.0";"0.1936259"
"126550.0";"0.2014348"
"126560.0";"0.1781967"
"126570.0";"0.1962296"
"126580.0";"0.1950229"
"126590.0";"0.1852944"
"126600.0";"0.1858198"
"126610.0";"0.1939307"
"126620.0";"0.1736346"
"126630.0";"0.1985824"
"126640.0";"0.1919428"
"126650.0";"0.1834829"
"126660.0";"0.1941186"
"126670.0";"0.1644688"
"126680.0";"0.1952663"
"126690.0";"0.1792122"
"126700.0";"0.1992785"
"126710.0";"0.1781827"
"126720.0";"0.1890532"
"126730.0";"0.1986102"
"126740.0";"0.1773304"
"126750.0";"0.186443"
"126760.0";"0.1907248"
"126770.0";"0.1817553"
"126780.0";"0.1879069"
"126790.0";"0.1662439"
"126800.0";"0.1787987"
"126810.0";"0.1701442"
"126820.0";"0.1656532"
"126830.0";"0.160125"
"126840.0";"0.1777358"
"126850.0";"0.1902658"
"126860.0";"0.1919608"
"126870.0";"0.1689052"
"126880.0";"0.1961174"
"126890.0";"0.1705462"
"126900.0";"0.205864"
"126910.0";"0.2053484"
"126920.0";"0.1922005"
"126930.0";"0.1756276"
"126940.0";"0.1595776"
"126950.0";"0.180541"
"126960.0";"0.15575"
"126970.0";"0.1703409"
"126980.0";"0.1902654"
"126990.0";"0.1782975"
"127000.0";"0.1798917"
"127010.0";"0.2291133"
"127020.0";"0.1823351"
"127030.0";"0.1944684"
"127040.0";"0.1836109"
"127050.0";"0.1934967"
"127060.0";"0.1789441"
"127070.0";"0.2037352"
"127080.0";"0.1715021"
"127090.0";"0.1766183"
"127100.0";"0.1647968"
"127110.0";"0.1799863"
"127120.0";"0.184277"
"127130.0";"0.1833576"
"127140.0";"0.1844425"
"127150.0";"0.1879627"
"127160.0";"0.2030246"
"127170.0";"0.1850271"
"127180.0";"0.184418"
"127190.0";"0.1914183"
"127200.0";"0.1963188"
"127210.0";"0.1659971"
"127220.0";"0.1854426"
"127230.0";"0.1910862"
"127240.0";"0.2061214"
"127250.0";"0.2109882"
"127260.0";"0.1883854"
"127270.0";"0.1666373"
"127280.0";"0.1738795"
"127290.0";"0.1923408"
"127300.0";"0.1852404"
"127310.0";"0.1825078"
"127320.0";"0.1824883"
"127330.0";"0.2035756"
"127340.0";"0.1856287"
"127350.0";"0.1808895"
"127360.0";"0.196789"
"127370.0";"0.1986403"
"127380.0";"0.192177"
"127390.0";"0.1712338"
"127400.0";"0.1827184"
"127410.0";"0.1857658"
"127420.0";"0.1911387"
"127430.0";"0.1988917"
"127440.0";"0.1771044"
"127450.0";"0.2001525"
"127460.0";"0.1911699"
"127470.0";"0.1776232"
"127480.0";"0.1708742"
"127490.0";"0.1725399"
"127500.0";"0.1597092"
"127510.0";"0.1831531"
"127520.0";"0.1700616"
"127530.0";"0.190717"
"127540.0";"0.1619722"
"127550.0";"0.1795577"
"127560.0";"0.2000649"
"127570.0";"0.1814744"
"127580.0";"0.1985421"
"127590.0";"0.2188197"
"127600.0";"0.1766919"
"127610.0";"0.1796357"
"127620.0";"0.1767089"
"127630.0";"0.2059226"
"127640.0";"0.1941341"
"127650.0";"0.198869"
"127660.0";"0.1869601"
"127670.0";"0.1948566"
"127680.0";"0.1662709"
"127690.0";"0.1831776"
"127700.0";"0.200547"
"127710.0";"0.180624"
"127720.0";"0.1823429"
"127730.0";"0.2032042"
"127740.0";"0.180585"
"127750.0";"0.1693076"
"127760.0";"0.1763206"
"127770.0";"0.1917706"
"127780.0";"0.1823979"
"127790.0";"0.2000199"
"127800.0";"0.1862955"
"127810.0";"0.1819119"
"127820.0";"0.1764569"
"127830.0";"0.1794353"
"127840.0";"0.1838912"
"127850.0";"0.1937291"
"127860.0";"0.1883003"
"127870.0";"0.1964334"
"127880.0";"0.2075258"
"127890.0";"0.1835566"
"127900.0";"0.1807237"
"127910.0";"0.1685052"
"127920.0";"0.1760824"
"127930.0";"0.1957653"
"127940.0";"0.1935923"
"127950.0";"0.186778"
"127960.0";"0.1696644"
"127970.0";"0.1786787"
"127980.0";"0.1842416"
"127990.0";"0.1647607"
"128000.0";"0.1965246"
"128010.0";"0.178958"
"128020.0";"0.2077235"
"128030.0";"0.1896364"
"128040.0";"0.1945506"
"128050.0";"0.1704262"
"128060.0";"0.1895389"
"128070.0";"0.2013256"
"128080.0";"0.1809363"
"128090.0";"0.1872137"
"128100.0";"0.1741434"
"128110.0";"0.2164996"
"128120.0";"0.195599"
"128130.0";"0.2201882"
"128140.0";"0.2309999"
"128150.0";"0.1938735"
"128160.0";"0.1879734"
"128170.0";"0.1869063"
"128180.0";"0.2039732"
"128190.0";"0.188653"
"128200.0";"0.1732802"
"128210.0";"0.1878776"
"128220.0";"0.1879945"
"128230.0";"0.1953792"
"128240.0";"0.1823568"
"128250.0";"0.185459"
"128260.0";"0.2014075"
"128270.0";"0.1808783"
"128280.0";"0.1707922"
"128290.0";"0.196606"
"128300.0";"0.1958905"
"128310.0";"0.1984971"
"128320.0";"0.1928159"
"128330.0";"0.1916609"
"128340.0";"0.1971065"
"128350.0";"0.2009928"
"128360.0";"0.1866252"
"128370.0";"0.1867567"
"128380.0";"0.1847595"
"128390.0";"0.2021609"
"128400.0";"0.1940261"
"128410.0";"0.1934372"
"128420.0";"0.1741523"
"128430.0";"0.1784685"
"128440.0";"0.1790138"
"128450.0";"0.1819616"
"128460.0";"0.1720288"
"128470.0";"0.1728263"
"128480.0";"0.1813201"
"128490.0";"0.1814001"
"128500.0";"0.1728642"
"128510.0";"0.1919533"
"128520.0";"0.21"
"128530.0";"0.2034259"
"128540.0";"0.1863491"
"128550.0";"0.1752996"
"128560.0";"0.1941699"
"128570.0";"0.1850136"
"128580.0";"0.1650638"
"128590.0";"0.1783535"
"128600.0";"0.2102524"
"128610.0";"0.19329"
"128620.0";"0.1841901"
"128630.0";"0.1819227"
"128640.0";"0.196293"
"128650.0";"0.1990628"
"128660.0";"0.2013208"
"128670.0";"0.2108389"
"128680.0";"0.1854235"
"128690.0";"0.1962244"
"128700.0";"0.1790028"
"128710.0";"0.1911911"
"128720.0";"0.2166356"
"128730.0";"0.1905833"
"128740.0";"0.2029186"
"128750.0";"0.1993113"
"128760.0";"0.1922238"
"128770.0";"0.1994141"
"128780.0";"0.1893198"
"128790.0";"0.1852053"
"128800.0";"0.1813369"
"128810.0";"0.1866786"
"128820.0";"0.1880746"
"128830.0";"0.2015093"
"128840.0";"0.1921041"
"128850.0";"0.1794911"
"128860.0";"0.1789358"
"128870.0";"0.2090313"
"128880.0";"0.1896866"
"128890.0";"0.1696143"
"128900.0";"0.2056041"
"128910.0";"0.1791342"
"128920.0";"0.1772938"
"128930.0";"0.2006142"
"128940.0";"0.2043798"
"128950.0";"0.1844694"
"128960.0";"0.2169262"
"128970.0";"0.1946997"
"128980.0";"0.2033519"
"128990.0";"0.1864993"
"129000.0";"0.1750827"
"129010.0";"0.241663"
"129020.0";"0.1864887"
"129030.0";"0.1964331"
"129040.0";"0.1792734"
"129050.0";"0.1976589"
"129060.0";"0.183019"
"129070.0";"0.183853"
"129080.0";"0.1940258"
"129090.0";"0.181846"
"129100.0";"0.1875126"
"129110.0";"0.195512"
"129120.0";"0.190979"
"129130.0";"0.1687987"
"129140.0";"0.1860807"
"129150.0";"0.2105446"
"129160.0";"0.2083842"
"129170.0";"0.2243791"
"129180.0";"0.1886316"
"129190.0";"0.2274464"
"129200.0";"0.2258098"
"129210.0";"0.1867138"
"129220.0";"0.1899104"
"129230.0";"0.1923379"
"129240.0";"0.2011617"
"129250.0";"0.2116269"
"129260.0";"0.1941265"
"129270.0";"0.1808119"
"129280.0";"0.188428"
"129290.0";"0.1931864"
"129300.0";"0.1760598"
"129310.0";"0.1812926"
"129320.0";"0.2016086"
"129330.0";"0.1727019"
"129340.0";"0.192013"
"129350.0";"0.1827266"
"129360.0";"0.1790362"
"129370.0";"0.1677555"
"129380.0";"0.1839211"
"129390.0";"0.181218"
"129400.0";"0.1921822"
"129410.0";"0.1963978"
"129420.0";"0.2128991"
"129430.0";"0.1925122"
"129440.0";"0.1995447"
"129450.0";"0.1837772"
"129460.0";"0.2083962"
"129470.0";"0.1881727"
"129480.0";"0.2145625"
"129490.0";"0.205711"
"129500.0";"0.2299349"
"129510.0";"0.1888121"
"129520.0";"0.1926291"
"129530.0";"0.2248402"
"129540.0";"0.1840081"
"129550.0";"0.2127791"
"129560.0";"0.1927017"
"129570.0";"0.1923486"
"129580.0";"0.1771411"
"129590.0";"0.1986025"
"129600.0";"0.1782245"
"129610.0";"0.2052559"
"129620.0";"0.183101"
"129630.0";"0.1863065"
"129640.0";"0.2138621"
"129650.0";"0.181356"
"129660.0";"0.2067292"
"129670.0";"0.1772626"
"129680.0";"0.2267444"
"129690.0";"0.1737673"
"129700.0";"0.1931555"
"129710.0";"0.1989246"
"129720.0";"0.2105281"
"129730.0";"0.1924659"
"129740.0";"0.178003"
"129750.0";"0.2163746"
"129760.0";"0.2185543"
"129770.0";"0.1858198"
"129780.0";"0.1970633"
"129790.0";"0.1884595"
"129800.0";"0.2395037"
"129810.0";"0.1733925"
"129820.0";"0.1951922"
"129830.0";"0.2011019"
"129840.0";"0.1728353"
"129850.0";"0.1913269"
"129860.0";"0.1869787"
"129870.0";"0.198696"
"129880.0";"0.1845021"
"129890.0";"0.1861451"
"129900.0";"0.194242"
"129910.0";"0.1979975"
"129920.0";"0.2049439"
"129930.0";"0.1799054"
"129940.0";"0.191481"
"129950.0";"0.1915516"
"129960.0";"0.182672"
"129970.0";"0.1891717"
"129980.0";"0.1788687"
"129990.0";"0.1783761"
"130000.0";"0.1874938"
"130010.0";"0.215578"
"130020.0";"0.1770563"
"130030.0";"0.1973855"
"130040.0";"0.2216192"
"130050.0";"0.2034549"
"130060.0";"0.1923979"
"130070.0";"0.1916897"
"130080.0";"0.173355"
"130090.0";"0.1828607"
"130100.0";"0.1819699"
"130110.0";"0.1859758"
"130120.0";"0.2500319"
"130130.0";"0.2337371"
"130140.0";"0.2062497"
"130150.0";"0.2186207"
"130160.0";"0.1833194"
"130170.0";"0.2195767"
"130180.0";"0.1887355"
"130190.0";"0.1951742"
"130200.0";"0.1691893"
"130210.0";"0.2091604"
"130220.0";"0.1788263"
"130230.0";"0.1897867"
"130240.0";"0.1691715"
"130250.0";"0.1708861"
"130260.0";"0.1678363"
"130270.0";"0.2019161"
"130280.0";"0.213174"
"130290.0";"0.1926031"
"130300.0";"0.1859275"
"130310.0";"0.1620927"
"130320.0";"0.1887564"
"130330.0";"0.1742812"
"130340.0";"0.170429"
"130350.0";"0.1751629"
"130360.0";"0.1872673"
"130370.0";"0.1869065"
"130380.0";"0.1648908"
"130390.0";"0.1701117"
"130400.0";"0.183796"
"130410.0";"0.1673828"
"130420.0";"0.1750973"
"130430.0";"0.1823076"
"130440.0";"0.1848595"
"130450.0";"0.2049099"
"130460.0";"0.1864027"
"130470.0";"0.2259444"
"130480.0";"0.2015788"
"130490.0";"0.1748196"
"130500.0";"0.1882921"
"130510.0";"0.1767852"
"130520.0";"0.1732282"
"130530.0";"0.1737382"
"130540.0";"0.18527"
"130550.0";"0.1799665"
"130560.0";"0.186156"
"130570.0";"0.2056164"
"130580.0";"0.1978105"
"130590.0";"0.1825898"
"130600.0";"0.18043"
"130610.0";"0.1932512"
"130620.0";"0.177014"
"130630.0";"0.1883534"
"130640.0";"0.1796831"
"130650.0";"0.1591133"
"130660.0";"0.1919116"
"130670.0";"0.1992936"
"130680.0";"0.1835455"
"130690.0";"0.1674455"
"130700.0";"0.1498532"
"130710.0";"0.2024867"
"130720.0";"0.175673"
"130730.0";"0.1899315"
"130740.0";"0.1616817"
"130750.0";"0.1706751"
"130760.0";"0.1892353"
"130770.0";"0.1742126"
"130780.0";"0.1889786"
"130790.0";"0.1842881"
"130800.0";"0.1683984"
"130810.0";"0.1802916"
"130820.0";"0.1711054"
"130830.0";"0.1776089"
"130840.0";"0.1873874"
"130850.0";"0.190397"
"130860.0";"0.1938402"
"130870.0";"0.1720293"
"130880.0";"0.1781182"
"130890.0";"0.1970863"
"130900.0";"0.1730029"
"130910.0";"0.2040858"
"130920.0";"0.1968401"
"130930.0";"0.2023585"
"130940.0";"0.1761816"
"130950.0";"0.1722584"
"130960.0";"0.2121156"
"130970.0";"0.1955428"
"130980.0";"0.1742816"
"130990.0";"0.1881303"
"131000.0";"0.198328"
"131010.0";"0.1940026"
"131020.0";"0.1758806"
"131030.0";"0.1985822"
"131040.0";"0.2093561"
"131050.0";"0.1767171"
"131060.0";"0.1958647"
"131070.0";"0.2047265"
"131080.0";"0.1785218"
"131090.0";"0.1815076"
"131100.0";"0.1683746"
"131110.0";"0.160175"
"131120.0";"0.1617714"
"131130.0";"0.1898657"
"131140.0";"0.1965223"
"131150.0";"0.1799471"
"131160.0";"0.1889206"
"131170.0";"0.179847"
"131180.0";"0.1604057"
"131190.0";"0.1940102"
"131200.0";"0.1846429"
"131210.0";"0.1825812"
"131220.0";"0.1930932"
"131230.0";"0.2071449"
"131240.0";"0.1737156"
"131250.0";"0.2016782"
"131260.0";"0.2142333"
"131270.0";"0.1679077"
"131280.0";"0.2044114"
"131290.0";"0.1624406"
"131300.0";"0.1715401"
"131310.0";"0.16449"
"131320.0";"0.1700409"
"131330.0";"0.1752852"
"131340.0";"0.1854401"
"131350.0";"0.1800808"
"131360.0";"0.1681458"
"131370.0";"0.1917029"
"131380.0";"0.1912953"
"131390.0";"0.1889153"
"131400.0";"0.1735196"
"131410.0";"0.1831091"
"131420.0";"0.1677202"
"131430.0";"0.1714119"
"131440.0";"0.165318"
"131450.0";"0.1899423"
"131460.0";"0.1812177"
"131470.0";"0.1830274"
"131480.0";"0.1817169"
"131490.0";"0.1899501"
"131500.0";"0.1753051"
"131510.0";"0.186893"
"131520.0";"0.1855316"
"131530.0";"0.1684189"
"131540.0";"0.1962294"
"131550.0";"0.1758211"
"131560.0";"0.1719826"
"131570.0";"0.1660753"
"131580.0";"0.1699972"
"131590.0";"0.1895151"
"131600.0";"0.165949"
"131610.0";"0.1614717"
"131620.0";"0.1751143"
"131630.0";"0.1783285"
"131640.0";"0.1730116"
"131650.0";"0.1700263"
"131660.0";"0.1958979"
"131670.0";"0.1661836"
"131680.0";"0.184307"
"131690.0";"0.175949"
"131700.0";"0.1854562"
"131710.0";"0.1732597"
"131720.0";"0.1746797"
"131730.0";"0.1706488"
"131740.0";"0.1695434"
"131750.0";"0.1561346"
"131760.0";"0.1708624"
"131770.0";"0.1928888"
"131780.0";"0.2009229"
"131790.0";"0.1851647"
"131800.0";"0.1955121"
"131810.0";"0.1736778"
"131820.0";"0.1772514"
"131830.0";"0.1738907"
"131840.0";"0.1696378"
"131850.0";"0.1700618"
"131860.0";"0.1684608"
"131870.0";"0.1843828"
"131880.0";"0.2102831"
"131890.0";"0.1756388"
"131900.0";"0.1703965"
"131910.0";"0.1803497"
"131920.0";"0.1740059"
"131930.0";"0.177161"
"131940.0";"0.1854588"
"131950.0";"0.1823541"
"131960.0";"0.1633952"
"131970.0";"0.1630063"
"131980.0";"0.1599156"
"131990.0";"0.2080242"
"132000.0";"0.2047782"
"132010.0";"0.1798083"
"132020.0";"0.176355"
"132030.0";"0.1536523"
"132040.0";"0.1784995"
"132050.0";"0.1842525"
"132060.0";"0.1857015"
"132070.0";"0.1875584"
"132080.0";"0.195149"
"132090.0";"0.1718896"
"132100.0";"0.1604276"
"132110.0";"0.1837419"
"132120.0";"0.1683717"
"132130.0";"0.1775413"
"132140.0";"0.1708156"
"132150.0";"0.1690976"
"132160.0";"0.1809476"
"132170.0";"0.1554382"
"132180.0";"0.1809365"
"132190.0";"0.1985972"
"132200.0";"0.1854669"
"132210.0";"0.1845019"
"132220.0";"0.1684903"
"132230.0";"0.1824883"
"132240.0";"0.1733118"
"132250.0";"0.1695964"
"132260.0";"0.1915859"
"132270.0";"0.1797248"
"132280.0";"0.1756021"
"132290.0";"0.1713589"
"132300.0";"0.1648913"
"132310.0";"0.1631591"
"132320.0";"0.1742725"
"132330.0";"0.1903287"
"132340.0";"0.2011317"
"132350.0";"0.1837962"
"132360.0";"0.2061382"
"132370.0";"0.1847512"
"132380.0";"0.1979243"
"132390.0";"0.1701584"
"132400.0";"0.192437"
"132410.0";"0.1805908"
"132420.0";"0.188364"
"132430.0";"0.1854964"
"132440.0";"0.1526764"
"132450.0";"0.1758235"
"132460.0";"0.1827921"
"132470.0";"0.1935199"
"132480.0";"0.1832976"
"132490.0";"0.1816207"
"132500.0";"0.1932664"
"132510.0";"0.1842065"
"132520.0";"0.1797802"
"132530.0";"0.1775079"
"132540.0";"0.1785665"
"132550.0";"0.1777246"
"132560.0";"0.1750743"
"132570.0";"0.1859409"
"132580.0";"0.1921796"
"132590.0";"0.1806959"
"132600.0";"0.166232"
"132610.0";"0.1653452"
"132620.0";"0.1824965"
"132630.0";"0.2052853"
"132640.0";"0.1865289"
"132650.0";"0.1861317"
"132660.0";"0.1774201"
"132670.0";"0.167705"
"132680.0";"0.1879815"
"132690.0";"0.1901211"
"132700.0";"0.1871762"
"132710.0";"0.1824966"
"132720.0";"0.1741722"
"132730.0";"0.1930491"
"132740.0";"0.1836328"
"132750.0";"0.1834939"
"132760.0";"0.1894045"
"132770.0";"0.183698"
"132780.0";"0.1788321"
"132790.0";"0.1904599"
"132800.0";"0.1855829"
"132810.0";"0.2099977"
"132820.0";"0.164219"
"132830.0";"0.1893911"
"132840.0";"0.2006264"
"132850.0";"0.1870431"
"132860.0";"0.2188949"
"132870.0";"0.1861424"
"132880.0";"0.1723106"
"132890.0";"0.1852293"
"132900.0";"0.1726297"
"132910.0";"0.1865394"
"132920.0";"0.1710233"
"132930.0";"0.15831"
"132940.0";"0.1653876"
"132950.0";"0.1775754"
"132960.0";"0.174201"
"132970.0";"0.194969"
"132980.0";"0.2253576"
"132990.0";"0.2072896"
"133000.0";"0.2089925"
"133010.0";"0.1783141"
"133020.0";"0.1811245"
"133030.0";"0.1663402"
"133040.0";"0.1733693"
"133050.0";"0.1835783"
"133060.0";"0.1877712"
"133070.0";"0.2047264"
"133080.0";"0.2139208"
"133090.0";"0.1831664"
"133100.0";"0.194669"
"133110.0";"0.2087225"
"133120.0";"0.1675646"
"133130.0";"0.2170366"
"133140.0";"0.2267905"
"133150.0";"0.1877792"
"133160.0";"0.1989626"
"133170.0";"0.1771695"
"133180.0";"0.1946279"
"133190.0";"0.2068258"
"133200.0";"0.1866573"
"133210.0";"0.1907276"
"133220.0";"0.1904389"
"133230.0";"0.1803191"
"133240.0";"0.1874727"
"133250.0";"0.2170736"
"133260.0";"0.1879388"
"133270.0";"0.1954811"
"133280.0";"0.2235932"
"133290.0";"0.1640517"
"133300.0";"0.1933832"
"133310.0";"0.1950131"
"133320.0";"0.1846782"
"133330.0";"0.1798975"
"133340.0";"0.2005342"
"133350.0";"0.1997626"
"133360.0";"0.1981567"
"133370.0";"0.1807707"
"133380.0";"0.182151"
"133390.0";"0.2079761"
"133400.0";"0.2079281"
"133410.0";"0.2117288"
"133420.0";"0.1854861"
"133430.0";"0.2279166"
"133440.0";"0.1995644"
"133450.0";"0.1954607"
"133460.0";"0.1943348"
"133470.0";"0.2084848"
"133480.0";"0.19315"
"133490.0";"0.17907"
"133500.0";"0.1826114"
"133510.0";"0.1901869"
"133520.0";"0.1775417"
"133530.0";"0.2069322"
"133540.0";"0.1875874"
"133550.0";"0.192824"
"133560.0";"0.1913138"
"133570.0";"0.1830791"
"133580.0";"0.1692958"
"133590.0";"0.1900158"
"133600.0";"0.1892776"
"133610.0";"0.1925229"
"133620.0";"0.1925227"
"133630.0";"0.1899367"
"133640.0";"0.1859733"
"133650.0";"0.1934061"
"133660.0";"0.1783732"
"133670.0";"0.200589"
"133680.0";"0.1846968"
"133690.0";"0.189626"
"133700.0";"0.1753567"
"133710.0";"0.1692011"
"133720.0";"0.1833414"
"133730.0";"0.1845426"
"133740.0";"0.174548"
"133750.0";"0.216585"
"133760.0";"0.1819505"
"133770.0";"0.1944067"
"133780.0";"0.1956658"
"133790.0";"0.1727948"
"133800.0";"0.1913008"
"133810.0";"0.1835456"
"133820.0";"0.1873448"
"133830.0";"0.1878565"
"133840.0";"0.1825541"
"133850.0";"0.1814413"
"133860.0";"0.1867246"
"133870.0";"0.185011"
"133880.0";"0.1881781"
"133890.0";"0.2013104"
"133900.0";"0.1920441"
"133910.0";"0.2094969"
"133920.0";"0.1937423"
"133930.0";"0.2000623"
"133940.0";"0.1836328"
"133950.0";"0.1926053"
"133960.0";"0.1891587"
"133970.0";"0.2157518"
"133980.0";"0.1766946"
"133990.0";"0.2220046"
"134000.0";"0.1881597"
"134010.0";"0.180826"
"134020.0";"0.1738794"
"134030.0";"0.1863141"
"134040.0";"0.1670002"
"134050.0";"0.1672036"
"134060.0";"0.181959"
"134070.0";"0.1816176"
"134080.0";"0.1969794"
"134090.0";"0.1742098"
"134100.0";"0.1702968"
"134110.0";"0.1843937"
"134120.0";"0.2002072"
"134130.0";"0.1793628"
"134140.0";"0.1659218"
"134150.0";"0.2029727"
"134160.0";"0.1895391"
"134170.0";"0.1709094"
"134180.0";"0.1690388"
"134190.0";"0.1676335"
"134200.0";"0.1931476"
"134210.0";"0.2319441"
"134220.0";"0.189974"
"134230.0";"0.1963058"
"134240.0";"0.1890396"
"134250.0";"0.2054143"
"134260.0";"0.1914109"
"134270.0";"0.1846889"
"134280.0";"0.1799053"
"134290.0";"0.2032804"
"134300.0";"0.1894754"
"134310.0";"0.1853106"
"134320.0";"0.1697703"
"134330.0";"0.1686804"
"134340.0";"0.1809862"
"134350.0";"0.1807457"
"134360.0";"0.1834723"
"134370.0";"0.1889286"
"134380.0";"0.184884"
"134390.0";"0.1821154"
"134400.0";"0.171808"
"134410.0";"0.1831774"
"134420.0";"0.1699027"
"134430.0";"0.172456"
"134440.0";"0.1734879"
"134450.0";"0.2100761"
"134460.0";"0.2013431"
"134470.0";"0.1835267"
"134480.0";"0.1868287"
"134490.0";"0.1789023"
"134500.0";"0.1910891"
"134510.0";"0.1859327"
"134520.0";"0.1617654"
"134530.0";"0.1784912"
"134540.0";"0.1671704"
"134550.0";"0.1720987"
"134560.0";"0.1824117"
"134570.0";"0.1749542"
"134580.0";"0.1834477"
"134590.0";"0.1881194"
"134600.0";"0.1694078"
"134610.0";"0.1832321"
"134620.0";"0.1803165"
"134630.0";"0.1766947"
"134640.0";"0.1807457"
"134650.0";"0.1795493"
"134660.0";"0.1827075"
"134670.0";"0.2160048"
"134680.0";"0.1651215"
"134690.0";"0.1678273"
"134700.0";"0.1736462"
"134710.0";"0.1589874"
"134720.0";"0.1709561"
"134730.0";"0.1765503"
"134740.0";"0.161657"
"134750.0";"0.1762641"
"134760.0";"0.1725805"
"134770.0";"0.1595275"
"134780.0";"0.1980357"
"134790.0";"0.1886582"
"134800.0";"0.1884754"
"134810.0";"0.1882711"
"134820.0";"0.1735137"
"134830.0";"0.1996146"
"134840.0";"0.1665926"
"134850.0";"0.1989422"
"134860.0";"0.1942035"
"134870.0";"0.173482"
"134880.0";"0.1897867"
"134890.0";"0.2079349"
"134900.0";"0.1672453"
"134910.0";"0.1750572"
"134920.0";"0.1907278"
"134930.0";"0.1684668"
"134940.0";"0.1703117"
"134950.0";"0.1950025"
"134960.0";"0.1805463"
"134970.0";"0.1850785"
"134980.0";"0.158079"
"134990.0";"0.178544"
"135000.0";"0.1729336"
"135010.0";"0.1810774"
"135020.0";"0.2180136"
"135030.0";"0.1761844"
"135040.0";"0.1967129"
"135050.0";"0.1884942"
"135060.0";"0.1601062"
"135070.0";"0.1868744"
"135080.0";"0.1957983"
"135090.0";"0.1737958"
"135100.0";"0.1992885"
"135110.0";"0.1941158"
"135120.0";"0.1661925"
"135130.0";"0.1897313"
"135140.0";"0.1862335"
"135150.0";"0.1859999"
"135160.0";"0.2047658"
"135170.0";"0.1913794"
"135180.0";"0.1987688"
"135190.0";"0.1823239"
"135200.0";"0.1903001"
"135210.0";"0.1898552"
"135220.0";"0.1816177"
"135230.0";"0.1723659"
"135240.0";"0.1657014"
"135250.0";"0.1831775"
"135260.0";"0.1840353"
"135270.0";"0.1818214"
"135280.0";"0.2261681"
"135290.0";"0.1708039"
"135300.0";"0.1949103"
"135310.0";"0.1973503"
"135320.0";"0.1737037"
"135330.0";"0.1744879"
"135340.0";"0.1736461"
"135350.0";"0.1765219"
"135360.0";"0.1865904"
"135370.0";"0.178866"
"135380.0";"0.1760854"
"135390.0";"0.1721076"
"135400.0";"0.1854426"
"135410.0";"0.1814911"
"135420.0";"0.1890238"
"135430.0";"0.1938272"
"135440.0";"0.1809834"
"135450.0";"0.1736693"
"135460.0";"0.1874515"
"135470.0";"0.2003024"
"135480.0";"0.172247"
"135490.0";"0.1829918"
"135500.0";"0.1873554"
"135510.0";"0.1966316"
"135520.0";"0.1743588"
"135530.0";"0.180358"
"135540.0";"0.2078484"
"135550.0";"0.1696144"
"135560.0";"0.1822111"
"135570.0";"0.1576104"
"135580.0";"0.201938"
"135590.0";"0.1779833"
"135600.0";"0.1915019"
"135610.0";"0.1806238"
"135620.0";"0.1793433"
"135630.0";"0.1956244"
"135640.0";"0.1905284"
"135650.0";"0.178902"
"135660.0";"0.161536"
"135670.0";"0.1908847"
"135680.0";"0.1713972"
"135690.0";"0.1774821"
"135700.0";"0.1763125"
"135710.0";"0.1913662"
"135720.0";"0.1900764"
"135730.0";"0.1883002"
"135740.0";"0.2010324"
"135750.0";"0.2029901"
"135760.0";"0.1983556"
"135770.0";"0.1772739"
"135780.0";"0.1888754"
"135790.0";"0.1823211"
"135800.0";"0.197307"
"135810.0";"0.1747026"
"135820.0";"0.1663758"
"135830.0";"0.1846643"
"135840.0";"0.1758859"
"135850.0";"0.1941417"
"135860.0";"0.1819288"
"135870.0";"0.1811187"
"135880.0";"0.2012488"
"135890.0";"0.1898476"
"135900.0";"0.1878353"
"135910.0";"0.1775895"
"135920.0";"0.1800693"
"135930.0";"0.185227"
"135940.0";"0.1947458"
"135950.0";"0.167368"
"135960.0";"0.1839512"
"135970.0";"0.1683747"
"135980.0";"0.1771498"
"135990.0";"0.2034377"
"136000.0";"0.1883983"
"136010.0";"0.1959236"
"136020.0";"0.2062039"
"136030.0";"0.1997849"
"136040.0";"0.1807207"
"136050.0";"0.1786083"
"136060.0";"0.195842"
"136070.0";"0.1984086"
"136080.0";"0.1783988"
"136090.0";"0.175434"
"136100.0";"0.1863681"
"136110.0";"0.1762665"
"136120.0";"0.1754821"
"136130.0";"0.1959238"
"136140.0";"0.1748688"
"136150.0";"0.1748885"
"136160.0";"0.1860918"
"136170.0";"0.1778682"
"136180.0";"0.1738617"
"136190.0";"0.1793236"
"136200.0";"0.1724787"
"136210.0";"0.1974359"
"136220.0";"0.1912223"
"136230.0";"0.1931838"
"136240.0";"0.1896892"
"136250.0";"0.1974083"
"136260.0";"0.192881"
"136270.0";"0.1809587"
"136280.0";"0.1667002"
"136290.0";"0.2027214"
"136300.0";"0.1851619"
"136310.0";"0.2119672"
"136320.0";"0.1805383"
"136330.0";"0.1898844"
"136340.0";"0.1811133"
"136350.0";"0.1950746"
"136360.0";"0.2145971"
"136370.0";"0.2046216"
"136380.0";"0.1959948"
"136390.0";"0.1828087"
"136400.0";"0.1838993"
"136410.0";"0.1942111"
"136420.0";"0.1766182"
"136430.0";"0.1849374"
"136440.0";"0.2070802"
"136450.0";"0.184743"
"136460.0";"0.1835917"
"136470.0";"0.1802802"
"136480.0";"0.1933831"
"136490.0";"0.1869144"
"136500.0";"0.2021978"
"136510.0";"0.1977724"
"136520.0";"0.1742899"
"136530.0";"0.2008111"
"136540.0";"0.2235934"
"136550.0";"0.186368"
"136560.0";"0.1855289"
"136570.0";"0.189539"
"136580.0";"0.1935484"
"136590.0";"0.1830986"
"136600.0";"0.1684546"
"136610.0";"0.1730289"
"136620.0";"0.1865501"
"136630.0";"0.1984792"
"136640.0";"0.1847106"
"136650.0";"0.1882899"
"136660.0";"0.1889071"
"136670.0";"0.1883106"
"136680.0";"0.1894757"
"136690.0";"0.2112181"
"136700.0";"0.1894043"
"136710.0";"0.185389"
"136720.0";"0.1983081"
"136730.0";"0.1646389"
"136740.0";"0.1976588"
"136750.0";"0.1770139"
"136760.0";"0.1987007"
"136770.0";"0.2053488"
"136780.0";"0.2026846"
"136790.0";"0.1862422"
"136800.0";"0.176108"
"136810.0";"0.1701087"
"136820.0";"0.188109"
"136830.0";"0.1963339"
"136840.0";"0.1747743"
"136850.0";"0.1835371"
"136860.0";"0.1637193"
"136870.0";"0.182203"
"136880.0";"0.1890475"
"136890.0";"0.1555923"
"136900.0";"0.1826117"
"136910.0";"0.1826583"
"136920.0";"0.1833417"
"136930.0";"0.1960972"
"136940.0";"0.200422"
"136950.0";"0.1963185"
"136960.0";"0.1962904"
"136970.0";"0.1973885"
"136980.0";"0.1924683"
"136990.0";"0.1835373"
"137000.0";"0.177744"
"137010.0";"0.174957"
"137020.0";"0.1777919"
"137030.0";"0.2002126"
"137040.0";"0.1842258"
"137050.0";"0.1918799"
"137060.0";"0.1834151"
"137070.0";"0.1915644"
"137080.0";"0.1794911"
"137090.0";"0.1657764"
"137100.0";"0.1679912"
"137110.0";"0.1818075"
"137120.0";"0.1748654"
"137130.0";"0.1734533"
"137140.0";"0.2195928"
"137150.0";"0.1907751"
"137160.0";"0.2027511"
"137170.0";"0.1848895"
"137180.0";"0.1803716"
"137190.0";"0.1789693"
"137200.0";"0.2253819"
"137210.0";"0.1729739"
"137220.0";"0.1842984"
"137230.0";"0.2006463"
"137240.0";"0.1800721"
"137250.0";"0.1738075"
"137260.0";"0.1996447"
"137270.0";"0.2069035"
"137280.0";"0.1711638"
"137290.0";"0.1939768"
"137300.0";"0.2044458"
"137310.0";"0.1957579"
"137320.0";"0.2155687"
"137330.0";"0.2015661"
"137340.0";"0.1850459"
"137350.0";"0.1811435"
"137360.0";"0.1785721"
"137370.0";"0.2052948"
"137380.0";"0.1748055"
"137390.0";"0.1927977"
"137400.0";"0.1775471"
"137410.0";"0.1839812"
"137420.0";"0.1813779"
"137430.0";"0.1795605"
"137440.0";"0.1858626"
"137450.0";"0.1847889"
"137460.0";"0.1753311"
"137470.0";"0.1720465"
"137480.0";"0.1904649"
"137490.0";"0.1661628"
"137500.0";"0.2015786"
"137510.0";"0.1887671"
"137520.0";"0.1717354"
"137530.0";"0.1935692"
"137540.0";"0.1742984"
"137550.0";"0.1767652"
"137560.0";"0.2002551"
"137570.0";"0.1866197"
"137580.0";"0.1703702"
"137590.0";"0.1806818"
"137600.0";"0.1660662"
"137610.0";"0.1930469"
"137620.0";"0.1771325"
"137630.0";"0.185672"
"137640.0";"0.1770707"
"137650.0";"0.1765391"
"137660.0";"0.2078341"
"137670.0";"0.1671018"
"137680.0";"0.1780928"
"137690.0";"0.1880342"
"137700.0";"0.1823677"
"137710.0";"0.1972966"
"137720.0";"0.1892514"
"137730.0";"0.1936337"
"137740.0";"0.2024003"
"137750.0";"0.1924578"
"137760.0";"0.1992088"
"137770.0";"0.1833929"
"137780.0";"0.1782303"
"137790.0";"0.1853352"
"137800.0";"0.1914367"
"137810.0";"0.1847457"
"137820.0";"0.2052778"
"137830.0";"0.1937034"
"137840.0";"0.1903369"
"137850.0";"0.1986581"
"137860.0";"0.2017794"
"137870.0";"0.1976158"
"137880.0";"0.1897923"
"137890.0";"0.1792789"
"137900.0";"0.1900421"
"137910.0";"0.1854235"
"137920.0";"0.1802804"
"137930.0";"0.165306"
"137940.0";"0.1989819"
"137950.0";"0.1751486"
"137960.0";"0.1944326"
"137970.0";"0.1801579"
"137980.0";"0.1926031"
"137990.0";"0.1697468"
"138000.0";"0.1867113"
"138010.0";"0.1913349"
"138020.0";"0.1723162"
"138030.0";"0.1700643"
"138040.0";"0.1782612"
"138050.0";"0.1736892"
"138060.0";"0.1750485"
"138070.0";"0.196288"
"138080.0";"0.1800169"
"138090.0";"0.1906671"
"138100.0";"0.1836249"
"138110.0";"0.1823707"
"138120.0";"0.1847023"
"138130.0";"0.1798248"
"138140.0";"0.1900133"
"138150.0";"0.1900056"
"138160.0";"0.1735311"
"138170.0";"0.2095948"
"138180.0";"0.2002248"
"138190.0";"0.1787233"
"138200.0";"0.1929349"
"138210.0";"0.1936882"
"138220.0";"0.197613"
"138230.0";"0.2042279"
"138240.0";"0.1900397"
"138250.0";"0.1739454"
"138260.0";"0.1959514"
"138270.0";"0.1745306"
"138280.0";"0.1885813"
"138290.0";"0.1784965"
"138300.0";"0.1785328"
"138310.0";"0.186475"
"138320.0";"0.2009076"
"138330.0";"0.1827948"
"138340.0";"0.1864969"
"138350.0";"0.2058106"
"138360.0";"0.193044"
"138370.0";"0.1912853"
"138380.0";"0.2162407"
"138390.0";"0.1926294"
"138400.0";"0.1744022"
"138410.0";"0.1743643"
"138420.0";"0.1668716"
"138430.0";"0.1983556"
"138440.0";"0.1874941"
"138450.0";"0.1911569"
"138460.0";"0.1665565"
"138470.0";"0.1786255"
"138480.0";"0.2193012"
"138490.0";"0.1980502"
"138500.0";"0.214807"
"138510.0";"0.1674458"
"138520.0";"0.2009678"
"138530.0";"0.2027835"
"138540.0";"0.1776992"
"138550.0";"0.1721801"
"138560.0";"0.1817387"
"138570.0";"0.1708246"
"138580.0";"0.1794046"
"138590.0";"0.1798085"
"138600.0";"0.2085998"
"138610.0";"0.1739713"
"138620.0";"0.2006014"
"138630.0";"0.2013983"
"138640.0";"0.1881327"
"138650.0";"0.172734"
"138660.0";"0.1856581"
"138670.0";"0.1871735"
"138680.0";"0.1775753"
"138690.0";"0.1934458"
"138700.0";"0.1782805"
"138710.0";"0.1851081"
"138720.0";"0.1806902"
"138730.0";"0.2043062"
"138740.0";"0.1813451"
"138750.0";"0.1801027"
"138760.0";"0.1884196"
"138770.0";"0.189433"
"138780.0";"0.1991632"
"138790.0";"0.1844451"
"138800.0";"0.1952284"
"138810.0";"0.1856906"
"138820.0";"0.1894413"
"138830.0";"0.1830711"
"138840.0";"0.1799617"
"138850.0";"0.1944863"
"138860.0";"0.1810436"
"138870.0";"0.1681965"
"138880.0";"0.1768896"
"138890.0";"0.1871393"
"138900.0";"0.1744331"
"138910.0";"0.1738817"
"138920.0";"0.2098619"
"138930.0";"0.213387"
"138940.0";"0.1859732"
"138950.0";"0.1734442"
"138960.0";"0.1823432"
"138970.0";"0.194386"
"138980.0";"0.182102"
"138990.0";"0.1834122"
"139000.0";"0.192992"
"139010.0";"0.1875843"
"139020.0";"0.1873019"
"139030.0";"0.1990877"
"139040.0";"0.1858864"
"139050.0";"0.1852701"
"139060.0";"0.1840105"
"139070.0";"0.1771412"
"139080.0";"0.1820768"
"139090.0";"0.2046095"
"139100.0";"0.2039951"
"139110.0";"0.1903733"
"139120.0";"0.1768442"
"139130.0";"0.1908326"
"139140.0";"0.1893276"
"139150.0";"0.1996747"
"139160.0";"0.1698263"
"139170.0";"0.1740145"
"139180.0";"0.1820163"
"139190.0";"0.1690859"
"139200.0";"0.1724417"
"139210.0";"0.1877972"
"139220.0";"0.1822774"
"139230.0";"0.1728959"
"139240.0";"0.1758437"
"139250.0";"0.1793044"
"139260.0";"0.1707919"
"139270.0";"0.1656652"
"139280.0";"0.1527711"
"139290.0";"0.1759115"
"139300.0";"0.1902235"
"139310.0";"0.1807792"
"139320.0";"0.179672"
"139330.0";"0.1941258"
"139340.0";"0.1928186"
"139350.0";"0.19824"
"139360.0";"0.185885"
"139370.0";"0.1767373"
"139380.0";"0.1884175"
"139390.0";"0.1823098"
"139400.0";"0.1840898"
"139410.0";"0.1889495"
"139420.0";"0.1871921"
"139430.0";"0.2023215"
"139440.0";"0.1906258"
"139450.0";"0.1980046"
"139460.0";"0.1863815"
"139470.0";"0.2276573"
"139480.0";"0.1799358"
"139490.0";"0.1979039"
"139500.0";"0.1794241"
"139510.0";"0.1849651"
"139520.0";"0.2022028"
"139530.0";"0.2035216"
"139540.0";"0.2129247"
"139550.0";"0.1722474"
"139560.0";"0.1774797"
"139570.0";"0.1909268"
"139580.0";"0.1947054"
"139590.0";"0.1855042"
"139600.0";"0.1966982"
"139610.0";"0.1901869"
"139620.0";"0.1947356"
"139630.0";"0.2045585"
"139640.0";"0.1814663"
"139650.0";"0.1900606"
"139660.0";"0.181961"
"139670.0";"0.1955531"
"139680.0";"0.1935222"
"139690.0";"0.1966773"
"139700.0";"0.1857256"
"139710.0";"0.1941344"
"139720.0";"0.2307249"
"139730.0";"0.2013109"
"139740.0";"0.2003948"
"139750.0";"0.1838991"
"139760.0";"0.1839402"
"139770.0";"0.1800577"
"139780.0";"0.1632828"
"139790.0";"0.1770027"
"139800.0";"0.1551326"
"139810.0";"0.2014024"
"139820.0";"0.180017"
"139830.0";"0.1695463"
"139840.0";"0.1911176"
"139850.0";"0.1749796"
"139860.0";"0.1852297"
"139870.0";"0.1700262"
"139880.0";"0.1783087"
"139890.0";"0.1775524"
"139900.0";"0.1725976"
"139910.0";"0.1712362"
"139920.0";"0.1771384"
"139930.0";"0.1793711"
"139940.0";"0.1864459"
"139950.0";"0.1917655"
"139960.0";"0.1821674"
"139970.0";"0.1930415"
"139980.0";"0.1816288"
"139990.0";"0.1671828"
"140000.0";"0.1866123"
"140010.0";"0.1886028"
"140020.0";"0.174499"
"140030.0";"0.167347"
"140040.0";"0.17042"
"140050.0";"0.1667214"
"140060.0";"0.1788575"
"140070.0";"0.2084131"
"140080.0";"0.1859461"
"140090.0";"0.1990879"
"140100.0";"0.2065475"
"140110.0";"0.1880452"
"140120.0";"0.1835268"
"140130.0";"0.1838071"
"140140.0";"0.1838966"
"140150.0";"0.1822825"
"140160.0";"0.1845507"
"140170.0";"0.1775696"
"140180.0";"0.1837309"
"140190.0";"0.1899736"
"140200.0";"0.17698"
"140210.0";"0.1815296"
"140220.0";"0.1978279"
"140230.0";"0.1888331"
"140240.0";"0.1979218"
"140250.0";"0.1784295"
"140260.0";"0.1960741"
"140270.0";"0.1859092"
"140280.0";"0.1724298"
"140290.0";"0.167848"
"140300.0";"0.1617102"
"140310.0";"0.1539903"
"140320.0";"0.1524302"
"140330.0";"0.1534761"
"140340.0";"0.156707"
"140350.0";"0.1540586"
"140360.0";"0.1662197"
"140370.0";"0.1680775"
"140380.0";"0.1949389"
"140390.0";"0.182304"
"140400.0";"0.1839864"
"140410.0";"0.1785189"
"140420.0";"0.2105256"
"140430.0";"0.1849891"
"140440.0";"0.188412"
"140450.0";"0.1930957"
"140460.0";"0.1912615"
"140470.0";"0.1780872"
"140480.0";"0.1680151"
"140490.0";"0.1922029"
"140500.0";"0.17782"
"140510.0";"0.1893941"
"140520.0";"0.1873073"
"140530.0";"0.1677676"
"140540.0";"0.1816069"
"140550.0";"0.1789551"
"140560.0";"0.2036513"
"140570.0";"0.2169258"
"140580.0";"0.1837664"
"140590.0";"0.1823323"
"140600.0";"0.190783"
"140610.0";"0.1723106"
"140620.0";"0.1979898"
"140630.0";"0.1734533"
"140640.0";"0.1681044"
"140650.0";"0.1935434"
"140660.0";"0.1737527"
"140670.0";"0.1748656"
"140680.0";"0.1884038"
"140690.0";"0.178746"
"140700.0";"0.1963695"
"140710.0";"0.167347"
"140720.0";"0.1877712"
"140730.0";"0.1813309"
"140740.0";"0.2090405"
"140750.0";"0.156761"
"140760.0";"0.1733235"
"140770.0";"0.1967459"
"140780.0";"0.1794575"
"140790.0";"0.1806381"
"140800.0";"0.1959234"
"140810.0";"0.1772483"
"140820.0";"0.1849461"
"140830.0";"0.1729222"
"140840.0";"0.1696232"
"140850.0";"0.1681492"
"140860.0";"0.1732801"
"140870.0";"0.1632574"
"140880.0";"0.1788964"
"140890.0";"0.1584615"
"140900.0";"0.1680028"
"140910.0";"0.1726411"
"140920.0";"0.1649545"
"140930.0";"0.1614124"
"140940.0";"0.16289"
"140950.0";"0.1823428"
"140960.0";"0.1585243"
"140970.0";"0.1597373"
"140980.0";"0.1718403"
"140990.0";"0.1518487"
"141000.0";"0.1677649"
"141010.0";"0.1632456"
"141020.0";"0.1621666"
"141030.0";"0.1732891"
"141040.0";"0.1584327"
"141050.0";"0.1776061"
"141060.0";"0.172096"
"141070.0";"0.158449"
"141080.0";"0.1668804"
"141090.0";"0.1733811"
"141100.0";"0.1621269"
"141110.0";"0.1676335"
"141120.0";"0.1699442"
"141130.0";"0.1658944"
"141140.0";"0.1575915"
"141150.0";"0.1669041"
"141160.0";"0.1609785"
"141170.0";"0.1528071"
"141180.0";"0.1624964"
"141190.0";"0.1527712"
"141200.0";"0.1690235"
"141210.0";"0.1603339"
"141220.0";"0.151519"
"141230.0";"0.1671736"
"141240.0";"0.1679108"
"141250.0";"0.1548969"
"141260.0";"0.1680268"
"141270.0";"0.1708039"
"141280.0";"0.1637223"
"141290.0";"0.1611519"
"141300.0";"0.1543533"
"141310.0";"0.1644201"
"141320.0";"0.1626349"
"141330.0";"0.1669341"
"141340.0";"0.1792121"
"141350.0";"0.1653785"
"141360.0";"0.1551934"
"141370.0";"0.1816312"
"141380.0";"0.170206"
"141390.0";"0.1490036"
"141400.0";"0.1588302"
"141410.0";"0.1816893"
"141420.0";"0.1614093"
"141430.0";"0.1671438"
"141440.0";"0.1561281"
"141450.0";"0.1621668"
"141460.0";"0.1554381"
"141470.0";"0.1516376"
"141480.0";"0.1653661"
"141490.0";"0.1557978"
"141500.0";"0.1785806"
"141510.0";"0.1623022"
"141520.0";"0.1705783"
"141530.0";"0.1624716"
"141540.0";"0.1566941"
"141550.0";"0.1855506"
"141560.0";"0.1572293"
"141570.0";"0.1686565"
"141580.0";"0.1671826"
"141590.0";"0.1674544"
"141600.0";"0.1681487"
"141610.0";"0.1637375"
"141620.0";"0.1626963"
"141630.0";"0.1570032"
"141640.0";"0.1652452"
"141650.0";"0.1902654"
"141660.0";"0.1596434"
"141670.0";"0.156633"
"141680.0";"0.154026"
"141690.0";"0.1546483"
"141700.0";"0.1701581"
"141710.0";"0.1573465"
"141720.0";"0.1653149"
"141730.0";"0.1671104"
"141740.0";"0.1756275"
"141750.0";"0.1733061"
"141760.0";"0.1679914"
"141770.0";"0.1921694"
"141780.0";"0.1765163"
"141790.0";"0.1902048"
"141800.0";"0.1614869"
"141810.0";"0.1889394"
"141820.0";"0.1859759"
"141830.0";"0.173107"
"141840.0";"0.183578"
"141850.0";"0.1757102"
"141860.0";"0.1760284"
"141870.0";"0.1948384"
"141880.0";"0.2001619"
"141890.0";"0.1721078"
"141900.0";"0.1787652"
"141910.0";"0.1774622"
"141920.0";"0.1868127"
"141930.0";"0.1845376"
"141940.0";"0.1990318"
"141950.0";"0.1876543"
"141960.0";"0.2047778"
"141970.0";"0.1887699"
"141980.0";"0.183355"
"141990.0";"0.1634046"
"142000.0";"0.1648818"
"142010.0";"0.1744993"
"142020.0";"0.1689052"
"142030.0";"0.1736578"
"142040.0";"0.1802801"
"142050.0";"0.1834884"
"142060.0";"0.1624724"
"142070.0";"0.1829457"
"142080.0";"0.1676454"
"142090.0";"0.1781849"
"142100.0";"0.1745532"
"142110.0";"0.1781512"
"142120.0";"0.1861019"
"142130.0";"0.1624007"
"142140.0";"0.17431"
"142150.0";"0.1585251"
"142160.0";"0.194535"
"142170.0";"0.1676218"
"142180.0";"0.1677946"
"142190.0";"0.1741987"
"142200.0";"0.174385"
"142210.0";"0.1861425"
"142220.0";"0.1731069"
"142230.0";"0.1665173"
"142240.0";"0.1796246"
"142250.0";"0.1744621"
"142260.0";"0.17907"
"142270.0";"0.175644"
"142280.0";"0.1806459"
"142290.0";"0.1730465"
"142300.0";"0.1563137"
"142310.0";"0.1772289"
"142320.0";"0.1777923"
"142330.0";"0.1999856"
"142340.0";"0.1875662"
"142350.0";"0.1707431"
"142360.0";"0.1930512"
"142370.0";"0.1806492"
"142380.0";"0.1782946"
"142390.0";"0.1916382"
"142400.0";"0.166247"
"142410.0";"0.1799222"
"142420.0";"0.1712077"
"142430.0";"0.2024105"
"142440.0";"0.1524631"
"142450.0";"0.1906143"
"142460.0";"0.1907115"
"142470.0";"0.1960737"
"142480.0";"0.1998597"
"142490.0";"0.1863253"
"142500.0";"0.1881861"
"142510.0";"0.197671"
"142520.0";"0.1877658"
"142530.0";"0.1675377"
"142540.0";"0.1894755"
"142550.0";"0.1763689"
"142560.0";"0.185173"
"142570.0";"0.1899738"
"142580.0";"0.1862953"
"142590.0";"0.1727919"
"142600.0";"0.1887353"
"142610.0";"0.1728411"
"142620.0";"0.1906123"
"142630.0";"0.1756217"
"142640.0";"0.1686832"
"142650.0";"0.1922836"
"142660.0";"0.1955123"
"142670.0";"0.1726989"
"142680.0";"0.1744849"
"142690.0";"0.1841981"
"142700.0";"0.1765899"
"142710.0";"0.1785444"
"142720.0";"0.1825541"
"142730.0";"0.1835589"
"142740.0";"0.1759913"
"142750.0";"0.1804937"
"142760.0";"0.1654113"
"142770.0";"0.1701116"
"142780.0";"0.1894673"
"142790.0";"0.1896204"
"142800.0";"0.1637377"
"142810.0";"0.1792823"
"142820.0";"0.1867643"
"142830.0";"0.1704959"
"142840.0";"0.1798139"
"142850.0";"0.2008813"
"142860.0";"0.1947664"
"142870.0";"0.1949515"
"142880.0";"0.1988238"
"142890.0";"0.1761731"
"142900.0";"0.1829211"
"142910.0";"0.1826857"
"142920.0";"0.195438"
"142930.0";"0.1952586"
"142940.0";"0.2064972"
"142950.0";"0.1872801"
"142960.0";"0.16676"
"142970.0";"0.1674426"
"142980.0";"0.1892592"
"142990.0";"0.1737984"
"143000.0";"0.1701055"
"143010.0";"0.1868499"
"143020.0";"0.1842634"
"143030.0";"0.1668352"
"143040.0";"0.181044"
"143050.0";"0.1809004"
"143060.0";"0.1842472"
"143070.0";"0.1936443"
"143080.0";"0.1762187"
"143090.0";"0.1816949"
"143100.0";"0.1901867"
"143110.0";"0.1750116"
"143120.0";"0.167341"
"143130.0";"0.1841905"
"143140.0";"0.1972839"
"143150.0";"0.177429"
"143160.0";"0.1821016"
"143170.0";"0.1892379"
"143180.0";"0.1924811"
"143190.0";"0.2005839"
"143200.0";"0.1768444"
"143210.0";"0.1798696"
"143220.0";"0.1766066"
"143230.0";"0.1761677"
"143240.0";"0.2088684"
"143250.0";"0.1960229"
"143260.0";"0.1787655"
"143270.0";"0.1886429"
"143280.0";"0.1802055"
"143290.0";"0.1649273"
"143300.0";"0.1946971"
"143310.0";"0.1887227"
"143320.0";"0.183265"
"143330.0";"0.176553"
"143340.0";"0.187819"
"143350.0";"0.1854591"
"143360.0";"0.1640548"
"143370.0";"0.1757379"
"143380.0";"0.1675021"
"143390.0";"0.1821755"
"143400.0";"0.194489"
"143410.0";"0.1795043"
"143420.0";"0.1705432"
"143430.0";"0.190163"
"143440.0";"0.1888015"
"143450.0";"0.1901737"
"143460.0";"0.2115987"
"143470.0";"0.2090376"
"143480.0";"0.1945275"
"143490.0";"0.1991633"
"143500.0";"0.1904338"
"143510.0";"0.1890396"
"143520.0";"0.1920933"
"143530.0";"0.1775102"
"143540.0";"0.1688849"
"143550.0";"0.1967459"
"143560.0";"0.1697556"
"143570.0";"0.1902581"
"143580.0";"0.1807459"
"143590.0";"0.1728034"
"143600.0";"0.1567065"
"143610.0";"0.1896989"
"143620.0";"0.1868958"
"143630.0";"0.1878592"
"143640.0";"0.1686922"
"143650.0";"0.1748489"
"143660.0";"0.2106297"
"143670.0";"0.1621907"
"143680.0";"0.1761504"
"143690.0";"0.1795163"
"143700.0";"0.1969368"
"143710.0";"0.1970228"
"143720.0";"0.1802131"
"143730.0";"0.1779497"
"143740.0";"0.1885341"
"143750.0";"0.2059323"
"143760.0";"0.1844176"
"143770.0";"0.1848597"
"143780.0";"0.1893303"
"143790.0";"0.1846315"
"143800.0";"0.1891137"
"143810.0";"0.1835784"
"143820.0";"0.1922633"
"143830.0";"0.1999254"
"143840.0";"0.2013356"
"143850.0";"0.1750202"
"143860.0";"0.1689412"
"143870.0";"0.2021144"
"143880.0";"0.1723335"
"143890.0";"0.1816426"
"143900.0";"0.1856897"
"143910.0";"0.1780054"
"143920.0";"0.1998676"
"143930.0";"0.1852674"
"143940.0";"0.1978915"
"143950.0";"0.1949817"
"143960.0";"0.1684548"
"143970.0";"0.1800807"
"143980.0";"0.1848081"
"143990.0";"0.2040442"
"144000.0";"0.1799218"
"144010.0";"0.1837551"
"144020.0";"0.1834913"
"144030.0";"0.1985062"
"144040.0";"0.2029306"
"144050.0";"0.1873054"
"144060.0";"0.1791372"
"144070.0";"0.2113888"
"144080.0";"0.1906122"
"144090.0";"0.1831121"
"144100.0";"0.2004446"
"144110.0";"0.2083559"
"144120.0";"0.1903832"
"144130.0";"0.1870986"
"144140.0";"0.1842279"
"144150.0";"0.1674044"
"144160.0";"0.1962099"
"144170.0";"0.1940134"
"144180.0";"0.2036029"
"144190.0";"0.2172668"
"144200.0";"0.229456"
"144210.0";"0.2222995"
"144220.0";"0.225524"
"144230.0";"0.225508"
"144240.0";"0.2244346"
"144250.0";"0.2044234"
"144260.0";"0.1825189"
"144270.0";"0.232177"
"144280.0";"0.2303348"
"144290.0";"0.2157543"
"144300.0";"0.1805245"
"144310.0";"0.2104614"
"144320.0";"0.2425404"
"144330.0";"0.1707537"
"144340.0";"0.2468862"
"144350.0";"0.1846617"
"144360.0";"0.2065381"
"144370.0";"0.2228365"
"144380.0";"0.2188195"
"144390.0";"0.1911151"
"144400.0";"0.165979"
"144410.0";"0.2278661"
"144420.0";"0.172823"
"144430.0";"0.1887164"
"144440.0";"0.1636862"
"144450.0";"0.2058856"
"144460.0";"0.2024201"
"144470.0";"0.2162542"
"144480.0";"0.170672"
"144490.0";"0.1906275"
"144500.0";"0.1994846"
"144510.0";"0.2254292"
"144520.0";"0.1756729"
"144530.0";"0.2285153"
"144540.0";"0.186722"
"144550.0";"0.2160415"
"144560.0";"0.2140749"
"144570.0";"0.184686"
"144580.0";"0.2115394"
"144590.0";"0.224762"
"144600.0";"0.2346104"
"144610.0";"0.2077834"
"144620.0";"0.233182"
"144630.0";"0.2151951"
"144640.0";"0.1809859"
"144650.0";"0.2036545"
"144660.0";"0.1861101"
"144670.0";"0.1668953"
"144680.0";"0.1821869"
"144690.0";"0.2164118"
"144700.0";"0.2138407"
"144710.0";"0.1736373"
"144720.0";"0.2048707"
"144730.0";"0.1791447"
"144740.0";"0.211681"
"144750.0";"0.2285891"
"144760.0";"0.2223286"
"144770.0";"0.2194565"
"144780.0";"0.1622499"
"144790.0";"0.207562"
"144800.0";"0.1780369"
"144810.0";"0.2299567"
"144820.0";"0.1695905"
"144830.0";"0.2108317"
"144840.0";"0.1742071"
"144850.0";"0.2170092"
"144860.0";"0.1773952"
"144870.0";"0.1787344"
"144880.0";"0.1830027"
"144890.0";"0.178205"
"144900.0";"0.188722"
"144910.0";"0.2034433"
"144920.0";"0.1750286"
"144930.0";"0.1979143"
"144940.0";"0.1772178"
"144950.0";"0.1899076"
"144960.0";"0.1862199"
"144970.0";"0.1759206"
"144980.0";"0.1820192"
"144990.0";"0.1763631"
"145000.0";"0.1919608"
"145010.0";"0.1827047"
"145020.0";"0.1803496"
"145030.0";"0.1636277"
"145040.0";"0.1984664"
"145050.0";"0.1964613"
"145060.0";"0.1760029"
"145070.0";"0.1642348"
"145080.0";"0.1772035"
"145090.0";"0.1992434"
"145100.0";"0.1632239"
"145110.0";"0.1860485"
"145120.0";"0.1746943"
"145130.0";"0.1654149"
"145140.0";"0.1810994"
"145150.0";"0.1855851"
"145160.0";"0.1796497"
"145170.0";"0.199532"
"145180.0";"0.1897526"
"145190.0";"0.1916305"
"145200.0";"0.1832105"
"145210.0";"0.1866281"
"145220.0";"0.1767405"
"145230.0";"0.1798806"
"145240.0";"0.2054606"
"145250.0";"0.1855806"
"145260.0";"0.1771272"
"145270.0";"0.1880769"
"145280.0";"0.1879708"
"145290.0";"0.1877338"
"145300.0";"0.1917237"
"145310.0";"0.1919714"
"145320.0";"0.1802973"
"145330.0";"0.1798807"
"145340.0";"0.2096684"
"145350.0";"0.179527"
"145360.0";"0.1724556"
"145370.0";"0.186215"
"145380.0";"0.1954123"
"145390.0";"0.1716449"
"145400.0";"0.2083963"
"145410.0";"0.1999048"
"145420.0";"0.187526"
"145430.0";"0.203315"
"145440.0";"0.177"
"145450.0";"0.1824449"
"145460.0";"0.1721218"
"145470.0";"0.1797055"
"145480.0";"0.1715663"
"145490.0";"0.169573"
"145500.0";"0.1721245"
"145510.0";"0.1880771"
"145520.0";"0.1814335"
"145530.0";"0.1705576"
"145540.0";"0.1877501"
"145550.0";"0.1765983"
"145560.0";"0.1851649"
"145570.0";"0.1933105"
"145580.0";"0.174625"
"145590.0";"0.1809695"
"145600.0";"0.1835132"
"145610.0";"0.1793011"
"145620.0";"0.1728497"
"145630.0";"0.1671914"
"145640.0";"0.2032412"
"145650.0";"0.2326307"
"145660.0";"0.194782"
"145670.0";"0.1956019"
"145680.0";"0.1812926"
"145690.0";"0.1665503"
"145700.0";"0.1732917"
"145710.0";"0.1573563"
"145720.0";"0.1764117"
"145730.0";"0.1762043"
"145740.0";"0.1944351"
"145750.0";"0.1693549"
"145760.0";"0.1840923"
"145770.0";"0.1903183"
"145780.0";"0.2049025"
"145790.0";"0.1923564"
"145800.0";"0.1676488"
"145810.0";"0.1719594"
"145820.0";"0.2133802"
"145830.0";"0.2001849"
"145840.0";"0.195765"
"145850.0";"0.2074343"
"145860.0";"0.1824392"
"145870.0";"0.187925"
"145880.0";"0.1781546"
"145890.0";"0.2174328"
"145900.0";"0.1982676"
"145910.0";"0.1721627"
"145920.0";"0.1936463"
"145930.0";"0.2020741"
"145940.0";"0.1658527"
"145950.0";"0.2115537"
"145960.0";"0.2168735"
"145970.0";"0.1953892"
"145980.0";"0.1584706"
"145990.0";"0.1644417"
"146000.0";"0.1756189"
"146010.0";"0.1687246"
"146020.0";"0.1918901"
"146030.0";"0.185351"
"146040.0";"0.1955632"
"146050.0";"0.1857445"
"146060.0";"0.1619413"
"146070.0";"0.1751828"
"146080.0";"0.1691302"
"146090.0";"0.1918489"
"146100.0";"0.1606147"
"146110.0";"0.1732916"
"146120.0";"0.1682523"
"146130.0";"0.1721196"
"146140.0";"0.1667331"
"146150.0";"0.1650484"
"146160.0";"0.198819"
"146170.0";"0.1778372"
"146180.0";"0.1546256"
"146190.0";"0.1545351"
"146200.0";"0.1694255"
"146210.0";"0.171645"
"146220.0";"0.1666647"
"146230.0";"0.180879"
"146240.0";"0.1669104"
"146250.0";"0.1573437"
"146260.0";"0.1645484"
"146270.0";"0.1611738"
"146280.0";"0.1928964"
"146290.0";"0.1822003"
"146300.0";"0.1613379"
"146310.0";"0.1775974"
"146320.0";"0.155583"
"146330.0";"0.1574137"
"146340.0";"0.1605738"
"146350.0";"0.164527"
"146360.0";"0.1671081"
"146370.0";"0.1914362"
"146380.0";"0.1861696"
"146390.0";"0.1665325"
"146400.0";"0.1914028"
"146410.0";"0.1849889"
"146420.0";"0.1618049"
"146430.0";"0.1804882"
"146440.0";"0.178581"
"146450.0";"0.1593516"
"146460.0";"0.1886319"
"146470.0";"0.1789243"
"146480.0";"0.1714173"
"146490.0";"0.1822258"
"146500.0";"0.1756532"
"146510.0";"0.188388"
"146520.0";"0.1880131"
"146530.0";"0.1690147"
"146540.0";"0.1723422"
"146550.0";"0.1831938"
"146560.0";"0.1911099"
"146570.0";"0.1850428"
"146580.0";"0.1820278"
"146590.0";"0.1672033"
"146600.0";"0.1753889"
"146610.0";"0.1757985"
"146620.0";"0.1756987"
"146630.0";"0.1811799"
"146640.0";"0.1742415"
"146650.0";"0.1629047"
"146660.0";"0.1837445"
"146670.0";"0.1774318"
"146680.0";"0.1580919"
"146690.0";"0.1724091"
"146700.0";"0.1812182"
"146710.0";"0.1672002"
"146720.0";"0.1698558"
"146730.0";"0.1739687"
"146740.0";"0.1539381"
"146750.0";"0.1772623"
"146760.0";"0.1682321"
"146770.0";"0.1600062"
"146780.0";"0.1703672"
"146790.0";"0.1676124"
"146800.0";"0.1630243"
"146810.0";"0.1818649"
"146820.0";"0.1775781"
"146830.0";"0.1835592"
"146840.0";"0.1740485"
"146850.0";"0.1662558"
"146860.0";"0.1655447"
"146870.0";"0.18607"
"146880.0";"0.1827731"
"146890.0";"0.2078679"
"146900.0";"0.1976586"
"146910.0";"0.2113433"
"146920.0";"0.2008707"
"146930.0";"0.1788658"
"146940.0";"0.1699706"
"146950.0";"0.1575564"
"146960.0";"0.1601904"
"146970.0";"0.1666615"
"146980.0";"0.1831556"
"146990.0";"0.1861343"
"147000.0";"0.2023587"
"147010.0";"0.1660964"
"147020.0";"0.1518881"
"147030.0";"0.1931324"
"147040.0";"0.215381"
"147050.0";"0.2320966"
"147060.0";"0.198144"
"147070.0";"0.2255172"
"147080.0";"0.1716364"
"147090.0";"0.1754823"
"147100.0";"0.1752485"
"147110.0";"0.1785412"
"147120.0";"0.2314064"
"147130.0";"0.1575627"
"147140.0";"0.1912221"
"147150.0";"0.2034453"
"147160.0";"0.1835239"
"147170.0";"0.1692605"
"147180.0";"0.1583699"
"147190.0";"0.1522202"
"147200.0";"0.2317111"
"147210.0";"0.1572609"
"147220.0";"0.1827484"
"147230.0";"0.1668863"
"147240.0";"0.1668921"
"147250.0";"0.163481"
"147260.0";"0.1931863"
"147270.0";"0.1768078"
"147280.0";"0.1560032"
"147290.0";"0.1861424"
"147300.0";"0.1607047"
"147310.0";"0.1881358"
"147320.0";"0.2151697"
"147330.0";"0.1971954"
"147340.0";"0.1804136"
"147350.0";"0.1772741"
"147360.0";"0.168437"
"147370.0";"0.1878562"
"147380.0";"0.1807232"
"147390.0";"0.1791394"
"147400.0";"0.1746451"
"147410.0";"0.1698028"
"147420.0";"0.1914786"
"147430.0";"0.1584583"
"147440.0";"0.1662831"
"147450.0";"0.1817249"
"147460.0";"0.1700619"
"147470.0";"0.2108768"
"147480.0";"0.2335206"
"147490.0";"0.2042548"
"147500.0";"0.1643927"
"147510.0";"0.1905307"
"147520.0";"0.1883508"
"147530.0";"0.206439"
"147540.0";"0.2091964"
"147550.0";"0.1878537"
"147560.0";"0.16603"
"147570.0";"0.1801359"
"147580.0";"0.1687868"
"147590.0";"0.1915046"
"147600.0";"0.1710556"
"147610.0";"0.2112936"
"147620.0";"0.196835"
"147630.0";"0.1789917"
"147640.0";"0.1619782"
"147650.0";"0.1795604"
"147660.0";"0.2232713"
"147670.0";"0.1659154"
"147680.0";"0.1800721"
"147690.0";"0.1700501"
"147700.0";"0.1799479"
"147710.0";"0.163689"
"147720.0";"0.159289"
"147730.0";"0.1574194"
"147740.0";"0.1694815"
"147750.0";"0.181312"
"147760.0";"0.2037135"
"147770.0";"0.2041961"
"147780.0";"0.1948384"
"147790.0";"0.1688964"
"147800.0";"0.1709536"
"147810.0";"0.1674841"
"147820.0";"0.1572705"
"147830.0";"0.1882179"
"147840.0";"0.163398"
"147850.0";"0.1955939"
"147860.0";"0.1613754"
"147870.0";"0.1692517"
"147880.0";"0.1759688"
"147890.0";"0.1852485"
"147900.0";"0.203413"
"147910.0";"0.1578262"
"147920.0";"0.1817748"
"147930.0";"0.1672697"
"147940.0";"0.2036516"
"147950.0";"0.1881967"
"147960.0";"0.2174586"
"147970.0";"0.2282676"
"147980.0";"0.2097691"
"147990.0";"0.2599349"
"148000.0";"0.2111229"
"148010.0";"0.2482625"
"148020.0";"0.1967612"
"148030.0";"0.1741577"
"148040.0";"0.1726903"
"148050.0";"0.2237407"
"148060.0";"0.1917995"
"148070.0";"0.1560577"
"148080.0";"0.1633188"
"148090.0";"0.1735308"
"148100.0";"0.1678126"
"148110.0";"0.1705663"
"148120.0";"0.1518782"
"148130.0";"0.1933391"
"148140.0";"0.177285"
"148150.0";"0.1638472"
"148160.0";"0.1758211"
"148170.0";"0.1665475"
"148180.0";"0.1759006"
"148190.0";"0.1766174"
"148200.0";"0.1602431"
"148210.0";"0.1803135"
"148220.0";"0.1870534"
"148230.0";"0.1844586"
"148240.0";"0.1822557"
"148250.0";"0.1644291"
"148260.0";"0.2053899"
"148270.0";"0.195747"
"148280.0";"0.202724"
"148290.0";"0.165342"
"148300.0";"0.210238"
"148310.0";"0.1649548"
"148320.0";"0.1834175"
"148330.0";"0.1689261"
"148340.0";"0.1692013"
"148350.0";"0.159618"
"148360.0";"0.1781291"
"148370.0";"0.1750057"
"148380.0";"0.1883319"
"148390.0";"0.1882685"
"148400.0";"0.206388"
"148410.0";"0.223674"
"148420.0";"0.1962775"
"148430.0";"0.1765502"
"148440.0";"0.1847056"
"148450.0";"0.1774514"
"148460.0";"0.1848757"
"148470.0";"0.1930235"
"148480.0";"0.1893564"
"148490.0";"0.1836303"
"148500.0";"0.1590504"
"148510.0";"0.1735802"
"148520.0";"0.1906467"
"148530.0";"0.162022"
"148540.0";"0.1782161"
"148550.0";"0.1768164"
"148560.0";"0.1816926"
"148570.0";"0.1773612"
"148580.0";"0.1673975"
"148590.0";"0.1676337"
"148600.0";"0.1721712"
"148610.0";"0.162043"
"148620.0";"0.2179565"
"148630.0";"0.1906571"
"148640.0";"0.178603"
"148650.0";"0.1916532"
"148660.0";"0.2135341"
"148670.0";"0.1779916"
"148680.0";"0.2346123"
"148690.0";"0.2011689"
"148700.0";"0.1656985"
"148710.0";"0.1777755"
"148720.0";"0.2390003"
"148730.0";"0.2475598"
"148740.0";"0.1711783"
"148750.0";"0.1727573"
"148760.0";"0.1766494"
"148770.0";"0.1661176"
"148780.0";"0.18936"
"148790.0";"0.1570281"
"148800.0";"0.17184"
"148810.0";"0.1597654"
"148820.0";"0.1973628"
"148830.0";"0.1770085"
"148840.0";"0.1711255"
"148850.0";"0.1871841"
"148860.0";"0.1937911"
"148870.0";"0.1762757"
"148880.0";"0.1567581"
"148890.0";"0.1833089"
"148900.0";"0.1669611"
"148910.0";"0.1696055"
"148920.0";"0.1741287"
"148930.0";"0.1928235"
"148940.0";"0.1625704"
"148950.0";"0.1725374"
"148960.0";"0.1898763"
"148970.0";"0.1791817"
"148980.0";"0.1995148"
"148990.0";"0.2140865"
"149000.0";"0.1725427"
"149010.0";"0.1749369"
"149020.0";"0.1657621"
"149030.0";"0.1805718"
"149040.0";"0.1637012"
"149050.0";"0.1811766"
"149060.0";"0.1633252"
"149070.0";"0.1756186"
"149080.0";"0.1882178"
"149090.0";"0.1620372"
"149100.0";"0.1790111"
"149110.0";"0.1685496"
"149120.0";"0.19117"
"149130.0";"0.2222924"
"149140.0";"0.1807646"
"149150.0";"0.1853993"
"149160.0";"0.1762384"
"149170.0";"0.1571847"
"149180.0";"0.1688579"
"149190.0";"0.1756533"
"149200.0";"0.1980052"
"149210.0";"0.1785497"
"149220.0";"0.1725712"
"149230.0";"0.1867783"
"149240.0";"0.1710144"
"149250.0";"0.1707543"
"149260.0";"0.1697763"
"149270.0";"0.157921"
"149280.0";"0.1761338"
"149290.0";"0.1730235"
"149300.0";"0.1869575"
"149310.0";"0.157165"
"149320.0";"0.1720754"
"149330.0";"0.2018164"
"149340.0";"0.1644387"
"149350.0";"0.1760713"
"149360.0";"0.1636399"
"149370.0";"0.1996601"
"149380.0";"0.1742727"
"149390.0";"0.2034524"
"149400.0";"0.1633433"
"149410.0";"0.226709"
"149420.0";"0.2124758"
"149430.0";"0.208926"
"149440.0";"0.2176649"
"149450.0";"0.223143"
"149460.0";"0.1829397"
"149470.0";"0.1791257"
"149480.0";"0.1745682"
"149490.0";"0.1791257"
"149500.0";"0.2316314"
"149510.0";"0.2028026"
"149520.0";"0.2173341"
"149530.0";"0.1646481"
"149540.0";"0.213469"
"149550.0";"0.2244769"
"149560.0";"0.2027215"
"149570.0";"0.1708244"
"149580.0";"0.1716972"
"149590.0";"0.1862418"
"149600.0";"0.1805497"
"149610.0";"0.2271145"
"149620.0";"0.1952183"
"149630.0";"0.2011762"
"149640.0";"0.1762554"
"149650.0";"0.1901209"
"149660.0";"0.1978156"
"149670.0";"0.2154667"
"149680.0";"0.1957829"
"149690.0";"0.2174076"
"149700.0";"0.1935615"
"149710.0";"0.1995649"
"149720.0";"0.1871949"
"149730.0";"0.2233294"
"149740.0";"0.1833166"
"149750.0";"0.1915042"
"149760.0";"0.2098117"
"149770.0";"0.1844833"
"149780.0";"0.2103211"
"149790.0";"0.18318"
"149800.0";"0.222461"
"149810.0";"0.216795"
"149820.0";"0.2178645"
"149830.0";"0.1887354"
"149840.0";"0.2029013"
"149850.0";"0.1937708"
"149860.0";"0.172154"
"149870.0";"0.173816"
"149880.0";"0.1637466"
"149890.0";"0.1584332"
"149900.0";"0.1892741"
"149910.0";"0.2025709"
"149920.0";"0.2163586"
"149930.0";"0.2030097"
"149940.0";"0.2111799"
"149950.0";"0.1665711"
"149960.0";"0.2115015"
"149970.0";"0.1888756"
"149980.0";"0.1960972"
"149990.0";"0.2181879"
"150000.0";"0.2141451"
"150010.0";"0.2209211"
"150020.0";"0.1949208"
"150030.0";"0.1913349"
"150040.0";"0.2050975"
"150050.0";"0.2193876"
"150060.0";"0.2129249"
"150070.0";"0.2081009"
"150080.0";"0.2182727"
"150090.0";"0.2234884"
"150100.0";"0.2337924"
"150110.0";"0.2211673"
"150120.0";"0.1984438"
"150130.0";"0.1989421"
"150140.0";"0.2031257"
"150150.0";"0.2156736"
"150160.0";"0.2304839"
"150170.0";"0.1815215"
"150180.0";"0.2214175"
"150190.0";"0.2247309"
"150200.0";"0.1941569"
"150210.0";"0.2124993"
"150220.0";"0.2343356"
"150230.0";"0.2138479"
"150240.0";"0.1738104"
"150250.0";"0.2003322"
"150260.0";"0.2229751"
"150270.0";"0.2194316"
"150280.0";"0.2308289"
"150290.0";"0.2119671"
"150300.0";"0.1871391"
"150310.0";"0.2116649"
"150320.0";"0.1663824"
"150330.0";"0.178611"
"150340.0";"0.1708043"
"150350.0";"0.186368"
"150360.0";"0.1658137"
"150370.0";"0.1595212"
"150380.0";"0.1651847"
"150390.0";"0.1760344"
"150400.0";"0.1971321"
"150410.0";"0.2117379"
"150420.0";"0.169917"
"150430.0";"0.1887166"
"150440.0";"0.167538"
"150450.0";"0.1749171"
"150460.0";"0.1688457"
"150470.0";"0.1662469"
"150480.0";"0.1689673"
"150490.0";"0.1749603"
"150500.0";"0.1577179"
"150510.0";"0.1612484"
"150520.0";"0.165179"
"150530.0";"0.1735112"
"150540.0";"0.1644783"
"150550.0";"0.1553733"
"150560.0";"0.1697648"
"150570.0";"0.187415"
"150580.0";"0.1755216"
"150590.0";"0.1740658"
"150600.0";"0.1666549"
"150610.0";"0.1781712"
"150620.0";"0.1690264"
"150630.0";"0.1683003"
"150640.0";"0.1799521"
"150650.0";"0.1620777"
"150660.0";"0.1746167"
"150670.0";"0.1717967"
"150680.0";"0.1730378"
"150690.0";"0.1739107"
"150700.0";"0.1752087"
"150710.0";"0.1813232"
"150720.0";"0.1797887"
"150730.0";"0.1751514"
"150740.0";"0.1663426"
"150750.0";"0.1810443"
"150760.0";"0.1880057"
"150770.0";"0.1618211"
"150780.0";"0.1621632"
"150790.0";"0.1609155"
"150800.0";"0.1743732"
"150810.0";"0.1889288"
"150820.0";"0.1767427"
"150830.0";"0.1840678"
"150840.0";"0.1619512"
"150850.0";"0.188056"
"150860.0";"0.1847451"
"150870.0";"0.1981669"
"150880.0";"0.1968272"
"150890.0";"0.1933722"
"150900.0";"0.1650058"
"150910.0";"0.2181101"
"150920.0";"0.2170573"
"150930.0";"0.206095"
"150940.0";"0.1777271"
"150950.0";"0.1684785"
"150960.0";"0.219768"
"150970.0";"0.1806767"
"150980.0";"0.2220721"
"150990.0";"0.1847863"
"151000.0";"0.1737898"
"151010.0";"0.1781717"
"151020.0";"0.1797722"
"151030.0";"0.1951902"
"151040.0";"0.2160948"
"151050.0";"0.2039171"
"151060.0";"0.2276401"
"151070.0";"0.1893386"
"151080.0";"0.1928964"
"151090.0";"0.2006858"
"151100.0";"0.1748745"
"151110.0";"0.2082764"
"151120.0";"0.1831965"
"151130.0";"0.1779912"
"151140.0";"0.19016"
"151150.0";"0.1708362"
"151160.0";"0.1689799"
"151170.0";"0.1808894"
"151180.0";"0.1748773"
"151190.0";"0.1671558"
"151200.0";"0.1832213"
"151210.0";"0.1528074"
"151220.0";"0.1670984"
"151230.0";"0.1672301"
"151240.0";"0.1622775"
"151250.0";"0.1717381"
"151260.0";"0.1765842"
"151270.0";"0.1800001"
"151280.0";"0.1700382"
"151290.0";"0.1883059"
"151300.0";"0.1588649"
"151310.0";"0.1626407"
"151320.0";"0.1735857"
"151330.0";"0.173306"
"151340.0";"0.1763408"
"151350.0";"0.1791785"
"151360.0";"0.1561124"
"151370.0";"0.1652909"
"151380.0";"0.1656055"
"151390.0";"0.1658132"
"151400.0";"0.1591824"
"151410.0";"0.1763408"
"151420.0";"0.1549873"
"151430.0";"0.1723107"
"151440.0";"0.1850054"
"151450.0";"0.1747369"
"151460.0";"0.161756"
"151470.0";"0.1504828"
"151480.0";"0.1858036"
"151490.0";"0.1719594"
"151500.0";"0.1631752"
"151510.0";"0.1596776"
"151520.0";"0.1492519"
"151530.0";"0.1626621"
"151540.0";"0.1776206"
"151550.0";"0.1764224"
"151560.0";"0.1654718"
"151570.0";"0.1718982"
"151580.0";"0.1795248"
"151590.0";"0.1915669"
"151600.0";"0.1617314"
"151610.0";"0.1706602"
"151620.0";"0.1961174"
"151630.0";"0.229214"
"151640.0";"0.2184512"
"151650.0";"0.18043"
"151660.0";"0.1788463"
"151670.0";"0.1672183"
"151680.0";"0.1651578"
"151690.0";"0.1556823"
"151700.0";"0.1855691"
"151710.0";"0.179148"
"151720.0";"0.2041814"
"151730.0";"0.202433"
"151740.0";"0.2322347"
"151750.0";"0.1646507"
"151760.0";"0.1893305"
"151770.0";"0.1855639"
"151780.0";"0.1861696"
"151790.0";"0.2037988"
"151800.0";"0.1797053"
"151810.0";"0.1876726"
"151820.0";"0.2281976"
"151830.0";"0.1959615"
"151840.0";"0.2059663"
"151850.0";"0.1909182"
"151860.0";"0.1830057"
"151870.0";"0.1705313"
"151880.0";"0.1674782"
"151890.0";"0.1786673"
"151900.0";"0.1616445"
"151910.0";"0.1887461"
"151920.0";"0.1809423"
"151930.0";"0.223513"
"151940.0";"0.1905807"
"151950.0";"0.1736259"
"151960.0";"0.183962"
"151970.0";"0.2357308"
"151980.0";"0.2108884"
"151990.0";"0.1849188"
"152000.0";"0.1855956"
"152010.0";"0.2328695"
"152020.0";"0.1782164"
"152030.0";"0.1982147"
"152040.0";"0.2098045"
"152050.0";"0.2253395"
"152060.0";"0.2227193"
"152070.0";"0.2072509"
"152080.0";"0.199712"
"152090.0";"0.1716422"
"152100.0";"0.2141703"
"152110.0";"0.2187374"
"152120.0";"0.2292728"
"152130.0";"0.2209549"
"152140.0";"0.2172144"
"152150.0";"0.2089903"
"152160.0";"0.2416134"
"152170.0";"0.2172047"
"152180.0";"0.2212537"
"152190.0";"0.2402627"
"152200.0";"0.2212557"
"152210.0";"0.2405677"
"152220.0";"0.220556"
"152230.0";"0.1683747"
"152240.0";"0.1865714"
"152250.0";"0.1710266"
"152260.0";"0.2124921"
"152270.0";"0.1696909"
"152280.0";"0.2263756"
"152290.0";"0.1808203"
"152300.0";"0.216557"
"152310.0";"0.1922838"
"152320.0";"0.191802"
"152330.0";"0.1962091"
"152340.0";"0.2169356"
"152350.0";"0.1953892"
"152360.0";"0.2072603"
"152370.0";"0.2495398"
"152380.0";"0.2140679"
"152390.0";"0.1944557"
"152400.0";"0.2153369"
"152410.0";"0.2149999"
"152420.0";"0.1974363"
"152430.0";"0.2246977"
"152440.0";"0.225854"
"152450.0";"0.2042498"
"152460.0";"0.2030419"
"152470.0";"0.2295844"
"152480.0";"0.2078607"
"152490.0";"0.2157823"
"152500.0";"0.2182592"
"152510.0";"0.2252865"
"152520.0";"0.2067704"
"152530.0";"0.2365521"
"152540.0";"0.1890451"
"152550.0";"0.1761087"
"152560.0";"0.2031278"
"152570.0";"0.1813231"
"152580.0";"0.1952664"
"152590.0";"0.177254"
"152600.0";"0.1740057"
"152610.0";"0.1859948"
"152620.0";"0.1957626"
"152630.0";"0.1951616"
"152640.0";"0.1642279"
"152650.0";"0.1989096"
"152660.0";"0.208799"
"152670.0";"0.1692867"
"152680.0";"0.1834694"
"152690.0";"0.1696436"
"152700.0";"0.1755964"
"152710.0";"0.1654751"
"152720.0";"0.1847101"
"152730.0";"0.1816508"
"152740.0";"0.2033734"
"152750.0";"0.1728297"
"152760.0";"0.1755171"
"152770.0";"0.1782499"
"152780.0";"0.1601685"
"152790.0";"0.1981385"
"152800.0";"0.1787199"
"152810.0";"0.1834173"
"152820.0";"0.1883637"
"152830.0";"0.1954763"
"152840.0";"0.2014174"
"152850.0";"0.1924734"
"152860.0";"0.1956347"
"152870.0";"0.1726644"
"152880.0";"0.2108887"
"152890.0";"0.2112203"
"152900.0";"0.2067898"
"152910.0";"0.213518"
"152920.0";"0.1760121"
"152930.0";"0.195461"
"152940.0";"0.1686092"
"152950.0";"0.1753396"
"152960.0";"0.1841168"
"152970.0";"0.1701825"
"152980.0";"0.1753227"
"152990.0";"0.2079834"
"153000.0";"0.1952255"
"153010.0";"0.1773528"
"153020.0";"0.2196746"
"153030.0";"0.2026548"
"153040.0";"0.1798943"
"153050.0";"0.1654719"
"153060.0";"0.1828934"
"153070.0";"0.1876806"
"153080.0";"0.1589025"
"153090.0";"0.1990525"
"153100.0";"0.2186684"
"153110.0";"0.193321"
"153120.0";"0.2127934"
"153130.0";"0.1744878"
"153140.0";"0.2165965"
"153150.0";"0.1948462"
"153160.0";"0.21581"
"153170.0";"0.2363449"
"153180.0";"0.1939948"
"153190.0";"0.2056235"
"153200.0";"0.1920365"
"153210.0";"0.2030249"
"153220.0";"0.2073307"
"153230.0";"0.2078031"
"153240.0";"0.2040124"
"153250.0";"0.2095638"
"153260.0";"0.202803"
"153270.0";"0.2009005"
"153280.0";"0.2137032"
"153290.0";"0.208322"
"153300.0";"0.2222072"
"153310.0";"0.2011195"
"153320.0";"0.2216052"
"153330.0";"0.2420517"
"153340.0";"0.2020544"
"153350.0";"0.2115987"
"153360.0";"0.2266676"
"153370.0";"0.1938117"
"153380.0";"0.1615024"
"153390.0";"0.2135181"
"153400.0";"0.2085402"
"153410.0";"0.2057668"
"153420.0";"0.1916089"
"153430.0";"0.1719586"
"153440.0";"0.1664932"
"153450.0";"0.1962933"
"153460.0";"0.1973704"
"153470.0";"0.2269179"
"153480.0";"0.1885762"
"153490.0";"0.196413"
"153500.0";"0.1922004"
"153510.0";"0.2177889"
"153520.0";"0.2064098"
"153530.0";"0.1796135"
"153540.0";"0.170382"
"153550.0";"0.1753084"
"153560.0";"0.2164925"
"153570.0";"0.2345166"
"153580.0";"0.1968147"
"153590.0";"0.1895518"
"153600.0";"0.2038847"
"153610.0";"0.1823073"
"153620.0";"0.1817095"
"153630.0";"0.1684911"
"153640.0";"0.1813748"
"153650.0";"0.1902001"
"153660.0";"0.1689263"
"153670.0";"0.1767315"
"153680.0";"0.2031697"
"153690.0";"0.1829646"
"153700.0";"0.1695879"
"153710.0";"0.1958029"
"153720.0";"0.1643318"
"153730.0";"0.1890767"
"153740.0";"0.2182704"
"153750.0";"0.17995"
"153760.0";"0.2072127"
"153770.0";"0.1876404"
"153780.0";"0.207116"
"153790.0";"0.2120521"
"153800.0";"0.1758666"
"153810.0";"0.1760965"
"153820.0";"0.2248066"
"153830.0";"0.1859334"
"153840.0";"0.1945276"
"153850.0";"0.2114262"
"153860.0";"0.1846239"
"153870.0";"0.2223106"
"153880.0";"0.1842304"
"153890.0";"0.1960532"
"153900.0";"0.1795464"
"153910.0";"0.215214"
"153920.0";"0.1906674"
"153930.0";"0.1667244"
"153940.0";"0.1875474"
"153950.0";"0.1652001"
"153960.0";"0.1830356"
"153970.0";"0.1897841"
"153980.0";"0.1732103"
"153990.0";"0.1740173"
"154000.0";"0.1623602"
"154010.0";"0.1828823"
"154020.0";"0.1751597"
"154030.0";"0.185335"
"154040.0";"0.1660936"
"154050.0";"0.1698177"
"154060.0";"0.1790221"
"154070.0";"0.1820679"
"154080.0";"0.1775325"
"154090.0";"0.1685408"
"154100.0";"0.1954842"
"154110.0";"0.2001898"
"154120.0";"0.1894649"
"154130.0";"0.1813337"
"154140.0";"0.2166033"
"154150.0";"0.1976311"
"154160.0";"0.2175361"
"154170.0";"0.2068478"
"154180.0";"0.1988593"
"154190.0";"0.20969"
"154200.0";"0.1860189"
"154210.0";"0.1670485"
"154220.0";"0.1847105"
"154230.0";"0.2063664"
"154240.0";"0.1755364"
"154250.0";"0.1972637"
"154260.0";"0.1951154"
"154270.0";"0.2135275"
"154280.0";"0.2100716"
"154290.0";"0.1982169"
"154300.0";"0.2064436"
"154310.0";"0.1983809"
"154320.0";"0.1999831"
"154330.0";"0.2119171"
"154340.0";"0.2388912"
"154350.0";"0.1963419"
"154360.0";"0.2061285"
"154370.0";"0.2052147"
"154380.0";"0.1702939"
"154390.0";"0.1729451"
"154400.0";"0.1983457"
"154410.0";"0.1797024"
"154420.0";"0.2135485"
"154430.0";"0.2021087"
"154440.0";"0.1860349"
"154450.0";"0.2002652"
"154460.0";"0.169204"
"154470.0";"0.1726412"
"154480.0";"0.1673258"
"154490.0";"0.1844587"
"154500.0";"0.1924603"
"154510.0";"0.1841252"
"154520.0";"0.181607"
"154530.0";"0.1734672"
"154540.0";"0.1847514"
"154550.0";"0.1595148"
"154560.0";"0.1565886"
"154570.0";"0.1770904"
"154580.0";"0.1667669"
"154590.0";"0.1683593"
"154600.0";"0.1776234"
"154610.0";"0.166581"
"154620.0";"0.1682677"
"154630.0";"0.1644786"
"154640.0";"0.1669195"
"154650.0";"0.1741406"
"154660.0";"0.1620495"
"154670.0";"0.1654991"
"154680.0";"0.1717467"
"154690.0";"0.1839461"
"154700.0";"0.1615695"
"154710.0";"0.1710438"
"154720.0";"0.1650727"
"154730.0";"0.1729966"
"154740.0";"0.170593"
"154750.0";"0.1813585"
"154760.0";"0.1680743"
"154770.0";"0.1988993"
"154780.0";"0.1889183"
"154790.0";"0.1876275"
"154800.0";"0.1798222"
"154810.0";"0.1978638"
"154820.0";"0.1807815"
"154830.0";"0.1685052"
"154840.0";"0.1734764"
"154850.0";"0.2088179"
"154860.0";"0.182088"
"154870.0";"0.163905"
"154880.0";"0.2407531"
"154890.0";"0.2310004"
"154900.0";"0.2375081"
"154910.0";"0.1750369"
"154920.0";"0.1840815"
"154930.0";"0.1980456"
"154940.0";"0.1697321"
"154950.0";"0.205178"
"154960.0";"0.2150368"
"154970.0";"0.2155693"
"154980.0";"0.220846"
"154990.0";"0.1861858"
"155000.0";"0.2174142"
"155010.0";"0.2301153"
"155020.0";"0.2170047"
"155030.0";"0.1748744"
"155040.0";"0.221382"
"155050.0";"0.1915125"
"155060.0";"0.1613347"
"155070.0";"0.1612203"
"155080.0";"0.20714"
"155090.0";"0.1855209"
"155100.0";"0.2289219"
"155110.0";"0.1808508"
"155120.0";"0.1889897"
"155130.0";"0.1670299"
"155140.0";"0.1924106"
"155150.0";"0.1585462"
"155160.0";"0.1767027"
"155170.0";"0.1602652"
"155180.0";"0.1767097"
"155190.0";"0.1743272"
"155200.0";"0.2068166"
"155210.0";"0.1938915"
"155220.0";"0.1911494"
"155230.0";"0.16304"
"155240.0";"0.2356163"
"155250.0";"0.1786193"
"155260.0";"0.1843965"
"155270.0";"0.1780253"
"155280.0";"0.1955735"
"155290.0";"0.1561633"
"155300.0";"0.1595339"
"155310.0";"0.1724295"
"155320.0";"0.1638964"
"155330.0";"0.158101"
"155340.0";"0.1651332"
"155350.0";"0.1964992"
"155360.0";"0.1771187"
"155370.0";"0.2121441"
"155380.0";"0.1929278"
"155390.0";"0.1937651"
"155400.0";"0.1858845"
"155410.0";"0.1714087"
"155420.0";"0.1897997"
"155430.0";"0.2099855"
"155440.0";"0.199985"
"155450.0";"0.2050393"
"155460.0";"0.1586092"
"155470.0";"0.1542497"
"155480.0";"0.1730719"
"155490.0";"0.1822258"
"155500.0";"0.1566679"
"155510.0";"0.1918487"
"155520.0";"0.2001672"
"155530.0";"0.2011197"
"155540.0";"0.2011618"
"155550.0";"0.1699677"
"155560.0";"0.1738683"
"155570.0";"0.182307"
"155580.0";"0.1873312"
"155590.0";"0.2092871"
"155600.0";"0.2328606"
"155610.0";"0.2341073"
"155620.0";"0.2286047"
"155630.0";"0.1887064"
"155640.0";"0.2187373"
"155650.0";"0.2070481"
"155660.0";"0.2019061"
"155670.0";"0.2070005"
"155680.0";"0.2305667"
"155690.0";"0.2376612"
"155700.0";"0.2026029"
"155710.0";"0.2186257"
"155720.0";"0.182926"
"155730.0";"0.183734"
"155740.0";"0.2278904"
"155750.0";"0.1959056"
"155760.0";"0.2358747"
"155770.0";"0.1852002"
"155780.0";"0.2106328"
"155790.0";"0.2242366"
"155800.0";"0.2012485"
"155810.0";"0.1950614"
"155820.0";"0.2417685"
"155830.0";"0.217442"
"155840.0";"0.1984816"
"155850.0";"0.2425411"
"155860.0";"0.2487588"
"155870.0";"0.2378251"
"155880.0";"0.2381218"
"155890.0";"0.2021981"
"155900.0";"0.2451191"
"155910.0";"0.2250973"
"155920.0";"0.1904362"
"155930.0";"0.2726573"
"155940.0";"0.2198251"
"155950.0";"0.2031161"
"155960.0";"0.2307858"
"155970.0";"0.2259583"
"155980.0";"0.2149468"
"155990.0";"0.2213706"
"156000.0";"0.2282878"
"156010.0";"0.1962599"
"156020.0";"0.1781179"
"156030.0";"0.2011893"
"156040.0";"0.1899342"
"156050.0";"0.2145578"
"156060.0";"0.2105658"
"156070.0";"0.2340189"
"156080.0";"0.2226497"
"156090.0";"0.2134434"
"156100.0";"0.2085062"
"156110.0";"0.1987207"
"156120.0";"0.1810052"
"156130.0";"0.2139467"
"156140.0";"0.2173526"
"156150.0";"0.2307644"
"156160.0";"0.2126453"
"156170.0";"0.2238414"
"156180.0";"0.2265259"
"156190.0";"0.231534"
"156200.0";"0.1861207"
"156210.0";"0.2280373"
"156220.0";"0.2115724"
"156230.0";"0.2027141"
"156240.0";"0.2038628"
"156250.0";"0.189789"
"156260.0";"0.2036886"
"156270.0";"0.2177271"
"156280.0";"0.1865852"
"156290.0";"0.2155296"
"156300.0";"0.1989721"
"156310.0";"0.2023933"
"156320.0";"0.2087251"
"156330.0";"0.1923669"
"156340.0";"0.228622"
"156350.0";"0.2081562"
"156360.0";"0.213834"
"156370.0";"0.2289912"
"156380.0";"0.2517341"
"156390.0";"0.2051416"
"156400.0";"0.2257986"
"156410.0";"0.2246552"
"156420.0";"0.2004023"
"156430.0";"0.1946433"
"156440.0";"0.2301609"
"156450.0";"0.2093684"
"156460.0";"0.1860488"
"156470.0";"0.2125701"
"156480.0";"0.2065551"
"156490.0";"0.205441"
"156500.0";"0.1953355"
"156510.0";"0.2079759"
"156520.0";"0.2236626"
"156530.0";"0.1983581"
"156540.0";"0.2246087"
"156550.0";"0.2073375"
"156560.0";"0.218408"
"156570.0";"0.1983529"
"156580.0";"0.1943762"
"156590.0";"0.2473055"
"156600.0";"0.2105186"
"156610.0";"0.2442253"
"156620.0";"0.1937521"
"156630.0";"0.2423757"
"156640.0";"0.2076845"
"156650.0";"0.1939612"
"156660.0";"0.201708"
"156670.0";"0.2207169"
"156680.0";"0.1960869"
"156690.0";"0.2341733"
"156700.0";"0.2065212"
"156710.0";"0.2133798"
"156720.0";"0.1998896"
"156730.0";"0.2122968"
"156740.0";"0.2230227"
"156750.0";"0.1826719"
"156760.0";"0.2304128"
"156770.0";"0.2308549"
"156780.0";"0.2555799"
"156790.0";"0.2174028"
"156800.0";"0.2313738"
"156810.0";"0.1916066"
"156820.0";"0.2425033"
"156830.0";"0.1829564"
"156840.0";"0.2400001"
"156850.0";"0.1960046"
"156860.0";"0.1803771"
"156870.0";"0.1600311"
"156880.0";"0.2001053"
"156890.0";"0.2121063"
"156900.0";"0.2392429"
"156910.0";"0.2160415"
"156920.0";"0.2258455"
"156930.0";"0.192938"
"156940.0";"0.1659246"
"156950.0";"0.1809449"
"156960.0";"0.2495215"
"156970.0";"0.226894"
"156980.0";"0.2321145"
"156990.0";"0.2313158"
"157000.0";"0.1881812"
"157010.0";"0.233465"
"157020.0";"0.2138177"
"157030.0";"0.234186"
"157040.0";"0.250124"
"157050.0";"0.2338609"
"157060.0";"0.1915491"
"157070.0";"0.2482135"
"157080.0";"0.2211382"
"157090.0";"0.2179912"
"157100.0";"0.1959821"
"157110.0";"0.2083119"
"157120.0";"0.2312247"
"157130.0";"0.2000799"
"157140.0";"0.1864915"
"157150.0";"0.2081632"
"157160.0";"0.181444"
"157170.0";"0.2121724"
"157180.0";"0.2022598"
"157190.0";"0.2137989"
"157200.0";"0.2092007"
"157210.0";"0.2146741"
"157220.0";"0.2102519"
"157230.0";"0.1842553"
"157240.0";"0.2343335"
"157250.0";"0.2201295"
"157260.0";"0.2119315"
"157270.0";"0.2347466"
"157280.0";"0.2396726"
"157290.0";"0.2093328"
"157300.0";"0.2216552"
"157310.0";"0.2118042"
"157320.0";"0.2164924"
"157330.0";"0.1620061"
"157340.0";"0.2011316"
"157350.0";"0.2221192"
"157360.0";"0.2106444"
"157370.0";"0.2124406"
"157380.0";"0.2237158"
"157390.0";"0.2422417"
"157400.0";"0.2205539"
"157410.0";"0.2481675"
"157420.0";"0.2050704"
"157430.0";"0.1925745"
"157440.0";"0.2005942"
"157450.0";"0.2366898"
"157460.0";"0.1963188"
"157470.0";"0.2019978"
"157480.0";"0.2140612"
"157490.0";"0.2226523"
"157500.0";"0.1913269"
"157510.0";"0.1994846"
"157520.0";"0.2031947"
"157530.0";"0.2205468"
"157540.0";"0.2132463"
"157550.0";"0.2110948"
"157560.0";"0.2393951"
"157570.0";"0.1941802"
"157580.0";"0.2132159"
"157590.0";"0.1943042"
"157600.0";"0.215253"
"157610.0";"0.2105871"
"157620.0";"0.2104114"
"157630.0";"0.206758"
"157640.0";"0.2135671"
"157650.0";"0.2293163"
"157660.0";"0.1981872"
"157670.0";"0.2285324"
"157680.0";"0.1988416"
"157690.0";"0.2068309"
"157700.0";"0.1884916"
"157710.0";"0.2205111"
"157720.0";"0.2214676"
"157730.0";"0.2190822"
"157740.0";"0.2358048"
"157750.0";"0.2088301"
"157760.0";"0.2273058"
"157770.0";"0.1982045"
"157780.0";"0.2131526"
"157790.0";"0.1798026"
"157800.0";"0.2165735"
"157810.0";"0.2173914"
"157820.0";"0.1917031"
"157830.0";"0.2178828"
"157840.0";"0.2077333"
"157850.0";"0.193572"
"157860.0";"0.172977"
"157870.0";"0.1705873"
"157880.0";"0.1896864"
"157890.0";"0.1906356"
"157900.0";"0.2069809"
"157910.0";"0.2133283"
"157920.0";"0.2152627"
"157930.0";"0.1957294"
"157940.0";"0.1672509"
"157950.0";"0.2075596"
"157960.0";"0.1681814"
"157970.0";"0.1693577"
"157980.0";"0.1773668"
"157990.0";"0.1913789"
"158000.0";"0.1575976"
"158010.0";"0.1767653"
"158020.0";"0.1969594"
"158030.0";"0.1711549"
"158040.0";"0.158622"
"158050.0";"0.1866493"
"158060.0";"0.1791898"
"158070.0";"0.1719591"
"158080.0";"0.1894757"
"158090.0";"0.1848487"
"158100.0";"0.1896022"
"158110.0";"0.2192099"
"158120.0";"0.2292529"
"158130.0";"0.1726122"
"158140.0";"0.1720988"
"158150.0";"0.1852861"
"158160.0";"0.2024102"
"158170.0";"0.1888993"
"158180.0";"0.2072515"
"158190.0";"0.2017278"
"158200.0";"0.2074249"
"158210.0";"0.1878642"
"158220.0";"0.1746453"
"158230.0";"0.2004221"
"158240.0";"0.1904336"
"158250.0";"0.2067703"
"158260.0";"0.1743502"
"158270.0";"0.2041419"
"158280.0";"0.1878777"
"158290.0";"0.1704966"
"158300.0";"0.1776599"
"158310.0";"0.2235755"
"158320.0";"0.1651454"
"158330.0";"0.1715369"
"158340.0";"0.1829676"
"158350.0";"0.1587262"
"158360.0";"0.1976946"
"158370.0";"0.1661201"
"158380.0";"0.1923202"
"158390.0";"0.1636427"
"158400.0";"0.1907198"
"158410.0";"0.1868176"
"158420.0";"0.1944484"
"158430.0";"0.1879389"
"158440.0";"0.1983652"
"158450.0";"0.1942238"
"158460.0";"0.2108105"
"158470.0";"0.1703819"
"158480.0";"0.1817058"
"158490.0";"0.1637131"
"158500.0";"0.1961863"
"158510.0";"0.1642952"
"158520.0";"0.1637712"
"158530.0";"0.1733925"
"158540.0";"0.1890289"
"158550.0";"0.2129789"
"158560.0";"0.1782864"
"158570.0";"0.2152071"
"158580.0";"0.1849485"
"158590.0";"0.162139"
"158600.0";"0.2122148"
"158610.0";"0.1932898"
"158620.0";"0.1919506"
"158630.0";"0.1776652"
"158640.0";"0.1729884"
"158650.0";"0.1905649"
"158660.0";"0.1858523"
"158670.0";"0.1796247"
"158680.0";"0.1677916"
"158690.0";"0.1649273"
"158700.0";"0.1691419"
"158710.0";"0.1888623"
"158720.0";"0.1541365"
"158730.0";"0.2237276"
"158740.0";"0.1990677"
"158750.0";"0.1742668"
"158760.0";"0.1901868"
"158770.0";"0.1890741"
"158780.0";"0.1723891"
"158790.0";"0.1801694"
"158800.0";"0.1907749"
"158810.0";"0.1797111"
"158820.0";"0.1908223"
"158830.0";"0.1906489"
"158840.0";"0.2183098"
"158850.0";"0.2115566"
"158860.0";"0.2256411"
"158870.0";"0.21144"
"158880.0";"0.1854319"
"158890.0";"0.2234144"
"158900.0";"0.1795384"
"158910.0";"0.2043869"
"158920.0";"0.212859"
"158930.0";"0.1949412"
"158940.0";"0.2182547"
"158950.0";"0.1938068"
"158960.0";"0.2258961"
"158970.0";"0.2023018"
"158980.0";"0.2108768"
"158990.0";"0.2245571"
"159000.0";"0.2114401"
"159010.0";"0.2129154"
"159020.0";"0.2068648"
"159030.0";"0.199815"
"159040.0";"0.2067607"
"159050.0";"0.2226052"
"159060.0";"0.2031377"
"159070.0";"0.1981136"
"159080.0";"0.2169539"
"159090.0";"0.1847541"
"159100.0";"0.2088659"
"159110.0";"0.2094327"
"159120.0";"0.1977171"
"159130.0";"0.1891271"
"159140.0";"0.219292"
"159150.0";"0.2381702"
"159160.0";"0.1940104"
"159170.0";"0.2102119"
"159180.0";"0.2046144"
"159190.0";"0.1833084"
"159200.0";"0.2079999"
"159210.0";"0.1971549"
"159220.0";"0.1934248"
"159230.0";"0.1978758"
"159240.0";"0.2048659"
"159250.0";"0.2020023"
"159260.0";"0.1942009"
"159270.0";"0.2157314"
"159280.0";"0.1855237"
"159290.0";"0.2225263"
"159300.0";"0.1884834"
"159310.0";"0.1880452"
"159320.0";"0.198217"
"159330.0";"0.214369"
"159340.0";"0.1841358"
"159350.0";"0.184353"
"159360.0";"0.1829264"
"159370.0";"0.2090046"
"159380.0";"0.2042304"
"159390.0";"0.1900659"
"159400.0";"0.2075426"
"159410.0";"0.1817499"
"159420.0";"0.216155"
"159430.0";"0.2022425"
"159440.0";"0.1872699"
"159450.0";"0.1935897"
"159460.0";"0.2361125"
"159470.0";"0.194005"
"159480.0";"0.1899499"
"159490.0";"0.1841222"
"159500.0";"0.1995721"
"159510.0";"0.196639"
"159520.0";"0.1959413"
"159530.0";"0.208866"
"159540.0";"0.1998528"
"159550.0";"0.2041053"
"159560.0";"0.170452"
"159570.0";"0.204196"
"159580.0";"0.1948794"
"159590.0";"0.2069444"
"159600.0";"0.1981161"
"159610.0";"0.206942"
"159620.0";"0.2010223"
"159630.0";"0.2037918"
"159640.0";"0.1952694"
"159650.0";"0.2013036"
"159660.0";"0.187139"
"159670.0";"0.1927928"
"159680.0";"0.2191644"
"159690.0";"0.194407"
"159700.0";"0.1759259"
"159710.0";"0.1929849"
"159720.0";"0.2061479"
"159730.0";"0.2036294"
"159740.0";"0.1994542"
"159750.0";"0.2115323"
"159760.0";"0.2064096"
"159770.0";"0.2066497"
"159780.0";"0.202894"
"159790.0";"0.217023"
"159800.0";"0.2337537"
"159810.0";"0.2166772"
"159820.0";"0.2019556"
"159830.0";"0.2207851"
"159840.0";"0.2032487"
"159850.0";"0.2288146"
"159860.0";"0.2267447"
"159870.0";"0.2075236"
"159880.0";"0.1927925"
"159890.0";"0.2132534"
"159900.0";"0.1991234"
"159910.0";"0.1991832"
"159920.0";"0.1940387"
"159930.0";"0.1803136"
"159940.0";"0.1774204"
"159950.0";"0.2083409"
"159960.0";"0.2131337"
"159970.0";"0.2059246"
"159980.0";"0.1906884"
"159990.0";"0.1940643"
"160000.0";"0.1763006"
"160010.0";"0.183981"
"160020.0";"0.1903837"
"160030.0";"0.2110663"
"160040.0";"0.1985649"
"160050.0";"0.2072728"
"160060.0";"0.2216956"
"160070.0";"0.2053925"
"160080.0";"0.2086242"
"160090.0";"0.2179198"
"160100.0";"0.2237408"
"160110.0";"0.2019381"
"160120.0";"0.2201135"
"160130.0";"0.2289017"
"160140.0";"0.2300568"
"160150.0";"0.226793"
"160160.0";"0.239015"
"160170.0";"0.2126171"
"160180.0";"0.2036908"
"160190.0";"0.1911677"
"160200.0";"0.1944634"
"160210.0";"0.2144271"
"160220.0";"0.2287552"
"160230.0";"0.2201454"
"160240.0";"0.1790223"
"160250.0";"0.2093251"
"160260.0";"0.1894758"
"160270.0";"0.2270947"
"160280.0";"0.2051439"
"160290.0";"0.1946921"
"160300.0";"0.2043796"
"160310.0";"0.1830682"
"160320.0";"0.2267619"
"160330.0";"0.202151"
"160340.0";"0.2167994"
"160350.0";"0.207444"
"160360.0";"0.2384344"
"160370.0";"0.2109146"
"160380.0";"0.21761"
"160390.0";"0.1809557"
"160400.0";"0.181246"
"160410.0";"0.1843125"
"160420.0";"0.2175983"
"160430.0";"0.1855209"
"160440.0";"0.1746853"
"160450.0";"0.1816094"
"160460.0";"0.1766268"
"160470.0";"0.1933934"
"160480.0";"0.1702762"
"160490.0";"0.2076849"
"160500.0";"0.2098641"
"160510.0";"0.1640306"
"160520.0";"0.2313894"
"160530.0";"0.1709681"
"160540.0";"0.1798747"
"160550.0";"0.1886506"
"160560.0";"0.207031"
"160570.0";"0.1942653"
"160580.0";"0.1761646"
"160590.0";"0.194969"
"160600.0";"0.199815"
"160610.0";"0.2010125"
"160620.0";"0.1656683"
"160630.0";"0.1909893"
"160640.0";"0.1922109"
"160650.0";"0.1873018"
"160660.0";"0.1911672"
"160670.0";"0.2338847"
"160680.0";"0.2036096"
"160690.0";"0.1904338"
"160700.0";"0.2043553"
"160710.0";"0.1987083"
"160720.0";"0.1985574"
"160730.0";"0.1660754"
"160740.0";"0.1954228"
"160750.0";"0.2044752"
"160760.0";"0.2201862"
"160770.0";"0.1977018"
"160780.0";"0.1737383"
"160790.0";"0.2201908"
"160800.0";"0.2328091"
"160810.0";"0.2230985"
"160820.0";"0.217984"
"160830.0";"0.2013698"
"160840.0";"0.2131688"
"160850.0";"0.1902682"
"160860.0";"0.2129181"
"160870.0";"0.2227329"
"160880.0";"0.2079352"
"160890.0";"0.1912827"
"160900.0";"0.180283"
"160910.0";"0.1910969"
"160920.0";"0.2015763"
"160930.0";"0.2042028"
"160940.0";"0.1936002"
"160950.0";"0.2257898"
"160960.0";"0.214446"
"160970.0";"0.1864886"
"160980.0";"0.1964233"
"160990.0";"0.2048268"
"161000.0";"0.2327361"
"161010.0";"0.2191278"
"161020.0";"0.1827922"
"161030.0";"0.1936103"
"161040.0";"0.2037376"
"161050.0";"0.1998326"
"161060.0";"0.18643"
"161070.0";"0.1812509"
"161080.0";"0.2063105"
"161090.0";"0.1814993"
"161100.0";"0.1945068"
"161110.0";"0.1718926"
"161120.0";"0.1750547"
"161130.0";"0.1828035"
"161140.0";"0.2115043"
"161150.0";"0.1874273"
"161160.0";"0.1861988"
"161170.0";"0.2080215"
"161180.0";"0.2327573"
"161190.0";"0.2210928"
"161200.0";"0.2000622"
"161210.0";"0.1755704"
"161220.0";"0.2058228"
"161230.0";"0.1997349"
"161240.0";"0.2073017"
"161250.0";"0.1950253"
"161260.0";"0.194982"
"161270.0";"0.1873206"
"161280.0";"0.1869708"
"161290.0";"0.1756191"
"161300.0";"0.1910602"
"161310.0";"0.1705693"
"161320.0";"0.1767965"
"161330.0";"0.2331116"
"161340.0";"0.1671647"
"161350.0";"0.1730924"
"161360.0";"0.1977296"
"161370.0";"0.1862418"
"161380.0";"0.2096044"
"161390.0";"0.1574894"
"161400.0";"0.1820989"
"161410.0";"0.1933833"
"161420.0";"0.2121389"
"161430.0";"0.2146159"
"161440.0";"0.2134129"
"161450.0";"0.1977497"
"161460.0";"0.1926292"
"161470.0";"0.1860698"
"161480.0";"0.2044113"
"161490.0";"0.2241784"
"161500.0";"0.1949793"
"161510.0";"0.1890184"
"161520.0";"0.1725401"
"161530.0";"0.202079"
"161540.0";"0.1823953"
"161550.0";"0.1777891"
"161560.0";"0.1839809"
"161570.0";"0.1841467"
"161580.0";"0.1931972"
"161590.0";"0.1773922"
"161600.0";"0.1779525"
"161610.0";"0.1825268"
"161620.0";"0.1897605"
"161630.0";"0.1724561"
"161640.0";"0.1868395"
"161650.0";"0.2095044"
"161660.0";"0.1728059"
"161670.0";"0.1783285"
"161680.0";"0.1885473"
"161690.0";"0.1887377"
"161700.0";"0.2243391"
"161710.0";"0.2149561"
"161720.0";"0.1664811"
"161730.0";"0.2117565"
"161740.0";"0.1981035"
"161750.0";"0.1787763"
"161760.0";"0.1731505"
"161770.0";"0.1984063"
"161780.0";"0.1839077"
"161790.0";"0.2104542"
"161800.0";"0.1549005"
"161810.0";"0.1999525"
"161820.0";"0.1880024"
"161830.0";"0.2139952"
"161840.0";"0.1826608"
"161850.0";"0.1723951"
"161860.0";"0.1820606"
"161870.0";"0.1920575"
"161880.0";"0.1969696"
"161890.0";"0.2230381"
"161900.0";"0.1808566"
"161910.0";"0.1720407"
"161920.0";"0.1960103"
"161930.0";"0.1699059"
"161940.0";"0.1627449"
"161950.0";"0.2014694"
"161960.0";"0.1913997"
"161970.0";"0.2022103"
"161980.0";"0.1614992"
"161990.0";"0.1908245"
"162000.0";"0.1767964"
"162010.0";"0.1927308"
"162020.0";"0.1897317"
"162030.0";"0.1895496"
"162040.0";"0.2025168"
"162050.0";"0.1762869"
"162060.0";"0.1892989"
"162070.0";"0.1715868"
"162080.0";"0.2287202"
"162090.0";"0.1785187"
"162100.0";"0.1717501"
"162110.0";"0.205801"
"162120.0";"0.2102118"
"162130.0";"0.1840057"
"162140.0";"0.2036936"
"162150.0";"0.186293"
"162160.0";"0.1994114"
"162170.0";"0.1775782"
"162180.0";"0.1862257"
"162190.0";"0.1819312"
"162200.0";"0.1782721"
"162210.0";"0.1916194"
"162220.0";"0.1969515"
"162230.0";"0.1722034"
"162240.0";"0.1875474"
"162250.0";"0.1788771"
"162260.0";"0.188942"
"162270.0";"0.1994721"
"162280.0";"0.1932483"
"162290.0";"0.2153808"
"162300.0";"0.2142429"
"162310.0";"0.2243103"
"162320.0";"0.2226857"
"162330.0";"0.233433"
"162340.0";"0.2008407"
"162350.0";"0.2220451"
"162360.0";"0.1829372"
"162370.0";"0.2090382"
"162380.0";"0.2075619"
"162390.0";"0.2324156"
"162400.0";"0.2102282"
"162410.0";"0.20721"
"162420.0";"0.1646178"
"162430.0";"0.2155597"
"162440.0";"0.2240536"
"162450.0";"0.2052462"
"162460.0";"0.2411515"
"162470.0";"0.1980406"
"162480.0";"0.2168801"
"162490.0";"0.1999928"
"162500.0";"0.2017576"
"162510.0";"0.2072245"
"162520.0";"0.2008332"
"162530.0";"0.1724818"
"162540.0";"0.2145556"
"162550.0";"0.2140887"
"162560.0";"0.1832267"
"162570.0";"0.2087751"
"162580.0";"0.2260819"
"162590.0";"0.238906"
"162600.0";"0.202131"
"162610.0";"0.2021805"
"162620.0";"0.1973677"
"162630.0";"0.2107271"
"162640.0";"0.2079712"
"162650.0";"0.2444993"
"162660.0";"0.2117474"
"162670.0";"0.1972537"
"162680.0";"0.1833493"
"162690.0";"0.1884914"
"162700.0";"0.1920286"
"162710.0";"0.2354592"
"162720.0";"0.2066448"
"162730.0";"0.2046582"
"162740.0";"0.2185611"
"162750.0";"0.2111704"
"162760.0";"0.2300477"
"162770.0";"0.2013356"
"162780.0";"0.2193171"
"162790.0";"0.1671798"
"162800.0";"0.1653182"
"162810.0";"0.1967084"
"162820.0";"0.1728237"
"162830.0";"0.2148349"
"162840.0";"0.1977927"
"162850.0";"0.1803468"
"162860.0";"0.1841005"
"162870.0";"0.1985196"
"162880.0";"0.1839942"
"162890.0";"0.1781377"
"162900.0";"0.2080528"
"162910.0";"0.1837767"
"162920.0";"0.1806044"
"162930.0";"0.1874511"
"162940.0";"0.1779071"
"162950.0";"0.1892224"
"162960.0";"0.1974538"
"162970.0";"0.2114923"
"162980.0";"0.1913135"
"162990.0";"0.198784"
"163000.0";"0.1862823"
"163010.0";"0.2146742"
"163020.0";"0.2094137"
"163030.0";"0.1889445"
"163040.0";"0.1740515"
"163050.0";"0.2160486"
"163060.0";"0.1937369"
"163070.0";"0.2232443"
"163080.0";"0.2108388"
"163090.0";"0.1541462"
"163100.0";"0.1739108"
"163110.0";"0.1968502"
"163120.0";"0.1982801"
"163130.0";"0.2043233"
"163140.0";"0.199687"
"163150.0";"0.1995069"
"163160.0";"0.182332"
"163170.0";"0.1966237"
"163180.0";"0.1954892"
"163190.0";"0.1931349"
"163200.0";"0.1894144"
"163210.0";"0.1646481"
"163220.0";"0.1766211"
"163230.0";"0.1891904"
"163240.0";"0.1763434"
"163250.0";"0.1839784"
"163260.0";"0.2093801"
"163270.0";"0.1718514"
"163280.0";"0.1724007"
"163290.0";"0.1927304"
"163300.0";"0.1759632"
"163310.0";"0.1780196"
"163320.0";"0.196135"
"163330.0";"0.1863601"
"163340.0";"0.1971065"
"163350.0";"0.1984462"
"163360.0";"0.1962676"
"163370.0";"0.1804052"
"163380.0";"0.1659548"
"163390.0";"0.1857094"
"163400.0";"0.1967256"
"163410.0";"0.2075905"
"163420.0";"0.1739969"
"163430.0";"0.178216"
"163440.0";"0.1743961"
"163450.0";"0.1907247"
"163460.0";"0.231523"
"163470.0";"0.188393"
"163480.0";"0.1845888"
"163490.0";"0.1796137"
"163500.0";"0.1868821"
"163510.0";"0.1964229"
"163520.0";"0.1923019"
"163530.0";"0.1857902"
"163540.0";"0.1662318"
"163550.0";"0.2015168"
"163560.0";"0.191755"
"163570.0";"0.2081488"
"163580.0";"0.1782135"
"163590.0";"0.1823021"
"163600.0";"0.1897893"
"163610.0";"0.1971474"
"163620.0";"0.2230358"
"163630.0";"0.1671257"
"163640.0";"0.1668234"
"163650.0";"0.1747398"
"163660.0";"0.1846998"
"163670.0";"0.1751143"
"163680.0";"0.1827375"
"163690.0";"0.1973853"
"163700.0";"0.1828277"
"163710.0";"0.1911153"
"163720.0";"0.2010199"
"163730.0";"0.2006415"
"163740.0";"0.1954967"
"163750.0";"0.2218716"
"163760.0";"0.1774204"
"163770.0";"0.2313029"
"163780.0";"0.2009777"
"163790.0";"0.2053046"
"163800.0";"0.2008831"
"163810.0";"0.2055165"
"163820.0";"0.2166794"
"163830.0";"0.1771159"
"163840.0";"0.1806957"
"163850.0";"0.2014598"
"163860.0";"0.1830218"
"163870.0";"0.2130588"
"163880.0";"0.18274"
"163890.0";"0.2351809"
"163900.0";"0.1890529"
"163910.0";"0.1978229"
"163920.0";"0.2067512"
"163930.0";"0.222724"
"163940.0";"0.219768"
"163950.0";"0.2182934"
"163960.0";"0.232779"
"163970.0";"0.206884"
"163980.0";"0.2253246"
"163990.0";"0.1915672"
"164000.0";"0.2370887"
"164010.0";"0.2305577"
"164020.0";"0.2249845"
"164030.0";"0.2414335"
"164040.0";"0.2076846"
"164050.0";"0.2533574"
"164060.0";"0.2135745"
"164070.0";"0.2083793"
"164080.0";"0.1586789"
"164090.0";"0.1743159"
"164100.0";"0.2105346"
"164110.0";"0.1700852"
"164120.0";"0.2257853"
"164130.0";"0.1778172"
"164140.0";"0.2635488"
"164150.0";"0.2402103"
"164160.0";"0.1662106"
"164170.0";"0.2110189"
"164180.0";"0.2776257"
"164190.0";"0.2432301"
"164200.0";"0.2232867"
"164210.0";"0.2334545"
"164220.0";"0.2576238"
"164230.0";"0.2417975"
"164240.0";"0.2221103"
"164250.0";"0.1904549"
"164260.0";"0.1959671"
"164270.0";"0.2523369"
"164280.0";"0.1604085"
"164290.0";"0.1941288"
"164300.0";"0.1963822"
"164310.0";"0.2090886"
"164320.0";"0.2087033"
"164330.0";"0.1877926"
"164340.0";"0.2264355"
"164350.0";"0.1828031"
"164360.0";"0.2521469"
"164370.0";"0.1730609"
"164380.0";"0.1624622"
"164390.0";"0.1672872"
"164400.0";"0.1866495"
"164410.0";"0.2005842"
"164420.0";"0.1719242"
"164430.0";"0.2445423"
"164440.0";"0.1752797"
"164450.0";"0.2498199"
"164460.0";"0.2380712"
"164470.0";"0.2176005"
"164480.0";"0.1840054"
"164490.0";"0.2068189"
"164500.0";"0.1917418"
"164510.0";"0.1999272"
"164520.0";"0.2006913"
"164530.0";"0.1754565"
"164540.0";"0.2200047"
"164550.0";"0.2184243"
"164560.0";"0.2055676"
"164570.0";"0.1762528"
"164580.0";"0.2282415"
"164590.0";"0.1797356"
"164600.0";"0.1920701"
"164610.0";"0.1723486"
"164620.0";"0.186515"
"164630.0";"0.2015537"
"164640.0";"0.1679646"
"164650.0";"0.1686504"
"164660.0";"0.1670357"
"164670.0";"0.22074"
"164680.0";"0.1695345"
"164690.0";"0.2080241"
"164700.0";"0.1620526"
"164710.0";"0.2084708"
"164720.0";"0.186692"
"164730.0";"0.1747369"
"164740.0";"0.191927"
"164750.0";"0.1799861"
"164760.0";"0.1836329"
"164770.0";"0.1769832"
"164780.0";"0.1989071"
"164790.0";"0.164198"
"164800.0";"0.1834393"
"164810.0";"0.1948486"
"164820.0";"0.207822"
"164830.0";"0.1989197"
"164840.0";"0.1910341"
"164850.0";"0.1918254"
"164860.0";"0.2058858"
"164870.0";"0.1639937"
"164880.0";"0.200908"
"164890.0";"0.1869465"
"164900.0";"0.2013803"
"164910.0";"0.2020618"
"164920.0";"0.1792457"
"164930.0";"0.1935692"
"164940.0";"0.1850755"
"164950.0";"0.1955122"
"164960.0";"0.2049243"
"164970.0";"0.1805242"
"164980.0";"0.2220383"
"164990.0";"0.2319139"
"165000.0";"0.2082259"
"165010.0";"0.1729073"
"165020.0";"0.1760936"
"165030.0";"0.1928576"
"165040.0";"0.1984591"
"165050.0";"0.1757043"
"165060.0";"0.1888781"
"165070.0";"0.1755078"
"165080.0";"0.1890529"
"165090.0";"0.200432"
"165100.0";"0.1809118"
"165110.0";"0.1897102"
"165120.0";"0.1705431"
"165130.0";"0.1794717"
"165140.0";"0.2044749"
"165150.0";"0.183153"
"165160.0";"0.1790811"
"165170.0";"0.2051194"
"165180.0";"0.1942626"
"165190.0";"0.1548354"
"165200.0";"0.2141914"
"165210.0";"0.1946281"
"165220.0";"0.1801139"
"165230.0";"0.1704202"
"165240.0";"0.1609068"
"165250.0";"0.1818875"
"165260.0";"0.1997046"
"165270.0";"0.1752114"
"165280.0";"0.2018664"
"165290.0";"0.1825269"
"165300.0";"0.2032613"
"165310.0";"0.1737299"
"165320.0";"0.1459245"
"165330.0";"0.1968274"
"165340.0";"0.1669401"
"165350.0";"0.1806376"
"165360.0";"0.1758008"
"165370.0";"0.2267443"
"165380.0";"0.166493"
"165390.0";"0.1692746"
"165400.0";"0.1917706"
"165410.0";"0.1647058"
"165420.0";"0.1857016"
"165430.0";"0.2054946"
"165440.0";"0.1687158"
"165450.0";"0.204829"
"165460.0";"0.166964"
"165470.0";"0.1661745"
"165480.0";"0.1885976"
"165490.0";"0.2178187"
"165500.0";"0.1762553"
"165510.0";"0.2043353"
"165520.0";"0.1968347"
"165530.0";"0.1733751"
"165540.0";"0.2000875"
"165550.0";"0.1656049"
"165560.0";"0.1670299"
"165570.0";"0.1929715"
"165580.0";"0.1782949"
"165590.0";"0.1976285"
"165600.0";"0.176734"
"165610.0";"0.1687842"
"165620.0";"0.1878084"
"165630.0";"0.1681219"
"165640.0";"0.1777328"
"165650.0";"0.1721946"
"165660.0";"0.1830222"
"165670.0";"0.2194744"
"165680.0";"0.2320108"
"165690.0";"0.2154876"
"165700.0";"0.1888547"
"165710.0";"0.1823352"
"165720.0";"0.1891056"
"165730.0";"0.1764768"
"165740.0";"0.1656925"
"165750.0";"0.1968095"
"165760.0";"0.1609999"
"165770.0";"0.1821236"
"165780.0";"0.174977"
"165790.0";"0.1916196"
"165800.0";"0.1822909"
"165810.0";"0.1734185"
"165820.0";"0.1910496"
"165830.0";"0.1711316"
"165840.0";"0.1702087"
"165850.0";"0.2081492"
"165860.0";"0.1777104"
"165870.0";"0.1756164"
"165880.0";"0.1665233"
"165890.0";"0.1811021"
"165900.0";"0.1776344"
"165910.0";"0.195489"
"165920.0";"0.1850459"
"165930.0";"0.1795244"
"165940.0";"0.2137499"
"165950.0";"0.1675708"
"165960.0";"0.1756277"
"165970.0";"0.1998247"
"165980.0";"0.1888967"
"165990.0";"0.1980578"
"166000.0";"0.1922734"
"166010.0";"0.1991005"
"166020.0";"0.1969037"
"166030.0";"0.1997423"
"166040.0";"0.2152626"
"166050.0";"0.2177547"
"166060.0";"0.1853676"
"166070.0";"0.198932"
"166080.0";"0.1612762"
"166090.0";"0.1587262"
"166100.0";"0.1558909"
"166110.0";"0.1915749"
"166120.0";"0.2155783"
"166130.0";"0.1747283"
"166140.0";"0.1827488"
"166150.0";"0.178028"
"166160.0";"0.1805686"
"166170.0";"0.1694582"
"166180.0";"0.1707892"
"166190.0";"0.1688374"
"166200.0";"0.1848268"
"166210.0";"0.1683834"
"166220.0";"0.1608384"
"166230.0";"0.1952307"
"166240.0";"0.1776766"
"166250.0";"0.1930933"
"166260.0";"0.18727"
"166270.0";"0.1785804"
"166280.0";"0.1956451"
"166290.0";"0.1976335"
"166300.0";"0.1894069"
"166310.0";"0.187931"
"166320.0";"0.1740286"
"166330.0";"0.1892986"
"166340.0";"0.1784405"
"166350.0";"0.1701382"
"166360.0";"0.179939"
"166370.0";"0.1713272"
"166380.0";"0.1745421"
"166390.0";"0.1951973"
"166400.0";"0.1789303"
"166410.0";"0.1765476"
"166420.0";"0.1743731"
"166430.0";"0.1942421"
"166440.0";"0.1675052"
"166450.0";"0.1885152"
"166460.0";"0.1744278"
"166470.0";"0.2002048"
"166480.0";"0.1923902"
"166490.0";"0.2068381"
"166500.0";"0.1836083"
"166510.0";"0.1640062"
"166520.0";"0.2134362"
"166530.0";"0.1869008"
"166540.0";"0.1995146"
"166550.0";"0.1766213"
"166560.0";"0.176873"
"166570.0";"0.1930103"
"166580.0";"0.1821673"
"166590.0";"0.1812237"
"166600.0";"0.1686327"
"166610.0";"0.1742354"
"166620.0";"0.1845131"
"166630.0";"0.1964612"
"166640.0";"0.193961"
"166650.0";"0.1808756"
"166660.0";"0.1788267"
"166670.0";"0.1972663"
"166680.0";"0.1856502"
"166690.0";"0.1650031"
"166700.0";"0.1617469"
"166710.0";"0.1952281"
"166720.0";"0.1771044"
"166730.0";"0.1728439"
"166740.0";"0.2084347"
"166750.0";"0.225464"
"166760.0";"0.1734937"
"166770.0";"0.2136256"
"166780.0";"0.1788266"
"166790.0";"0.1691686"
"166800.0";"0.2111353"
"166810.0";"0.1852943"
"166820.0";"0.2129812"
"166830.0";"0.205978"
"166840.0";"0.180189"
"166850.0";"0.198164"
"166860.0";"0.1859278"
"166870.0";"0.2141986"
"166880.0";"0.1743416"
"166890.0";"0.1864562"
"166900.0";"0.1784879"
"166910.0";"0.1694995"
"166920.0";"0.1856313"
"166930.0";"0.1817967"
"166940.0";"0.1921068"
"166950.0";"0.1868262"
"166960.0";"0.181953"
"166970.0";"0.1932512"
"166980.0";"0.1657499"
"166990.0";"0.1712133"
"167000.0";"0.1692158"
"167010.0";"0.1902547"
"167020.0";"0.2207151"
"167030.0";"0.1996868"
"167040.0";"0.2051172"
"167050.0";"0.2220451"
"167060.0";"0.2316592"
"167070.0";"0.1952333"
"167080.0";"0.2092293"
"167090.0";"0.2283349"
"167100.0";"0.1923983"
"167110.0";"0.1951897"
"167120.0";"0.2047461"
"167130.0";"0.1984088"
"167140.0";"0.1855854"
"167150.0";"0.182554"
"167160.0";"0.1740747"
"167170.0";"0.1836844"
"167180.0";"0.1944249"
"167190.0";"0.1903524"
"167200.0";"0.1922574"
"167210.0";"0.1942423"
"167220.0";"0.2111327"
"167230.0";"0.2150027"
"167240.0";"0.2072899"
"167250.0";"0.1958852"
"167260.0";"0.180538"
"167270.0";"0.2138433"
"167280.0";"0.230343"
"167290.0";"0.2288952"
"167300.0";"0.2107533"
"167310.0";"0.2055384"
"167320.0";"0.202635"
"167330.0";"0.2098834"
"167340.0";"0.2054774"
"167350.0";"0.2134786"
"167360.0";"0.198542"
"167370.0";"0.2075813"
"167380.0";"0.2065284"
"167390.0";"0.1947999"
"167400.0";"0.2227598"
"167410.0";"0.2030393"
"167420.0";"0.1965603"
"167430.0";"0.2191442"
"167440.0";"0.2022821"
"167450.0";"0.2058203"
"167460.0";"0.1780424"
"167470.0";"0.196952"
"167480.0";"0.1949383"
"167490.0";"0.1936518"
"167500.0";"0.2232575"
"167510.0";"0.2183141"
"167520.0";"0.1926372"
"167530.0";"0.1898762"
"167540.0";"0.1700176"
"167550.0";"0.205139"
"167560.0";"0.1779132"
"167570.0";"0.1962296"
"167580.0";"0.2106771"
"167590.0";"0.2242363"
"167600.0";"0.2091057"
"167610.0";"0.207005"
"167620.0";"0.2146837"
"167630.0";"0.18995"
"167640.0";"0.2091627"
"167650.0";"0.2180505"
"167660.0";"0.201943"
"167670.0";"0.2184171"
"167680.0";"0.2285627"
"167690.0";"0.2266452"
"167700.0";"0.2057888"
"167710.0";"0.2143875"
"167720.0";"0.2176923"
"167730.0";"0.1729771"
"167740.0";"0.2050753"
"167750.0";"0.2221417"
"167760.0";"0.2084539"
"167770.0";"0.1940596"
"167780.0";"0.2144854"
"167790.0";"0.211192"
"167800.0";"0.2018268"
"167810.0";"0.2217566"
"167820.0";"0.1975708"
"167830.0";"0.1786929"
"167840.0";"0.2186621"
"167850.0";"0.2121395"
"167860.0";"0.2143314"
"167870.0";"0.191222"
"167880.0";"0.192026"
"167890.0";"0.1960536"
"167900.0";"0.1839186"
"167910.0";"0.1917994"
"167920.0";"0.1990829"
"167930.0";"0.2115517"
"167940.0";"0.1718255"
"167950.0";"0.1933444"
"167960.0";"0.1650606"
"167970.0";"0.1680507"
"167980.0";"0.2430987"
"167990.0";"0.2071737"
"168000.0";"0.1918179"
"168010.0";"0.1780814"
"168020.0";"0.2061698"
"168030.0";"0.1959745"
"168040.0";"0.1801141"
"168050.0";"0.1907537"
"168060.0";"0.170335"
"168070.0";"0.1828937"
"168080.0";"0.1617498"
"168090.0";"0.185273"
"168100.0";"0.2130026"
"168110.0";"0.1739083"
"168120.0";"0.1601657"
"168130.0";"0.2204562"
"168140.0";"0.1924112"
"168150.0";"0.2002597"
"168160.0";"0.2107558"
"168170.0";"0.2020174"
"168180.0";"0.19976"
"168190.0";"0.1840028"
"168200.0";"0.2285039"
"168210.0";"0.1933236"
"168220.0";"0.1693222"
"168230.0";"0.2100142"
"168240.0";"0.1974259"
"168250.0";"0.2214678"
"168260.0";"0.2109168"
"168270.0";"0.2171542"
"168280.0";"0.2170415"
"168290.0";"0.2163397"
"168300.0";"0.1923902"
"168310.0";"0.2236137"
"168320.0";"0.208775"
"168330.0";"0.1878563"
"168340.0";"0.1673978"
"168350.0";"0.1737353"
"168360.0";"0.1820933"
"168370.0";"0.1831065"
"168380.0";"0.1643716"
"168390.0";"0.1878455"
"168400.0";"0.1963315"
"168410.0";"0.1810358"
"168420.0";"0.1900422"
"168430.0";"0.1957651"
"168440.0";"0.1961352"
"168450.0";"0.1954916"
"168460.0";"0.1646118"
"168470.0";"0.2085523"
"168480.0";"0.176386"
"168490.0";"0.1932925"
"168500.0";"0.1719127"
"168510.0";"0.2106397"
"168520.0";"0.2357733"
"168530.0";"0.2262966"
"168540.0";"0.1848514"
"168550.0";"0.1742584"
"168560.0";"0.1903076"
"168570.0";"0.1630523"
"168580.0";"0.2118987"
"168590.0";"0.1925671"
"168600.0";"0.2189177"
"168610.0";"0.1801721"
"168620.0";"0.1671945"
"168630.0";"0.1850677"
"168640.0";"0.1778175"
"168650.0";"0.2271255"
"168660.0";"0.1942885"
"168670.0";"0.1780702"
"168680.0";"0.1707074"
"168690.0";"0.1981665"
"168700.0";"0.1880347"
"168710.0";"0.1618889"
"168720.0";"0.1902866"
"168730.0";"0.170147"
"168740.0";"0.1954277"
"168750.0";"0.1757952"
"168760.0";"0.1741551"
"168770.0";"0.2028226"
"168780.0";"0.1550516"
"168790.0";"0.197162"
"168800.0";"0.1587136"
"168810.0";"0.1559936"
"168820.0";"0.1572927"
"168830.0";"0.1836028"
"168840.0";"0.2007262"
"168850.0";"0.1703203"
"168860.0";"0.1800168"
"168870.0";"0.1726121"
"168880.0";"0.1849839"
"168890.0";"0.2002198"
"168900.0";"0.2215534"
"168910.0";"0.1851432"
"168920.0";"0.1770441"
"168930.0";"0.204954"
"168940.0";"0.2083337"
"168950.0";"0.1984169"
"168960.0";"0.2111444"
"168970.0";"0.1872459"
"168980.0";"0.1867623"
"168990.0";"0.1869592"
"169000.0";"0.1720116"
"169010.0";"0.2113407"
"169020.0";"0.2055126"
"169030.0";"0.1826286"
"169040.0";"0.1704656"
"169050.0";"0.1633001"
"169060.0";"0.1978156"
"169070.0";"0.2010198"
"169080.0";"0.1873917"
"169090.0";"0.210414"
"169100.0";"0.2086482"
"169110.0";"0.2146956"
"169120.0";"0.1618303"
"169130.0";"0.1904359"
"169140.0";"0.1882258"
"169150.0";"0.2008332"
"169160.0";"0.1937653"
"169170.0";"0.1940951"
"169180.0";"0.1819039"
"169190.0";"0.193207"
"169200.0";"0.1889261"
"169210.0";"0.2061095"
"169220.0";"0.1991633"
"169230.0";"0.2114263"
"169240.0";"0.1775973"
"169250.0";"0.1599597"
"169260.0";"0.1787962"
"169270.0";"0.1710816"
"169280.0";"0.1653782"
"169290.0";"0.1867085"
"169300.0";"0.18747"
"169310.0";"0.2093512"
"169320.0";"0.2046604"
"169330.0";"0.1815739"
"169340.0";"0.174385"
"169350.0";"0.1924162"
"169360.0";"0.1930822"
"169370.0";"0.1750713"
"169380.0";"0.2123012"
"169390.0";"0.2023216"
"169400.0";"0.1893437"
"169410.0";"0.1773382"
"169420.0";"0.1815321"
"169430.0";"0.1955662"
"169440.0";"0.1867008"
"169450.0";"0.1712455"
"169460.0";"0.2008808"
"169470.0";"0.1900449"
"169480.0";"0.2133572"
"169490.0";"0.1905461"
"169500.0";"0.1767401"
"169510.0";"0.1985468"
"169520.0";"0.1817389"
"169530.0";"0.1985875"
"169540.0";"0.1824145"
"169550.0";"0.2065841"
"169560.0";"0.1835054"
"169570.0";"0.2030984"
"169580.0";"0.1784212"
"169590.0";"0.1967357"
"169600.0";"0.1824966"
"169610.0";"0.2030022"
"169620.0";"0.1625232"
"169630.0";"0.1996275"
"169640.0";"0.2218398"
"169650.0";"0.1987514"
"169660.0";"0.1820494"
"169670.0";"0.167228"
"169680.0";"0.1765555"
"169690.0";"0.1718402"
"169700.0";"0.2021636"
"169710.0";"0.1619067"
"169720.0";"0.1916414"
"169730.0";"0.2011443"
"169740.0";"0.2016159"
"169750.0";"0.2158034"
"169760.0";"0.1971723"
"169770.0";"0.1839485"
"169780.0";"0.196288"
"169790.0";"0.1892008"
"169800.0";"0.1829616"
"169810.0";"0.1720814"
"169820.0";"0.1760909"
"169830.0";"0.1765079"
"169840.0";"0.1826612"
"169850.0";"0.171193"
"169860.0";"0.197231"
"169870.0";"0.1841819"
"169880.0";"0.2086955"
"169890.0";"0.1612077"
"169900.0";"0.1958696"
"169910.0";"0.207543"
"169920.0";"0.2099621"
"169930.0";"0.2018863"
"169940.0";"0.2134617"
"169950.0";"0.2068095"
"169960.0";"0.2023584"
"169970.0";"0.1939103"
"169980.0";"0.1844611"
"169990.0";"0.1696967"
"170000.0";"0.1897374"
"170010.0";"0.1685289"
"170020.0";"0.1769916"
"170030.0";"0.2119479"
"170040.0";"0.1949458"
"170050.0";"0.1827268"
"170060.0";"0.1758493"
"170070.0";"0.1927954"
"170080.0";"0.1717851"
"170090.0";"0.1842827"
"170100.0";"0.2019437"
"170110.0";"0.209337"
"170120.0";"0.1577369"
"170130.0";"0.2033031"
"170140.0";"0.1847541"
"170150.0";"0.1701615"
"170160.0";"0.193517"
"170170.0";"0.1681099"
"170180.0";"0.2092914"
"170190.0";"0.1974685"
"170200.0";"0.1824223"
"170210.0";"0.1692963"
"170220.0";"0.2055359"
"170230.0";"0.2008126"
"170240.0";"0.2089808"
"170250.0";"0.19301"
"170260.0";"0.1900576"
"170270.0";"0.1955966"
"170280.0";"0.2082738"
"170290.0";"0.171735"
"170300.0";"0.176142"
"170310.0";"0.1873232"
"170320.0";"0.2199682"
"170330.0";"0.2105828"
"170340.0";"0.1975121"
"170350.0";"0.1793239"
"170360.0";"0.2002245"
"170370.0";"0.2305496"
"170380.0";"0.1797497"
"170390.0";"0.1757442"
"170400.0";"0.2003944"
"170410.0";"0.1978433"
"170420.0";"0.205222"
"170430.0";"0.2094633"
"170440.0";"0.1989924"
"170450.0";"0.1611611"
"170460.0";"0.2188399"
"170470.0";"0.2261195"
"170480.0";"0.1873955"
"170490.0";"0.2235955"
"170500.0";"0.1988234"
"170510.0";"0.2067707"
"170520.0";"0.2091624"
"170530.0";"0.2166518"
"170540.0";"0.2227125"
"170550.0";"0.197679"
"170560.0";"0.1902132"
"170570.0";"0.1781403"
"170580.0";"0.200155"
"170590.0";"0.2362627"
"170600.0";"0.208983"
"170610.0";"0.2105351"
"170620.0";"0.2030025"
"170630.0";"0.2340878"
"170640.0";"0.2577213"
"170650.0";"0.2006845"
"170660.0";"0.2093829"
"170670.0";"0.2068476"
"170680.0";"0.2013208"
"170690.0";"0.2115397"
"170700.0";"0.1675256"
"170710.0";"0.1857127"
"170720.0";"0.1698621"
"170730.0";"0.1798224"
"170740.0";"0.1840647"
"170750.0";"0.171878"
"170760.0";"0.1977394"
"170770.0";"0.2308525"
"170780.0";"0.1606669"
"170790.0";"0.1951771"
"170800.0";"0.1698553"
"170810.0";"0.1884199"
"170820.0";"0.1996523"
"170830.0";"0.1663796"
"170840.0";"0.1739061"
"170850.0";"0.1980913"
"170860.0";"0.1659007"
"170870.0";"0.2080333"
"170880.0";"0.1713505"
"170890.0";"0.1802471"
"170900.0";"0.1810774"
"170910.0";"0.1835161"
"170920.0";"0.17724"
"170930.0";"0.2044901"
"170940.0";"0.19638"
"170950.0";"0.1797499"
"170960.0";"0.1983688"
"170970.0";"0.1748314"
"170980.0";"0.2162363"
"170990.0";"0.2030295"
"171000.0";"0.197398"
"171010.0";"0.2034184"
"171020.0";"0.1709532"
"171030.0";"0.1715983"
"171040.0";"0.1937654"
"171050.0";"0.2178029"
"171060.0";"0.212379"
"171070.0";"0.1930651"
"171080.0";"0.1962269"
"171090.0";"0.2196976"
"171100.0";"0.1972539"
"171110.0";"0.2110879"
"171120.0";"0.1916611"
"171130.0";"0.2026574"
"171140.0";"0.2000047"
"171150.0";"0.1734215"
"171160.0";"0.1890872"
"171170.0";"0.2056842"
"171180.0";"0.2165593"
"171190.0";"0.2177266"
"171200.0";"0.1888598"
"171210.0";"0.1864137"
"171220.0";"0.1677678"
"171230.0";"0.1861666"
"171240.0";"0.2132466"
"171250.0";"0.1876195"
"171260.0";"0.2024204"
"171270.0";"0.2167049"
"171280.0";"0.2136024"
"171290.0";"0.2102327"
"171300.0";"0.188305"
"171310.0";"0.2149818"
"171320.0";"0.211816"
"171330.0";"0.2288318"
"171340.0";"0.180599"
"171350.0";"0.1820469"
"171360.0";"0.2120801"
"171370.0";"0.182302"
"171380.0";"0.2022715"
"171390.0";"0.218417"
"171400.0";"0.1824007"
"171410.0";"0.1913008"
"171420.0";"0.1755847"
"171430.0";"0.2071353"
"171440.0";"0.1822252"
"171450.0";"0.1882577"
"171460.0";"0.1889471"
"171470.0";"0.1746339"
"171480.0";"0.1900104"
"171490.0";"0.1793042"
"171500.0";"0.1710497"
"171510.0";"0.1874111"
"171520.0";"0.1653511"
"171530.0";"0.1867404"
"171540.0";"0.1794824"
"171550.0";"0.1868288"
"171560.0";"0.2044921"
"171570.0";"0.1717293"
"171580.0";"0.1833957"
"171590.0";"0.1746482"
"171600.0";"0.1896154"
"171610.0";"0.1911909"
"171620.0";"0.2166956"
"171630.0";"0.202262"
"171640.0";"0.1841248"
"171650.0";"0.1711989"
"171660.0";"0.1732078"
"171670.0";"0.1839404"
"171680.0";"0.1898421"
"171690.0";"0.1857226"
"171700.0";"0.2030594"
"171710.0";"0.1923567"
"171720.0";"0.1942809"
"171730.0";"0.180541"
"171740.0";"0.2156248"
"171750.0";"0.2033345"
"171760.0";"0.1725369"
"171770.0";"0.1847188"
"171780.0";"0.2046288"
"171790.0";"0.1917317"
"171800.0";"0.203315"
"171810.0";"0.1720757"
"171820.0";"0.2043914"
"171830.0";"0.1931552"
"171840.0";"0.2094999"
"171850.0";"0.1640305"
"171860.0";"0.1996351"
"171870.0";"0.1830055"
"171880.0";"0.1915361"
"171890.0";"0.2177039"
"171900.0";"0.200535"
"171910.0";"0.1945097"
"171920.0";"0.1669491"
"171930.0";"0.1942421"
"171940.0";"0.1854375"
"171950.0";"0.1785749"
"171960.0";"0.173283"
"171970.0";"0.1676692"
"171980.0";"0.2153927"
"171990.0";"0.1643564"
"172000.0";"0.1770057"
"172010.0";"0.1716999"
"172020.0";"0.1880984"
"172030.0";"0.1915696"
"172040.0";"0.1947355"
"172050.0";"0.1771949"
"172060.0";"0.1828987"
"172070.0";"0.1874597"
"172080.0";"0.1699678"
"172090.0";"0.1705609"
"172100.0";"0.1983229"
"172110.0";"0.1819283"
"172120.0";"0.2015088"
"172130.0";"0.1601435"
"172140.0";"0.2142637"
"172150.0";"0.2220221"
"172160.0";"0.2044192"
"172170.0";"0.1980128"
"172180.0";"0.1811159"
"172190.0";"0.1895545"
"172200.0";"0.1840027"
"172210.0";"0.1945994"
"172220.0";"0.2173195"
"172230.0";"0.1936645"
"172240.0";"0.170763"
"172250.0";"0.165994"
"172260.0";"0.1939923"
"172270.0";"0.1948255"
"172280.0";"0.1826391"
"172290.0";"0.1822909"
"172300.0";"0.17081"
"172310.0";"0.1868421"
"172320.0";"0.2022128"
"172330.0";"0.1960331"
"172340.0";"0.1980912"
"172350.0";"0.1756731"
"172360.0";"0.1831231"
"172370.0";"0.1866063"
"172380.0";"0.1867218"
"172390.0";"0.1972007"
"172400.0";"0.1771835"
"172410.0";"0.2099973"
"172420.0";"0.182286"
"172430.0";"0.189489"
"172440.0";"0.2277361"
"172450.0";"0.199289"
"172460.0";"0.1843532"
"172470.0";"0.1819373"
"172480.0";"0.1948975"
"172490.0";"0.199085"
"172500.0";"0.1860376"
"172510.0";"0.1827814"
"172520.0";"0.1646908"
"172530.0";"0.191076"
"172540.0";"0.1784066"
"172550.0";"0.1823542"
"172560.0";"0.2049515"
"172570.0";"0.1698735"
"172580.0";"0.1824802"
"172590.0";"0.1722469"
"172600.0";"0.2055842"
"172610.0";"0.1843069"
"172620.0";"0.1838969"
"172630.0";"0.1688313"
"172640.0";"0.1970634"
"172650.0";"0.1945481"
"172660.0";"0.1980857"
"172670.0";"0.1992134"
"172680.0";"0.1688461"
"172690.0";"0.1932177"
"172700.0";"0.1954735"
"172710.0";"0.1725457"
"172720.0";"0.1755137"
"172730.0";"0.1923279"
"172740.0";"0.2108759"
"172750.0";"0.1645024"
"172760.0";"0.2013033"
"172770.0";"0.1993714"
"172780.0";"0.1798305"
"172790.0";"0.1724819"
"172800.0";"0.1612265"
"172810.0";"0.1720291"
"172820.0";"0.1876007"
"172830.0";"0.1755593"
"172840.0";"0.1954739"
"172850.0";"0.1890051"
"172860.0";"0.1792233"
"172870.0";"0.1994314"
"172880.0";"0.1722239"
"172890.0";"0.1653148"
"172900.0";"0.1797581"
"172910.0";"0.1720173"
"172920.0";"0.2165641"
"172930.0";"0.1960893"
"172940.0";"0.1981035"
"172950.0";"0.1864779"
"172960.0";"0.1788546"
"172970.0";"0.1806959"
"172980.0";"0.1885309"
"172990.0";"0.1943733"
"173000.0";"0.1690828"
"173010.0";"0.1681073"
"173020.0";"0.1876459"
"173030.0";"0.200392"
"173040.0";"0.176264"
"173050.0";"0.2022994"
"173060.0";"0.1942604"
"173070.0";"0.1786702"
"173080.0";"0.1737211"
"173090.0";"0.1861046"
"173100.0";"0.1894044"
"173110.0";"0.2131878"
"173120.0";"0.1793655"
"173130.0";"0.1779353"
"173140.0";"0.204423"
"173150.0";"0.2118679"
"173160.0";"0.1932123"
"173170.0";"0.1928656"
"173180.0";"0.188759"
"173190.0";"0.2062525"
"173200.0";"0.2115659"
"173210.0";"0.1950205"
"173220.0";"0.2401232"
"173230.0";"0.1974866"
"173240.0";"0.1703936"
"173250.0";"0.173537"
"173260.0";"0.192169"
"173270.0";"0.1961552"
"173280.0";"0.2012636"
"173290.0";"0.2262052"
"173300.0";"0.1831988"
"173310.0";"0.162957"
"173320.0";"0.1990927"
"173330.0";"0.1965527"
"173340.0";"0.1625976"
"173350.0";"0.2052534"
"173360.0";"0.1838507"
"173370.0";"0.206867"
"173380.0";"0.1717323"
"173390.0";"0.1934241"
"173400.0";"0.1741865"
"173410.0";"0.1785107"
"173420.0";"0.1586001"
"173430.0";"0.1774852"
"173440.0";"0.1744278"
"173450.0";"0.2036809"
"173460.0";"0.1998527"
"173470.0";"0.1718168"
"173480.0";"0.1946203"
"173490.0";"0.1812016"
"173500.0";"0.2291746"
"173510.0";"0.2311925"
"173520.0";"0.2141705"
"173530.0";"0.2466696"
"173540.0";"0.1995548"
"173550.0";"0.1994948"
"173560.0";"0.2203655"
"173570.0";"0.223298"
"173580.0";"0.2086291"
"173590.0";"0.2224049"
"173600.0";"0.236417"
"173610.0";"0.1980832"
"173620.0";"0.2015217"
"173630.0";"0.2158473"
"173640.0";"0.2377935"
"173650.0";"0.2134597"
"173660.0";"0.2281601"
"173670.0";"0.2021237"
"173680.0";"0.195451"
"173690.0";"0.2412074"
"173700.0";"0.2524619"
"173710.0";"0.2151045"
"173720.0";"0.2046286"
"173730.0";"0.229874"
"173740.0";"0.2453995"
"173750.0";"0.2270749"
"173760.0";"0.229963"
"173770.0";"0.2176717"
"173780.0";"0.2198116"
"173790.0";"0.2252028"
"173800.0";"0.2397404"
"173810.0";"0.2209526"
"173820.0";"0.2112605"
"173830.0";"0.2044261"
"173840.0";"0.209153"
"173850.0";"0.1809449"
"173860.0";"0.2024374"
"173870.0";"0.2285302"
"173880.0";"0.2095966"
"173890.0";"0.2074946"
"173900.0";"0.2222412"
"173910.0";"0.2252886"
"173920.0";"0.2169836"
"173930.0";"0.214648"
"173940.0";"0.2196825"
"173950.0";"0.2240181"
"173960.0";"0.217288"
"173970.0";"0.2137615"
"173980.0";"0.225284"
"173990.0";"0.2177405"
"174000.0";"0.2038697"
"174010.0";"0.2086669"
"174020.0";"0.2261699"
"174030.0";"0.2057061"
"174040.0";"0.2111728"
"174050.0";"0.2137142"
"174060.0";"0.2276705"
"174070.0";"0.2098813"
"174080.0";"0.2017073"
"174090.0";"0.2083027"
"174100.0";"0.2221463"
"174110.0";"0.2419646"
"174120.0";"0.1959341"
"174130.0";"0.238357"
"174140.0";"0.2050997"
"174150.0";"0.189734"
"174160.0";"0.2155964"
"174170.0";"0.2359484"
"174180.0";"0.2408899"
"174190.0";"0.2117188"
"174200.0";"0.1754595"
"174210.0";"0.1740402"
"174220.0";"0.167884"
"174230.0";"0.1796164"
"174240.0";"0.177006"
"174250.0";"0.1959436"
"174260.0";"0.2112678"
"174270.0";"0.1931759"
"174280.0";"0.2101689"
"174290.0";"0.1776007"
"174300.0";"0.1805817"
"174310.0";"0.1806764"
"174320.0";"0.1839814"
"174330.0";"0.2246737"
"174340.0";"0.1783563"
"174350.0";"0.1758439"
"174360.0";"0.1950516"
"174370.0";"0.1921302"
"174380.0";"0.2169422"
"174390.0";"0.2445788"
"174400.0";"0.2020615"
"174410.0";"0.2502278"
"174420.0";"0.1928679"
"174430.0";"0.173882"
"174440.0";"0.1711758"
"174450.0";"0.168101"
"174460.0";"0.1567288"
"174470.0";"0.2018514"
"174480.0";"0.1619906"
"174490.0";"0.2312613"
"174500.0";"0.1720785"
"174510.0";"0.1807374"
"174520.0";"0.1831203"
"174530.0";"0.212699"
"174540.0";"0.2008434"
"174550.0";"0.1919428"
"174560.0";"0.1935485"
"174570.0";"0.1622372"
"174580.0";"0.2127723"
"174590.0";"0.204132"
"174600.0";"0.1561215"
"174610.0";"0.172041"
"174620.0";"0.1848888"
"174630.0";"0.1709209"
"174640.0";"0.2367131"
"174650.0";"0.1590567"
"174660.0";"0.1939612"
"174670.0";"0.1698173"
"174680.0";"0.220023"
"174690.0";"0.180779"
"174700.0";"0.2012041"
"174710.0";"0.2031602"
"174720.0";"0.2063392"
"174730.0";"0.2260219"
"174740.0";"0.1754227"
"174750.0";"0.1870967"
"174760.0";"0.1927121"
"174770.0";"0.1651245"
"174780.0";"0.2097642"
"174790.0";"0.1860835"
"174800.0";"0.2435695"
"174810.0";"0.1950413"
"174820.0";"0.2009898"
"174830.0";"0.2166655"
"174840.0";"0.2254439"
"174850.0";"0.212643"
"174860.0";"0.2240495"
"174870.0";"0.2232311"
"174880.0";"0.2255525"
"174890.0";"0.2145024"
"174900.0";"0.2386502"
"174910.0";"0.2207034"
"174920.0";"0.2618457"
"174930.0";"0.2297082"
"174940.0";"0.2218853"
"174950.0";"0.2073083"
"174960.0";"0.2508887"
"174970.0";"0.2198635"
"174980.0";"0.2325277"
"174990.0";"0.2339425"
"175000.0";"0.2257479"
"175010.0";"0.2021606"
"175020.0";"0.2251136"
"175030.0";"0.2378313"
"175040.0";"0.2250265"
"175050.0";"0.2197473"
"175060.0";"0.227392"
"175070.0";"0.2462925"
"175080.0";"0.236468"
"175090.0";"0.2432304"
"175100.0";"0.2417727"
"175110.0";"0.2388513"
"175120.0";"0.2376824"
"175130.0";"0.2227643"
"175140.0";"0.2153512"
"175150.0";"0.2273346"
"175160.0";"0.2703681"
"175170.0";"0.2450693"
"175180.0";"0.2196681"
"175190.0";"0.232665"
"175200.0";"0.2516883"
"175210.0";"0.228775"
"175220.0";"0.2379704"
"175230.0";"0.306493"
"175240.0";"0.2820245"
"175250.0";"0.2548802"
"175260.0";"0.2090596"
"175270.0";"0.24734"
"175280.0";"0.2036884"
"175290.0";"0.2111541"
"175300.0";"0.2272725"
"175310.0";"0.2354061"
"175320.0";"0.2379138"
"175330.0";"0.2263891"
"175340.0";"0.2160463"
"175350.0";"0.2612449"
"175360.0";"0.2293686"
"175370.0";"0.2574214"
"175380.0";"0.2393011"
"175390.0";"0.2168525"
"175400.0";"0.2573518"
"175410.0";"0.2630038"
"175420.0";"0.2384727"
"175430.0";"0.2330797"
"175440.0";"0.2168826"
"175450.0";"0.2278664"
"175460.0";"0.2044332"
"175470.0";"0.2341393"
"175480.0";"0.2425054"
"175490.0";"0.2265258"
"175500.0";"0.2717371"
"175510.0";"0.1589908"
"175520.0";"0.2467166"
"175530.0";"0.199133"
"175540.0";"0.1931218"
"175550.0";"0.174505"
"175560.0";"0.1934059"
"175570.0";"0.1721742"
"175580.0";"0.1908428"
"175590.0";"0.2060557"
"175600.0";"0.2384243"
"175610.0";"0.2306968"
"175620.0";"0.1942651"
"175630.0";"0.2397688"
"175640.0";"0.2389836"
"175650.0";"0.2470403"
"175660.0";"0.2379681"
"175670.0";"0.2531028"
"175680.0";"0.224962"
"175690.0";"0.2548411"
"175700.0";"0.2467768"
"175710.0";"0.2257303"
"175720.0";"0.2414561"
"175730.0";"0.2451654"
"175740.0";"0.2484028"
"175750.0";"0.2960013"
"175760.0";"0.2937226"
"175770.0";"0.3111156"
"175780.0";"0.3247169"
"175790.0";"0.27333"
"175800.0";"0.2666493"
"175810.0";"0.2800772"
"175820.0";"0.2721379"
"175830.0";"0.31886"
"175840.0";"0.2645827"
"175850.0";"0.2567025"
"175860.0";"0.2394035"
"175870.0";"0.2708517"
"175880.0";"0.2653489"
"175890.0";"0.2646848"
"175900.0";"0.2560194"
"175910.0";"0.2682742"
"175920.0";"0.2434792"
"175930.0";"0.2747619"
"175940.0";"0.259281"
"175950.0";"0.276241"
"175960.0";"0.2929541"
"175970.0";"0.2787292"
"175980.0";"0.2280484"
"175990.0";"0.2822231"
"176000.0";"0.2675295"
"176010.0";"0.281631"
"176020.0";"0.2513026"
"176030.0";"0.2439238"
"176040.0";"0.2435857"
"176050.0";"0.3083031"
"176060.0";"0.2948121"
"176070.0";"0.314008"
"176080.0";"0.2826131"
"176090.0";"0.3787042"
"176100.0";"0.2614595"
"176110.0";"0.2917762"
"176120.0";"0.3816211"
"176130.0";"0.2277038"
"176140.0";"0.2565267"
"176150.0";"0.3372251"
"176160.0";"0.2285648"
"176170.0";"0.2483124"
"176180.0";"0.2912423"
"176190.0";"0.3839754"
"176200.0";"0.3073773"
"176210.0";"0.3385914"
"176220.0";"0.282885"
"176230.0";"0.2593895"
"176240.0";"0.2592854"
"176250.0";"0.2188243"
"176260.0";"0.2351237"
"176270.0";"0.2013677"
"176280.0";"0.1740838"
"176290.0";"0.1760457"
"176300.0";"0.1615181"
"176310.0";"0.1796468"
"176320.0";"0.1611545"
"176330.0";"0.166601"
"176340.0";"0.1640304"
"176350.0";"0.1669761"
"176360.0";"0.1669521"
"176370.0";"0.2106181"
"176380.0";"0.1676123"
"176390.0";"0.1767788"
"176400.0";"0.152921"
"176410.0";"0.1770141"
"176420.0";"0.1679549"
"176430.0";"0.1494725"
"176440.0";"0.1569201"
"176450.0";"0.1749774"
"176460.0";"0.1612266"
"176470.0";"0.1575661"
"176480.0";"0.1550039"
"176490.0";"0.1629539"
"176500.0";"0.1701437"
"176510.0";"0.1631958"
"176520.0";"0.1555926"
"176530.0";"0.1554413"
"176540.0";"0.1592012"
"176550.0";"0.1587636"
"176560.0";"0.1552547"
"176570.0";"0.1656805"
"176580.0";"0.1681335"
"176590.0";"0.158858"
"176600.0";"0.1582848"
"176610.0";"0.173023"
"176620.0";"0.1569842"
"176630.0";"0.1577621"
"176640.0";"0.1653906"
"176650.0";"0.1570797"
"176660.0";"0.1819037"
"176670.0";"0.1759656"
"176680.0";"0.1653422"
"176690.0";"0.1791256"
"176700.0";"0.1491137"
"176710.0";"0.1652058"
"176720.0";"0.1622962"
"176730.0";"0.1594896"
"176740.0";"0.1535511"
"176750.0";"0.1718252"
"176760.0";"0.1744535"
"176770.0";"0.1638846"
"176780.0";"0.1532906"
"176790.0";"0.1792703"
"176800.0";"0.170191"
"176810.0";"0.2992608"
"176820.0";"0.2938077"
"176830.0";"0.3620025"
"176840.0";"0.3225225"
"176850.0";"0.4057131"
"176860.0";"0.3898177"
"176870.0";"0.3236881"
"176880.0";"0.3494236"
"176890.0";"0.3833186"
"176900.0";"0.466608"
"176910.0";"0.3819502"
"176920.0";"0.3876366"
"176930.0";"0.4287866"
"176940.0";"0.3904187"
"176950.0";"0.4790761"
"176960.0";"0.5108551"
"176970.0";"0.4498458"
"176980.0";"0.4092787"
"176990.0";"0.4262331"
"177000.0";"0.4315162"
"177010.0";"0.3156502"
"177020.0";"0.2976594"
"177030.0";"0.1707484"
"177040.0";"0.1638595"
"177050.0";"0.1612637"
"177060.0";"0.174442"
"177070.0";"0.2865139"
"177080.0";"0.1821922"
"177090.0";"0.1923979"
"177100.0";"0.2065286"
"177110.0";"0.2070556"
"177120.0";"0.3073372"
"177130.0";"0.2197521"
"177140.0";"0.211976"
"177150.0";"0.3362173"
"177160.0";"0.220937"
"177170.0";"0.1908006"
"177180.0";"0.2917704"
"177190.0";"0.2310844"
"177200.0";"0.3483349"
"177210.0";"0.3371187"
"177220.0";"0.3327835"
"177230.0";"0.3256765"
"177240.0";"0.4690163"
"177250.0";"0.3845651"
"177260.0";"0.3616211"
"177270.0";"0.3740697"
"177280.0";"0.3889431"
"177290.0";"0.3489253"
"177300.0";"0.3149151"
"177310.0";"0.4180622"
"177320.0";"0.391585"
"177330.0";"0.3763696"
"177340.0";"0.365297"
"177350.0";"0.3318839"
"177360.0";"0.399666"
"177370.0";"0.4368889"
"177380.0";"0.3266346"
"177390.0";"0.3548534"
"177400.0";"0.4401136"
"177410.0";"0.3601196"
"177420.0";"0.3991114"
"177430.0";"0.2857887"
"177440.0";"0.4071475"
"177450.0";"0.3346906"
"177460.0";"0.2806812"
"177470.0";"0.3193195"
"177480.0";"0.3278325"
"177490.0";"0.3213567"
"177500.0";"0.3515016"
"177510.0";"0.3484411"
"177520.0";"0.4070196"
"177530.0";"0.4144077"
"177540.0";"0.4019478"
"177550.0";"0.3953792"
"177560.0";"0.4177791"
"177570.0";"0.4293168"
"177580.0";"0.3950999"
"177590.0";"0.4321724"
"177600.0";"0.405924"
"177610.0";"0.3784989"
"177620.0";"0.3629365"
"177630.0";"0.4211524"
"177640.0";"0.4562075"
"177650.0";"0.4288462"
"177660.0";"0.6515936"
"177670.0";"0.6067264"
"177680.0";"0.4951296"
"177690.0";"0.6175911"
"177700.0";"0.4869233"
"177710.0";"0.5556358"
"177720.0";"0.6403548"
"177730.0";"0.5971758"
"177740.0";"0.4974596"
"177750.0";"0.5353734"
"177760.0";"0.5959312"
"177770.0";"0.4391024"
"177780.0";"0.4824533"
"177790.0";"0.5549794"
"177800.0";"0.4748117"
"177810.0";"0.5433469"
"177820.0";"0.5212082"
"177830.0";"0.4779686"
"177840.0";"0.5213721"
"177850.0";"0.4716747"
"177860.0";"0.5294641"
"177870.0";"0.5358227"
"177880.0";"0.429821"
"177890.0";"0.4916594"
"177900.0";"0.4229647"
"177910.0";"0.3711402"
"177920.0";"0.4504412"
"177930.0";"0.4346191"
"177940.0";"0.6085637"
"177950.0";"0.5880299"
"177960.0";"0.4316724"
"177970.0";"0.4999167"
"177980.0";"0.4474891"
"177990.0";"0.588302"
"178000.0";"0.5219718"
"178010.0";"0.5768577"
"178020.0";"0.4689287"
"178030.0";"0.4790255"
"178040.0";"0.4877643"
"178050.0";"0.4932757"
"178060.0";"0.4517007"
"178070.0";"0.5499143"
"178080.0";"0.5642701"
"178090.0";"0.5910757"
"178100.0";"0.6029602"
"178110.0";"0.5561709"
"178120.0";"0.5691926"
"178130.0";"0.5935858"
"178140.0";"0.6491854"
"178150.0";"0.6176546"
"178160.0";"0.6261441"
"178170.0";"0.5230306"
"178180.0";"0.5426732"
"178190.0";"0.4962887"
"178200.0";"0.4954116"
"178210.0";"0.5871104"
"178220.0";"0.4402251"
"178230.0";"0.4772767"
"178240.0";"0.4848125"
"178250.0";"0.4866424"
"178260.0";"0.5411958"
"178270.0";"0.5783818"
"178280.0";"0.5359207"
"178290.0";"0.5701914"
"178300.0";"0.3623106"
"178310.0";"0.3838918"
"178320.0";"0.395842"
"178330.0";"0.437907"
"178340.0";"0.4483959"
"178350.0";"0.5235352"
"178360.0";"0.4180199"
"178370.0";"0.4446406"
"178380.0";"0.3672972"
"178390.0";"0.4069576"
"178400.0";"0.4181648"
"178410.0";"0.4360069"
"178420.0";"0.4073154"
"178430.0";"0.4159643"
"178440.0";"0.3770455"
"178450.0";"0.4468222"
"178460.0";"0.5517082"
"178470.0";"0.5059115"
"178480.0";"0.3562374"
"178490.0";"0.3976671"
"178500.0";"0.3001234"
"178510.0";"0.2457011"
"178520.0";"0.2037181"
"178530.0";"0.2216555"
"178540.0";"0.2017251"
"178550.0";"0.1900053"
"178560.0";"0.2033127"
"178570.0";"0.2154205"
"178580.0";"0.1887066"
"178590.0";"0.1744135"
"178600.0";"0.1915649"
"178610.0";"0.1825157"
"178620.0";"0.1848704"
"178630.0";"0.1981214"
"178640.0";"0.1818406"
"178650.0";"0.1763943"
"178660.0";"0.1921172"
"178670.0";"0.1663912"
"178680.0";"0.1996749"
"178690.0";"0.2013384"
"178700.0";"0.1874299"
"178710.0";"0.2229819"
"178720.0";"0.2050193"
"178730.0";"0.1934993"
"178740.0";"0.2084824"
"178750.0";"0.2220582"
"178760.0";"0.2193698"
"178770.0";"0.2308699"
"178780.0";"0.1713038"
"178790.0";"0.2050612"
"178800.0";"0.1845047"
"178810.0";"0.201324"
"178820.0";"0.1990629"
"178830.0";"0.1889023"
"178840.0";"0.1780852"
"178850.0";"0.194206"
"178860.0";"0.1829593"
"178870.0";"0.1860266"
"178880.0";"0.1959312"
"178890.0";"0.1969291"
"178900.0";"0.1808371"
"178910.0";"0.1890211"
"178920.0";"0.212899"
"178930.0";"0.2143157"
"178940.0";"0.2079804"
"178950.0";"0.3261089"
"178960.0";"0.3045339"
"178970.0";"0.3144432"
"178980.0";"0.3198532"
"178990.0";"0.2598925"
"179000.0";"0.3001138"
"179010.0";"0.3357682"
"179020.0";"0.3533582"
"179030.0";"0.3318341"
"179040.0";"0.3665706"
"179050.0";"0.4067495"
"179060.0";"0.4707483"
"179070.0";"0.4507112"
"179080.0";"0.4404215"
"179090.0";"0.4699853"
"179100.0";"0.4513872"
"179110.0";"0.4778924"
"179120.0";"0.4165674"
"179130.0";"0.4912852"
"179140.0";"0.5128593"
"179150.0";"0.5074311"
"179160.0";"0.5428964"
"179170.0";"0.4378285"
"179180.0";"0.549598"
"179190.0";"0.4766305"
"179200.0";"0.5387226"
"179210.0";"0.5370325"
"179220.0";"0.4689672"
"179230.0";"0.5497529"
"179240.0";"0.4072109"
"179250.0";"0.462041"
"179260.0";"0.4486"
"179270.0";"0.4145128"
"179280.0";"0.3988107"
"179290.0";"0.4555721"
"179300.0";"0.3542892"
"179310.0";"0.4128533"
"179320.0";"0.342971"
"179330.0";"0.4256679"
"179340.0";"0.5479947"
"179350.0";"0.5243315"
"179360.0";"0.464295"
"179370.0";"0.3134884"
"179380.0";"0.3666186"
"179390.0";"0.3273607"
"179400.0";"0.3103254"
"179410.0";"0.2997562"
"179420.0";"0.3221972"
"179430.0";"0.3176939"
"179440.0";"0.4049423"
"179450.0";"0.3337155"
"179460.0";"0.3342583"
"179470.0";"0.4283571"
"179480.0";"0.4696501"
"179490.0";"0.4907889"
"179500.0";"0.5434502"
"179510.0";"0.4447804"
"179520.0";"0.4815333"
"179530.0";"0.5022908"
"179540.0";"0.471379"
"179550.0";"0.4003909"
"179560.0";"0.4608389"
"179570.0";"0.6211017"
"179580.0";"0.5220802"
"179590.0";"0.526062"
"179600.0";"0.5005312"
"179610.0";"0.5909733"
"179620.0";"0.5694293"
"179630.0";"0.6371099"
"179640.0";"0.6248501"
"179650.0";"0.6207895"
"179660.0";"0.6120958"
"179670.0";"0.4975623"
"179680.0";"0.7117689"
"179690.0";"0.7507025"
"179700.0";"0.7370575"
"179710.0";"0.7276707"
"179720.0";"0.7879332"
"179730.0";"0.7808216"
"179740.0";"0.6504307"
"179750.0";"0.6882693"
"179760.0";"0.7055218"
"179770.0";"0.7280976"
"179780.0";"0.741789"
"179790.0";"0.7974387"
"179800.0";"0.8757628"
"179810.0";"0.7253174"
"179820.0";"0.8139517"
"179830.0";"0.750544"
"179840.0";"0.7876524"
"179850.0";"0.7861775"
"179860.0";"0.8255919"
"179870.0";"0.840156"
"179880.0";"0.9927205"
"179890.0";"0.7731022"
"179900.0";"0.8811556"
"179910.0";"0.8968985"
"179920.0";"0.910396"
"179930.0";"0.888818"
"179940.0";"0.8226576"
"179950.0";"0.8684261"
"179960.0";"0.8760041"
"179970.0";"0.7073586"
"179980.0";"0.7252958"
"179990.0";"0.6978118"
"180000.0";"0.704648"
"180010.0";"0.7028437"
"180020.0";"0.7726713"
"180030.0";"0.6702917"
"180040.0";"0.7352966"
"180050.0";"0.7192756"
"180060.0";"0.6894862"
"180070.0";"0.7433802"
"180080.0";"0.6287345"
"180090.0";"0.7412003"
"180100.0";"0.5925656"
"180110.0";"0.6562182"
"180120.0";"0.554188"
"180130.0";"0.6127849"
"180140.0";"0.648496"
"180150.0";"0.6049434"
"180160.0";"0.5290405"
"180170.0";"0.6299496"
"180180.0";"0.6363149"
"180190.0";"0.5876279"
"180200.0";"0.5896618"
"180210.0";"0.6105296"
"180220.0";"0.6214347"
"180230.0";"0.727804"
"180240.0";"0.7068629"
"180250.0";"0.6911371"
"180260.0";"0.5461339"
"180270.0";"0.5619265"
"180280.0";"0.6478057"
"180290.0";"0.6114131"
"180300.0";"0.6757594"
"180310.0";"0.6667448"
"180320.0";"0.6220947"
"180330.0";"0.5900535"
"180340.0";"0.5780402"
"180350.0";"0.6287011"
"180360.0";"0.5115296"
"180370.0";"0.6126245"
"180380.0";"0.6171885"
"180390.0";"0.6382514"
"180400.0";"0.6064963"
"180410.0";"0.6152089"
"180420.0";"0.559369"
"180430.0";"0.6273564"
"180440.0";"0.5861778"
"180450.0";"0.6302268"
"180460.0";"0.5963567"
"180470.0";"0.6286405"
"180480.0";"0.674651"
"180490.0";"0.6254382"
"180500.0";"0.6248175"
"180510.0";"0.6618227"
"180520.0";"0.5019857"
"180530.0";"0.530813"
"180540.0";"0.7251809"
"180550.0";"0.6736091"
"180560.0";"0.5787788"
"180570.0";"0.6045383"
"180580.0";"0.5391152"
"180590.0";"0.497917"
"180600.0";"0.538745"
"180610.0";"0.5368701"
"180620.0";"0.5386288"
"180630.0";"0.5722106"
"180640.0";"0.5009218"
"180650.0";"0.5571301"
"180660.0";"0.5526925"
"180670.0";"0.3731248"
"180680.0";"0.3503055"
"180690.0";"0.3843782"
"180700.0";"0.407638"
"180710.0";"0.3954564"
"180720.0";"0.4239507"
"180730.0";"0.4110638"
"180740.0";"0.3638489"
"180750.0";"0.3833996"
"180760.0";"0.4020973"
"180770.0";"0.3869635"
"180780.0";"0.4442635"
"180790.0";"0.4406935"
"180800.0";"0.4050916"
"180810.0";"0.472531"
"180820.0";"0.4641044"
"180830.0";"0.3992592"
"180840.0";"0.355536"
"180850.0";"0.5091544"
"180860.0";"0.4171437"
"180870.0";"0.3559367"
"180880.0";"0.3800821"
"180890.0";"0.4647038"
"180900.0";"0.3728212"
"180910.0";"0.5166852"
"180920.0";"0.3905494"
"180930.0";"0.4258052"
"180940.0";"0.391605"
"180950.0";"0.4371658"
"180960.0";"0.3866221"
"180970.0";"0.4744385"
"180980.0";"0.5093446"
"180990.0";"0.3982843"
"181000.0";"0.3719312"
"181010.0";"0.3927856"
"181020.0";"0.4298674"
"181030.0";"0.4810844"
"181040.0";"0.3822712"
"181050.0";"0.375312"
"181060.0";"0.369655"
"181070.0";"0.3886735"
"181080.0";"0.3881359"
"181090.0";"0.4154542"
"181100.0";"0.4886367"
"181110.0";"0.3327552"
"181120.0";"0.4159552"
"181130.0";"0.3678052"
"181140.0";"0.3582705"
"181150.0";"0.4093665"
"181160.0";"0.3589183"
"181170.0";"0.3571626"
"181180.0";"0.4212516"
"181190.0";"0.4347263"
"181200.0";"0.4253533"
"181210.0";"0.4106751"
"181220.0";"0.3898045"
"181230.0";"0.5571581"
"181240.0";"0.4821136"
"181250.0";"0.5350761"
"181260.0";"0.4914319"
"181270.0";"0.5190873"
"181280.0";"0.4963268"
"181290.0";"0.4176864"
"181300.0";"0.4297603"
"181310.0";"0.4412185"
"181320.0";"0.3690543"
"181330.0";"0.4430287"
"181340.0";"0.363539"
"181350.0";"0.3635601"
"181360.0";"0.3652811"
"181370.0";"0.4140154"
"181380.0";"0.3911051"
"181390.0";"0.4167506"
"181400.0";"0.521105"
"181410.0";"0.4325096"
"181420.0";"0.38249"
"181430.0";"0.448672"
"181440.0";"0.4516299"
"181450.0";"0.3718932"
"181460.0";"0.3884025"
"181470.0";"0.4065971"
"181480.0";"0.4221098"
"181490.0";"0.3871783"
"181500.0";"0.4303742"
"181510.0";"0.4282377"
"181520.0";"0.3983843"
"181530.0";"0.4443032"
"181540.0";"0.4099399"
"181550.0";"0.3184035"
"181560.0";"0.3646103"
"181570.0";"0.3960828"
"181580.0";"0.4191631"
"181590.0";"0.4647671"
"181600.0";"0.3471516"
"181610.0";"0.4491986"
"181620.0";"0.3733222"
"181630.0";"0.383564"
"181640.0";"0.3726481"
"181650.0";"0.4851609"
"181660.0";"0.58878"
"181670.0";"0.5115345"
"181680.0";"0.6811169"
"181690.0";"0.6435198"
"181700.0";"0.7210944"
"181710.0";"0.6938257"
"181720.0";"0.7492809"
"181730.0";"0.7240425"
"181740.0";"0.7035862"
"181750.0";"0.6507696"
"181760.0";"0.6913241"
"181770.0";"0.7684433"
"181780.0";"0.7081903"
"181790.0";"0.7430187"
"181800.0";"0.7967473"
"181810.0";"0.5852457"
"181820.0";"0.5688137"
"181830.0";"0.6046249"
"181840.0";"0.6717291"
"181850.0";"0.6045116"
"181860.0";"0.6429"
"181870.0";"0.6284972"
"181880.0";"0.7194177"
"181890.0";"0.7677757"
"181900.0";"0.7567112"
"181910.0";"0.7822723"
"181920.0";"0.7152132"
"181930.0";"0.6620897"
"181940.0";"0.6612462"
"181950.0";"0.6704845"
"181960.0";"0.6930901"
"181970.0";"0.5930691"
"181980.0";"0.7505661"
"181990.0";"0.809735"
"182000.0";"0.6940899"
"182010.0";"0.5835829"
"182020.0";"0.7095306"
"182030.0";"0.7981819"
"182040.0";"0.7627357"
"182050.0";"0.6518813"
"182060.0";"0.728581"
"182070.0";"0.7338139"
"182080.0";"0.904985"
"182090.0";"0.9616215"
"182100.0";"1.019539"
"182110.0";"1.039859"
"182120.0";"0.9799801"
"182130.0";"1.001546"
"182140.0";"1.002977"
"182150.0";"0.9031367"
"182160.0";"0.9672942"
"182170.0";"0.9221948"
"182180.0";"0.9911739"
"182190.0";"0.9671819"
"182200.0";"1.101718"
"182210.0";"0.9819413"
"182220.0";"1.005639"
"182230.0";"1.021051"
"182240.0";"0.849539"
"182250.0";"0.9162793"
"182260.0";"1.027366"
"182270.0";"1.02955"
"182280.0";"1.1948"
"182290.0";"1.141166"
"182300.0";"1.052444"
"182310.0";"1.040659"
"182320.0";"0.9351159"
"182330.0";"1.068226"
"182340.0";"1.142246"
"182350.0";"1.127713"
"182360.0";"1.109617"
"182370.0";"1.056695"
"182380.0";"1.010911"
"182390.0";"1.004572"
"182400.0";"1.043185"
"182410.0";"0.9768814"
"182420.0";"1.081712"
"182430.0";"1.076833"
"182440.0";"1.004284"
"182450.0";"0.9998924"
"182460.0";"1.057063"
"182470.0";"1.040531"
"182480.0";"1.075341"
"182490.0";"1.107359"
"182500.0";"1.057257"
"182510.0";"1.138429"
"182520.0";"1.054583"
"182530.0";"1.100403"
"182540.0";"1.036021"
"182550.0";"1.012962"
"182560.0";"1.017471"
"182570.0";"0.992202"
"182580.0";"0.9981122"
"182590.0";"1.002309"
"182600.0";"0.9619456"
"182610.0";"0.9334334"
"182620.0";"0.97265"
"182630.0";"1.074461"
"182640.0";"1.067984"
"182650.0";"1.049313"
"182660.0";"1.15967"
"182670.0";"1.059363"
"182680.0";"1.055249"
"182690.0";"1.059927"
"182700.0";"1.130558"
"182710.0";"1.044901"
"182720.0";"1.084478"
"182730.0";"1.015448"
"182740.0";"0.8577621"
"182750.0";"0.8381276"
"182760.0";"1.027941"
"182770.0";"1.089796"
"182780.0";"1.052695"
"182790.0";"1.02093"
"182800.0";"0.8612953"
"182810.0";"0.7838104"
"182820.0";"1.012781"
"182830.0";"0.9475724"
"182840.0";"0.9257323"
"182850.0";"0.9551455"
"182860.0";"0.9603462"
"182870.0";"1.037595"
"182880.0";"1.074372"
"182890.0";"0.9385715"
"182900.0";"1.004179"
"182910.0";"1.062033"
"182920.0";"1.098921"
"182930.0";"1.071217"
"182940.0";"1.257358"
"182950.0";"1.248331"
"182960.0";"1.251644"
"182970.0";"1.199071"
"182980.0";"1.180472"
"182990.0";"1.278857"
"183000.0";"1.277715"
"183010.0";"1.210715"
"183020.0";"1.300665"
"183030.0";"1.310581"
"183040.0";"1.279442"
"183050.0";"1.25418"
"183060.0";"1.253883"
"183070.0";"1.333554"
"183080.0";"1.293715"
"183090.0";"1.144192"
"183100.0";"1.023581"
"183110.0";"1.101313"
"183120.0";"1.1524"
"183130.0";"1.159943"
"183140.0";"1.248109"
"183150.0";"1.121654"
"183160.0";"1.255535"
"183170.0";"1.183378"
"183180.0";"1.317467"
"183190.0";"1.322563"
"183200.0";"1.381791"
"183210.0";"1.358105"
"183220.0";"1.303942"
"183230.0";"1.269974"
"183240.0";"1.1038"
"183250.0";"1.104171"
"183260.0";"1.152416"
"183270.0";"1.171446"
"183280.0";"1.169493"
"183290.0";"1.175754"
"183300.0";"1.167281"
"183310.0";"1.103091"
"183320.0";"1.09261"
"183330.0";"1.240688"
"183340.0";"1.240102"
"183350.0";"1.136812"
"183360.0";"1.080453"
"183370.0";"1.203572"
"183380.0";"1.199948"
"183390.0";"1.126973"
"183400.0";"1.273723"
"183410.0";"1.29053"
"183420.0";"1.26711"
"183430.0";"1.203042"
"183440.0";"1.26328"
"183450.0";"1.227955"
"183460.0";"1.227761"
"183470.0";"1.317796"
"183480.0";"1.268459"
"183490.0";"1.246982"
"183500.0";"1.313625"
"183510.0";"1.340415"
"183520.0";"1.408864"
"183530.0";"1.268213"
"183540.0";"1.083861"
"183550.0";"1.254852"
"183560.0";"1.177908"
"183570.0";"1.317683"
"183580.0";"1.348577"
"183590.0";"1.495415"
"183600.0";"1.425458"
"183610.0";"1.382887"
"183620.0";"1.331268"
"183630.0";"1.097868"
"183640.0";"1.228114"
"183650.0";"1.219373"
"183660.0";"1.328919"
"183670.0";"1.365909"
"183680.0";"1.354382"
"183690.0";"1.338562"
"183700.0";"1.246477"
"183710.0";"1.244149"
"183720.0";"1.217227"
"183730.0";"1.417591"
"183740.0";"1.342568"
"183750.0";"1.162673"
"183760.0";"1.057837"
"183770.0";"1.018221"
"183780.0";"1.144409"
"183790.0";"1.246016"
"183800.0";"1.409173"
"183810.0";"1.411524"
"183820.0";"1.31926"
"183830.0";"1.431619"
"183840.0";"1.53432"
"183850.0";"1.603922"
"183860.0";"1.679687"
"183870.0";"1.643865"
"183880.0";"1.655764"
"183890.0";"1.742744"
"183900.0";"1.730711"
"183910.0";"1.72915"
"183920.0";"1.639541"
"183930.0";"1.821067"
"183940.0";"1.820665"
"183950.0";"1.890401"
"183960.0";"1.896956"
"183970.0";"2.039514"
"183980.0";"1.930269"
"183990.0";"2.162327"
"184000.0";"2.094778"
"184010.0";"2.148565"
"184020.0";"2.246128"
"184030.0";"2.276168"
"184040.0";"2.259948"
"184050.0";"2.470473"
"184060.0";"2.629358"
"184070.0";"2.55867"
"184080.0";"2.563223"
"184090.0";"2.621234"
"184100.0";"2.069244"
"184110.0";"2.257511"
"184120.0";"2.301656"
"184130.0";"2.115522"
"184140.0";"2.360857"
"184150.0";"2.377327"
"184160.0";"2.443269"
"184170.0";"2.071549"
"184180.0";"2.282044"
"184190.0";"2.185728"
"184200.0";"2.160378"
"184210.0";"2.038034"
"184220.0";"1.971625"
"184230.0";"1.97164"
"184240.0";"1.66855"
"184250.0";"1.700535"
"184260.0";"1.663354"
"184270.0";"1.89176"
"184280.0";"1.760234"
"184290.0";"1.703185"
"184300.0";"1.681846"
"184310.0";"1.731423"
"184320.0";"1.671758"
"184330.0";"1.831396"
"184340.0";"1.845898"
"184350.0";"2.035386"
"184360.0";"2.04177"
"184370.0";"2.179801"
"184380.0";"1.91883"
"184390.0";"1.902036"
"184400.0";"1.95933"
"184410.0";"1.986019"
"184420.0";"1.936652"
"184430.0";"1.853186"
"184440.0";"2.12871"
"184450.0";"2.057388"
"184460.0";"1.967822"
"184470.0";"2.049539"
"184480.0";"2.025675"
"184490.0";"1.969489"
"184500.0";"2.004999"
"184510.0";"1.98199"
"184520.0";"2.150132"
"184530.0";"2.23405"
"184540.0";"2.083384"
"184550.0";"2.16953"
"184560.0";"2.031097"
"184570.0";"2.117899"
"184580.0";"1.991003"
"184590.0";"2.114896"
"184600.0";"2.131306"
"184610.0";"2.321494"
"184620.0";"2.39055"
"184630.0";"2.504805"
"184640.0";"2.659106"
"184650.0";"2.741051"
"184660.0";"2.647784"
"184670.0";"2.566198"
"184680.0";"2.562918"
"184690.0";"2.455009"
"184700.0";"2.416835"
"184710.0";"2.321411"
"184720.0";"2.278058"
"184730.0";"2.256954"
"184740.0";"2.21589"
"184750.0";"2.337705"
"184760.0";"2.672774"
"184770.0";"2.611827"
"184780.0";"2.258705"
"184790.0";"2.279706"
"184800.0";"2.172445"
"184810.0";"2.046822"
"184820.0";"2.045688"
"184830.0";"2.213169"
"184840.0";"2.127822"
"184850.0";"2.257248"
"184860.0";"2.222825"
"184870.0";"2.104059"
"184880.0";"2.238358"
"184890.0";"2.318779"
"184900.0";"2.491449"
"184910.0";"2.222626"
"184920.0";"2.497271"
"184930.0";"2.609617"
"184940.0";"2.389624"
"184950.0";"2.252166"
"184960.0";"2.561406"
"184970.0";"2.374987"
"184980.0";"2.236684"
"184990.0";"2.19255"
"185000.0";"2.142425"
"185010.0";"2.166232"
"185020.0";"2.403469"
"185030.0";"2.559857"
"185040.0";"2.619322"
"185050.0";"2.57094"
"185060.0";"2.570499"
"185070.0";"2.580839"
"185080.0";"2.640826"
"185090.0";"2.867435"
"185100.0";"2.8237"
"185110.0";"3.008601"
"185120.0";"2.854942"
"185130.0";"2.666837"
"185140.0";"2.587812"
"185150.0";"2.647092"
"185160.0";"2.623004"
"185170.0";"2.484614"
"185180.0";"2.50069"
"185190.0";"2.061354"
"185200.0";"2.153035"
"185210.0";"2.53063"
"185220.0";"2.465382"
"185230.0";"2.20843"
"185240.0";"2.218536"
"185250.0";"2.28977"
"185260.0";"2.230448"
"185270.0";"2.250765"
"185280.0";"2.688476"
"185290.0";"2.724142"
"185300.0";"2.89347"
"185310.0";"2.9651"
"185320.0";"3.051192"
"185330.0";"3.273588"
"185340.0";"3.134613"
"185350.0";"3.000193"
"185360.0";"3.19426"
"185370.0";"2.993806"
"185380.0";"2.719661"
"185390.0";"2.751172"
"185400.0";"2.784329"
"185410.0";"3.009491"
"185420.0";"3.059743"
"185430.0";"3.026603"
"185440.0";"3.060378"
"185450.0";"3.173232"
"185460.0";"3.09684"
"185470.0";"2.917586"
"185480.0";"2.828169"
"185490.0";"2.840985"
"185500.0";"3.083822"
"185510.0";"3.108243"
"185520.0";"2.988255"
"185530.0";"3.010224"
"185540.0";"2.907685"
"185550.0";"2.742049"
"185560.0";"2.80123"
"185570.0";"2.947147"
"185580.0";"2.815323"
"185590.0";"2.884631"
"185600.0";"3.206145"
"185610.0";"3.026615"
"185620.0";"2.853831"
"185630.0";"2.799955"
"185640.0";"2.723837"
"185650.0";"2.609631"
"185660.0";"2.816078"
"185670.0";"2.820919"
"185680.0";"2.824405"
"185690.0";"2.847739"
"185700.0";"2.690233"
"185710.0";"2.685176"
"185720.0";"2.826755"
"185730.0";"2.671204"
"185740.0";"2.634583"
"185750.0";"2.665748"
"185760.0";"2.655291"
"185770.0";"2.53785"
"185780.0";"2.311226"
"185790.0";"2.554784"
"185800.0";"2.391147"
"185810.0";"2.539274"
"185820.0";"2.160771"
"185830.0";"2.264488"
"185840.0";"2.248348"
"185850.0";"2.204165"
"185860.0";"2.296105"
"185870.0";"2.403946"
"185880.0";"2.55095"
"185890.0";"2.449351"
"185900.0";"2.346414"
"185910.0";"2.211795"
"185920.0";"2.140495"
"185930.0";"2.013397"
"185940.0";"2.285734"
"185950.0";"2.12926"
"185960.0";"2.155172"
"185970.0";"2.493508"
"185980.0";"2.546985"
"185990.0";"2.495316"
"186000.0";"2.352995"
"186010.0";"2.304782"
"186020.0";"2.387734"
"186030.0";"2.227729"
"186040.0";"2.22399"
"186050.0";"2.216663"
"186060.0";"2.127839"
"186070.0";"2.227237"
"186080.0";"1.918065"
"186090.0";"2.031643"
"186100.0";"2.102781"
"186110.0";"2.290383"
"186120.0";"2.252559"
"186130.0";"2.112745"
"186140.0";"2.325481"
"186150.0";"2.341268"
"186160.0";"2.330893"
"186170.0";"2.382176"
"186180.0";"2.518928"
"186190.0";"2.215605"
"186200.0";"2.614878"
"186210.0";"2.350146"
"186220.0";"2.319645"
"186230.0";"2.474527"
"186240.0";"2.768766"
"186250.0";"3.029672"
"186260.0";"3.242638"
"186270.0";"3.03885"
"186280.0";"2.825864"
"186290.0";"2.874723"
"186300.0";"2.780332"
"186310.0";"2.547814"
"186320.0";"2.865709"
"186330.0";"2.725425"
"186340.0";"2.731389"
"186350.0";"2.766551"
"186360.0";"2.56593"
"186370.0";"2.795608"
"186380.0";"3.153737"
"186390.0";"3.189847"
"186400.0";"3.226511"
"186410.0";"2.942205"
"186420.0";"3.208845"
"186430.0";"3.264349"
"186440.0";"3.313406"
"186450.0";"3.266346"
"186460.0";"3.217747"
"186470.0";"3.473401"
"186480.0";"3.160065"
"186490.0";"3.258133"
"186500.0";"3.195287"
"186510.0";"3.183501"
"186520.0";"3.138861"
"186530.0";"3.075058"
"186540.0";"3.132116"
"186550.0";"3.280574"
"186560.0";"3.213921"
"186570.0";"3.257524"
"186580.0";"3.143576"
"186590.0";"3.176574"
"186600.0";"3.159218"
"186610.0";"3.225058"
"186620.0";"3.368714"
"186630.0";"3.444782"
"186640.0";"3.4512"
"186650.0";"3.547947"
"186660.0";"3.346208"
"186670.0";"3.48849"
"186680.0";"3.536781"
"186690.0";"3.315889"
"186700.0";"3.196094"
"186710.0";"3.194679"
"186720.0";"3.514471"
"186730.0";"3.468734"
"186740.0";"3.6347"
"186750.0";"3.200429"
"186760.0";"3.033596"
"186770.0";"3.136292"
"186780.0";"3.023016"
"186790.0";"2.968582"
"186800.0";"2.951065"
"186810.0";"2.705491"
"186820.0";"2.611204"
"186830.0";"2.717774"
"186840.0";"2.625017"
"186850.0";"2.354858"
"186860.0";"2.702303"
"186870.0";"2.664144"
"186880.0";"2.76744"
"186890.0";"2.89016"
"186900.0";"2.913653"
"186910.0";"2.873874"
"186920.0";"2.807492"
"186930.0";"2.892665"
"186940.0";"2.730209"
"186950.0";"2.697061"
"186960.0";"2.661347"
"186970.0";"2.775405"
"186980.0";"2.754008"
"186990.0";"2.639064"
"187000.0";"2.662789"
"187010.0";"2.671899"
"187020.0";"2.949395"
"187030.0";"2.97753"
"187040.0";"3.115072"
"187050.0";"3.156616"
"187060.0";"3.289367"
"187070.0";"3.331464"
"187080.0";"3.303797"
"187090.0";"3.404638"
"187100.0";"3.525205"
"187110.0";"3.505642"
"187120.0";"3.358226"
"187130.0";"3.533716"
"187140.0";"3.726931"
"187150.0";"3.550607"
"187160.0";"3.597243"
"187170.0";"3.598681"
"187180.0";"3.661284"
"187190.0";"3.890913"
"187200.0";"3.908805"
"187210.0";"3.90605"
"187220.0";"3.761729"
"187230.0";"3.725983"
"187240.0";"3.86759"
"187250.0";"3.673534"
"187260.0";"3.698003"
"187270.0";"3.563193"
"187280.0";"3.631303"
"187290.0";"3.585336"
"187300.0";"3.464233"
"187310.0";"3.43042"
"187320.0";"3.764995"
"187330.0";"3.774292"
"187340.0";"3.813723"
"187350.0";"3.766823"
"187360.0";"3.723099"
"187370.0";"3.674755"
"187380.0";"3.746412"
"187390.0";"3.692996"
"187400.0";"3.528363"
"187410.0";"3.430858"
"187420.0";"3.428815"
"187430.0";"3.366257"
"187440.0";"3.215684"
"187450.0";"3.322941"
"187460.0";"3.146994"
"187470.0";"3.185054"
"187480.0";"2.976287"
"187490.0";"3.327838"
"187500.0";"3.463731"
"187510.0";"3.724924"
"187520.0";"3.729793"
"187530.0";"3.656064"
"187540.0";"3.654468"
"187550.0";"3.715855"
"187560.0";"3.68752"
"187570.0";"3.374271"
"187580.0";"3.37352"
"187590.0";"3.418424"
"187600.0";"3.346673"
"187610.0";"3.583113"
"187620.0";"3.717951"
"187630.0";"3.790159"
"187640.0";"3.941436"
"187650.0";"3.955083"
"187660.0";"3.715474"
"187670.0";"3.465411"
"187680.0";"3.595024"
"187690.0";"3.492227"
"187700.0";"3.600059"
"187710.0";"3.221275"
"187720.0";"3.249706"
"187730.0";"3.216494"
"187740.0";"3.173537"
"187750.0";"3.373405"
"187760.0";"3.364917"
"187770.0";"3.286435"
"187780.0";"3.333042"
"187790.0";"3.529532"
"187800.0";"3.575702"
"187810.0";"3.579676"
"187820.0";"3.934671"
"187830.0";"3.956795"
"187840.0";"3.814438"
"187850.0";"3.361078"
"187860.0";"3.288393"
"187870.0";"3.344029"
"187880.0";"3.641995"
"187890.0";"3.838579"
"187900.0";"3.952417"
"187910.0";"3.761826"
"187920.0";"3.5471"
"187930.0";"3.57739"
"187940.0";"3.503889"
"187950.0";"3.135315"
"187960.0";"3.054857"
"187970.0";"3.120698"
"187980.0";"3.355751"
"187990.0";"3.583036"
"188000.0";"3.686577"
"188010.0";"3.739623"
"188020.0";"3.710268"
"188030.0";"3.612641"
"188040.0";"3.733969"
"188050.0";"3.656608"
"188060.0";"3.789758"
"188070.0";"3.708645"
"188080.0";"3.717923"
"188090.0";"3.504329"
"188100.0";"3.65257"
"188110.0";"3.319439"
"188120.0";"3.476238"
"188130.0";"3.524784"
"188140.0";"3.403465"
"188150.0";"3.526049"
"188160.0";"3.354846"
"188170.0";"3.227928"
"188180.0";"3.358968"
"188190.0";"3.368162"
"188200.0";"3.498979"
"188210.0";"3.413698"
"188220.0";"3.273188"
"188230.0";"3.364083"
"188240.0";"3.468868"
"188250.0";"3.470361"
"188260.0";"3.399563"
"188270.0";"3.132727"
"188280.0";"3.013433"
"188290.0";"3.085402"
"188300.0";"3.076842"
"188310.0";"3.011928"
"188320.0";"3.03572"
"188330.0";"3.290576"
"188340.0";"3.233194"
"188350.0";"3.232209"
"188360.0";"3.446464"
"188370.0";"3.567568"
"188380.0";"3.661566"
"188390.0";"3.743631"
"188400.0";"3.67051"
"188410.0";"3.701001"
"188420.0";"3.545951"
"188430.0";"3.467205"
"188440.0";"3.324683"
"188450.0";"3.403372"
"188460.0";"3.519277"
"188470.0";"3.422349"
"188480.0";"3.44367"
"188490.0";"3.388635"
"188500.0";"3.454785"
"188510.0";"3.190501"
"188520.0";"2.995754"
"188530.0";"3.055565"
"188540.0";"3.26357"
"188550.0";"3.140355"
"188560.0";"3.211468"
"188570.0";"3.175021"
"188580.0";"2.973808"
"188590.0";"2.965313"
"188600.0";"3.042053"
"188610.0";"3.037549"
"188620.0";"3.158391"
"188630.0";"3.208332"
"188640.0";"3.085358"
"188650.0";"3.174378"
"188660.0";"3.07982"
"188670.0";"2.730041"
"188680.0";"2.667144"
"188690.0";"2.644804"
"188700.0";"2.729815"
"188710.0";"2.865511"
"188720.0";"2.971323"
"188730.0";"2.873271"
"188740.0";"3.102036"
"188750.0";"3.183824"
"188760.0";"3.165595"
"188770.0";"3.292104"
"188780.0";"3.308627"
"188790.0";"3.294005"
"188800.0";"2.942273"
"188810.0";"3.158205"
"188820.0";"3.071849"
"188830.0";"3.179843"
"188840.0";"3.298921"
"188850.0";"3.339598"
"188860.0";"3.148928"
"188870.0";"3.134218"
"188880.0";"3.119564"
"188890.0";"3.125249"
"188900.0";"3.115669"
"188910.0";"3.116364"
"188920.0";"3.07145"
"188930.0";"3.287171"
"188940.0";"3.090472"
"188950.0";"3.070783"
"188960.0";"3.014608"
"188970.0";"2.873941"
"188980.0";"2.814864"
"188990.0";"2.611103"
"189000.0";"2.696719"
"189010.0";"2.793722"
"189020.0";"2.984468"
"189030.0";"2.973104"
"189040.0";"2.805923"
"189050.0";"2.914813"
"189060.0";"3.015602"
"189070.0";"3.03598"
"189080.0";"3.106495"
"189090.0";"3.028105"
"189100.0";"2.86361"
"189110.0";"2.886174"
"189120.0";"3.06858"
"189130.0";"3.392692"
"189140.0";"3.444636"
"189150.0";"3.52463"
"189160.0";"3.436564"
"189170.0";"3.25917"
"189180.0";"3.36048"
"189190.0";"3.297237"
"189200.0";"3.374047"
"189210.0";"3.356222"
"189220.0";"3.262937"
"189230.0";"3.229511"
"189240.0";"3.370172"
"189250.0";"3.438934"
"189260.0";"3.600522"
"189270.0";"3.410112"
"189280.0";"3.390568"
"189290.0";"3.463705"
"189300.0";"3.475134"
"189310.0";"3.401305"
"189320.0";"3.475398"
"189330.0";"3.682583"
"189340.0";"3.706248"
"189350.0";"3.744673"
"189360.0";"3.754881"
"189370.0";"3.795181"
"189380.0";"3.916638"
"189390.0";"3.612015"
"189400.0";"3.716063"
"189410.0";"3.75652"
"189420.0";"3.693995"
"189430.0";"3.53908"
"189440.0";"3.618104"
"189450.0";"3.603499"
"189460.0";"3.437428"
"189470.0";"3.328416"
"189480.0";"3.510144"
"189490.0";"3.718897"
"189500.0";"3.683554"
"189510.0";"3.545927"
"189520.0";"3.85306"
"189530.0";"3.66009"
"189540.0";"3.544865"
"189550.0";"3.56844"
"189560.0";"3.273272"
"189570.0";"3.25719"
"189580.0";"3.011286"
"189590.0";"3.2221"
"189600.0";"3.166409"
"189610.0";"3.198424"
"189620.0";"3.248122"
"189630.0";"3.275953"
"189640.0";"3.523559"
"189650.0";"3.71467"
"189660.0";"3.6458"
"189670.0";"3.702992"
"189680.0";"3.708542"
"189690.0";"3.6944"
"189700.0";"3.744219"
"189710.0";"3.649504"
"189720.0";"3.634682"
"189730.0";"3.656611"
"189740.0";"3.638186"
"189750.0";"3.523614"
"189760.0";"3.636517"
"189770.0";"3.622431"
"189780.0";"3.602173"
"189790.0";"3.749799"
"189800.0";"3.702113"
"189810.0";"3.700739"
"189820.0";"3.682656"
"189830.0";"3.655362"
"189840.0";"3.62496"
"189850.0";"3.627759"
"189860.0";"3.671574"
"189870.0";"3.694391"
"189880.0";"3.484181"
"189890.0";"3.559933"
"189900.0";"3.761729"
"189910.0";"3.645996"
"189920.0";"3.690791"
"189930.0";"3.662589"
"189940.0";"3.568771"
"189950.0";"3.63351"
"189960.0";"3.681655"
"189970.0";"3.535515"
"189980.0";"3.563686"
"189990.0";"3.559823"
"190000.0";"3.416982"
"190010.0";"3.435147"
"190020.0";"3.597406"
"190030.0";"3.552085"
"190040.0";"3.506402"
"190050.0";"3.611672"
"190060.0";"3.618957"
"190070.0";"3.587421"
"190080.0";"4.113393"
"190090.0";"3.99537"
"190100.0";"3.862923"
"190110.0";"4.005692"
"190120.0";"3.825425"
"190130.0";"3.701229"
"190140.0";"3.78672"
"190150.0";"3.555399"
"190160.0";"3.744281"
"190170.0";"3.981527"
"190180.0";"3.967993"
"190190.0";"3.822081"
"190200.0";"3.855752"
"190210.0";"3.828162"
"190220.0";"3.576731"
"190230.0";"3.381152"
"190240.0";"3.437362"
"190250.0";"3.45559"
"190260.0";"3.518972"
"190270.0";"3.766447"
"190280.0";"3.663743"
"190290.0";"3.99466"
"190300.0";"4.145862"
"190310.0";"3.976503"
"190320.0";"4.011336"
"190330.0";"4.142686"
"190340.0";"3.894109"
"190350.0";"4.163054"
"190360.0";"3.876281"
"190370.0";"4.044292"
"190380.0";"4.061471"
"190390.0";"3.962584"
"190400.0";"3.772968"
"190410.0";"3.871995"
"190420.0";"3.866261"
"190430.0";"3.93569"
"190440.0";"3.929422"
"190450.0";"3.851223"
"190460.0";"3.781423"
"190470.0";"3.806444"
"190480.0";"3.690512"
"190490.0";"3.587013"
"190500.0";"3.470304"
"190510.0";"3.509334"
"190520.0";"3.439222"
"190530.0";"3.5395"
"190540.0";"3.42012"
"190550.0";"3.296788"
"190560.0";"3.4275"
"190570.0";"3.483328"
"190580.0";"3.654095"
"190590.0";"3.525878"
"190600.0";"3.655646"
"190610.0";"3.403365"
"190620.0";"3.445542"
"190630.0";"3.517399"
"190640.0";"3.712912"
"190650.0";"3.960451"
"190660.0";"3.890485"
"190670.0";"3.852446"
"190680.0";"3.694235"
"190690.0";"3.845271"
"190700.0";"3.919712"
"190710.0";"3.95757"
"190720.0";"3.845747"
"190730.0";"3.865807"
"190740.0";"3.992926"
"190750.0";"3.766764"
"190760.0";"3.895902"
"190770.0";"3.941795"
"190780.0";"4.170907"
"190790.0";"4.144821"
"190800.0";"4.11731"
"190810.0";"3.987431"
"190820.0";"3.83575"
"190830.0";"3.644295"
"190840.0";"3.616959"
"190850.0";"3.650902"
"190860.0";"3.987884"
"190870.0";"4.04261"
"190880.0";"3.931822"
"190890.0";"4.043183"
"190900.0";"4.090741"
"190910.0";"4.167353"
"190920.0";"4.366846"
"190930.0";"4.248599"
"190940.0";"4.196435"
"190950.0";"4.372455"
"190960.0";"4.055112"
"190970.0";"3.883522"
"190980.0";"3.705355"
"190990.0";"3.708339"
"191000.0";"3.959251"
"191010.0";"3.96943"
"191020.0";"4.087702"
"191030.0";"4.245506"
"191040.0";"4.066541"
"191050.0";"3.864965"
"191060.0";"3.883881"
"191070.0";"3.743135"
"191080.0";"3.660794"
"191090.0";"3.706196"
"191100.0";"3.670053"
"191110.0";"3.586649"
"191120.0";"3.792001"
"191130.0";"3.77633"
"191140.0";"3.978523"
"191150.0";"4.199993"
"191160.0";"4.358069"
"191170.0";"4.531785"
"191180.0";"4.468691"
"191190.0";"4.464262"
"191200.0";"4.627185"
"191210.0";"4.656273"
"191220.0";"4.67592"
"191230.0";"4.882865"
"191240.0";"4.918005"
"191250.0";"4.97018"
"191260.0";"4.697944"
"191270.0";"4.86556"
"191280.0";"4.943804"
"191290.0";"4.758518"
"191300.0";"4.913899"
"191310.0";"4.739881"
"191320.0";"4.932047"
"191330.0";"4.9392"
"191340.0";"4.756422"
"191350.0";"4.931879"
"191360.0";"4.80897"
"191370.0";"4.780434"
"191380.0";"5.008849"
"191390.0";"5.021462"
"191400.0";"4.779987"
"191410.0";"4.845605"
"191420.0";"4.717589"
"191430.0";"4.651402"
"191440.0";"4.691041"
"191450.0";"4.288695"
"191460.0";"4.341599"
"191470.0";"4.285984"
"191480.0";"4.319679"
"191490.0";"4.254628"
"191500.0";"4.351882"
"191510.0";"4.295601"
"191520.0";"4.488502"
"191530.0";"4.270566"
"191540.0";"4.085367"
"191550.0";"4.296956"
"191560.0";"4.360216"
"191570.0";"4.4077"
"191580.0";"4.301044"
"191590.0";"4.330984"
"191600.0";"4.331936"
"191610.0";"4.358686"
"191620.0";"4.77709"
"191630.0";"4.948721"
"191640.0";"4.952588"
"191650.0";"5.020981"
"191660.0";"5.193398"
"191670.0";"5.010234"
"191680.0";"4.720347"
"191690.0";"4.922213"
"191700.0";"5.056974"
"191710.0";"4.624783"
"191720.0";"4.950311"
"191730.0";"4.964826"
"191740.0";"5.181317"
"191750.0";"5.403245"
"191760.0";"5.528501"
"191770.0";"5.501"
"191780.0";"5.661788"
"191790.0";"5.690173"
"191800.0";"5.421249"
"191810.0";"5.20055"
"191820.0";"5.189268"
"191830.0";"5.222939"
"191840.0";"5.27721"
"191850.0";"5.363883"
"191860.0";"5.302032"
"191870.0";"5.325131"
"191880.0";"5.330414"
"191890.0";"5.194932"
"191900.0";"5.30527"
"191910.0";"5.343867"
"191920.0";"5.242843"
"191930.0";"5.325327"
"191940.0";"5.498853"
"191950.0";"5.383611"
"191960.0";"5.094983"
"191970.0";"5.222521"
"191980.0";"4.905359"
"191990.0";"4.728138"
"192000.0";"4.799259"
"192010.0";"4.700584"
"192020.0";"4.632886"
"192030.0";"4.402133"
"192040.0";"4.488324"
"192050.0";"4.509206"
"192060.0";"4.94553"
"192070.0";"4.775697"
"192080.0";"4.899376"
"192090.0";"4.846356"
"192100.0";"4.789459"
"192110.0";"4.74164"
"192120.0";"4.856485"
"192130.0";"4.830911"
"192140.0";"5.004075"
"192150.0";"4.747282"
"192160.0";"5.004016"
"192170.0";"4.994527"
"192180.0";"5.126182"
"192190.0";"4.924554"
"192200.0";"5.116799"
"192210.0";"5.035614"
"192220.0";"5.028651"
"192230.0";"5.095584"
"192240.0";"5.223665"
"192250.0";"5.087038"
"192260.0";"5.031255"
"192270.0";"4.54919"
"192280.0";"4.642613"
"192290.0";"4.689464"
"192300.0";"4.674729"
"192310.0";"4.52282"
"192320.0";"4.474267"
"192330.0";"4.441534"
"192340.0";"4.337739"
"192350.0";"4.040775"
"192360.0";"4.299896"
"192370.0";"4.110518"
"192380.0";"3.985623"
"192390.0";"3.705951"
"192400.0";"3.586061"
"192410.0";"3.771552"
"192420.0";"3.807308"
"192430.0";"3.910545"
"192440.0";"4.230051"
"192450.0";"3.818452"
"192460.0";"3.994286"
"192470.0";"4.369463"
"192480.0";"4.310088"
"192490.0";"4.579072"
"192500.0";"4.773151"
"192510.0";"4.889434"
"192520.0";"4.490184"
"192530.0";"4.795744"
"192540.0";"4.756589"
"192550.0";"4.75625"
"192560.0";"4.524312"
"192570.0";"4.588594"
"192580.0";"4.414567"
"192590.0";"4.332534"
"192600.0";"4.37071"
"192610.0";"4.293739"
"192620.0";"4.429996"
"192630.0";"4.444028"
"192640.0";"4.46278"
"192650.0";"4.346908"
"192660.0";"4.710881"
"192670.0";"4.636343"
"192680.0";"4.533522"
"192690.0";"4.424071"
"192700.0";"4.381785"
"192710.0";"4.207355"
"192720.0";"4.139904"
"192730.0";"4.118491"
"192740.0";"4.051248"
"192750.0";"4.343687"
"192760.0";"4.282687"
"192770.0";"4.110518"
"192780.0";"4.38985"
"192790.0";"4.354862"
"192800.0";"4.609586"
"192810.0";"4.646385"
"192820.0";"4.603183"
"192830.0";"4.660175"
"192840.0";"4.534046"
"192850.0";"4.362981"
"192860.0";"4.347944"
"192870.0";"4.354677"
"192880.0";"4.497766"
"192890.0";"4.395015"
"192900.0";"4.462494"
"192910.0";"4.419362"
"192920.0";"4.313"
"192930.0";"4.421719"
"192940.0";"4.368785"
"192950.0";"4.425833"
"192960.0";"4.499583"
"192970.0";"4.249265"
"192980.0";"4.304791"
"192990.0";"4.44887"
"193000.0";"4.267569"
"193010.0";"4.280486"
"193020.0";"4.270543"
"193030.0";"4.297962"
"193040.0";"4.422767"
"193050.0";"4.2656"
"193060.0";"4.341928"
"193070.0";"4.573398"
"193080.0";"4.637122"
"193090.0";"4.613532"
"193100.0";"4.493635"
"193110.0";"4.668311"
"193120.0";"4.718068"
"193130.0";"4.797599"
"193140.0";"4.517419"
"193150.0";"4.499121"
"193160.0";"4.385439"
"193170.0";"4.453085"
"193180.0";"4.195488"
"193190.0";"4.191503"
"193200.0";"4.115689"
"193210.0";"4.150717"
"193220.0";"4.364794"
"193230.0";"4.496594"
"193240.0";"4.527173"
"193250.0";"4.560985"
"193260.0";"4.628681"
"193270.0";"4.824759"
"193280.0";"4.800824"
"193290.0";"4.99119"
"193300.0";"4.987756"
"193310.0";"5.148773"
"193320.0";"5.178298"
"193330.0";"5.216958"
"193340.0";"5.259491"
"193350.0";"5.055112"
"193360.0";"5.207451"
"193370.0";"5.343086"
"193380.0";"5.286709"
"193390.0";"5.193083"
"193400.0";"5.214995"
"193410.0";"5.25521"
"193420.0";"5.220409"
"193430.0";"5.071504"
"193440.0";"5.185441"
"193450.0";"5.33334"
"193460.0";"5.133459"
"193470.0";"5.076794"
"193480.0";"5.227929"
"193490.0";"5.363424"
"193500.0";"5.390131"
"193510.0";"5.294225"
"193520.0";"5.372778"
"193530.0";"5.376554"
"193540.0";"5.591118"
"193550.0";"5.768753"
"193560.0";"5.604076"
"193570.0";"5.611113"
"193580.0";"5.629183"
"193590.0";"5.569472"
"193600.0";"5.740551"
"193610.0";"5.684372"
"193620.0";"5.575971"
"193630.0";"5.878543"
"193640.0";"5.825459"
"193650.0";"5.805135"
"193660.0";"5.740532"
"193670.0";"5.845613"
"193680.0";"5.898506"
"193690.0";"5.937727"
"193700.0";"5.78303"
"193710.0";"5.7111"
"193720.0";"5.78567"
"193730.0";"5.759685"
"193740.0";"5.899223"
"193750.0";"5.73822"
"193760.0";"5.775421"
"193770.0";"5.644999"
"193780.0";"5.803625"
"193790.0";"5.816096"
"193800.0";"5.693571"
"193810.0";"5.49961"
"193820.0";"5.49415"
"193830.0";"5.13589"
"193840.0";"5.141711"
"193850.0";"5.300465"
"193860.0";"5.319507"
"193870.0";"5.555686"
"193880.0";"5.484653"
"193890.0";"5.414023"
"193900.0";"5.522277"
"193910.0";"5.359798"
"193920.0";"5.571031"
"193930.0";"5.426867"
"193940.0";"5.14113"
"193950.0";"5.412088"
"193960.0";"5.208235"
"193970.0";"4.988812"
"193980.0";"5.149397"
"193990.0";"5.314127"
"194000.0";"5.416359"
"194010.0";"5.416025"
"194020.0";"5.533044"
"194030.0";"5.621601"
"194040.0";"5.518473"
"194050.0";"5.609755"
"194060.0";"5.597765"
"194070.0";"5.65711"
"194080.0";"5.431996"
"194090.0";"5.623217"
"194100.0";"5.808609"
"194110.0";"6.04433"
"194120.0";"6.116697"
"194130.0";"5.808553"
"194140.0";"5.920829"
"194150.0";"5.680438"
"194160.0";"5.754586"
"194170.0";"5.857503"
"194180.0";"5.84724"
"194190.0";"6.008915"
"194200.0";"5.890371"
"194210.0";"5.858189"
"194220.0";"5.898783"
"194230.0";"5.911971"
"194240.0";"5.878859"
"194250.0";"6.123846"
"194260.0";"6.197186"
"194270.0";"6.294648"
"194280.0";"6.078066"
"194290.0";"6.225502"
"194300.0";"6.197466"
"194310.0";"6.132869"
"194320.0";"6.045641"
"194330.0";"6.088476"
"194340.0";"5.912506"
"194350.0";"5.91392"
"194360.0";"6.202698"
"194370.0";"6.211556"
"194380.0";"5.994964"
"194390.0";"5.88927"
"194400.0";"5.657106"
"194410.0";"5.608239"
"194420.0";"5.350501"
"194430.0";"5.235098"
"194440.0";"5.209258"
"194450.0";"5.186811"
"194460.0";"5.361442"
"194470.0";"5.173328"
"194480.0";"5.324592"
"194490.0";"5.46965"
"194500.0";"5.680546"
"194510.0";"5.564271"
"194520.0";"5.473326"
"194530.0";"5.743868"
"194540.0";"6.014123"
"194550.0";"5.999903"
"194560.0";"5.810579"
"194570.0";"5.559576"
"194580.0";"5.601128"
"194590.0";"5.629812"
"194600.0";"5.827017"
"194610.0";"5.738432"
"194620.0";"5.881478"
"194630.0";"6.007648"
"194640.0";"5.829841"
"194650.0";"5.774372"
"194660.0";"5.7466"
"194670.0";"5.664704"
"194680.0";"5.814077"
"194690.0";"5.942625"
"194700.0";"5.80917"
"194710.0";"5.730018"
"194720.0";"5.637768"
"194730.0";"5.765052"
"194740.0";"5.612337"
"194750.0";"5.481839"
"194760.0";"5.466289"
"194770.0";"5.722552"
"194780.0";"5.507594"
"194790.0";"5.486475"
"194800.0";"5.079309"
"194810.0";"4.831983"
"194820.0";"4.845628"
"194830.0";"4.940784"
"194840.0";"5.123881"
"194850.0";"5.195529"
"194860.0";"5.008408"
"194870.0";"4.857994"
"194880.0";"4.693957"
"194890.0";"4.782347"
"194900.0";"4.750985"
"194910.0";"4.683402"
"194920.0";"4.839278"
"194930.0";"4.845998"
"194940.0";"4.954634"
"194950.0";"4.732174"
"194960.0";"4.756535"
"194970.0";"4.972515"
"194980.0";"4.90765"
"194990.0";"5.016949"
"195000.0";"4.915298"
"195010.0";"5.04794"
"195020.0";"5.130587"
"195030.0";"5.125428"
"195040.0";"4.983815"
"195050.0";"4.969412"
"195060.0";"4.688511"
"195070.0";"4.729415"
"195080.0";"4.634723"
"195090.0";"4.664322"
"195100.0";"4.653172"
"195110.0";"4.582099"
"195120.0";"4.544374"
"195130.0";"4.364036"
"195140.0";"4.254705"
"195150.0";"4.392328"
"195160.0";"4.53439"
"195170.0";"4.403156"
"195180.0";"4.325419"
"195190.0";"4.3009"
"195200.0";"4.279751"
"195210.0";"4.40205"
"195220.0";"4.522851"
"195230.0";"4.7763"
"195240.0";"4.803021"
"195250.0";"4.852553"
"195260.0";"4.927828"
"195270.0";"4.957841"
"195280.0";"4.865604"
"195290.0";"4.758254"
"195300.0";"4.637854"
"195310.0";"4.482785"
"195320.0";"4.520293"
"195330.0";"4.434591"
"195340.0";"4.504242"
"195350.0";"4.507431"
"195360.0";"4.444006"
"195370.0";"4.453666"
"195380.0";"4.498652"
"195390.0";"4.475999"
"195400.0";"4.442142"
"195410.0";"4.54033"
"195420.0";"4.54078"
"195430.0";"4.341495"
"195440.0";"4.453656"
"195450.0";"4.152127"
"195460.0";"4.155196"
"195470.0";"4.369698"
"195480.0";"4.318053"
"195490.0";"4.327616"
"195500.0";"4.445641"
"195510.0";"4.457786"
"195520.0";"4.663015"
"195530.0";"4.640293"
"195540.0";"4.414516"
"195550.0";"4.371524"
"195560.0";"4.458342"
"195570.0";"4.703046"
"195580.0";"4.712338"
"195590.0";"4.758104"
"195600.0";"4.968895"
"195610.0";"4.90984"
"195620.0";"4.899832"
"195630.0";"4.902133"
"195640.0";"4.777636"
"195650.0";"4.880449"
"195660.0";"5.040625"
"195670.0";"5.028024"
"195680.0";"5.067023"
"195690.0";"5.031244"
"195700.0";"4.783293"
"195710.0";"4.893602"
"195720.0";"4.901008"
"195730.0";"4.799292"
"195740.0";"4.801451"
"195750.0";"4.823519"
"195760.0";"4.990445"
"195770.0";"4.990509"
"195780.0";"4.7293"
"195790.0";"4.608914"
"195800.0";"4.774496"
"195810.0";"4.642362"
"195820.0";"4.901676"
"195830.0";"5.075984"
"195840.0";"5.390473"
"195850.0";"5.309929"
"195860.0";"5.353279"
"195870.0";"5.257866"
"195880.0";"5.073775"
"195890.0";"5.246234"
"195900.0";"5.028585"
"195910.0";"4.995633"
"195920.0";"4.869242"
"195930.0";"4.914417"
"195940.0";"4.991193"
"195950.0";"5.068983"
"195960.0";"4.842916"
"195970.0";"4.774533"
"195980.0";"4.693919"
"195990.0";"4.318387"
"196000.0";"4.412395"
"196010.0";"4.204196"
"196020.0";"4.116929"
"196030.0";"4.140863"
"196040.0";"4.314783"
"196050.0";"4.479397"
"196060.0";"4.665783"
"196070.0";"4.818834"
"196080.0";"4.754447"
"196090.0";"4.673238"
"196100.0";"4.645518"
"196110.0";"4.594889"
"196120.0";"4.724338"
"196130.0";"4.846631"
"196140.0";"4.666839"
"196150.0";"4.388099"
"196160.0";"4.171493"
"196170.0";"4.244178"
"196180.0";"4.217966"
"196190.0";"4.141767"
"196200.0";"4.026412"
"196210.0";"4.146236"
"196220.0";"4.16173"
"196230.0";"4.020228"
"196240.0";"3.944044"
"196250.0";"3.859051"
"196260.0";"3.833441"
"196270.0";"3.946651"
"196280.0";"4.083558"
"196290.0";"4.07127"
"196300.0";"4.009319"
"196310.0";"3.883125"
"196320.0";"3.860143"
"196330.0";"4.027827"
"196340.0";"3.885723"
"196350.0";"3.830007"
"196360.0";"4.022046"
"196370.0";"3.795579"
"196380.0";"3.926441"
"196390.0";"3.873741"
"196400.0";"4.00768"
"196410.0";"4.100056"
"196420.0";"4.092225"
"196430.0";"4.033473"
"196440.0";"4.063189"
"196450.0";"4.14408"
"196460.0";"4.035897"
"196470.0";"3.876246"
"196480.0";"3.829724"
"196490.0";"3.535716"
"196500.0";"3.532303"
"196510.0";"3.452274"
"196520.0";"3.328422"
"196530.0";"3.483557"
"196540.0";"3.533539"
"196550.0";"3.474652"
"196560.0";"3.220497"
"196570.0";"3.357841"
"196580.0";"3.46593"
"196590.0";"3.665248"
"196600.0";"3.610911"
"196610.0";"3.778292"
"196620.0";"3.677402"
"196630.0";"3.58466"
"196640.0";"3.775506"
"196650.0";"3.729525"
"196660.0";"3.688694"
"196670.0";"4.027264"
"196680.0";"4.179926"
"196690.0";"3.947776"
"196700.0";"3.666568"
"196710.0";"3.437385"
"196720.0";"3.684286"
"196730.0";"3.352278"
"196740.0";"3.259151"
"196750.0";"3.139593"
"196760.0";"3.344691"
"196770.0";"3.327366"
"196780.0";"3.551184"
"196790.0";"3.63975"
"196800.0";"3.422253"
"196810.0";"3.134229"
"196820.0";"3.339016"
"196830.0";"3.344365"
"196840.0";"3.540751"
"196850.0";"3.590676"
"196860.0";"3.603549"
"196870.0";"3.441213"
"196880.0";"3.235432"
"196890.0";"3.113418"
"196900.0";"2.828873"
"196910.0";"2.991066"
"196920.0";"3.011886"
"196930.0";"2.994248"
"196940.0";"3.036008"
"196950.0";"3.24472"
"196960.0";"3.108968"
"196970.0";"3.164357"
"196980.0";"3.299682"
"196990.0";"3.392993"
"197000.0";"3.051281"
"197010.0";"3.317382"
"197020.0";"3.295373"
"197030.0";"3.471503"
"197040.0";"3.538206"
"197050.0";"3.411025"
"197060.0";"3.505387"
"197070.0";"3.20969"
"197080.0";"3.448455"
"197090.0";"3.182694"
"197100.0";"2.995859"
"197110.0";"2.743836"
"197120.0";"2.980533"
"197130.0";"2.819576"
"197140.0";"2.964677"
"197150.0";"3.286481"
"197160.0";"3.52216"
"197170.0";"3.472809"
"197180.0";"3.247832"
"197190.0";"3.284292"
"197200.0";"3.429244"
"197210.0";"3.316357"
"197220.0";"3.301783"
"197230.0";"3.502813"
"197240.0";"3.663939"
"197250.0";"3.891567"
"197260.0";"3.83283"
"197270.0";"3.928996"
"197280.0";"3.902862"
"197290.0";"4.146824"
"197300.0";"4.236305"
"197310.0";"4.345121"
"197320.0";"4.345424"
"197330.0";"4.292257"
"197340.0";"4.112778"
"197350.0";"3.845016"
"197360.0";"3.91714"
"197370.0";"3.791009"
"197380.0";"3.786909"
"197390.0";"3.771853"
"197400.0";"3.779767"
"197410.0";"3.79194"
"197420.0";"3.686562"
"197430.0";"3.657431"
"197440.0";"3.777544"
"197450.0";"3.60289"
"197460.0";"3.461763"
"197470.0";"3.422578"
"197480.0";"3.217401"
"197490.0";"3.131581"
"197500.0";"3.096324"
"197510.0";"3.327048"
"197520.0";"3.338296"
"197530.0";"3.164075"
"197540.0";"3.480225"
"197550.0";"3.479921"
"197560.0";"3.675746"
"197570.0";"3.463735"
"197580.0";"3.442518"
"197590.0";"3.410493"
"197600.0";"3.420875"
"197610.0";"3.385427"
"197620.0";"3.469601"
"197630.0";"3.377056"
"197640.0";"3.129668"
"197650.0";"2.983733"
"197660.0";"3.039469"
"197670.0";"3.236902"
"197680.0";"3.144133"
"197690.0";"2.88087"
"197700.0";"2.881657"
"197710.0";"2.65277"
"197720.0";"2.661551"
"197730.0";"2.651471"
"197740.0";"2.817488"
"197750.0";"2.620183"
"197760.0";"2.361791"
"197770.0";"2.480941"
"197780.0";"2.540332"
"197790.0";"2.784218"
"197800.0";"2.960124"
"197810.0";"2.876024"
"197820.0";"2.892642"
"197830.0";"3.251433"
"197840.0";"2.994115"
"197850.0";"3.039093"
"197860.0";"2.858523"
"197870.0";"2.910423"
"197880.0";"2.666484"
"197890.0";"2.61024"
"197900.0";"2.494037"
"197910.0";"2.6042"
"197920.0";"2.62102"
"197930.0";"2.517575"
"197940.0";"2.417182"
"197950.0";"2.014745"
"197960.0";"2.095359"
"197970.0";"2.058184"
"197980.0";"1.945843"
"197990.0";"1.934399"
"198000.0";"2.074049"
"198010.0";"1.9069"
"198020.0";"1.802417"
"198030.0";"1.849373"
"198040.0";"1.947779"
"198050.0";"1.492523"
"198060.0";"1.481172"
"198070.0";"1.477938"
"198080.0";"1.644671"
"198090.0";"1.632057"
"198100.0";"1.636615"
"198110.0";"1.71368"
"198120.0";"1.737462"
"198130.0";"1.806267"
"198140.0";"1.792695"
"198150.0";"1.76837"
"198160.0";"1.901581"
"198170.0";"1.677825"
"198180.0";"1.594803"
"198190.0";"1.837141"
"198200.0";"1.895713"
"198210.0";"1.693739"
"198220.0";"1.52397"
"198230.0";"1.360326"
"198240.0";"1.440052"
"198250.0";"1.346917"
"198260.0";"1.309991"
"198270.0";"1.190157"
"198280.0";"1.43279"
"198290.0";"1.569797"
"198300.0";"1.752851"
"198310.0";"1.438771"
"198320.0";"1.722065"
"198330.0";"1.887977"
"198340.0";"1.941202"
"198350.0";"1.651084"
"198360.0";"1.693448"
"198370.0";"1.502525"
"198380.0";"1.672269"
"198390.0";"1.659804"
"198400.0";"1.710968"
"198410.0";"1.535202"
"198420.0";"1.521533"
"198430.0";"1.55542"
"198440.0";"1.522031"
"198450.0";"1.443104"
"198460.0";"1.576703"
"198470.0";"1.604565"
"198480.0";"1.47327"
"198490.0";"1.379001"
"198500.0";"1.475667"
"198510.0";"1.459637"
"198520.0";"1.288352"
"198530.0";"1.440336"
"198540.0";"1.278217"
"198550.0";"1.453529"
"198560.0";"1.712783"
"198570.0";"2.028902"
"198580.0";"2.129661"
"198590.0";"2.405796"
"198600.0";"2.368819"
"198610.0";"2.403759"
"198620.0";"2.492412"
"198630.0";"2.608489"
"198640.0";"2.618634"
"198650.0";"2.725418"
"198660.0";"2.666201"
"198670.0";"2.489063"
"198680.0";"2.584212"
"198690.0";"2.648333"
"198700.0";"2.583531"
"198710.0";"2.483763"
"198720.0";"2.333565"
"198730.0";"2.296491"
"198740.0";"2.115197"
"198750.0";"2.025996"
"198760.0";"2.249984"
"198770.0";"2.052348"
"198780.0";"2.009477"
"198790.0";"1.975851"
"198800.0";"1.890656"
"198810.0";"1.968013"
"198820.0";"1.973583"
"198830.0";"2.163094"
"198840.0";"2.123594"
"198850.0";"2.012412"
"198860.0";"2.110292"
"198870.0";"2.154841"
"198880.0";"2.100427"
"198890.0";"1.990572"
"198900.0";"2.059883"
"198910.0";"1.836721"
"198920.0";"1.83491"
"198930.0";"2.010991"
"198940.0";"1.92771"
"198950.0";"2.011311"
"198960.0";"2.133201"
"198970.0";"2.096041"
"198980.0";"2.198268"
"198990.0";"1.946937"
"199000.0";"2.098994"
"199010.0";"2.216051"
"199020.0";"2.100557"
"199030.0";"2.196862"
"199040.0";"2.267652"
"199050.0";"2.354914"
"199060.0";"2.611027"
"199070.0";"2.781325"
"199080.0";"2.70594"
"199090.0";"2.727933"
"199100.0";"2.813157"
"199110.0";"2.877188"
"199120.0";"3.008212"
"199130.0";"2.999737"
"199140.0";"2.818326"
"199150.0";"2.857222"
"199160.0";"3.116071"
"199170.0";"3.126959"
"199180.0";"3.062402"
"199190.0";"3.190633"
"199200.0";"2.953955"
"199210.0";"2.856047"
"199220.0";"2.853588"
"199230.0";"2.560299"
"199240.0";"2.662392"
"199250.0";"2.65359"
"199260.0";"2.652872"
"199270.0";"2.757633"
"199280.0";"2.759805"
"199290.0";"2.651889"
"199300.0";"2.706098"
"199310.0";"2.684511"
"199320.0";"2.435129"
"199330.0";"2.427136"
"199340.0";"2.580476"
"199350.0";"2.500716"
"199360.0";"2.708321"
"199370.0";"2.33219"
"199380.0";"2.59625"
"199390.0";"2.467488"
"199400.0";"2.283388"
"199410.0";"2.353825"
"199420.0";"2.194626"
"199430.0";"2.381955"
"199440.0";"2.410631"
"199450.0";"2.517427"
"199460.0";"2.508238"
"199470.0";"2.386608"
"199480.0";"2.431471"
"199490.0";"2.410553"
"199500.0";"2.284063"
"199510.0";"2.378203"
"199520.0";"2.385653"
"199530.0";"2.292935"
"199540.0";"2.276343"
"199550.0";"2.474471"
"199560.0";"2.442365"
"199570.0";"2.432255"
"199580.0";"2.408696"
"199590.0";"2.549024"
"199600.0";"2.48424"
"199610.0";"2.289263"
"199620.0";"2.234156"
"199630.0";"2.38156"
"199640.0";"2.247683"
"199650.0";"2.512804"
"199660.0";"2.453876"
"199670.0";"2.667406"
"199680.0";"2.669345"
"199690.0";"2.737952"
"199700.0";"2.923763"
"199710.0";"2.970556"
"199720.0";"3.18475"
"199730.0";"3.371779"
"199740.0";"3.538138"
"199750.0";"3.280937"
"199760.0";"3.138151"
"199770.0";"3.362306"
"199780.0";"3.087281"
"199790.0";"3.112958"
"199800.0";"3.061543"
"199810.0";"3.035064"
"199820.0";"2.985921"
"199830.0";"2.961274"
"199840.0";"3.086315"
"199850.0";"3.18274"
"199860.0";"3.261601"
"199870.0";"3.263353"
"199880.0";"3.211453"
"199890.0";"3.171535"
"199900.0";"3.37121"
"199910.0";"3.443299"
"199920.0";"3.362897"
"199930.0";"3.406981"
"199940.0";"3.476856"
"199950.0";"3.495439"
"199960.0";"3.44098"
"199970.0";"3.540233"
"199980.0";"3.357293"
"199990.0";"3.52686"
"200000.0";"3.568038"
"200010.0";"3.436181"
"200020.0";"3.442385"
"200030.0";"3.655296"
"200040.0";"3.434154"
"200050.0";"3.458873"
"200060.0";"3.754937"
"200070.0";"3.79246"
"200080.0";"3.792896"
"200090.0";"3.807664"
"200100.0";"3.696845"
"200110.0";"3.956382"
"200120.0";"3.994159"
"200130.0";"4.016232"
"200140.0";"3.815121"
"200150.0";"3.917014"
"200160.0";"3.947719"
"200170.0";"3.78309"
"200180.0";"3.827002"
"200190.0";"3.712245"
"200200.0";"3.771272"
"200210.0";"3.687359"
"200220.0";"3.701355"
"200230.0";"3.561428"
"200240.0";"3.722122"
"200250.0";"3.774742"
"200260.0";"3.811972"
"200270.0";"3.709607"
"200280.0";"3.620222"
"200290.0";"3.75633"
"200300.0";"3.752572"
"200310.0";"3.678077"
"200320.0";"3.426689"
"200330.0";"3.151592"
"200340.0";"3.146419"
"200350.0";"3.081038"
"200360.0";"3.161938"
"200370.0";"3.105239"
"200380.0";"3.201827"
"200390.0";"3.031862"
"200400.0";"2.922723"
"200410.0";"2.954943"
"200420.0";"3.033658"
"200430.0";"2.967184"
"200440.0";"2.908953"
"200450.0";"3.077307"
"200460.0";"3.034363"
"200470.0";"2.990822"
"200480.0";"2.90598"
"200490.0";"2.807646"
"200500.0";"2.638994"
"200510.0";"2.743666"
"200520.0";"2.756094"
"200530.0";"2.747172"
"200540.0";"2.908016"
"200550.0";"2.996316"
"200560.0";"2.782082"
"200570.0";"2.685132"
"200580.0";"2.799268"
"200590.0";"2.865085"
"200600.0";"2.853493"
"200610.0";"2.665599"
"200620.0";"2.724009"
"200630.0";"2.855369"
"200640.0";"2.953276"
"200650.0";"2.962571"
"200660.0";"3.200041"
"200670.0";"3.157741"
"200680.0";"3.258792"
"200690.0";"3.256465"
"200700.0";"3.277116"
"200710.0";"3.368482"
"200720.0";"3.493721"
"200730.0";"3.438941"
"200740.0";"3.447516"
"200750.0";"3.480556"
"200760.0";"3.340448"
"200770.0";"3.499627"
"200780.0";"3.426412"
"200790.0";"3.371049"
"200800.0";"3.44737"
"200810.0";"3.362761"
"200820.0";"3.292642"
"200830.0";"3.150978"
"200840.0";"3.271907"
"200850.0";"3.261067"
"200860.0";"3.209892"
"200870.0";"3.185948"
"200880.0";"3.217721"
"200890.0";"3.242605"
"200900.0";"3.244348"
"200910.0";"3.486803"
"200920.0";"3.413199"
"200930.0";"3.424572"
"200940.0";"3.406813"
"200950.0";"3.4128"
"200960.0";"3.344452"
"200970.0";"3.239277"
"200980.0";"3.226541"
"200990.0";"3.275149"
"201000.0";"3.537132"
"201010.0";"3.599279"
"201020.0";"3.546289"
"201030.0";"3.541317"
"201040.0";"3.450983"
"201050.0";"3.406781"
"201060.0";"3.341018"
"201070.0";"3.413423"
"201080.0";"3.401771"
"201090.0";"3.412205"
"201100.0";"3.377483"
"201110.0";"3.355251"
"201120.0";"3.485166"
"201130.0";"3.492548"
"201140.0";"3.392096"
"201150.0";"3.515978"
"201160.0";"3.547755"
"201170.0";"3.562585"
"201180.0";"3.546854"
"201190.0";"3.499338"
"201200.0";"3.469759"
"201210.0";"3.486453"
"201220.0";"3.477994"
"201230.0";"3.514942"
"201240.0";"3.687644"
"201250.0";"3.681092"
"201260.0";"3.804016"
"201270.0";"3.816902"
"201280.0";"3.864073"
"201290.0";"3.717641"
"201300.0";"3.662118"
"201310.0";"3.619962"
"201320.0";"3.453053"
"201330.0";"3.49005"
"201340.0";"3.455792"
"201350.0";"3.304738"
"201360.0";"3.335601"
"201370.0";"3.299855"
"201380.0";"3.488308"
"201390.0";"3.371555"
"201400.0";"3.256276"
"201410.0";"3.215223"
"201420.0";"3.282226"
"201430.0";"3.320374"
"201440.0";"3.453079"
"201450.0";"3.454422"
"201460.0";"3.591649"
"201470.0";"3.63549"
"201480.0";"3.595216"
"201490.0";"3.514134"
"201500.0";"3.516238"
"201510.0";"3.498813"
"201520.0";"3.63242"
"201530.0";"3.607227"
"201540.0";"3.501626"
"201550.0";"3.360208"
"201560.0";"3.354495"
"201570.0";"3.464141"
"201580.0";"3.425776"
"201590.0";"3.582076"
"201600.0";"3.600515"
"201610.0";"3.627012"
"201620.0";"3.509329"
"201630.0";"3.507379"
"201640.0";"3.483754"
"201650.0";"3.430965"
"201660.0";"3.424575"
"201670.0";"3.252664"
"201680.0";"3.314622"
"201690.0";"3.281919"
"201700.0";"3.401125"
"201710.0";"3.490639"
"201720.0";"3.529507"
"201730.0";"3.457588"
"201740.0";"3.687959"
"201750.0";"3.76489"
"201760.0";"3.513984"
"201770.0";"3.411804"
"201780.0";"3.609262"
"201790.0";"3.486121"
"201800.0";"3.442401"
"201810.0";"3.570847"
"201820.0";"3.470507"
"201830.0";"3.443755"
"201840.0";"3.489012"
"201850.0";"3.414169"
"201860.0";"3.556893"
"201870.0";"3.520309"
"201880.0";"3.528351"
"201890.0";"3.595448"
"201900.0";"3.657707"
"201910.0";"3.802683"
"201920.0";"3.612972"
"201930.0";"3.6221"
"201940.0";"3.56607"
"201950.0";"3.53452"
"201960.0";"3.519838"
"201970.0";"3.4745"
"201980.0";"3.56526"
"201990.0";"3.634502"
"202000.0";"3.789582"
"202010.0";"3.896951"
"202020.0";"3.870138"
"202030.0";"3.795734"
"202040.0";"3.835654"
"202050.0";"3.807121"
"202060.0";"4.008094"
"202070.0";"3.687356"
"202080.0";"3.637592"
"202090.0";"3.655472"
"202100.0";"3.675231"
"202110.0";"3.697495"
"202120.0";"3.690531"
"202130.0";"3.649614"
"202140.0";"3.652927"
"202150.0";"3.817562"
"202160.0";"3.625291"
"202170.0";"3.627196"
"202180.0";"3.63147"
"202190.0";"3.711043"
"202200.0";"3.652485"
"202210.0";"3.65713"
"202220.0";"3.73041"
"202230.0";"3.562904"
"202240.0";"3.662144"
"202250.0";"3.572654"
"202260.0";"3.629186"
"202270.0";"3.655858"
"202280.0";"3.668212"
"202290.0";"3.749473"
"202300.0";"3.688447"
"202310.0";"3.636897"
"202320.0";"3.6334"
"202330.0";"3.648092"
"202340.0";"3.653416"
"202350.0";"3.644291"
"202360.0";"3.7253"
"202370.0";"3.757445"
"202380.0";"3.681013"
"202390.0";"3.693147"
"202400.0";"3.627341"
"202410.0";"3.608594"
"202420.0";"3.637843"
"202430.0";"3.712565"
"202440.0";"3.726885"
"202450.0";"3.679849"
"202460.0";"3.637654"
"202470.0";"3.629564"
"202480.0";"3.68337"
"202490.0";"3.662242"
"202500.0";"3.717868"
"202510.0";"3.750684"
"202520.0";"3.619794"
"202530.0";"3.592202"
"202540.0";"3.726984"
"202550.0";"3.549022"
"202560.0";"3.592827"
"202570.0";"3.590986"
"202580.0";"3.636863"
"202590.0";"3.660473"
"202600.0";"3.712175"
"202610.0";"3.640104"
"202620.0";"3.63261"
"202630.0";"3.650248"
"202640.0";"3.656919"
"202650.0";"3.77125"
"202660.0";"3.827877"
"202670.0";"3.776547"
"202680.0";"3.897071"
"202690.0";"3.729201"
"202700.0";"3.919994"
"202710.0";"3.847088"
"202720.0";"3.963169"
"202730.0";"3.908342"
"202740.0";"3.958"
"202750.0";"4.032169"
"202760.0";"3.928052"
"202770.0";"4.103852"
"202780.0";"4.197836"
"202790.0";"4.077226"
"202800.0";"4.149271"
"202810.0";"4.194665"
"202820.0";"4.528317"
"202830.0";"4.351855"
"202840.0";"4.57345"
"202850.0";"4.875392"
"202860.0";"4.794689"
"202870.0";"4.456701"
"202880.0";"4.47363"
"202890.0";"4.469318"
"202900.0";"4.67562"
"202910.0";"4.836946"
"202920.0";"4.828143"
"202930.0";"4.751865"
"202940.0";"4.820604"
"202950.0";"4.740809"
"202960.0";"4.725098"
"202970.0";"4.710993"
"202980.0";"4.445452"
"202990.0";"4.310567"
"203000.0";"4.288729"
"203010.0";"4.190799"
"203020.0";"4.038808"
"203030.0";"3.983598"
"203040.0";"3.958092"
"203050.0";"3.878225"
"203060.0";"3.876597"
"203070.0";"3.939956"
"203080.0";"3.906123"
"203090.0";"3.741628"
"203100.0";"3.693317"
"203110.0";"3.881358"
"203120.0";"3.769103"
"203130.0";"3.681578"
"203140.0";"3.800069"
"203150.0";"3.811094"
"203160.0";"3.813478"
"203170.0";"3.846773"
"203180.0";"3.82532"
"203190.0";"3.75764"
"203200.0";"3.778377"
"203210.0";"3.678849"
"203220.0";"3.737725"
"203230.0";"3.730285"
"203240.0";"3.742126"
"203250.0";"3.803661"
"203260.0";"3.720116"
"203270.0";"3.817341"
"203280.0";"3.767515"
"203290.0";"3.706931"
"203300.0";"3.599527"
"203310.0";"3.973142"
"203320.0";"3.862858"
"203330.0";"3.970278"
"203340.0";"3.904327"
"203350.0";"3.811479"
"203360.0";"3.961967"
"203370.0";"3.941335"
"203380.0";"3.949183"
"203390.0";"3.91608"
"203400.0";"3.872725"
"203410.0";"3.89739"
"203420.0";"3.83181"
"203430.0";"3.798519"
"203440.0";"3.759662"
"203450.0";"3.781142"
"203460.0";"3.583264"
"203470.0";"3.555091"
"203480.0";"3.531427"
"203490.0";"3.71754"
"203500.0";"3.811783"
"203510.0";"3.751683"
"203520.0";"3.459687"
"203530.0";"3.549749"
"203540.0";"3.468923"
"203550.0";"3.435388"
"203560.0";"3.493775"
"203570.0";"3.431744"
"203580.0";"3.468499"
"203590.0";"3.537486"
"203600.0";"3.724585"
"203610.0";"3.525539"
"203620.0";"3.425024"
"203630.0";"3.540805"
"203640.0";"3.512108"
"203650.0";"3.386737"
"203660.0";"3.407454"
"203670.0";"3.34927"
"203680.0";"3.299745"
"203690.0";"3.375112"
"203700.0";"3.461198"
"203710.0";"3.371202"
"203720.0";"3.386625"
"203730.0";"3.348881"
"203740.0";"3.340406"
"203750.0";"3.226162"
"203760.0";"3.257504"
"203770.0";"3.34442"
"203780.0";"3.287681"
"203790.0";"3.308397"
"203800.0";"3.323575"
"203810.0";"3.287765"
"203820.0";"3.330539"
"203830.0";"3.174179"
"203840.0";"3.273281"
"203850.0";"3.304704"
"203860.0";"3.199548"
"203870.0";"3.174752"
"203880.0";"3.248219"
"203890.0";"3.187391"
"203900.0";"3.271514"
"203910.0";"3.190853"
"203920.0";"3.101854"
"203930.0";"3.183856"
"203940.0";"3.10415"
"203950.0";"3.103324"
"203960.0";"3.136919"
"203970.0";"3.206902"
"203980.0";"3.208936"
"203990.0";"3.101225"
"204000.0";"3.062495"
"204010.0";"3.083915"
"204020.0";"3.019388"
"204030.0";"3.11931"
"204040.0";"3.142349"
"204050.0";"3.113164"
"204060.0";"3.208942"
"204070.0";"3.111413"
"204080.0";"3.104134"
"204090.0";"3.192096"
"204100.0";"3.048537"
"204110.0";"3.065788"
"204120.0";"3.095327"
"204130.0";"3.059461"
"204140.0";"3.034446"
"204150.0";"2.995161"
"204160.0";"2.977684"
"204170.0";"3.023015"
"204180.0";"3.031596"
"204190.0";"3.073405"
"204200.0";"3.042827"
"204210.0";"3.069057"
"204220.0";"3.111234"
"204230.0";"3.088034"
"204240.0";"3.085246"
"204250.0";"3.058751"
"204260.0";"3.110682"
"204270.0";"3.156886"
"204280.0";"3.033698"
"204290.0";"3.087886"
"204300.0";"3.116456"
"204310.0";"3.018116"
"204320.0";"3.083719"
"204330.0";"3.048235"
"204340.0";"3.093318"
"204350.0";"3.076319"
"204360.0";"3.094854"
"204370.0";"3.071434"
"204380.0";"3.155671"
"204390.0";"3.120664"
"204400.0";"3.088291"
"204410.0";"3.160293"
"204420.0";"3.090859"
"204430.0";"3.027468"
"204440.0";"3.040105"
"204450.0";"3.058044"
"204460.0";"3.08421"
"204470.0";"3.025727"
"204480.0";"2.995061"
"204490.0";"3.103276"
"204500.0";"3.110514"
"204510.0";"3.040718"
"204520.0";"3.107778"
"204530.0";"3.089059"
"204540.0";"3.063996"
"204550.0";"3.034169"
"204560.0";"3.039477"
"204570.0";"3.069858"
"204580.0";"3.136296"
"204590.0";"3.195889"
"204600.0";"2.987363"
"204610.0";"3.081127"
"204620.0";"3.050193"
"204630.0";"3.039586"
"204640.0";"3.063662"
"204650.0";"3.02668"
"204660.0";"2.968174"
"204670.0";"3.061012"
"204680.0";"3.086837"
"204690.0";"3.116315"
"204700.0";"3.138673"
"204710.0";"3.032943"
"204720.0";"3.034039"
"204730.0";"3.094323"
"204740.0";"3.056044"
"204750.0";"3.113199"
"204760.0";"3.085963"
"204770.0";"3.120723"
"204780.0";"3.079058"
"204790.0";"3.10567"
"204800.0";"3.097106"
"204810.0";"2.993148"
"204820.0";"3.065941"
"204830.0";"3.10858"
"204840.0";"3.115065"
"204850.0";"3.047302"
"204860.0";"3.162769"
"204870.0";"3.06674"
"204880.0";"3.134142"
"204890.0";"3.134351"
"204900.0";"3.190637"
"204910.0";"3.085539"
"204920.0";"3.089569"
"204930.0";"3.035746"
"204940.0";"3.15692"
"204950.0";"3.032845"
"204960.0";"3.101759"
"204970.0";"3.11992"
"204980.0";"3.059133"
"204990.0";"3.032708"
"205000.0";"3.122222"
"205010.0";"3.01944"
"205020.0";"3.148524"
"205030.0";"3.160619"
"205040.0";"3.05644"
"205050.0";"3.12656"
"205060.0";"3.072052"
"205070.0";"3.073029"
"205080.0";"3.068603"
"205090.0";"3.070584"
"205100.0";"3.099369"
"205110.0";"3.083241"
"205120.0";"3.046532"
"205130.0";"3.115472"
"205140.0";"3.040737"
"205150.0";"3.045038"
"205160.0";"3.108284"
"205170.0";"3.050925"
"205180.0";"3.12805"
"205190.0";"3.078066"
"205200.0";"3.141061"
"205210.0";"3.098162"
"205220.0";"3.09892"
"205230.0";"2.986902"
"205240.0";"3.035642"
"205250.0";"3.052712"
"205260.0";"3.038961"
"205270.0";"3.098996"
"205280.0";"3.12837"
"205290.0";"3.050972"
"205300.0";"3.071524"
"205310.0";"3.10711"
"205320.0";"3.101387"
"205330.0";"3.028515"
"205340.0";"3.02818"
"205350.0";"3.106576"
"205360.0";"3.097317"
"205370.0";"3.00605"
"205380.0";"3.060707"
"205390.0";"3.103096"
"205400.0";"2.98775"
"205410.0";"2.970181"
"205420.0";"3.005536"
"205430.0";"2.924365"
"205440.0";"3.084496"
"205450.0";"2.928293"
"205460.0";"2.964714"
"205470.0";"3.008492"
"205480.0";"3.006891"
"205490.0";"2.978856"
"205500.0";"2.94642"
"205510.0";"2.979668"
"205520.0";"3.067497"
"205530.0";"2.96743"
"205540.0";"3.044556"
"205550.0";"3.008501"
"205560.0";"3.079297"
"205570.0";"3.092854"
"205580.0";"3.017159"
"205590.0";"2.924624"
"205600.0";"3.132937"
"205610.0";"3.110853"
"205620.0";"3.038256"
"205630.0";"3.053641"
"205640.0";"3.076491"
"205650.0";"3.028911"
"205660.0";"3.064215"
"205670.0";"3.0832"
"205680.0";"3.045201"
"205690.0";"3.106557"
"205700.0";"2.996817"
"205710.0";"3.007703"
"205720.0";"3.062787"
"205730.0";"3.057288"
"205740.0";"2.959654"
"205750.0";"3.05914"
"205760.0";"3.009661"
"205770.0";"3.029094"
"205780.0";"3.067855"
"205790.0";"3.131314"
"205800.0";"3.051464"
"205810.0";"3.045565"
"205820.0";"2.984458"
"205830.0";"3.011662"
"205840.0";"2.92227"
"205850.0";"3.029866"
"205860.0";"3.087602"
"205870.0";"3.075953"
"205880.0";"3.043003"
"205890.0";"2.999413"
"205900.0";"3.091011"
"205910.0";"3.040028"
"205920.0";"3.003359"
"205930.0";"3.0661"
"205940.0";"3.019274"
"205950.0";"3.025697"
"205960.0";"3.053347"
"205970.0";"3.038808"
"205980.0";"2.989174"
"205990.0";"3.049209"
"206000.0";"3.050634"
"206010.0";"2.972144"
"206020.0";"3.051428"
"206030.0";"3.095679"
"206040.0";"3.124252"
"206050.0";"3.082897"
"206060.0";"3.047202"
"206070.0";"3.05388"
"206080.0";"3.005267"
"206090.0";"3.029227"
"206100.0";"2.983903"
"206110.0";"3.065081"
"206120.0";"3.048143"
"206130.0";"3.093111"
"206140.0";"3.152003"
"206150.0";"2.917784"
"206160.0";"2.916368"
"206170.0";"2.987058"
"206180.0";"3.084151"
"206190.0";"3.035956"
"206200.0";"3.037755"
"206210.0";"3.035366"
"206220.0";"3.108831"
"206230.0";"3.068466"
"206240.0";"2.959147"
"206250.0";"2.987285"
"206260.0";"2.984328"
"206270.0";"3.031265"
"206280.0";"3.002798"
"206290.0";"2.964101"
"206300.0";"3.035229"
"206310.0";"3.022001"
"206320.0";"3.01238"
"206330.0";"3.010692"
"206340.0";"3.002803"
"206350.0";"3.033762"
"206360.0";"3.018185"
"206370.0";"2.973859"
"206380.0";"2.98139"
"206390.0";"2.958933"
"206400.0";"2.973302"
"206410.0";"2.990877"
"206420.0";"2.983437"
"206430.0";"3.015372"
"206440.0";"3.04313"
"206450.0";"3.028855"
"206460.0";"3.085403"
"206470.0";"2.95652"
"206480.0";"3.043274"
"206490.0";"3.06226"
"206500.0";"3.002432"
"206510.0";"3.043979"
"206520.0";"3.034534"
"206530.0";"2.977758"
"206540.0";"2.993163"
"206550.0";"2.956344"
"206560.0";"2.908126"
"206570.0";"3.077021"
"206580.0";"3.057513"
"206590.0";"3.006318"
"206600.0";"3.00588"
"206610.0";"3.007948"
"206620.0";"2.99551"
"206630.0";"3.07573"
"206640.0";"3.025044"
"206650.0";"3.086904"
"206660.0";"2.97669"
"206670.0";"2.941122"
"206680.0";"3.000051"
"206690.0";"2.949764"
"206700.0";"2.960687"
"206710.0";"2.983798"
"206720.0";"2.968247"
"206730.0";"2.976958"
"206740.0";"2.941604"
"206750.0";"2.934426"
"206760.0";"3.03244"
"206770.0";"2.90472"
"206780.0";"2.964202"
"206790.0";"2.992279"
"206800.0";"2.930516"
"206810.0";"3.001203"
"206820.0";"3.073825"
"206830.0";"3.011727"
"206840.0";"2.933134"
"206850.0";"2.997681"
"206860.0";"3.020009"
"206870.0";"3.004483"
"206880.0";"3.02757"
"206890.0";"3.039284"
"206900.0";"2.997994"
"206910.0";"2.901096"
"206920.0";"2.98955"
"206930.0";"3.048681"
"206940.0";"3.001788"
"206950.0";"2.964608"
"206960.0";"2.991036"
"206970.0";"3.027622"
"206980.0";"3.036916"
"206990.0";"2.961105"
"207000.0";"2.930296"
"207010.0";"2.985877"
"207020.0";"2.946388"
"207030.0";"3.069211"
"207040.0";"3.039252"
"207050.0";"3.030839"
"207060.0";"3.017755"
"207070.0";"3.003352"
"207080.0";"3.039547"
"207090.0";"3.082661"
"207100.0";"3.132895"
"207110.0";"3.055069"
"207120.0";"2.976165"
"207130.0";"3.04149"
"207140.0";"2.946083"
"207150.0";"3.057451"
"207160.0";"3.023782"
"207170.0";"3.072013"
"207180.0";"3.124894"
"207190.0";"3.156108"
"207200.0";"3.067899"
"207210.0";"3.109399"
"207220.0";"3.051211"
"207230.0";"3.095092"
"207240.0";"3.04273"
"207250.0";"3.064302"
"207260.0";"3.118578"
"207270.0";"3.028919"
"207280.0";"3.151867"
"207290.0";"3.02029"
"207300.0";"3.000364"
"207310.0";"3.012099"
"207320.0";"3.043021"
"207330.0";"3.066878"
"207340.0";"3.034594"
"207350.0";"3.111958"
"207360.0";"3.01192"
"207370.0";"2.98831"
"207380.0";"3.043505"
"207390.0";"3.179574"
"207400.0";"3.063391"
"207410.0";"3.028266"
"207420.0";"3.07871"
"207430.0";"3.121127"
"207440.0";"3.060393"
"207450.0";"3.129037"
"207460.0";"3.070524"
"207470.0";"3.036113"
"207480.0";"3.064478"
"207490.0";"3.073331"
"207500.0";"3.048921"
"207510.0";"3.113497"
"207520.0";"3.075214"
"207530.0";"3.025799"
"207540.0";"3.065119"
"207550.0";"3.064455"
"207560.0";"3.042479"
"207570.0";"3.128593"
"207580.0";"3.05047"
"207590.0";"3.030179"
"207600.0";"2.983395"
"207610.0";"3.101703"
"207620.0";"3.049926"
"207630.0";"3.064747"
"207640.0";"3.084717"
"207650.0";"3.098028"
"207660.0";"3.093801"
"207670.0";"3.092044"
"207680.0";"3.156682"
"207690.0";"2.984754"
"207700.0";"3.10941"
"207710.0";"3.030504"
"207720.0";"3.103221"
"207730.0";"3.009587"
"207740.0";"3.029592"
"207750.0";"2.999186"
"207760.0";"3.058892"
"207770.0";"3.091795"
"207780.0";"3.054453"
"207790.0";"3.106905"
"207800.0";"3.029275"
"207810.0";"3.013328"
"207820.0";"3.079763"
"207830.0";"3.089755"
"207840.0";"3.102243"
"207850.0";"3.045561"
"207860.0";"3.09712"
"207870.0";"3.129717"
"207880.0";"2.986342"
"207890.0";"3.027121"
"207900.0";"2.985541"
"207910.0";"2.94914"
"207920.0";"3.027008"
"207930.0";"2.977112"
"207940.0";"3.107917"
"207950.0";"3.080919"
"207960.0";"3.051142"
"207970.0";"3.103151"
"207980.0";"3.03426"
"207990.0";"3.117693"
"208000.0";"3.021817"
"208010.0";"3.008232"
"208020.0";"3.077863"
"208030.0";"3.013458"
"208040.0";"3.003829"
"208050.0";"3.106882"
"208060.0";"3.123484"
"208070.0";"3.074438"
"208080.0";"3.045204"
"208090.0";"3.053627"
"208100.0";"3.12543"
"208110.0";"3.067605"
"208120.0";"3.047894"
"208130.0";"3.103054"
"208140.0";"3.163092"
"208150.0";"3.034323"
"208160.0";"3.05535"
"208170.0";"3.091143"
"208180.0";"3.070904"
"208190.0";"3.09818"
"208200.0";"3.052933"
"208210.0";"3.105547"
"208220.0";"3.104833"
"208230.0";"3.073243"
"208240.0";"3.021271"
"208250.0";"2.944933"
"208260.0";"2.996965"
"208270.0";"3.017852"
"208280.0";"3.038829"
"208290.0";"3.061079"
"208300.0";"2.951224"
"208310.0";"2.997921"
"208320.0";"3.078683"
"208330.0";"3.078267"
"208340.0";"3.12534"
"208350.0";"3.121268"
"208360.0";"3.056777"
"208370.0";"3.061262"
"208380.0";"3.126706"
"208390.0";"3.200439"
"208400.0";"3.208844"
"208410.0";"3.245428"
"208420.0";"3.318151"
"208430.0";"3.308155"
"208440.0";"3.315816"
"208450.0";"3.268502"
"208460.0";"3.244835"
"208470.0";"3.278204"
"208480.0";"3.222222"
"208490.0";"3.232968"
"208500.0";"3.189946"
"208510.0";"3.240884"
"208520.0";"3.277689"
"208530.0";"3.390419"
"208540.0";"3.40193"
"208550.0";"3.308249"
"208560.0";"3.295389"
"208570.0";"3.321457"
"208580.0";"3.313973"
"208590.0";"3.280867"
"208600.0";"3.302409"
"208610.0";"3.305254"
"208620.0";"3.257407"
"208630.0";"3.318691"
"208640.0";"3.174631"
"208650.0";"3.329939"
"208660.0";"3.267446"
"208670.0";"3.23462"
"208680.0";"3.236248"
"208690.0";"3.18834"
"208700.0";"3.22738"
"208710.0";"3.192175"
"208720.0";"3.247898"
"208730.0";"3.254259"
"208740.0";"3.215868"
"208750.0";"3.233828"
"208760.0";"3.159874"
"208770.0";"3.255659"
"208780.0";"3.119464"
"208790.0";"3.211344"
"208800.0";"3.216149"
"208810.0";"3.124055"
"208820.0";"3.081002"
"208830.0";"3.224965"
"208840.0";"3.254204"
"208850.0";"3.292286"
"208860.0";"3.22584"
"208870.0";"3.161412"
"208880.0";"3.17528"
"208890.0";"3.218937"
"208900.0";"3.184595"
"208910.0";"3.212979"
"208920.0";"3.211957"
"208930.0";"3.222753"
"208940.0";"3.194954"
"208950.0";"3.175874"
"208960.0";"3.080944"
"208970.0";"3.188863"
"208980.0";"3.183121"
"208990.0";"3.201168"
"209000.0";"3.158538"
"209010.0";"3.222692"
"209020.0";"3.152476"
"209030.0";"3.240916"
"209040.0";"3.221989"
"209050.0";"3.181859"
"209060.0";"3.155965"
"209070.0";"3.242519"
"209080.0";"3.191057"
"209090.0";"3.236365"
"209100.0";"3.247562"
"209110.0";"3.258923"
"209120.0";"3.220848"
"209130.0";"3.228039"
"209140.0";"3.295619"
"209150.0";"3.272187"
"209160.0";"3.235121"
"209170.0";"3.120142"
"209180.0";"3.141861"
"209190.0";"3.130627"
"209200.0";"3.199797"
"209210.0";"3.167755"
"209220.0";"3.236545"
"209230.0";"3.18945"
"209240.0";"3.174837"
"209250.0";"3.144957"
"209260.0";"3.188107"
"209270.0";"3.17767"
"209280.0";"3.188326"
"209290.0";"3.205004"
"209300.0";"3.24592"
"209310.0";"3.196883"
"209320.0";"3.217094"
"209330.0";"3.218041"
"209340.0";"3.211004"
"209350.0";"3.133892"
"209360.0";"3.233619"
"209370.0";"3.204002"
"209380.0";"3.147052"
"209390.0";"3.180727"
"209400.0";"3.235334"
"209410.0";"3.202546"
"209420.0";"3.203594"
"209430.0";"3.203265"
"209440.0";"3.140667"
"209450.0";"3.1919"
"209460.0";"3.232174"
"209470.0";"3.195614"
"209480.0";"3.287252"
"209490.0";"3.224688"
"209500.0";"3.242406"
"209510.0";"3.145348"
"209520.0";"3.263173"
"209530.0";"3.236717"
"209540.0";"3.228698"
"209550.0";"3.206317"
"209560.0";"3.204396"
"209570.0";"3.298317"
"209580.0";"3.177858"
"209590.0";"3.272091"
"209600.0";"3.214749"
"209610.0";"3.323004"
"209620.0";"3.181883"
"209630.0";"3.212852"
"209640.0";"3.213628"
"209650.0";"3.185881"
"209660.0";"3.221196"
"209670.0";"3.29532"
"209680.0";"3.261301"
"209690.0";"3.33922"
"209700.0";"3.392016"
"209710.0";"3.301205"
"209720.0";"3.278269"
"209730.0";"3.261039"
"209740.0";"3.431063"
"209750.0";"3.307707"
"209760.0";"3.359926"
"209770.0";"3.354893"
"209780.0";"3.407235"
"209790.0";"3.390958"
"209800.0";"3.356307"
"209810.0";"3.401074"
"209820.0";"3.391829"
"209830.0";"3.350985"
"209840.0";"3.376124"
"209850.0";"3.290276"
"209860.0";"3.324314"
"209870.0";"3.344193"
"209880.0";"3.395281"
"209890.0";"3.3409"
"209900.0";"3.361052"
"209910.0";"3.382432"
"209920.0";"3.271413"
"209930.0";"3.488656"
"209940.0";"3.561507"
"209950.0";"3.525517"
"209960.0";"3.579953"
"209970.0";"3.622535"
"209980.0";"3.539343"
"209990.0";"3.518696"
"210000.0";"3.447548"
"210010.0";"3.445221"
"210020.0";"3.51097"
"210030.0";"3.383003"
"210040.0";"3.451092"
"210050.0";"3.427634"
"210060.0";"3.470972"
"210070.0";"3.416495"
"210080.0";"3.520387"
"210090.0";"3.497523"
"210100.0";"3.413184"
"210110.0";"3.492021"
"210120.0";"3.505517"
"210130.0";"3.547516"
"210140.0";"3.455186"
"210150.0";"3.492102"
"210160.0";"3.425487"
"210170.0";"3.591577"
"210180.0";"3.512885"
"210190.0";"3.593476"
"210200.0";"3.589227"
"210210.0";"3.571543"
"210220.0";"3.628047"
"210230.0";"3.534622"
"210240.0";"3.554216"
"210250.0";"3.510948"
"210260.0";"3.411643"
"210270.0";"3.519842"
"210280.0";"3.446"
"210290.0";"3.422908"
"210300.0";"3.417899"
"210310.0";"3.535076"
"210320.0";"3.59471"
"210330.0";"3.468728"
"210340.0";"3.506948"
"210350.0";"3.541644"
"210360.0";"3.549815"
"210370.0";"3.50181"
"210380.0";"3.548657"
"210390.0";"3.553813"
"210400.0";"3.527616"
"210410.0";"3.500126"
"210420.0";"3.608242"
"210430.0";"3.421395"
"210440.0";"3.543895"
"210450.0";"3.520986"
"210460.0";"3.562155"
"210470.0";"3.553799"
"210480.0";"3.597303"
"210490.0";"3.55812"
"210500.0";"3.573198"
"210510.0";"3.559499"
"210520.0";"3.513254"
"210530.0";"3.571384"
"210540.0";"3.523687"
"210550.0";"3.528027"
"210560.0";"3.669516"
"210570.0";"3.54822"
"210580.0";"3.451711"
"210590.0";"3.484383"
"210600.0";"3.453027"
"210610.0";"3.497903"
"210620.0";"3.531237"
"210630.0";"3.511533"
"210640.0";"3.607574"
"210650.0";"3.658154"
"210660.0";"3.523421"
"210670.0";"3.512843"
"210680.0";"3.514171"
"210690.0";"3.655146"
"210700.0";"3.560268"
"210710.0";"3.593597"
"210720.0";"3.510483"
"210730.0";"3.495107"
"210740.0";"3.653745"
"210750.0";"3.581885"
"210760.0";"3.5385"
"210770.0";"3.432591"
"210780.0";"3.479921"
"210790.0";"3.577713"
"210800.0";"3.54069"
"210810.0";"3.566488"
"210820.0";"3.533914"
"210830.0";"3.480201"
"210840.0";"3.439735"
"210850.0";"3.409153"
"210860.0";"3.420127"
"210870.0";"3.452255"
"210880.0";"3.415314"
"210890.0";"3.518944"
"210900.0";"3.501858"
"210910.0";"3.588244"
"210920.0";"3.619676"
"210930.0";"3.5421"
"210940.0";"3.560587"
"210950.0";"3.572958"
"210960.0";"3.580056"
"210970.0";"3.571446"
"210980.0";"3.600547"
"210990.0";"3.579648"
"211000.0";"3.564631"
"211010.0";"3.6055"
"211020.0";"3.576634"
"211030.0";"3.61983"
"211040.0";"3.494828"
"211050.0";"3.412277"
"211060.0";"3.484054"
"211070.0";"3.519996"
"211080.0";"3.524628"
"211090.0";"3.498268"
"211100.0";"3.487975"
"211110.0";"3.501407"
"211120.0";"3.514082"
"211130.0";"3.473517"
"211140.0";"3.464266"
"211150.0";"3.480503"
"211160.0";"3.446909"
"211170.0";"3.441381"
"211180.0";"3.527324"
"211190.0";"3.488264"
"211200.0";"3.500746"
"211210.0";"3.572159"
"211220.0";"3.579677"
"211230.0";"3.539577"
"211240.0";"3.433161"
"211250.0";"3.526596"
"211260.0";"3.468317"
"211270.0";"3.466827"
"211280.0";"3.42023"
"211290.0";"3.449661"
"211300.0";"3.480658"
"211310.0";"3.537632"
"211320.0";"3.601879"
"211330.0";"3.51997"
"211340.0";"3.537027"
"211350.0";"3.484824"
"211360.0";"3.499033"
"211370.0";"3.601878"
"211380.0";"3.585352"
"211390.0";"3.509767"
"211400.0";"3.537512"
"211410.0";"3.643374"
"211420.0";"3.599723"
"211430.0";"3.478691"
"211440.0";"3.498588"
"211450.0";"3.487405"
"211460.0";"3.505074"
"211470.0";"3.472647"
"211480.0";"3.503592"
"211490.0";"3.550911"
"211500.0";"3.458316"
"211510.0";"3.505162"
"211520.0";"3.450554"
"211530.0";"3.495215"
"211540.0";"3.529422"
"211550.0";"3.510711"
"211560.0";"3.450054"
"211570.0";"3.537365"
"211580.0";"3.511283"
"211590.0";"3.494001"
"211600.0";"3.466717"
"211610.0";"3.495255"
"211620.0";"3.543288"
"211630.0";"3.468145"
"211640.0";"3.453044"
"211650.0";"3.595119"
"211660.0";"3.477894"
"211670.0";"3.476112"
"211680.0";"3.486921"
"211690.0";"3.525132"
"211700.0";"3.531849"
"211710.0";"3.535886"
"211720.0";"3.435862"
"211730.0";"3.480613"
"211740.0";"3.511714"
"211750.0";"3.370818"
"211760.0";"3.364584"
"211770.0";"3.319298"
"211780.0";"3.374697"
"211790.0";"3.451357"
"211800.0";"3.492214"
"211810.0";"3.438852"
"211820.0";"3.402646"
"211830.0";"3.445793"
"211840.0";"3.452978"
"211850.0";"3.529429"
"211860.0";"3.558102"
"211870.0";"3.535584"
"211880.0";"3.592463"
"211890.0";"3.607816"
"211900.0";"3.456305"
"211910.0";"3.484387"
"211920.0";"3.423981"
"211930.0";"3.659862"
"211940.0";"3.501382"
"211950.0";"3.516862"
"211960.0";"3.578926"
"211970.0";"3.494248"
"211980.0";"3.466754"
"211990.0";"3.407218"
"212000.0";"3.494768"
"212010.0";"3.493541"
"212020.0";"3.591"
"212030.0";"3.545533"
"212040.0";"3.558338"
"212050.0";"3.604552"
"212060.0";"3.524791"
"212070.0";"3.448017"
"212080.0";"3.540227"
"212090.0";"3.494042"
"212100.0";"3.516326"
"212110.0";"3.440389"
"212120.0";"3.533694"
"212130.0";"3.452976"
"212140.0";"3.456964"
"212150.0";"3.505509"
"212160.0";"3.513745"
"212170.0";"3.449094"
"212180.0";"3.409951"
"212190.0";"3.391579"
"212200.0";"3.433764"
"212210.0";"3.510279"
"212220.0";"3.441612"
"212230.0";"3.527142"
"212240.0";"3.436712"
"212250.0";"3.388409"
"212260.0";"3.427682"
"212270.0";"3.595794"
"212280.0";"3.438277"
"212290.0";"3.522013"
"212300.0";"3.457473"
"212310.0";"3.398529"
"212320.0";"3.459654"
"212330.0";"3.447039"
"212340.0";"3.450835"
"212350.0";"3.486531"
"212360.0";"3.469342"
"212370.0";"3.451194"
"212380.0";"3.424736"
"212390.0";"3.400063"
"212400.0";"3.48263"
"212410.0";"3.512444"
"212420.0";"3.417879"
"212430.0";"3.377898"
"212440.0";"3.278122"
"212450.0";"3.408304"
"212460.0";"3.405142"
"212470.0";"3.22813"
"212480.0";"3.383128"
"212490.0";"3.366169"
"212500.0";"3.390905"
"212510.0";"3.466629"
"212520.0";"3.394192"
"212530.0";"3.415605"
"212540.0";"3.267239"
"212550.0";"3.27502"
"212560.0";"3.246803"
"212570.0";"3.229556"
"212580.0";"3.234546"
"212590.0";"3.25961"
"212600.0";"3.338649"
"212610.0";"3.265687"
"212620.0";"3.275773"
"212630.0";"3.30212"
"212640.0";"3.425931"
"212650.0";"3.25007"
"212660.0";"3.322273"
"212670.0";"3.373765"
"212680.0";"3.437924"
"212690.0";"3.470069"
"212700.0";"3.327082"
"212710.0";"3.391403"
"212720.0";"3.406436"
"212730.0";"3.309804"
"212740.0";"3.352262"
"212750.0";"3.349916"
"212760.0";"3.335818"
"212770.0";"3.372494"
"212780.0";"3.339844"
"212790.0";"3.395324"
"212800.0";"3.329781"
"212810.0";"3.548644"
"212820.0";"3.317061"
"212830.0";"3.446936"
"212840.0";"3.323236"
"212850.0";"3.378461"
"212860.0";"3.283316"
"212870.0";"3.383386"
"212880.0";"3.359787"
"212890.0";"3.381913"
"212900.0";"3.275992"
"212910.0";"3.334721"
"212920.0";"3.32866"
"212930.0";"3.419329"
"212940.0";"3.342605"
"212950.0";"3.339728"
"212960.0";"3.350033"
"212970.0";"3.411539"
"212980.0";"3.389185"
"212990.0";"3.261916"
"213000.0";"3.300633"
"213010.0";"3.309406"
"213020.0";"3.378759"
"213030.0";"3.296498"
"213040.0";"3.301365"
"213050.0";"3.269327"
"213060.0";"3.341182"
"213070.0";"3.316122"
"213080.0";"3.307484"
"213090.0";"3.373501"
"213100.0";"3.363557"
"213110.0";"3.407924"
"213120.0";"3.367623"
"213130.0";"3.317601"
"213140.0";"3.346036"
"213150.0";"3.266468"
"213160.0";"3.334352"
"213170.0";"3.323497"
"213180.0";"3.397215"
"213190.0";"3.421088"
"213200.0";"3.324957"
"213210.0";"3.357844"
"213220.0";"3.346114"
"213230.0";"3.292612"
"213240.0";"3.385938"
"213250.0";"3.539846"
"213260.0";"3.607572"
"213270.0";"3.592551"
"213280.0";"3.648802"
"213290.0";"3.590065"
"213300.0";"3.485554"
"213310.0";"3.462183"
"213320.0";"3.537041"
"213330.0";"3.525148"
"213340.0";"3.525499"
"213350.0";"3.60344"
"213360.0";"3.437541"
"213370.0";"3.541023"
"213380.0";"3.552928"
"213390.0";"3.521044"
"213400.0";"3.58168"
"213410.0";"3.538946"
"213420.0";"3.552845"
"213430.0";"3.600623"
"213440.0";"3.566007"
"213450.0";"3.508785"
"213460.0";"3.599093"
"213470.0";"3.594864"
"213480.0";"3.558373"
"213490.0";"3.60453"
"213500.0";"3.483629"
"213510.0";"3.527046"
"213520.0";"3.596282"
"213530.0";"3.602259"
"213540.0";"3.590831"
"213550.0";"3.637936"
"213560.0";"3.69944"
"213570.0";"3.620457"
"213580.0";"3.624159"
"213590.0";"3.519226"
"213600.0";"3.571633"
"213610.0";"3.556244"
"213620.0";"3.575672"
"213630.0";"3.571526"
"213640.0";"3.506903"
"213650.0";"3.483009"
"213660.0";"3.52417"
"213670.0";"3.491334"
"213680.0";"3.536138"
"213690.0";"3.596424"
"213700.0";"3.518981"
"213710.0";"3.542398"
"213720.0";"3.564889"
"213730.0";"3.561127"
"213740.0";"3.622817"
"213750.0";"3.617353"
"213760.0";"3.612074"
"213770.0";"3.60689"
"213780.0";"3.659092"
"213790.0";"3.585174"
"213800.0";"3.705386"
"213810.0";"3.651248"
"213820.0";"3.650471"
"213830.0";"3.61805"
"213840.0";"3.596976"
"213850.0";"3.595636"
"213860.0";"3.599059"
"213870.0";"3.513229"
"213880.0";"3.519752"
"213890.0";"3.610433"
"213900.0";"3.570075"
"213910.0";"3.626975"
"213920.0";"3.570221"
"213930.0";"3.604161"
"213940.0";"3.628182"
"213950.0";"3.598289"
"213960.0";"3.514175"
"213970.0";"3.570801"
"213980.0";"3.558469"
"213990.0";"3.472796"
"214000.0";"3.587344"
"214010.0";"3.549491"
"214020.0";"3.470114"
"214030.0";"3.488021"
"214040.0";"3.542293"
"214050.0";"3.515083"
"214060.0";"3.543119"
"214070.0";"3.552115"
"214080.0";"3.520292"
"214090.0";"3.586379"
"214100.0";"3.452297"
"214110.0";"3.502394"
"214120.0";"3.577488"
"214130.0";"3.382157"
"214140.0";"3.594411"
"214150.0";"3.534142"
"214160.0";"3.575394"
"214170.0";"3.397392"
"214180.0";"3.529138"
"214190.0";"3.589287"
"214200.0";"3.51999"
"214210.0";"3.427223"
"214220.0";"3.428052"
"214230.0";"3.40148"
"214240.0";"3.418283"
"214250.0";"3.438112"
"214260.0";"3.475759"
"214270.0";"3.543599"
"214280.0";"3.597056"
"214290.0";"3.467065"
"214300.0";"3.441782"
"214310.0";"3.465445"
"214320.0";"3.377944"
"214330.0";"3.412853"
"214340.0";"3.384231"
"214350.0";"3.365317"
"214360.0";"3.422236"
"214370.0";"3.344243"
"214380.0";"3.362674"
"214390.0";"3.420736"
"214400.0";"3.365762"
"214410.0";"3.350938"
"214420.0";"3.435837"
"214430.0";"3.418417"
"214440.0";"3.303338"
"214450.0";"3.394641"
"214460.0";"3.297626"
"214470.0";"3.425623"
"214480.0";"3.36291"
"214490.0";"3.311613"
"214500.0";"3.375443"
"214510.0";"3.395785"
"214520.0";"3.374958"
"214530.0";"3.411731"
"214540.0";"3.441102"
"214550.0";"3.392111"
"214560.0";"3.350431"
"214570.0";"3.432031"
"214580.0";"3.401939"
"214590.0";"3.464119"
"214600.0";"3.409322"
"214610.0";"3.466129"
"214620.0";"3.340915"
"214630.0";"3.329668"
"214640.0";"3.326569"
"214650.0";"3.397309"
"214660.0";"3.403765"
"214670.0";"3.415169"
"214680.0";"3.454509"
"214690.0";"3.345708"
"214700.0";"3.431036"
"214710.0";"3.36389"
"214720.0";"3.356764"
"214730.0";"3.301996"
"214740.0";"3.374389"
"214750.0";"3.47149"
"214760.0";"3.457584"
"214770.0";"3.431846"
"214780.0";"3.348972"
"214790.0";"3.291677"
"214800.0";"3.336074"
"214810.0";"3.318421"
"214820.0";"3.31905"
"214830.0";"3.334398"
"214840.0";"3.367503"
"214850.0";"3.382579"
"214860.0";"3.270123"
"214870.0";"3.272244"
"214880.0";"3.285102"
"214890.0";"3.358486"
"214900.0";"3.286088"
"214910.0";"3.265309"
"214920.0";"3.282837"
"214930.0";"3.209469"
"214940.0";"3.240663"
"214950.0";"3.317315"
"214960.0";"3.238078"
"214970.0";"3.215541"
"214980.0";"3.306649"
"214990.0";"3.263077"
"215000.0";"3.246655"
"215010.0";"3.221029"
"215020.0";"3.284897"
"215030.0";"3.247446"
"215040.0";"3.239757"
"215050.0";"3.23122"
"215060.0";"3.296513"
"215070.0";"3.303335"
"215080.0";"3.29142"
"215090.0";"3.292888"
"215100.0";"3.277825"
"215110.0";"3.317146"
"215120.0";"3.309381"
"215130.0";"3.329539"
"215140.0";"3.38219"
"215150.0";"3.359351"
"215160.0";"3.310257"
"215170.0";"3.285264"
"215180.0";"3.298017"
"215190.0";"3.396447"
"215200.0";"3.342042"
"215210.0";"3.299965"
"215220.0";"3.357968"
"215230.0";"3.301175"
"215240.0";"3.305984"
"215250.0";"3.316298"
"215260.0";"3.360717"
"215270.0";"3.418"
"215280.0";"3.335746"
"215290.0";"3.444062"
"215300.0";"3.362771"
"215310.0";"3.305488"
"215320.0";"3.343998"
"215330.0";"3.35263"
"215340.0";"3.369003"
"215350.0";"3.40717"
"215360.0";"3.398538"
"215370.0";"3.315576"
"215380.0";"3.322125"
"215390.0";"3.398498"
"215400.0";"3.38534"
"215410.0";"3.427118"
"215420.0";"3.411996"
"215430.0";"3.455579"
"215440.0";"3.317816"
"215450.0";"3.373237"
"215460.0";"3.38862"
"215470.0";"3.42271"
"215480.0";"3.349934"
"215490.0";"3.410513"
"215500.0";"3.353774"
"215510.0";"3.346046"
"215520.0";"3.334698"
"215530.0";"3.289253"
"215540.0";"3.367988"
"215550.0";"3.407801"
"215560.0";"3.38369"
"215570.0";"3.421598"
"215580.0";"3.398122"
"215590.0";"3.381034"
"215600.0";"3.429758"
"215610.0";"3.279357"
"215620.0";"3.346234"
"215630.0";"3.365393"
"215640.0";"3.481408"
"215650.0";"3.494653"
"215660.0";"3.431526"
"215670.0";"3.421076"
"215680.0";"3.380776"
"215690.0";"3.414418"
"215700.0";"3.397818"
"215710.0";"3.438227"
"215720.0";"3.449554"
"215730.0";"3.46925"
"215740.0";"3.4587"
"215750.0";"3.429497"
"215760.0";"3.439561"
"215770.0";"3.341475"
"215780.0";"3.356855"
"215790.0";"3.41047"
"215800.0";"3.345934"
"215810.0";"3.330997"
"215820.0";"3.395638"
"215830.0";"3.378842"
"215840.0";"3.422964"
"215850.0";"3.38996"
"215860.0";"3.385096"
"215870.0";"3.474417"
"215880.0";"3.322123"
"215890.0";"3.446458"
"215900.0";"3.420237"
"215910.0";"3.396123"
"215920.0";"3.384565"
"215930.0";"3.426112"
"215940.0";"3.403458"
"215950.0";"3.428102"
"215960.0";"3.332227"
"215970.0";"3.437082"
"215980.0";"3.394411"
"215990.0";"3.374083"
"216000.0";"3.303009"
"216010.0";"3.287935"
"216020.0";"3.334788"
"216030.0";"3.350416"
"216040.0";"3.357993"
"216050.0";"3.359393"
"216060.0";"3.364622"
"216070.0";"3.354547"
"216080.0";"3.393784"
"216090.0";"3.397648"
"216100.0";"3.343956"
"216110.0";"3.396554"
"216120.0";"3.375811"
"216130.0";"3.38538"
"216140.0";"3.335544"
"216150.0";"3.315257"
"216160.0";"3.37894"
"216170.0";"3.343654"
"216180.0";"3.414206"
"216190.0";"3.349105"
"216200.0";"3.364876"
"216210.0";"3.425476"
"216220.0";"3.389852"
"216230.0";"3.347712"
"216240.0";"3.465568"
"216250.0";"3.370657"
"216260.0";"3.346831"
"216270.0";"3.391146"
"216280.0";"3.431463"
"216290.0";"3.335047"
"216300.0";"3.463931"
"216310.0";"3.43185"
"216320.0";"3.379098"
"216330.0";"3.4017"
"216340.0";"3.37705"
"216350.0";"3.449817"
"216360.0";"3.453024"
"216370.0";"3.406111"
"216380.0";"3.407719"
"216390.0";"3.438745"
"216400.0";"3.443281"
"216410.0";"3.402358"
"216420.0";"3.388655"
"216430.0";"3.363559"
"216440.0";"3.393864"
"216450.0";"3.365839"
"216460.0";"3.358768"
"216470.0";"3.381562"
"216480.0";"3.385694"
"216490.0";"3.385473"
"216500.0";"3.380805"
"216510.0";"3.364658"
"216520.0";"3.392498"
"216530.0";"3.422466"
"216540.0";"3.339092"
"216550.0";"3.405663"
"216560.0";"3.369846"
"216570.0";"3.391263"
"216580.0";"3.434232"
"216590.0";"3.403148"
"216600.0";"3.423318"
"216610.0";"3.42356"
"216620.0";"3.414651"
"216630.0";"3.34465"
"216640.0";"3.376083"
"216650.0";"3.376282"
"216660.0";"3.321901"
"216670.0";"3.333832"
"216680.0";"3.382065"
"216690.0";"3.336948"
"216700.0";"3.312984"
"216710.0";"3.401267"
"216720.0";"3.400337"
"216730.0";"3.352481"
"216740.0";"3.342837"
"216750.0";"3.325845"
"216760.0";"3.351913"
"216770.0";"3.419611"
"216780.0";"3.318808"
"216790.0";"3.364945"
"216800.0";"3.378603"
"216810.0";"3.404448"
"216820.0";"3.410788"
"216830.0";"3.370304"
"216840.0";"3.392847"
"216850.0";"3.347086"
"216860.0";"3.291044"
"216870.0";"3.337951"
"216880.0";"3.382531"
"216890.0";"3.397062"
"216900.0";"3.41702"
"216910.0";"3.415905"
"216920.0";"3.425893"
"216930.0";"3.386544"
"216940.0";"3.382926"
"216950.0";"3.341776"
"216960.0";"3.38447"
"216970.0";"3.363822"
"216980.0";"3.404622"
"216990.0";"3.317217"
"217000.0";"3.395968"
"217010.0";"3.44393"
"217020.0";"3.454762"
"217030.0";"3.454819"
"217040.0";"3.431183"
"217050.0";"3.454937"
"217060.0";"3.430494"
"217070.0";"3.382123"
"217080.0";"3.356563"
"217090.0";"3.368167"
"217100.0";"3.401031"
"217110.0";"3.354102"
"217120.0";"3.307801"
"217130.0";"3.335943"
"217140.0";"3.373305"
"217150.0";"3.388341"
"217160.0";"3.426234"
"217170.0";"3.368614"
"217180.0";"3.411433"
"217190.0";"3.396533"
"217200.0";"3.426365"
"217210.0";"3.391484"
"217220.0";"3.331703"
"217230.0";"3.339839"
"217240.0";"3.374365"
"217250.0";"3.45687"
"217260.0";"3.435768"
"217270.0";"3.321407"
"217280.0";"3.296132"
"217290.0";"3.308753"
"217300.0";"3.307872"
"217310.0";"3.376961"
"217320.0";"3.426004"
"217330.0";"3.415214"
"217340.0";"3.404123"
"217350.0";"3.347454"
"217360.0";"3.341171"
"217370.0";"3.43345"
"217380.0";"3.368682"
"217390.0";"3.43502"
"217400.0";"3.401886"
"217410.0";"3.353212"
"217420.0";"3.348882"
"217430.0";"3.365323"
"217440.0";"3.358263"
"217450.0";"3.360593"
"217460.0";"3.368871"
"217470.0";"3.396115"
"217480.0";"3.414179"
"217490.0";"3.326771"
"217500.0";"3.423525"
"217510.0";"3.330996"
"217520.0";"3.26898"
"217530.0";"3.353742"
"217540.0";"3.363086"
"217550.0";"3.322462"
"217560.0";"3.362938"
"217570.0";"3.441154"
"217580.0";"3.372285"
"217590.0";"3.431104"
"217600.0";"3.434562"
"217610.0";"3.437289"
"217620.0";"3.41641"
"217630.0";"3.395512"
"217640.0";"3.358284"
"217650.0";"3.508142"
"217660.0";"3.410775"
"217670.0";"3.420645"
"217680.0";"3.36319"
"217690.0";"3.397661"
"217700.0";"3.409982"
"217710.0";"3.479591"
"217720.0";"3.348196"
"217730.0";"3.326058"
"217740.0";"3.343023"
"217750.0";"3.323824"
"217760.0";"3.380807"
"217770.0";"3.348884"
"217780.0";"3.333321"
"217790.0";"3.376189"
"217800.0";"3.391412"
"217810.0";"3.456891"
"217820.0";"3.360761"
"217830.0";"3.359229"
"217840.0";"3.332124"
"217850.0";"3.299299"
"217860.0";"3.317756"
"217870.0";"3.389369"
"217880.0";"3.346948"
"217890.0";"3.359162"
"217900.0";"3.289925"
"217910.0";"3.335617"
"217920.0";"3.311756"
"217930.0";"3.364613"
"217940.0";"3.319707"
"217950.0";"3.33501"
"217960.0";"3.325742"
"217970.0";"3.348313"
"217980.0";"3.289876"
"217990.0";"3.301482"
"218000.0";"3.328927"
"218010.0";"3.378268"
"218020.0";"3.362856"
"218030.0";"3.380176"
"218040.0";"3.396322"
"218050.0";"3.33397"
"218060.0";"3.322384"
"218070.0";"3.4521"
"218080.0";"3.384366"
"218090.0";"3.320645"
"218100.0";"3.342179"
"218110.0";"3.37478"
"218120.0";"3.369977"
"218130.0";"3.361155"
"218140.0";"3.277506"
"218150.0";"3.284216"
"218160.0";"3.319288"
"218170.0";"3.418864"
"218180.0";"3.367492"
"218190.0";"3.383901"
"218200.0";"3.375825"
"218210.0";"3.326246"
"218220.0";"3.362533"
"218230.0";"3.355709"
"218240.0";"3.327731"
"218250.0";"3.293483"
"218260.0";"3.30093"
"218270.0";"3.283355"
"218280.0";"3.396092"
"218290.0";"3.257219"
"218300.0";"3.315166"
"218310.0";"3.38372"
"218320.0";"3.373496"
"218330.0";"3.303114"
"218340.0";"3.407807"
"218350.0";"3.35012"
"218360.0";"3.32084"
"218370.0";"3.331501"
"218380.0";"3.330586"
"218390.0";"3.339309"
"218400.0";"3.373755"
"218410.0";"3.342028"
"218420.0";"3.312717"
"218430.0";"3.32696"
"218440.0";"3.373557"
"218450.0";"3.326372"
"218460.0";"3.34667"
"218470.0";"3.383415"
"218480.0";"3.382359"
"218490.0";"3.345399"
"218500.0";"3.338275"
"218510.0";"3.353349"
"218520.0";"3.385185"
"218530.0";"3.417407"
"218540.0";"3.364593"
"218550.0";"3.414015"
"218560.0";"3.372603"
"218570.0";"3.323925"
"218580.0";"3.331964"
"218590.0";"3.365824"
"218600.0";"3.369481"
"218610.0";"3.295965"
"218620.0";"3.313122"
"218630.0";"3.315727"
"218640.0";"3.315078"
"218650.0";"3.265884"
"218660.0";"3.339157"
"218670.0";"3.313352"
"218680.0";"3.324459"
"218690.0";"3.332137"
"218700.0";"3.270938"
"218710.0";"3.239002"
"218720.0";"3.372084"
"218730.0";"3.332592"
"218740.0";"3.347481"
"218750.0";"3.298952"
"218760.0";"3.241595"
"218770.0";"3.316471"
"218780.0";"3.335503"
"218790.0";"3.311461"
"218800.0";"3.370015"
"218810.0";"3.36894"
"218820.0";"3.250859"
"218830.0";"3.320258"
"218840.0";"3.325546"
"218850.0";"3.244699"
"218860.0";"3.253854"
"218870.0";"3.273033"
"218880.0";"3.296322"
"218890.0";"3.335596"
"218900.0";"3.317757"
"218910.0";"3.332637"
"218920.0";"3.324088"
"218930.0";"3.368781"
"218940.0";"3.318932"
"218950.0";"3.302981"
"218960.0";"3.324422"
"218970.0";"3.38142"
"218980.0";"3.304547"
"218990.0";"3.309063"
"219000.0";"3.304536"
"219010.0";"3.425261"
"219020.0";"3.250268"
"219030.0";"3.325178"
"219040.0";"3.286506"
"219050.0";"3.283781"
"219060.0";"3.342676"
"219070.0";"3.328481"
"219080.0";"3.299956"
"219090.0";"3.281027"
"219100.0";"3.283968"
"219110.0";"3.377036"
"219120.0";"3.360239"
"219130.0";"3.314955"
"219140.0";"3.338669"
"219150.0";"3.314918"
"219160.0";"3.311834"
"219170.0";"3.393821"
"219180.0";"3.250488"
"219190.0";"3.290384"
"219200.0";"3.209733"
"219210.0";"3.292667"
"219220.0";"3.278329"
"219230.0";"3.31787"
"219240.0";"3.266937"
"219250.0";"3.30297"
"219260.0";"3.298908"
"219270.0";"3.275595"
"219280.0";"3.252474"
"219290.0";"3.328473"
"219300.0";"3.304593"
"219310.0";"3.36185"
"219320.0";"3.378655"
"219330.0";"3.364938"
"219340.0";"3.293036"
"219350.0";"3.379838"
"219360.0";"3.311345"
"219370.0";"3.237816"
"219380.0";"3.273829"
"219390.0";"3.371439"
"219400.0";"3.202813"
"219410.0";"3.219985"
"219420.0";"3.292118"
"219430.0";"3.293522"
"219440.0";"3.271767"
"219450.0";"3.153362"
"219460.0";"3.33138"
"219470.0";"3.287998"
"219480.0";"3.222922"
"219490.0";"3.284614"
"219500.0";"3.193404"
"219510.0";"3.227106"
"219520.0";"3.294916"
"219530.0";"3.283868"
"219540.0";"3.351182"
"219550.0";"3.321912"
"219560.0";"3.279794"
"219570.0";"3.233224"
"219580.0";"3.26317"
"219590.0";"3.26616"
"219600.0";"3.318479"
"219610.0";"3.276016"
"219620.0";"3.249403"
"219630.0";"3.300186"
"219640.0";"3.302466"
"219650.0";"3.298311"
"219660.0";"3.282264"
"219670.0";"3.244117"
"219680.0";"3.270754"
"219690.0";"3.255144"
"219700.0";"3.362051"
"219710.0";"3.281346"
"219720.0";"3.297798"
"219730.0";"3.226566"
"219740.0";"3.26707"
"219750.0";"3.265528"
"219760.0";"3.315791"
"219770.0";"3.306555"
"219780.0";"3.263064"
"219790.0";"3.292974"
"219800.0";"3.291137"
"219810.0";"3.310941"
"219820.0";"3.250618"
"219830.0";"3.244526"
"219840.0";"3.301828"
"219850.0";"3.240663"
"219860.0";"3.282929"
"219870.0";"3.249302"
"219880.0";"3.228481"
"219890.0";"3.297993"
"219900.0";"3.272615"
"219910.0";"3.240321"
"219920.0";"3.309053"
"219930.0";"3.208748"
"219940.0";"3.196677"
"219950.0";"3.216778"
"219960.0";"3.28907"
"219970.0";"3.231089"
"219980.0";"3.240835"
"219990.0";"3.255821"
"220000.0";"3.249932"
"220010.0";"3.256656"
"220020.0";"3.216632"
"220030.0";"3.164617"
"220040.0";"3.261072"
"220050.0";"3.244933"
"220060.0";"3.200925"
"220070.0";"3.283225"
"220080.0";"3.274464"
"220090.0";"3.23613"
"220100.0";"3.194104"
"220110.0";"3.217084"
"220120.0";"3.232646"
"220130.0";"3.225205"
"220140.0";"3.259383"
"220150.0";"3.323574"
"220160.0";"3.284272"
"220170.0";"3.317813"
"220180.0";"3.30433"
"220190.0";"3.219986"
"220200.0";"3.344265"
"220210.0";"3.214036"
"220220.0";"3.271783"
"220230.0";"3.250291"
"220240.0";"3.266338"
"220250.0";"3.296278"
"220260.0";"3.198991"
"220270.0";"3.306326"
"220280.0";"3.243914"
"220290.0";"3.236303"
"220300.0";"3.253581"
"220310.0";"3.258621"
"220320.0";"3.293136"
"220330.0";"3.259185"
"220340.0";"3.27208"
"220350.0";"3.201616"
"220360.0";"3.238001"
"220370.0";"3.261215"
"220380.0";"3.251586"
"220390.0";"3.224829"
"220400.0";"3.361722"
"220410.0";"3.275372"
"220420.0";"3.328545"
"220430.0";"3.284502"
"220440.0";"3.256989"
"220450.0";"3.245457"
"220460.0";"3.394276"
"220470.0";"3.243538"
"220480.0";"3.304213"
"220490.0";"3.299879"
"220500.0";"3.282654"
"220510.0";"3.312259"
"220520.0";"3.314867"
"220530.0";"3.293791"
"220540.0";"3.249028"
"220550.0";"3.300627"
"220560.0";"3.25305"
"220570.0";"3.31767"
"220580.0";"3.312747"
"220590.0";"3.298593"
"220600.0";"3.348023"
"220610.0";"3.302403"
"220620.0";"3.291165"
"220630.0";"3.268105"
"220640.0";"3.274781"
"220650.0";"3.32496"
"220660.0";"3.367021"
"220670.0";"3.23893"
"220680.0";"3.35644"
"220690.0";"3.241416"
"220700.0";"3.254596"
"220710.0";"3.282857"
"220720.0";"3.226642"
"220730.0";"3.222493"
"220740.0";"3.178579"
"220750.0";"3.221445"
"220760.0";"3.165941"
"220770.0";"3.142888"
"220780.0";"3.214381"
"220790.0";"3.187794"
"220800.0";"3.133496"
"220810.0";"3.216454"
"220820.0";"3.269133"
"220830.0";"3.189196"
"220840.0";"3.212748"
"220850.0";"3.259885"
"220860.0";"3.226753"
"220870.0";"3.275221"
"220880.0";"3.225379"
"220890.0";"3.229758"
"220900.0";"3.196538"
"220910.0";"3.285919"
"220920.0";"3.325054"
"220930.0";"3.234104"
"220940.0";"3.247838"
"220950.0";"3.232043"
"220960.0";"3.205644"
"220970.0";"3.244669"
"220980.0";"3.292803"
"220990.0";"3.289321"
"221000.0";"3.353358"
"221010.0";"3.320801"
"221020.0";"3.270562"
"221030.0";"3.272388"
"221040.0";"3.273789"
"221050.0";"3.252548"
"221060.0";"3.282558"
"221070.0";"3.248817"
"221080.0";"3.299865"
"221090.0";"3.321393"
"221100.0";"3.311187"
"221110.0";"3.25959"
"221120.0";"3.243333"
"221130.0";"3.234947"
"221140.0";"3.271624"
"221150.0";"3.238445"
"221160.0";"3.334113"
"221170.0";"3.26556"
"221180.0";"3.195874"
"221190.0";"3.265716"
"221200.0";"3.273868"
"221210.0";"3.250871"
"221220.0";"3.252556"
"221230.0";"3.276096"
"221240.0";"3.248597"
"221250.0";"3.215131"
"221260.0";"3.259899"
"221270.0";"3.271966"
"221280.0";"3.261817"
"221290.0";"3.253844"
"221300.0";"3.230301"
"221310.0";"3.279916"
"221320.0";"3.187757"
"221330.0";"3.2314"
"221340.0";"3.242106"
"221350.0";"3.289613"
"221360.0";"3.253554"
"221370.0";"3.290997"
"221380.0";"3.217718"
"221390.0";"3.204881"
"221400.0";"3.229274"
"221410.0";"3.345992"
"221420.0";"3.304197"
"221430.0";"3.446672"
"221440.0";"3.286133"
"221450.0";"3.309377"
"221460.0";"3.342323"
"221470.0";"3.342983"
"221480.0";"3.275448"
"221490.0";"3.257186"
"221500.0";"3.268305"
"221510.0";"3.278603"
"221520.0";"3.304182"
"221530.0";"3.310059"
"221540.0";"3.268316"
"221550.0";"3.375841"
"221560.0";"3.372835"
"221570.0";"3.260533"
"221580.0";"3.377597"
"221590.0";"3.294305"
"221600.0";"3.231937"
"221610.0";"3.199103"
"221620.0";"3.238661"
"221630.0";"3.241996"
"221640.0";"3.25536"
"221650.0";"3.287293"
"221660.0";"3.314054"
"221670.0";"3.26381"
"221680.0";"3.324284"
"221690.0";"3.30687"
"221700.0";"3.23423"
"221710.0";"3.308512"
"221720.0";"3.283955"
"221730.0";"3.262265"
"221740.0";"3.290741"
"221750.0";"3.346733"
"221760.0";"3.272072"
"221770.0";"3.259474"
"221780.0";"3.236251"
"221790.0";"3.223359"
"221800.0";"3.262853"
"221810.0";"3.343822"
"221820.0";"3.306562"
"221830.0";"3.288766"
"221840.0";"3.242387"
"221850.0";"3.360657"
"221860.0";"3.275025"
"221870.0";"3.318028"
"221880.0";"3.364725"
"221890.0";"3.327491"
"221900.0";"3.308819"
"221910.0";"3.320516"
"221920.0";"3.228395"
"221930.0";"3.309651"
"221940.0";"3.300063"
"221950.0";"3.374842"
"221960.0";"3.356936"
"221970.0";"3.411715"
"221980.0";"3.326807"
"221990.0";"3.279932"
"222000.0";"3.325807"
"222010.0";"3.414868"
"222020.0";"3.360265"
"222030.0";"3.380772"
"222040.0";"3.395893"
"222050.0";"3.379917"
"222060.0";"3.32769"
"222070.0";"3.286652"
"222080.0";"3.314188"
"222090.0";"3.300454"
"222100.0";"3.434109"
"222110.0";"3.258294"
"222120.0";"3.339439"
"222130.0";"3.388416"
"222140.0";"3.379626"
"222150.0";"3.369421"
"222160.0";"3.358617"
"222170.0";"3.293997"
"222180.0";"3.393828"
"222190.0";"3.323382"
"222200.0";"3.356458"
"222210.0";"3.370224"
"222220.0";"3.364955"
"222230.0";"3.355031"
"222240.0";"3.366462"
"222250.0";"3.388413"
"222260.0";"3.391865"
"222270.0";"3.431422"
"222280.0";"3.36688"
"222290.0";"3.356534"
"222300.0";"3.3635"
"222310.0";"3.317819"
"222320.0";"3.399626"
"222330.0";"3.405304"
"222340.0";"3.347612"
"222350.0";"3.310311"
"222360.0";"3.365628"
"222370.0";"3.387845"
"222380.0";"3.349341"
"222390.0";"3.42897"
"222400.0";"3.404263"
"222410.0";"3.342638"
"222420.0";"3.375498"
"222430.0";"3.317923"
"222440.0";"3.361797"
"222450.0";"3.35743"
"222460.0";"3.301214"
"222470.0";"3.351438"
"222480.0";"3.377751"
"222490.0";"3.397384"
"222500.0";"3.375744"
"222510.0";"3.34129"
"222520.0";"3.431303"
"222530.0";"3.434145"
"222540.0";"3.38985"
"222550.0";"3.337662"
"222560.0";"3.377548"
"222570.0";"3.397805"
"222580.0";"3.431646"
"222590.0";"3.498009"
"222600.0";"3.564373"
"222610.0";"3.400096"
"222620.0";"3.342149"
"222630.0";"3.405711"
"222640.0";"3.383486"
"222650.0";"3.384904"
"222660.0";"3.298897"
"222670.0";"3.31582"
"222680.0";"3.332746"
"222690.0";"3.335387"
"222700.0";"3.274479"
"222710.0";"3.384529"
"222720.0";"3.372524"
"222730.0";"3.329171"
"222740.0";"3.428295"
"222750.0";"3.377885"
"222760.0";"3.375118"
"222770.0";"3.313219"
"222780.0";"3.354201"
"222790.0";"3.355773"
"222800.0";"3.431053"
"222810.0";"3.439092"
"222820.0";"3.366606"
"222830.0";"3.40793"
"222840.0";"3.338302"
"222850.0";"3.327185"
"222860.0";"3.354104"
"222870.0";"3.316199"
"222880.0";"3.389457"
"222890.0";"3.271678"
"222900.0";"3.327932"
"222910.0";"3.376162"
"222920.0";"3.37365"
"222930.0";"3.369743"
"222940.0";"3.421956"
"222950.0";"3.453335"
"222960.0";"3.340948"
"222970.0";"3.361655"
"222980.0";"3.330215"
"222990.0";"3.319866"
"223000.0";"3.411618"
"223010.0";"3.422151"
"223020.0";"3.339679"
"223030.0";"3.382516"
"223040.0";"3.377791"
"223050.0";"3.382782"
"223060.0";"3.321238"
"223070.0";"3.282188"
"223080.0";"3.341207"
"223090.0";"3.263883"
"223100.0";"3.287362"
"223110.0";"3.295505"
"223120.0";"3.356649"
"223130.0";"3.332089"
"223140.0";"3.323329"
"223150.0";"3.33956"
"223160.0";"3.393631"
"223170.0";"3.364275"
"223180.0";"3.344263"
"223190.0";"3.282665"
"223200.0";"3.297659"
"223210.0";"3.270862"
"223220.0";"3.299076"
"223230.0";"3.272145"
"223240.0";"3.310513"
"223250.0";"3.260151"
"223260.0";"3.331369"
"223270.0";"3.367495"
"223280.0";"3.407576"
"223290.0";"3.317108"
"223300.0";"3.383447"
"223310.0";"3.261134"
"223320.0";"3.374051"
"223330.0";"3.324679"
"223340.0";"3.317055"
"223350.0";"3.376151"
"223360.0";"3.322998"
"223370.0";"3.310747"
"223380.0";"3.334354"
"223390.0";"3.306187"
"223400.0";"3.292584"
"223410.0";"3.336474"
"223420.0";"3.322833"
"223430.0";"3.321181"
"223440.0";"3.211998"
"223450.0";"3.266169"
"223460.0";"3.279577"
"223470.0";"3.25745"
"223480.0";"3.270845"
"223490.0";"3.322251"
"223500.0";"3.302541"
"223510.0";"3.290158"
"223520.0";"3.31789"
"223530.0";"3.293926"
"223540.0";"3.308685"
"223550.0";"3.260447"
"223560.0";"3.329915"
"223570.0";"3.30085"
"223580.0";"3.294371"
"223590.0";"3.345508"
"223600.0";"3.219501"
"223610.0";"3.238257"
"223620.0";"3.269237"
"223630.0";"3.307954"
"223640.0";"3.335425"
"223650.0";"3.337132"
"223660.0";"3.363167"
"223670.0";"3.255254"
"223680.0";"3.317284"
"223690.0";"3.389263"
"223700.0";"3.275111"
"223710.0";"3.319892"
"223720.0";"3.250587"
"223730.0";"3.298677"
"223740.0";"3.331371"
"223750.0";"3.381822"
"223760.0";"3.33494"
"223770.0";"3.311621"
"223780.0";"3.328716"
"223790.0";"3.288042"
"223800.0";"3.318374"
"223810.0";"3.244086"
"223820.0";"3.319851"
"223830.0";"3.303631"
"223840.0";"3.359645"
"223850.0";"3.283909"
"223860.0";"3.329321"
"223870.0";"3.407165"
"223880.0";"3.256056"
"223890.0";"3.34978"
"223900.0";"3.396207"
"223910.0";"3.287477"
"223920.0";"3.284277"
"223930.0";"3.27198"
"223940.0";"3.29798"
"223950.0";"3.39553"
"223960.0";"3.273246"
"223970.0";"3.28459"
"223980.0";"3.216687"
"223990.0";"3.253973"
"224000.0";"3.276818"
"224010.0";"3.332534"
"224020.0";"3.328282"
"224030.0";"3.391002"
"224040.0";"3.342136"
"224050.0";"3.304742"
"224060.0";"3.306119"
"224070.0";"3.369745"
"224080.0";"3.296263"
"224090.0";"3.228887"
"224100.0";"3.280747"
"224110.0";"3.32292"
"224120.0";"3.370477"
"224130.0";"3.332947"
"224140.0";"3.2394"
"224150.0";"3.341833"
"224160.0";"3.281941"
"224170.0";"3.332195"
"224180.0";"3.348259"
"224190.0";"3.333463"
"224200.0";"3.38943"
"224210.0";"3.364093"
"224220.0";"3.295021"
"224230.0";"3.279298"
"224240.0";"3.360648"
"224250.0";"3.373646"
"224260.0";"3.316092"
"224270.0";"3.322462"
"224280.0";"3.330211"
"224290.0";"3.343642"
"224300.0";"3.40342"
"224310.0";"3.400148"
"224320.0";"3.322831"
"224330.0";"3.353291"
"224340.0";"3.323978"
"224350.0";"3.322646"
"224360.0";"3.335972"
"224370.0";"3.3589"
"224380.0";"3.475474"
"224390.0";"3.382323"
"224400.0";"3.349197"
"224410.0";"3.384102"
"224420.0";"3.294721"
"224430.0";"3.329593"
"224440.0";"3.300913"
"224450.0";"3.355058"
"224460.0";"3.40823"
"224470.0";"3.34099"
"224480.0";"3.339276"
"224490.0";"3.393267"
"224500.0";"3.404486"
"224510.0";"3.386905"
"224520.0";"3.352556"
"224530.0";"3.422334"
"224540.0";"3.3653"
"224550.0";"3.371893"
"224560.0";"3.348778"
"224570.0";"3.363853"
"224580.0";"3.369175"
"224590.0";"3.387965"
"224600.0";"3.51079"
"224610.0";"3.336332"
"224620.0";"3.41775"
"224630.0";"3.426881"
"224640.0";"3.399801"
"224650.0";"3.352405"
"224660.0";"3.294719"
"224670.0";"3.419167"
"224680.0";"3.303159"
"224690.0";"3.34545"
"224700.0";"3.399635"
"224710.0";"3.340917"
"224720.0";"3.317073"
"224730.0";"3.345342"
"224740.0";"3.316307"
"224750.0";"3.305233"
"224760.0";"3.307136"
"224770.0";"3.333069"
"224780.0";"3.404052"
"224790.0";"3.35255"
"224800.0";"3.366102"
"224810.0";"3.404526"
"224820.0";"3.330102"
"224830.0";"3.342142"
"224840.0";"3.363616"
"224850.0";"3.338576"
"224860.0";"3.310506"
"224870.0";"3.335611"
"224880.0";"3.342639"
"224890.0";"3.364106"
"224900.0";"3.287697"
"224910.0";"3.3398"
"224920.0";"3.351922"
"224930.0";"3.324419"
"224940.0";"3.364414"
"224950.0";"3.297862"
"224960.0";"3.418308"
"224970.0";"3.391603"
"224980.0";"3.374638"
"224990.0";"3.327726"
"225000.0";"3.371436"
"225010.0";"3.39502"
"225020.0";"3.315065"
"225030.0";"3.40549"
"225040.0";"3.268163"
"225050.0";"3.38544"
"225060.0";"3.359073"
"225070.0";"3.393921"
"225080.0";"3.350241"
"225090.0";"3.31937"
"225100.0";"3.324193"
"225110.0";"3.342511"
"225120.0";"3.332283"
"225130.0";"3.21612"
"225140.0";"3.305161"
"225150.0";"3.312536"
"225160.0";"3.288444"
"225170.0";"3.289336"
"225180.0";"3.306436"
"225190.0";"3.410699"
"225200.0";"3.430159"
"225210.0";"3.412749"
"225220.0";"3.380929"
"225230.0";"3.346245"
"225240.0";"3.41599"
"225250.0";"3.413458"
"225260.0";"3.326663"
"225270.0";"3.314989"
"225280.0";"3.414505"
"225290.0";"3.448684"
"225300.0";"3.429648"
"225310.0";"3.375513"
"225320.0";"3.383966"
"225330.0";"3.412431"
"225340.0";"3.327736"
"225350.0";"3.323531"
"225360.0";"3.385929"
"225370.0";"3.332969"
"225380.0";"3.400209"
"225390.0";"3.241978"
"225400.0";"3.302109"
"225410.0";"3.345791"
"225420.0";"3.287698"
"225430.0";"3.328335"
"225440.0";"3.277145"
"225450.0";"3.362513"
"225460.0";"3.368187"
"225470.0";"3.417273"
"225480.0";"3.37692"
"225490.0";"3.423779"
"225500.0";"3.356766"
"225510.0";"3.395356"
"225520.0";"3.355311"
"225530.0";"3.319273"
"225540.0";"3.358134"
"225550.0";"3.353347"
"225560.0";"3.379287"
"225570.0";"3.372225"
"225580.0";"3.402464"
"225590.0";"3.384246"
"225600.0";"3.32363"
"225610.0";"3.313661"
"225620.0";"3.399365"
"225630.0";"3.343156"
"225640.0";"3.390654"
"225650.0";"3.325183"
"225660.0";"3.350368"
"225670.0";"3.381594"
"225680.0";"3.322258"
"225690.0";"3.279307"
"225700.0";"3.329768"
"225710.0";"3.333355"
"225720.0";"3.292211"
"225730.0";"3.35572"
"225740.0";"3.345558"
"225750.0";"3.443075"
"225760.0";"3.394703"
"225770.0";"3.368167"
"225780.0";"3.339296"
"225790.0";"3.331887"
"225800.0";"3.302325"
"225810.0";"3.371166"
"225820.0";"3.375352"
"225830.0";"3.292582"
"225840.0";"3.351501"
"225850.0";"3.313528"
"225860.0";"3.280581"
"225870.0";"3.365886"
"225880.0";"3.417325"
"225890.0";"3.364239"
"225900.0";"3.326732"
"225910.0";"3.275608"
"225920.0";"3.329652"
"225930.0";"3.402789"
"225940.0";"3.393989"
"225950.0";"3.414019"
"225960.0";"3.331744"
"225970.0";"3.378772"
"225980.0";"3.390873"
"225990.0";"3.344555"
"226000.0";"3.428329"
"226010.0";"3.364929"
"226020.0";"3.402486"
"226030.0";"3.410182"
"226040.0";"3.367527"
"226050.0";"3.375968"
"226060.0";"3.322685"
"226070.0";"3.410132"
"226080.0";"3.426907"
"226090.0";"3.392895"
"226100.0";"3.490892"
"226110.0";"3.384744"
"226120.0";"3.365126"
"226130.0";"3.41715"
"226140.0";"3.39216"
"226150.0";"3.416466"
"226160.0";"3.39847"
"226170.0";"3.44205"
"226180.0";"3.403742"
"226190.0";"3.394975"
"226200.0";"3.3599"
"226210.0";"3.397916"
"226220.0";"3.437705"
"226230.0";"3.376153"
"226240.0";"3.371044"
"226250.0";"3.390796"
"226260.0";"3.434993"
"226270.0";"3.40724"
"226280.0";"3.358213"
"226290.0";"3.44733"
"226300.0";"3.310966"
"226310.0";"3.424919"
"226320.0";"3.30043"
"226330.0";"3.408251"
"226340.0";"3.4071"
"226350.0";"3.360814"
"226360.0";"3.363958"
"226370.0";"3.419228"
"226380.0";"3.44269"
"226390.0";"3.338376"
"226400.0";"3.387604"
"226410.0";"3.445977"
"226420.0";"3.370235"
"226430.0";"3.343889"
"226440.0";"3.364413"
"226450.0";"3.356259"
"226460.0";"3.34621"
"226470.0";"3.316078"
"226480.0";"3.253857"
"226490.0";"3.295874"
"226500.0";"3.277881"
"226510.0";"3.374646"
"226520.0";"3.273512"
"226530.0";"3.343209"
"226540.0";"3.33949"
"226550.0";"3.322785"
"226560.0";"3.350506"
"226570.0";"3.29035"
"226580.0";"3.305533"
"226590.0";"3.340113"
"226600.0";"3.383288"
"226610.0";"3.38042"
"226620.0";"3.345461"
"226630.0";"3.363362"
"226640.0";"3.285564"
"226650.0";"3.340497"
"226660.0";"3.367318"
"226670.0";"3.381392"
"226680.0";"3.405837"
"226690.0";"3.393595"
"226700.0";"3.389485"
"226710.0";"3.433508"
"226720.0";"3.41499"
"226730.0";"3.316342"
"226740.0";"3.325617"
"226750.0";"3.347978"
"226760.0";"3.392668"
"226770.0";"3.371406"
"226780.0";"3.312178"
"226790.0";"3.349094"
"226800.0";"3.354103"
"226810.0";"3.288436"
"226820.0";"3.306578"
"226830.0";"3.365046"
"226840.0";"3.384005"
"226850.0";"3.340006"
"226860.0";"3.401558"
"226870.0";"3.376228"
"226880.0";"3.407541"
"226890.0";"3.312035"
"226900.0";"3.363858"
"226910.0";"3.340822"
"226920.0";"3.25686"
"226930.0";"3.279492"
"226940.0";"3.255127"
"226950.0";"3.241078"
"226960.0";"3.334584"
"226970.0";"3.397979"
"226980.0";"3.247691"
"226990.0";"3.276088"
"227000.0";"3.271952"
"227010.0";"3.292793"
"227020.0";"3.273638"
"227030.0";"3.311577"
"227040.0";"3.306715"
"227050.0";"3.357622"
"227060.0";"3.393823"
"227070.0";"3.405354"
"227080.0";"3.36054"
"227090.0";"3.344486"
"227100.0";"3.286835"
"227110.0";"3.311244"
"227120.0";"3.43776"
"227130.0";"3.381066"
"227140.0";"3.325869"
"227150.0";"3.36675"
"227160.0";"3.391212"
"227170.0";"3.385905"
"227180.0";"3.395467"
"227190.0";"3.330189"
"227200.0";"3.429245"
"227210.0";"3.288466"
"227220.0";"3.300851"
"227230.0";"3.300715"
"227240.0";"3.380374"
"227250.0";"3.449771"
"227260.0";"3.290222"
"227270.0";"3.351233"
"227280.0";"3.389853"
"227290.0";"3.30628"
"227300.0";"3.359434"
"227310.0";"3.449456"
"227320.0";"3.421721"
"227330.0";"3.363268"
"227340.0";"3.297408"
"227350.0";"3.382475"
"227360.0";"3.402143"
"227370.0";"3.320859"
"227380.0";"3.370451"
"227390.0";"3.352254"
"227400.0";"3.307356"
"227410.0";"3.362707"
"227420.0";"3.391319"
"227430.0";"3.415102"
"227440.0";"3.304938"
"227450.0";"3.415138"
"227460.0";"3.377102"
"227470.0";"3.346862"
"227480.0";"3.303557"
"227490.0";"3.379818"
"227500.0";"3.380403"
"227510.0";"3.419223"
"227520.0";"3.290443"
"227530.0";"3.328874"
"227540.0";"3.404305"
"227550.0";"3.366409"
"227560.0";"3.356843"
"227570.0";"3.390985"
"227580.0";"3.408137"
"227590.0";"3.38033"
"227600.0";"3.281317"
"227610.0";"3.332538"
"227620.0";"3.400961"
"227630.0";"3.453263"
"227640.0";"3.442896"
"227650.0";"3.347929"
"227660.0";"3.351691"
"227670.0";"3.378042"
"227680.0";"3.436252"
"227690.0";"3.394182"
"227700.0";"3.372875"
"227710.0";"3.317029"
"227720.0";"3.360951"
"227730.0";"3.396576"
"227740.0";"3.317355"
"227750.0";"3.400114"
"227760.0";"3.338339"
"227770.0";"3.367222"
"227780.0";"3.363876"
"227790.0";"3.35521"
"227800.0";"3.440773"
"227810.0";"3.41681"
"227820.0";"3.453058"
"227830.0";"3.388121"
"227840.0";"3.381685"
"227850.0";"3.346205"
"227860.0";"3.372831"
"227870.0";"3.263372"
"227880.0";"3.353203"
"227890.0";"3.321721"
"227900.0";"3.355641"
"227910.0";"3.325486"
"227920.0";"3.310475"
"227930.0";"3.378994"
"227940.0";"3.336615"
"227950.0";"3.301553"
"227960.0";"3.323706"
"227970.0";"3.40837"
"227980.0";"3.39217"
"227990.0";"3.42241"
"228000.0";"3.469535"
"228010.0";"3.399316"
"228020.0";"3.402606"
"228030.0";"3.419674"
"228040.0";"3.367004"
"228050.0";"3.465057"
"228060.0";"3.497008"
"228070.0";"3.38664"
"228080.0";"3.403055"
"228090.0";"3.300514"
"228100.0";"3.340028"
"228110.0";"3.397808"
"228120.0";"3.355129"
"228130.0";"3.379244"
"228140.0";"3.384552"
"228150.0";"3.374039"
"228160.0";"3.296461"
"228170.0";"3.340114"
"228180.0";"3.345378"
"228190.0";"3.329734"
"228200.0";"3.358291"
"228210.0";"3.339196"
"228220.0";"3.279524"
"228230.0";"3.35669"
"228240.0";"3.36235"
"228250.0";"3.428823"
"228260.0";"3.35039"
"228270.0";"3.390939"
"228280.0";"3.373344"
"228290.0";"3.430647"
"228300.0";"3.301331"
"228310.0";"3.32895"
"228320.0";"3.362543"
"228330.0";"3.372344"
"228340.0";"3.378128"
"228350.0";"3.36505"
"228360.0";"3.347188"
"228370.0";"3.357711"
"228380.0";"3.353878"
"228390.0";"3.381659"
"228400.0";"3.378924"
"228410.0";"3.391122"
"228420.0";"3.346851"
"228430.0";"3.340561"
"228440.0";"3.294633"
"228450.0";"3.299684"
"228460.0";"3.364256"
"228470.0";"3.380209"
"228480.0";"3.409428"
"228490.0";"3.395853"
"228500.0";"3.409352"
"228510.0";"3.358415"
"228520.0";"3.462581"
"228530.0";"3.340439"
"228540.0";"3.394634"
"228550.0";"3.345778"
"228560.0";"3.3327"
"228570.0";"3.390076"
"228580.0";"3.35942"
"228590.0";"3.410744"
"228600.0";"3.370413"
"228610.0";"3.333554"
"228620.0";"3.364126"
"228630.0";"3.366868"
"228640.0";"3.366598"
"228650.0";"3.319816"
"228660.0";"3.322419"
"228670.0";"3.403956"
"228680.0";"3.355967"
"228690.0";"3.354805"
"228700.0";"3.304056"
"228710.0";"3.305096"
"228720.0";"3.338878"
"228730.0";"3.284442"
"228740.0";"3.303411"
"228750.0";"3.343118"
"228760.0";"3.322317"
"228770.0";"3.259168"
"228780.0";"3.304377"
"228790.0";"3.311435"
"228800.0";"3.319383"
"228810.0";"3.337763"
"228820.0";"3.342933"
"228830.0";"3.317587"
"228840.0";"3.280467"
"228850.0";"3.278804"
"228860.0";"3.326041"
"228870.0";"3.293773"
"228880.0";"3.355026"
"228890.0";"3.343706"
"228900.0";"3.364727"
"228910.0";"3.41637"
"228920.0";"3.384751"
"228930.0";"3.519206"
"228940.0";"3.335716"
"228950.0";"3.437071"
"228960.0";"3.338759"
"228970.0";"3.374993"
"228980.0";"3.294739"
"228990.0";"3.347457"
"229000.0";"3.328801"
"229010.0";"3.327625"
"229020.0";"3.371181"
"229030.0";"3.351989"
"229040.0";"3.336784"
"229050.0";"3.317897"
"229060.0";"3.302542"
"229070.0";"3.311524"
"229080.0";"3.319966"
"229090.0";"3.370705"
"229100.0";"3.320717"
"229110.0";"3.318341"
"229120.0";"3.309836"
"229130.0";"3.282227"
"229140.0";"3.366169"
"229150.0";"3.278466"
"229160.0";"3.340811"
"229170.0";"3.277253"
"229180.0";"3.313187"
"229190.0";"3.314711"
"229200.0";"3.289663"
"229210.0";"3.370298"
"229220.0";"3.266444"
"229230.0";"3.259955"
"229240.0";"3.34371"
"229250.0";"3.318536"
"229260.0";"3.33428"
"229270.0";"3.316654"
"229280.0";"3.283159"
"229290.0";"3.306679"
"229300.0";"3.320236"
"229310.0";"3.308115"
"229320.0";"3.321535"
"229330.0";"3.302912"
"229340.0";"3.348444"
"229350.0";"3.3413"
"229360.0";"3.301382"
"229370.0";"3.270387"
"229380.0";"3.241004"
"229390.0";"3.321618"
"229400.0";"3.303132"
"229410.0";"3.296161"
"229420.0";"3.308035"
"229430.0";"3.198656"
"229440.0";"3.330076"
"229450.0";"3.351589"
"229460.0";"3.350685"
"229470.0";"3.379124"
"229480.0";"3.324138"
"229490.0";"3.294044"
"229500.0";"3.243583"
"229510.0";"3.180974"
"229520.0";"3.275129"
"229530.0";"3.268726"
"229540.0";"3.259856"
"229550.0";"3.256921"
"229560.0";"3.409587"
"229570.0";"3.304741"
"229580.0";"3.351972"
"229590.0";"3.348366"
"229600.0";"3.421752"
"229610.0";"3.354319"
"229620.0";"3.313411"
"229630.0";"3.324341"
"229640.0";"3.324622"
"229650.0";"3.318448"
"229660.0";"3.371794"
"229670.0";"3.323921"
"229680.0";"3.360712"
"229690.0";"3.380636"
"229700.0";"3.370444"
"229710.0";"3.209269"
"229720.0";"3.201654"
"229730.0";"3.278263"
"229740.0";"3.37325"
"229750.0";"3.270993"
"229760.0";"3.319803"
"229770.0";"3.271883"
"229780.0";"3.306011"
"229790.0";"3.366063"
"229800.0";"3.307662"
"229810.0";"3.328918"
"229820.0";"3.320403"
"229830.0";"3.303357"
"229840.0";"3.31752"
"229850.0";"3.344131"
"229860.0";"3.295606"
"229870.0";"3.319981"
"229880.0";"3.389047"
"229890.0";"3.363784"
"229900.0";"3.389101"
"229910.0";"3.343004"
"229920.0";"3.3842"
"229930.0";"3.348243"
"229940.0";"3.291337"
"229950.0";"3.324906"
"229960.0";"3.309347"
"229970.0";"3.263175"
"229980.0";"3.344393"
"229990.0";"3.281612"
"230000.0";"3.300386"
"230010.0";"3.303989"
"230020.0";"3.305255"
"230030.0";"3.281838"
"230040.0";"3.358411"
"230050.0";"3.278837"
"230060.0";"3.345953"
"230070.0";"3.344171"
"230080.0";"3.329755"
"230090.0";"3.292937"
"230100.0";"3.329535"
"230110.0";"3.30101"
"230120.0";"3.249418"
"230130.0";"3.265868"
"230140.0";"3.305679"
"230150.0";"3.26261"
"230160.0";"3.257154"
"230170.0";"3.324481"
"230180.0";"3.3217"
"230190.0";"3.324047"
"230200.0";"3.316789"
"230210.0";"3.398292"
"230220.0";"3.297009"
"230230.0";"3.304878"
"230240.0";"3.287061"
"230250.0";"3.325715"
"230260.0";"3.310956"
"230270.0";"3.431485"
"230280.0";"3.323972"
"230290.0";"3.378704"
"230300.0";"3.341071"
"230310.0";"3.347221"
"230320.0";"3.312722"
"230330.0";"3.3448"
"230340.0";"3.302381"
"230350.0";"3.333736"
"230360.0";"3.28656"
"230370.0";"3.334453"
"230380.0";"3.379267"
"230390.0";"3.33654"
"230400.0";"3.356394"
"230410.0";"3.355155"
"230420.0";"3.311524"
"230430.0";"3.333905"
"230440.0";"3.379413"
"230450.0";"3.275827"
"230460.0";"3.348022"
"230470.0";"3.333129"
"230480.0";"3.270624"
"230490.0";"3.307534"
"230500.0";"3.307513"
"230510.0";"3.266843"
"230520.0";"3.329546"
"230530.0";"3.364612"
"230540.0";"3.326072"
"230550.0";"3.341312"
"230560.0";"3.321937"
"230570.0";"3.282646"
"230580.0";"3.286433"
"230590.0";"3.373491"
"230600.0";"3.246758"
"230610.0";"3.291165"
"230620.0";"3.331527"
"230630.0";"3.376177"
"230640.0";"3.380903"
"230650.0";"3.425455"
"230660.0";"3.272916"
"230670.0";"3.400546"
"230680.0";"3.321708"
"230690.0";"3.415247"
"230700.0";"3.377014"
"230710.0";"3.363107"
"230720.0";"3.303265"
"230730.0";"3.286636"
"230740.0";"3.401382"
"230750.0";"3.344229"
"230760.0";"3.28563"
"230770.0";"3.268543"
"230780.0";"3.262866"
"230790.0";"3.257242"
"230800.0";"3.354564"
"230810.0";"3.299804"
"230820.0";"3.303291"
"230830.0";"3.347288"
"230840.0";"3.321533"
"230850.0";"3.364726"
"230860.0";"3.323513"
"230870.0";"3.24796"
"230880.0";"3.28097"
"230890.0";"3.278882"
"230900.0";"3.29006"
"230910.0";"3.230927"
"230920.0";"3.344011"
"230930.0";"3.28743"
"230940.0";"3.271962"
"230950.0";"3.278018"
"230960.0";"3.363131"
"230970.0";"3.303121"
"230980.0";"3.308691"
"230990.0";"3.272101"
"231000.0";"3.32994"
"231010.0";"3.311521"
"231020.0";"3.30221"
"231030.0";"3.263316"
"231040.0";"3.311367"
"231050.0";"3.289133"
"231060.0";"3.32127"
"231070.0";"3.303916"
"231080.0";"3.306273"
"231090.0";"3.282404"
"231100.0";"3.324795"
"231110.0";"3.271263"
"231120.0";"3.371513"
"231130.0";"3.340221"
"231140.0";"3.33678"
"231150.0";"3.39789"
"231160.0";"3.357691"
"231170.0";"3.33925"
"231180.0";"3.339368"
"231190.0";"3.307424"
"231200.0";"3.284503"
"231210.0";"3.286405"
"231220.0";"3.279751"
"231230.0";"3.302047"
"231240.0";"3.326442"
"231250.0";"3.325656"
"231260.0";"3.36972"
"231270.0";"3.364673"
"231280.0";"3.40949"
"231290.0";"3.360412"
"231300.0";"3.40407"
"231310.0";"3.347641"
"231320.0";"3.369561"
"231330.0";"3.332347"
"231340.0";"3.368307"
"231350.0";"3.335832"
"231360.0";"3.372969"
"231370.0";"3.348517"
"231380.0";"3.335796"
"231390.0";"3.340925"
"231400.0";"3.309614"
"231410.0";"3.274946"
"231420.0";"3.253239"
"231430.0";"3.278285"
"231440.0";"3.305137"
"231450.0";"3.27825"
"231460.0";"3.280774"
"231470.0";"3.280515"
"231480.0";"3.312672"
"231490.0";"3.317595"
"231500.0";"3.32758"
"231510.0";"3.300704"
"231520.0";"3.275326"
"231530.0";"3.318486"
"231540.0";"3.287939"
"231550.0";"3.352324"
"231560.0";"3.281306"
"231570.0";"3.290889"
"231580.0";"3.304798"
"231590.0";"3.303193"
"231600.0";"3.273185"
"231610.0";"3.320505"
"231620.0";"3.355203"
"231630.0";"3.363706"
"231640.0";"3.349815"
"231650.0";"3.372743"
"231660.0";"3.410863"
"231670.0";"3.369586"
"231680.0";"3.314889"
"231690.0";"3.359476"
"231700.0";"3.32587"
"231710.0";"3.346511"
"231720.0";"3.325047"
"231730.0";"3.404583"
"231740.0";"3.274148"
"231750.0";"3.346256"
"231760.0";"3.364283"
"231770.0";"3.338835"
"231780.0";"3.385669"
"231790.0";"3.299938"
"231800.0";"3.325533"
"231810.0";"3.340157"
"231820.0";"3.375029"
"231830.0";"3.394298"
"231840.0";"3.379227"
"231850.0";"3.377723"
"231860.0";"3.344544"
"231870.0";"3.383005"
"231880.0";"3.303328"
"231890.0";"3.336858"
"231900.0";"3.319673"
"231910.0";"3.303475"
"231920.0";"3.349498"
"231930.0";"3.380033"
"231940.0";"3.32049"
"231950.0";"3.426075"
"231960.0";"3.38203"
"231970.0";"3.342792"
"231980.0";"3.331894"
"231990.0";"3.366445"
"232000.0";"3.376195"
"232010.0";"3.356615"
"232020.0";"3.36546"
"232030.0";"3.352878"
"232040.0";"3.366558"
"232050.0";"3.312087"
"232060.0";"3.326766"
"232070.0";"3.346457"
"232080.0";"3.297273"
"232090.0";"3.35569"
"232100.0";"3.370686"
"232110.0";"3.356711"
"232120.0";"3.340215"
"232130.0";"3.335272"
"232140.0";"3.328934"
"232150.0";"3.315452"
"232160.0";"3.318105"
"232170.0";"3.294601"
"232180.0";"3.41504"
"232190.0";"3.380004"
"232200.0";"3.387116"
"232210.0";"3.313234"
"232220.0";"3.365707"
"232230.0";"3.291412"
"232240.0";"3.362454"
"232250.0";"3.286103"
"232260.0";"3.366744"
"232270.0";"3.354422"
"232280.0";"3.399641"
"232290.0";"3.388241"
"232300.0";"3.340997"
"232310.0";"3.293467"
"232320.0";"3.398018"
"232330.0";"3.361833"
"232340.0";"3.403375"
"232350.0";"3.364321"
"232360.0";"3.334445"
"232370.0";"3.352171"
"232380.0";"3.374104"
"232390.0";"3.288041"
"232400.0";"3.362174"
"232410.0";"3.346194"
"232420.0";"3.382067"
"232430.0";"3.301479"
"232440.0";"3.302215"
"232450.0";"3.355673"
"232460.0";"3.360548"
"232470.0";"3.370134"
"232480.0";"3.351996"
"232490.0";"3.355877"
"232500.0";"3.361943"
"232510.0";"3.330106"
"232520.0";"3.272799"
"232530.0";"3.342852"
"232540.0";"3.333492"
"232550.0";"3.350859"
"232560.0";"3.416113"
"232570.0";"3.347465"
"232580.0";"3.408365"
"232590.0";"3.414948"
"232600.0";"3.430606"
"232610.0";"3.403986"
"232620.0";"3.36559"
"232630.0";"3.298523"
"232640.0";"3.322796"
"232650.0";"3.36011"
"232660.0";"3.394118"
"232670.0";"3.315831"
"232680.0";"3.330684"
"232690.0";"3.342491"
"232700.0";"3.3731"
"232710.0";"3.327761"
"232720.0";"3.328559"
"232730.0";"3.375079"
"232740.0";"3.38914"
"232750.0";"3.248028"
"232760.0";"3.30897"
"232770.0";"3.297983"
"232780.0";"3.315905"
"232790.0";"3.317895"
"232800.0";"3.38304"
"232810.0";"3.301491"
"232820.0";"3.41041"
"232830.0";"3.307167"
"232840.0";"3.365355"
"232850.0";"3.283109"
"232860.0";"3.306294"
"232870.0";"3.273955"
"232880.0";"3.366977"
"232890.0";"3.271692"
"232900.0";"3.33729"
"232910.0";"3.369698"
"232920.0";"3.382838"
"232930.0";"3.362679"
"232940.0";"3.417633"
"232950.0";"3.36591"
"232960.0";"3.371859"
"232970.0";"3.341403"
"232980.0";"3.382769"
"232990.0";"3.330992"
"233000.0";"3.340754"
"233010.0";"3.340015"
"233020.0";"3.305193"
"233030.0";"3.318666"
"233040.0";"3.269045"
"233050.0";"3.333786"
"233060.0";"3.315492"
"233070.0";"3.349817"
"233080.0";"3.374061"
"233090.0";"3.29153"
"233100.0";"3.303841"
"233110.0";"3.312678"
"233120.0";"3.320081"
"233130.0";"3.30579"
"233140.0";"3.312649"
"233150.0";"3.294358"
"233160.0";"3.252435"
"233170.0";"3.290824"
"233180.0";"3.298226"
"233190.0";"3.330716"
"233200.0";"3.30033"
"233210.0";"3.408998"
"233220.0";"3.406094"
"233230.0";"3.355634"
"233240.0";"3.350382"
"233250.0";"3.325123"
"233260.0";"3.378187"
"233270.0";"3.318603"
"233280.0";"3.365391"
"233290.0";"3.282018"
"233300.0";"3.321707"
"233310.0";"3.392395"
"233320.0";"3.361073"
"233330.0";"3.354553"
"233340.0";"3.351325"
"233350.0";"3.355719"
"233360.0";"3.34712"
"233370.0";"3.293928"
"233380.0";"3.352398"
"233390.0";"3.258837"
"233400.0";"3.301701"
"233410.0";"3.405627"
"233420.0";"3.43549"
"233430.0";"3.451589"
"233440.0";"3.366722"
"233450.0";"3.374539"
"233460.0";"3.341249"
"233470.0";"3.444102"
"233480.0";"3.30967"
"233490.0";"3.345654"
"233500.0";"3.339489"
"233510.0";"3.351206"
"233520.0";"3.310179"
"233530.0";"3.371152"
"233540.0";"3.383773"
"233550.0";"3.306585"
"233560.0";"3.375588"
"233570.0";"3.378441"
"233580.0";"3.312808"
"233590.0";"3.318222"
"233600.0";"3.316028"
"233610.0";"3.384057"
"233620.0";"3.375494"
"233630.0";"3.327068"
"233640.0";"3.300388"
"233650.0";"3.338578"
"233660.0";"3.384066"
"233670.0";"3.393044"
"233680.0";"3.343316"
"233690.0";"3.345472"
"233700.0";"3.311939"
"233710.0";"3.284883"
"233720.0";"3.347125"
"233730.0";"3.405843"
"233740.0";"3.281449"
"233750.0";"3.355511"
"233760.0";"3.318837"
"233770.0";"3.378746"
"233780.0";"3.376612"
"233790.0";"3.324598"
"233800.0";"3.302812"
"233810.0";"3.35122"
"233820.0";"3.354206"
"233830.0";"3.363054"
"233840.0";"3.351537"
"233850.0";"3.35719"
"233860.0";"3.340581"
"233870.0";"3.314816"
"233880.0";"3.384575"
"233890.0";"3.293259"
"233900.0";"3.389297"
"233910.0";"3.399232"
"233920.0";"3.442541"
"233930.0";"3.431908"
"233940.0";"3.325747"
"233950.0";"3.348767"
"233960.0";"3.374998"
"233970.0";"3.353188"
"233980.0";"3.332291"
"233990.0";"3.324391"
"234000.0";"3.382974"
"234010.0";"3.329009"
"234020.0";"3.283787"
"234030.0";"3.375136"
"234040.0";"3.388357"
"234050.0";"3.320876"
"234060.0";"3.309232"
"234070.0";"3.368443"
"234080.0";"3.399337"
"234090.0";"3.397037"
"234100.0";"3.302011"
"234110.0";"3.399913"
"234120.0";"3.377661"
"234130.0";"3.34019"
"234140.0";"3.367547"
"234150.0";"3.30173"
"234160.0";"3.357198"
"234170.0";"3.301602"
"234180.0";"3.321933"
"234190.0";"3.39009"
"234200.0";"3.349271"
"234210.0";"3.360461"
"234220.0";"3.323979"
"234230.0";"3.352767"
"234240.0";"3.320606"
"234250.0";"3.352474"
"234260.0";"3.329155"
"234270.0";"3.36635"
"234280.0";"3.378787"
"234290.0";"3.358348"
"234300.0";"3.365053"
"234310.0";"3.389907"
"234320.0";"3.411297"
"234330.0";"3.391788"
"234340.0";"3.333634"
"234350.0";"3.351053"
"234360.0";"3.404568"
"234370.0";"3.337847"
"234380.0";"3.435294"
"234390.0";"3.375511"
"234400.0";"3.373886"
"234410.0";"3.401625"
"234420.0";"3.453413"
"234430.0";"3.43147"
"234440.0";"3.287425"
"234450.0";"3.308614"
"234460.0";"3.385391"
"234470.0";"3.367206"
"234480.0";"3.407354"
"234490.0";"3.457605"
"234500.0";"3.368797"
"234510.0";"3.364469"
"234520.0";"3.328905"
"234530.0";"3.354243"
"234540.0";"3.449987"
"234550.0";"3.416235"
"234560.0";"3.346083"
"234570.0";"3.414531"
"234580.0";"3.410319"
"234590.0";"3.402421"
"234600.0";"3.430116"
"234610.0";"3.385794"
"234620.0";"3.416477"
"234630.0";"3.350859"
"234640.0";"3.384503"
"234650.0";"3.371361"
"234660.0";"3.385571"
"234670.0";"3.354556"
"234680.0";"3.398281"
"234690.0";"3.368174"
"234700.0";"3.36585"
"234710.0";"3.340339"
"234720.0";"3.323404"
"234730.0";"3.397038"
"234740.0";"3.37918"
"234750.0";"3.353026"
"234760.0";"3.386546"
"234770.0";"3.405845"
"234780.0";"3.401455"
"234790.0";"3.358572"
"234800.0";"3.413837"
"234810.0";"3.312512"
"234820.0";"3.419113"
"234830.0";"3.44342"
"234840.0";"3.396512"
"234850.0";"3.385601"
"234860.0";"3.353086"
"234870.0";"3.340451"
"234880.0";"3.357647"
"234890.0";"3.291127"
"234900.0";"3.389659"
"234910.0";"3.392918"
"234920.0";"3.396524"
"234930.0";"3.354922"
"234940.0";"3.451474"
"234950.0";"3.427638"
"234960.0";"3.392407"
"234970.0";"3.373351"
"234980.0";"3.397764"
"234990.0";"3.403443"
"235000.0";"3.414731"
"235010.0";"3.347956"
"235020.0";"3.349577"
"235030.0";"3.302124"
"235040.0";"3.3571"
"235050.0";"3.406042"
"235060.0";"3.397515"
"235070.0";"3.358832"
"235080.0";"3.409055"
"235090.0";"3.372275"
"235100.0";"3.385242"
"235110.0";"3.431699"
"235120.0";"3.365578"
"235130.0";"3.350648"
"235140.0";"3.373881"
"235150.0";"3.366003"
"235160.0";"3.420835"
"235170.0";"3.326754"
"235180.0";"3.335897"
"235190.0";"3.388275"
"235200.0";"3.408847"
"235210.0";"3.320243"
"235220.0";"3.404004"
"235230.0";"3.338151"
"235240.0";"3.391854"
"235250.0";"3.370365"
"235260.0";"3.3567"
"235270.0";"3.342433"
"235280.0";"3.428275"
"235290.0";"3.408361"
"235300.0";"3.49447"
"235310.0";"3.383348"
"235320.0";"3.405513"
"235330.0";"3.36131"
"235340.0";"3.361414"
"235350.0";"3.284335"
"235360.0";"3.371338"
"235370.0";"3.367577"
"235380.0";"3.321522"
"235390.0";"3.355142"
"235400.0";"3.385507"
"235410.0";"3.353573"
"235420.0";"3.415437"
"235430.0";"3.380708"
"235440.0";"3.372363"
"235450.0";"3.412498"
"235460.0";"3.386019"
"235470.0";"3.354264"
"235480.0";"3.408561"
"235490.0";"3.440902"
"235500.0";"3.341561"
"235510.0";"3.373859"
"235520.0";"3.351342"
"235530.0";"3.331585"
"235540.0";"3.346153"
"235550.0";"3.32899"
"235560.0";"3.363068"
"235570.0";"3.363192"
"235580.0";"3.325089"
"235590.0";"3.334243"
"235600.0";"3.359275"
"235610.0";"3.31729"
"235620.0";"3.396736"
"235630.0";"3.37773"
"235640.0";"3.338097"
"235650.0";"3.391673"
"235660.0";"3.318371"
"235670.0";"3.34385"
"235680.0";"3.346554"
"235690.0";"3.412502"
"235700.0";"3.395274"
"235710.0";"3.322988"
"235720.0";"3.350169"
"235730.0";"3.371715"
"235740.0";"3.384127"
"235750.0";"3.39464"
"235760.0";"3.325621"
"235770.0";"3.381267"
"235780.0";"3.39945"
"235790.0";"3.364593"
"235800.0";"3.392368"
"235810.0";"3.376319"
"235820.0";"3.355539"
"235830.0";"3.357236"
"235840.0";"3.467355"
"235850.0";"3.427176"
"235860.0";"3.395485"
"235870.0";"3.352645"
"235880.0";"3.285811"
"235890.0";"3.331455"
"235900.0";"3.36565"
"235910.0";"3.33185"
"235920.0";"3.329141"
"235930.0";"3.384979"
"235940.0";"3.326194"
"235950.0";"3.364226"
"235960.0";"3.356738"
"235970.0";"3.324914"
"235980.0";"3.336423"
"235990.0";"3.360102"
"236000.0";"3.394027"
"236010.0";"3.372952"
"236020.0";"3.346381"
"236030.0";"3.357165"
"236040.0";"3.397448"
"236050.0";"3.327652"
"236060.0";"3.345748"
"236070.0";"3.278511"
"236080.0";"3.313617"
"236090.0";"3.353596"
"236100.0";"3.267257"
"236110.0";"3.284536"
"236120.0";"3.249147"
"236130.0";"3.296282"
"236140.0";"3.321533"
"236150.0";"3.273489"
"236160.0";"3.344352"
"236170.0";"3.349781"
"236180.0";"3.374223"
"236190.0";"3.350849"
"236200.0";"3.322508"
"236210.0";"3.263913"
"236220.0";"3.379113"
"236230.0";"3.319029"
"236240.0";"3.348456"
"236250.0";"3.343918"
"236260.0";"3.326783"
"236270.0";"3.309911"
"236280.0";"3.296969"
"236290.0";"3.28918"
"236300.0";"3.326977"
"236310.0";"3.305858"
"236320.0";"3.327832"
"236330.0";"3.327742"
"236340.0";"3.371968"
"236350.0";"3.352099"
"236360.0";"3.367268"
"236370.0";"3.324623"
"236380.0";"3.308469"
"236390.0";"3.303349"
"236400.0";"3.302582"
"236410.0";"3.335208"
"236420.0";"3.390313"
"236430.0";"3.345445"
"236440.0";"3.314784"
"236450.0";"3.326817"
"236460.0";"3.312184"
"236470.0";"3.24447"
"236480.0";"3.306266"
"236490.0";"3.278558"
"236500.0";"3.328875"
"236510.0";"3.314948"
"236520.0";"3.322931"
"236530.0";"3.327612"
"236540.0";"3.36155"
"236550.0";"3.347129"
"236560.0";"3.331566"
"236570.0";"3.308037"
"236580.0";"3.340187"
"236590.0";"3.288693"
"236600.0";"3.330308"
"236610.0";"3.29141"
"236620.0";"3.36044"
"236630.0";"3.34698"
"236640.0";"3.271573"
"236650.0";"3.337111"
"236660.0";"3.305801"
"236670.0";"3.324671"
"236680.0";"3.313092"
"236690.0";"3.315061"
"236700.0";"3.316871"
"236710.0";"3.441756"
"236720.0";"3.407019"
"236730.0";"3.3733"
"236740.0";"3.385343"
"236750.0";"3.36038"
"236760.0";"3.395609"
"236770.0";"3.325212"
"236780.0";"3.36324"
"236790.0";"3.36746"
"236800.0";"3.330601"
"236810.0";"3.341165"
"236820.0";"3.383204"
"236830.0";"3.353887"
"236840.0";"3.369588"
"236850.0";"3.312421"
"236860.0";"3.37289"
"236870.0";"3.355809"
"236880.0";"3.391964"
"236890.0";"3.317764"
"236900.0";"3.34904"
"236910.0";"3.285004"
"236920.0";"3.333309"
"236930.0";"3.383861"
"236940.0";"3.351596"
"236950.0";"3.33371"
"236960.0";"3.34598"
"236970.0";"3.374377"
"236980.0";"3.310066"
"236990.0";"3.363077"
"237000.0";"3.375766"
"237010.0";"3.340852"
"237020.0";"3.375274"
"237030.0";"3.283011"
"237040.0";"3.351192"
"237050.0";"3.330283"
"237060.0";"3.40353"
"237070.0";"3.312437"
"237080.0";"3.408888"
"237090.0";"3.377351"
"237100.0";"3.380059"
"237110.0";"3.393124"
"237120.0";"3.465526"
"237130.0";"3.371169"
"237140.0";"3.352188"
"237150.0";"3.361369"
"237160.0";"3.356422"
"237170.0";"3.371807"
"237180.0";"3.344846"
"237190.0";"3.305136"
"237200.0";"3.317041"
"237210.0";"3.338938"
"237220.0";"3.325983"
"237230.0";"3.33197"
"237240.0";"3.304437"
"237250.0";"3.32841"
"237260.0";"3.304891"
"237270.0";"3.315905"
"237280.0";"3.347284"
"237290.0";"3.403839"
"237300.0";"3.288487"
"237310.0";"3.254713"
"237320.0";"3.291029"
"237330.0";"3.313523"
"237340.0";"3.345433"
"237350.0";"3.358076"
"237360.0";"3.359136"
"237370.0";"3.311264"
"237380.0";"3.320202"
"237390.0";"3.354217"
"237400.0";"3.373497"
"237410.0";"3.322148"
"237420.0";"3.409239"
"237430.0";"3.460891"
"237440.0";"3.411694"
"237450.0";"3.365838"
"237460.0";"3.339471"
"237470.0";"3.33721"
"237480.0";"3.377113"
"237490.0";"3.297573"
"237500.0";"3.257146"
"237510.0";"3.367459"
"237520.0";"3.284566"
"237530.0";"3.319191"
"237540.0";"3.26719"
"237550.0";"3.31166"
"237560.0";"3.322543"
"237570.0";"3.3072"
"237580.0";"3.35771"
"237590.0";"3.266803"
"237600.0";"3.386657"
"237610.0";"3.344566"
"237620.0";"3.304495"
"237630.0";"3.337533"
"237640.0";"3.321769"
"237650.0";"3.312906"
"237660.0";"3.320115"
"237670.0";"3.363823"
"237680.0";"3.346358"
"237690.0";"3.31533"
"237700.0";"3.303828"
"237710.0";"3.301576"
"237720.0";"3.338153"
"237730.0";"3.320027"
"237740.0";"3.330715"
"237750.0";"3.384931"
"237760.0";"3.407231"
"237770.0";"3.317882"
"237780.0";"3.354033"
"237790.0";"3.299614"
"237800.0";"3.327108"
"237810.0";"3.237939"
"237820.0";"3.247905"
"237830.0";"3.334486"
"237840.0";"3.332641"
"237850.0";"3.349374"
"237860.0";"3.279723"
"237870.0";"3.292219"
"237880.0";"3.295884"
"237890.0";"3.338482"
"237900.0";"3.31182"
"237910.0";"3.387587"
"237920.0";"3.341008"
"237930.0";"3.381823"
"237940.0";"3.259494"
"237950.0";"3.317158"
"237960.0";"3.285275"
"237970.0";"3.40554"
"237980.0";"3.305993"
"237990.0";"3.347675"
"238000.0";"3.306824"
"238010.0";"3.235457"
"238020.0";"3.339326"
"238030.0";"3.357814"
"238040.0";"3.336803"
"238050.0";"3.264123"
"238060.0";"3.278665"
"238070.0";"3.294021"
"238080.0";"3.314461"
"238090.0";"3.303276"
"238100.0";"3.274307"
"238110.0";"3.287797"
"238120.0";"3.31695"
"238130.0";"3.264615"
"238140.0";"3.34522"
"238150.0";"3.284294"
"238160.0";"3.276388"
"238170.0";"3.330823"
"238180.0";"3.336193"
"238190.0";"3.341051"
"238200.0";"3.415712"
"238210.0";"3.35064"
"238220.0";"3.389956"
"238230.0";"3.374909"
"238240.0";"3.299976"
"238250.0";"3.399755"
"238260.0";"3.413346"
"238270.0";"3.345128"
"238280.0";"3.36013"
"238290.0";"3.335162"
"238300.0";"3.318036"
"238310.0";"3.327549"
"238320.0";"3.251597"
"238330.0";"3.339731"
"238340.0";"3.358773"
"238350.0";"3.362416"
"238360.0";"3.35043"
"238370.0";"3.295789"
"238380.0";"3.370677"
"238390.0";"3.373448"
"238400.0";"3.334104"
"238410.0";"3.337013"
"238420.0";"3.277375"
"238430.0";"3.326691"
"238440.0";"3.316088"
"238450.0";"3.358417"
"238460.0";"3.30998"
"238470.0";"3.347603"
"238480.0";"3.372217"
"238490.0";"3.338503"
"238500.0";"3.392383"
"238510.0";"3.371322"
"238520.0";"3.313911"
"238530.0";"3.357167"
"238540.0";"3.26766"
"238550.0";"3.267505"
"238560.0";"3.205039"
"238570.0";"3.269367"
"238580.0";"3.294239"
"238590.0";"3.35185"
"238600.0";"3.299441"
"238610.0";"3.322717"
"238620.0";"3.339662"
"238630.0";"3.293515"
"238640.0";"3.34665"
"238650.0";"3.343622"
"238660.0";"3.330467"
"238670.0";"3.358727"
"238680.0";"3.294817"
"238690.0";"3.363578"
"238700.0";"3.285077"
"238710.0";"3.291395"
"238720.0";"3.27925"
"238730.0";"3.299167"
"238740.0";"3.327813"
"238750.0";"3.334002"
"238760.0";"3.317575"
"238770.0";"3.376238"
"238780.0";"3.278511"
"238790.0";"3.342402"
"238800.0";"3.365327"
"238810.0";"3.334993"
"238820.0";"3.292154"
"238830.0";"3.24889"
"238840.0";"3.341056"
"238850.0";"3.292938"
"238860.0";"3.298945"
"238870.0";"3.350469"
"238880.0";"3.299747"
"238890.0";"3.237511"
"238900.0";"3.258333"
"238910.0";"3.291513"
"238920.0";"3.302258"
"238930.0";"3.313718"
"238940.0";"3.255968"
"238950.0";"3.314229"
"238960.0";"3.297888"
"238970.0";"3.301324"
"238980.0";"3.268007"
"238990.0";"3.30306"
"239000.0";"3.388983"
"239010.0";"3.294466"
"239020.0";"3.374115"
"239030.0";"3.319841"
"239040.0";"3.289882"
"239050.0";"3.257743"
"239060.0";"3.28385"
"239070.0";"3.259595"
"239080.0";"3.22488"
"239090.0";"3.300302"
"239100.0";"3.248083"
"239110.0";"3.256728"
"239120.0";"3.301072"
"239130.0";"3.221379"
"239140.0";"3.307231"
"239150.0";"3.32634"
"239160.0";"3.25776"
"239170.0";"3.266074"
"239180.0";"3.263178"
"239190.0";"3.266082"
"239200.0";"3.236696"
"239210.0";"3.27881"
"239220.0";"3.281184"
"239230.0";"3.283826"
"239240.0";"3.250218"
"239250.0";"3.224562"
"239260.0";"3.336925"
"239270.0";"3.293974"
"239280.0";"3.248358"
"239290.0";"3.292435"
"239300.0";"3.356767"
"239310.0";"3.307478"
"239320.0";"3.265134"
"239330.0";"3.347911"
"239340.0";"3.369982"
"239350.0";"3.373856"
"239360.0";"3.346731"
"239370.0";"3.337181"
"239380.0";"3.26851"
"239390.0";"3.272832"
"239400.0";"3.252559"
"239410.0";"3.239544"
"239420.0";"3.387851"
"239430.0";"3.387879"
"239440.0";"3.35234"
"239450.0";"3.261746"
"239460.0";"3.310536"
"239470.0";"3.434184"
"239480.0";"3.277967"
"239490.0";"3.369424"
"239500.0";"3.32445"
"239510.0";"3.328788"
"239520.0";"3.356486"
"239530.0";"3.343265"
"239540.0";"3.329949"
"239550.0";"3.254546"
"239560.0";"3.35922"
"239570.0";"3.347964"
"239580.0";"3.303097"
"239590.0";"3.233229"
"239600.0";"3.26677"
"239610.0";"3.276984"
"239620.0";"3.282854"
"239630.0";"3.27344"
"239640.0";"3.283088"
"239650.0";"3.286256"
"239660.0";"3.345218"
"239670.0";"3.337465"
"239680.0";"3.352995"
"239690.0";"3.355412"
"239700.0";"3.358435"
"239710.0";"3.354906"
"239720.0";"3.335652"
"239730.0";"3.315078"
"239740.0";"3.303683"
"239750.0";"3.36644"
"239760.0";"3.363451"
"239770.0";"3.317663"
"239780.0";"3.358878"
"239790.0";"3.302478"
"239800.0";"3.298733"
"239810.0";"3.353189"
"239820.0";"3.282835"
"239830.0";"3.322057"
"239840.0";"3.333367"
"239850.0";"3.266104"
"239860.0";"3.362438"
"239870.0";"3.28967"
"239880.0";"3.25026"
"239890.0";"3.297223"
"239900.0";"3.295739"
"239910.0";"3.232039"
"239920.0";"3.328619"
"239930.0";"3.326582"
"239940.0";"3.301203"
"239950.0";"3.336776"
"239960.0";"3.330792"
"239970.0";"3.312861"
"239980.0";"3.298976"
"239990.0";"3.250782"
"240000.0";"3.310176"
"240010.0";"3.301886"
"240020.0";"3.313391"
"240030.0";"3.347474"
"240040.0";"3.355303"
"240050.0";"3.297428"
"240060.0";"3.255601"
"240070.0";"3.293687"
"240080.0";"3.315607"
"240090.0";"3.25632"
"240100.0";"3.32265"
"240110.0";"3.350868"
"240120.0";"3.292877"
"240130.0";"3.350046"
"240140.0";"3.319395"
"240150.0";"3.30768"
"240160.0";"3.357599"
"240170.0";"3.402884"
"240180.0";"3.267324"
"240190.0";"3.295246"
"240200.0";"3.365414"
"240210.0";"3.309122"
"240220.0";"3.293766"
"240230.0";"3.245956"
"240240.0";"3.283258"
"240250.0";"3.302969"
"240260.0";"3.299641"
"240270.0";"3.28683"
"240280.0";"3.351789"
"240290.0";"3.323384"
"240300.0";"3.251928"
"240310.0";"3.288468"
"240320.0";"3.297984"
"240330.0";"3.352727"
"240340.0";"3.343682"
"240350.0";"3.320721"
"240360.0";"3.32816"
"240370.0";"3.325206"
"240380.0";"3.3553"
"240390.0";"3.285925"
"240400.0";"3.32058"
"240410.0";"3.330953"
"240420.0";"3.283882"
"240430.0";"3.35397"
"240440.0";"3.32424"
"240450.0";"3.378879"
"240460.0";"3.386372"
"240470.0";"3.330326"
"240480.0";"3.325768"
"240490.0";"3.32954"
"240500.0";"3.341424"
"240510.0";"3.28432"
"240520.0";"3.269927"
"240530.0";"3.333013"
"240540.0";"3.372991"
"240550.0";"3.315451"
"240560.0";"3.322815"
"240570.0";"3.294908"
"240580.0";"3.384052"
"240590.0";"3.320682"
"240600.0";"3.290674"
"240610.0";"3.378484"
"240620.0";"3.357678"
"240630.0";"3.328926"
"240640.0";"3.319239"
"240650.0";"3.301311"
"240660.0";"3.318177"
"240670.0";"3.309669"
"240680.0";"3.273721"
"240690.0";"3.275232"
"240700.0";"3.349283"
"240710.0";"3.351329"
"240720.0";"3.364035"
"240730.0";"3.329508"
"240740.0";"3.357648"
"240750.0";"3.33182"
"240760.0";"3.351372"
"240770.0";"3.346181"
"240780.0";"3.28642"
"240790.0";"3.327289"
"240800.0";"3.390024"
"240810.0";"3.377687"
"240820.0";"3.312985"
"240830.0";"3.316051"
"240840.0";"3.276282"
"240850.0";"3.308537"
"240860.0";"3.330166"
"240870.0";"3.322408"
"240880.0";"3.280014"
"240890.0";"3.348021"
"240900.0";"3.278802"
"240910.0";"3.276538"
"240920.0";"3.287306"
"240930.0";"3.263463"
"240940.0";"3.283707"
"240950.0";"3.302078"
"240960.0";"3.26355"
"240970.0";"3.285087"
"240980.0";"3.272805"
"240990.0";"3.327307"
"241000.0";"3.328307"
"241010.0";"3.304317"
"241020.0";"3.312094"
"241030.0";"3.313892"
"241040.0";"3.365064"
"241050.0";"3.369601"
"241060.0";"3.303814"
"241070.0";"3.339302"
"241080.0";"3.281369"
"241090.0";"3.304663"
"241100.0";"3.255586"
"241110.0";"3.277813"
"241120.0";"3.242684"
"241130.0";"3.25471"
"241140.0";"3.276741"
"241150.0";"3.310929"
"241160.0";"3.28956"
"241170.0";"3.292867"
"241180.0";"3.296837"
"241190.0";"3.345576"
"241200.0";"3.316825"
"241210.0";"3.303263"
"241220.0";"3.254295"
"241230.0";"3.257061"
"241240.0";"3.32795"
"241250.0";"3.326935"
"241260.0";"3.328975"
"241270.0";"3.259772"
"241280.0";"3.302278"
"241290.0";"3.246796"
"241300.0";"3.334195"
"241310.0";"3.257515"
"241320.0";"3.243798"
"241330.0";"3.300028"
"241340.0";"3.262495"
"241350.0";"3.257615"
"241360.0";"3.3005"
"241370.0";"3.308645"
"241380.0";"3.250922"
"241390.0";"3.362568"
"241400.0";"3.188247"
"241410.0";"3.314067"
"241420.0";"3.294286"
"241430.0";"3.320908"
"241440.0";"3.264196"
"241450.0";"3.283198"
"241460.0";"3.315496"
"241470.0";"3.262727"
"241480.0";"3.247718"
"241490.0";"3.301804"
"241500.0";"3.292125"
"241510.0";"3.305336"
"241520.0";"3.308887"
"241530.0";"3.31907"
"241540.0";"3.300307"
"241550.0";"3.330568"
"241560.0";"3.326556"
"241570.0";"3.295979"
"241580.0";"3.254369"
"241590.0";"3.240603"
"241600.0";"3.283468"
"241610.0";"3.35956"
"241620.0";"3.286525"
"241630.0";"3.281691"
"241640.0";"3.265892"
"241650.0";"3.252783"
"241660.0";"3.243297"
"241670.0";"3.235709"
"241680.0";"3.270138"
"241690.0";"3.274207"
"241700.0";"3.308301"
"241710.0";"3.297162"
"241720.0";"3.294694"
"241730.0";"3.27554"
"241740.0";"3.317371"
"241750.0";"3.350442"
"241760.0";"3.329883"
"241770.0";"3.300471"
"241780.0";"3.322598"
"241790.0";"3.272322"
"241800.0";"3.339959"
"241810.0";"3.316956"
"241820.0";"3.279081"
"241830.0";"3.307458"
"241840.0";"3.344333"
"241850.0";"3.292444"
"241860.0";"3.295773"
"241870.0";"3.364541"
"241880.0";"3.318065"
"241890.0";"3.316675"
"241900.0";"3.306329"
"241910.0";"3.275866"
"241920.0";"3.287096"
"241930.0";"3.271498"
"241940.0";"3.351881"
"241950.0";"3.302907"
"241960.0";"3.34206"
"241970.0";"3.326602"
"241980.0";"3.292149"
"241990.0";"3.309229"
"242000.0";"3.313698"
"242010.0";"3.319114"
"242020.0";"3.260892"
"242030.0";"3.350244"
"242040.0";"3.393152"
"242050.0";"3.349353"
"242060.0";"3.317943"
"242070.0";"3.342718"
"242080.0";"3.318539"
"242090.0";"3.305924"
"242100.0";"3.301562"
"242110.0";"3.304641"
"242120.0";"3.346583"
"242130.0";"3.324861"
"242140.0";"3.324355"
"242150.0";"3.340228"
"242160.0";"3.305278"
"242170.0";"3.383111"
"242180.0";"3.310876"
"242190.0";"3.350532"
"242200.0";"3.291418"
"242210.0";"3.28781"
"242220.0";"3.345026"
"242230.0";"3.285819"
"242240.0";"3.308229"
"242250.0";"3.333574"
"242260.0";"3.321011"
"242270.0";"3.315048"
"242280.0";"3.282158"
"242290.0";"3.314494"
"242300.0";"3.294605"
"242310.0";"3.256096"
"242320.0";"3.290585"
"242330.0";"3.286983"
"242340.0";"3.261061"
"242350.0";"3.24036"
"242360.0";"3.287709"
"242370.0";"3.279412"
"242380.0";"3.378942"
"242390.0";"3.260065"
"242400.0";"3.275373"
"242410.0";"3.296615"
"242420.0";"3.357749"
"242430.0";"3.294661"
"242440.0";"3.255764"
"242450.0";"3.306008"
"242460.0";"3.331088"
"242470.0";"3.240052"
"242480.0";"3.250559"
"242490.0";"3.238956"
"242500.0";"3.2426"
"242510.0";"3.27419"
"242520.0";"3.276743"
"242530.0";"3.382817"
"242540.0";"3.323215"
"242550.0";"3.330758"
"242560.0";"3.299159"
"242570.0";"3.327581"
"242580.0";"3.313758"
"242590.0";"3.258147"
"242600.0";"3.2803"
"242610.0";"3.28947"
"242620.0";"3.268591"
"242630.0";"3.314776"
"242640.0";"3.312552"
"242650.0";"3.267567"
"242660.0";"3.287899"
"242670.0";"3.370083"
"242680.0";"3.260354"
"242690.0";"3.381863"
"242700.0";"3.305544"
"242710.0";"3.336957"
"242720.0";"3.327611"
"242730.0";"3.404525"
"242740.0";"3.327799"
"242750.0";"3.260394"
"242760.0";"3.252161"
"242770.0";"3.299124"
"242780.0";"3.335029"
"242790.0";"3.346034"
"242800.0";"3.28174"
"242810.0";"3.388856"
"242820.0";"3.302981"
"242830.0";"3.221906"
"242840.0";"3.220168"
"242850.0";"3.330945"
"242860.0";"3.237055"
"242870.0";"3.182877"
"242880.0";"3.293319"
"242890.0";"3.490738"
"242900.0";"3.398307"
"242910.0";"3.270419"
"242920.0";"3.39125"
"242930.0";"3.32864"
"242940.0";"3.308896"
"242950.0";"3.357371"
"242960.0";"3.298425"
"242970.0";"3.289775"
"242980.0";"3.356156"
"242990.0";"3.333084"
"243000.0";"3.332427"
"243010.0";"3.316861"
"243020.0";"3.395982"
"243030.0";"3.353031"
"243040.0";"3.286699"
"243050.0";"3.255378"
"243060.0";"3.265695"
"243070.0";"3.369508"
"243080.0";"3.28876"
"243090.0";"3.326871"
"243100.0";"3.313277"
"243110.0";"3.315491"
"243120.0";"3.278202"
"243130.0";"3.257981"
"243140.0";"3.258981"
"243150.0";"3.312081"
"243160.0";"3.33976"
"243170.0";"3.353114"
"243180.0";"3.329615"
"243190.0";"3.275658"
"243200.0";"3.357325"
"243210.0";"3.324057"
"243220.0";"3.338893"
"243230.0";"3.303194"
"243240.0";"3.33338"
"243250.0";"3.323941"
"243260.0";"3.233496"
"243270.0";"3.322225"
"243280.0";"3.332322"
"243290.0";"3.313945"
"243300.0";"3.315893"
"243310.0";"3.29859"
"243320.0";"3.324031"
"243330.0";"3.346025"
"243340.0";"3.303388"
"243350.0";"3.368833"
"243360.0";"3.281202"
"243370.0";"3.282174"
"243380.0";"3.29074"
"243390.0";"3.30106"
"243400.0";"3.37998"
"243410.0";"3.341079"
"243420.0";"3.359883"
"243430.0";"3.320165"
"243440.0";"3.347338"
"243450.0";"3.350852"
"243460.0";"3.284084"
"243470.0";"3.318457"
"243480.0";"3.298805"
"243490.0";"3.2688"
"243500.0";"3.31662"
"243510.0";"3.33524"
"243520.0";"3.266983"
"243530.0";"3.315644"
"243540.0";"3.292737"
"243550.0";"3.359253"
"243560.0";"3.383615"
"243570.0";"3.304877"
"243580.0";"3.337327"
"243590.0";"3.279258"
"243600.0";"3.349082"
"243610.0";"3.285613"
"243620.0";"3.26511"
"243630.0";"3.275377"
"243640.0";"3.280772"
"243650.0";"3.308901"
"243660.0";"3.289211"
"243670.0";"3.291141"
"243680.0";"3.307296"
"243690.0";"3.333319"
"243700.0";"3.25809"
"243710.0";"3.31248"
"243720.0";"3.317189"
"243730.0";"3.284803"
"243740.0";"3.277063"
"243750.0";"3.345669"
"243760.0";"3.336114"
"243770.0";"3.316586"
"243780.0";"3.339846"
"243790.0";"3.291013"
"243800.0";"3.276762"
"243810.0";"3.38115"
"243820.0";"3.31407"
"243830.0";"3.227335"
"243840.0";"3.290111"
"243850.0";"3.285797"
"243860.0";"3.341856"
"243870.0";"3.337513"
"243880.0";"3.302915"
"243890.0";"3.292093"
"243900.0";"3.348414"
"243910.0";"3.315154"
"243920.0";"3.313098"
"243930.0";"3.30935"
"243940.0";"3.309344"
"243950.0";"3.239433"
"243960.0";"3.263754"
"243970.0";"3.260172"
"243980.0";"3.271496"
"243990.0";"3.285929"
"244000.0";"3.347577"
"244010.0";"3.331479"
"244020.0";"3.274286"
"244030.0";"3.363423"
"244040.0";"3.328247"
"244050.0";"3.382899"
"244060.0";"3.361841"
"244070.0";"3.30898"
"244080.0";"3.337732"
"244090.0";"3.281157"
"244100.0";"3.305381"
"244110.0";"3.342572"
"244120.0";"3.294139"
"244130.0";"3.359389"
"244140.0";"3.302293"
"244150.0";"3.329993"
"244160.0";"3.346738"
"244170.0";"3.379304"
"244180.0";"3.301787"
"244190.0";"3.339313"
"244200.0";"3.364141"
"244210.0";"3.383916"
"244220.0";"3.319245"
"244230.0";"3.31234"
"244240.0";"3.321766"
"244250.0";"3.301216"
"244260.0";"3.274424"
"244270.0";"3.346678"
"244280.0";"3.331434"
"244290.0";"3.286091"
"244300.0";"3.377825"
"244310.0";"3.298385"
"244320.0";"3.303111"
"244330.0";"3.309585"
"244340.0";"3.322172"
"244350.0";"3.308824"
"244360.0";"3.34823"
"244370.0";"3.310312"
"244380.0";"3.329847"
"244390.0";"3.280538"
"244400.0";"3.31097"
"244410.0";"3.227758"
"244420.0";"3.266424"
"244430.0";"3.268209"
"244440.0";"3.285883"
"244450.0";"3.280736"
"244460.0";"3.234668"
"244470.0";"3.314696"
"244480.0";"3.206515"
"244490.0";"3.294552"
"244500.0";"3.291703"
"244510.0";"3.331759"
"244520.0";"3.307666"
"244530.0";"3.327528"
"244540.0";"3.336762"
"244550.0";"3.350733"
"244560.0";"3.319171"
"244570.0";"3.311636"
"244580.0";"3.282658"
"244590.0";"3.361083"
"244600.0";"3.280322"
"244610.0";"3.339069"
"244620.0";"3.284223"
"244630.0";"3.288218"
"244640.0";"3.294049"
"244650.0";"3.266281"
"244660.0";"3.258286"
"244670.0";"3.272749"
"244680.0";"3.315427"
"244690.0";"3.255419"
"244700.0";"3.289725"
"244710.0";"3.289982"
"244720.0";"3.290772"
"244730.0";"3.301468"
"244740.0";"3.316211"
"244750.0";"3.331906"
"244760.0";"3.307439"
"244770.0";"3.25705"
"244780.0";"3.281821"
"244790.0";"3.272868"
"244800.0";"3.24244"
"244810.0";"3.19968"
"244820.0";"3.302586"
"244830.0";"3.297973"
"244840.0";"3.340638"
"244850.0";"3.248977"
"244860.0";"3.297593"
"244870.0";"3.265417"
"244880.0";"3.270981"
"244890.0";"3.2394"
"244900.0";"3.345773"
"244910.0";"3.289392"
"244920.0";"3.319605"
"244930.0";"3.257365"
"244940.0";"3.247174"
"244950.0";"3.29735"
"244960.0";"3.267486"
"244970.0";"3.285883"
"244980.0";"3.352505"
"244990.0";"3.292174"
"245000.0";"3.263877"
"245010.0";"3.319899"
"245020.0";"3.260758"
"245030.0";"3.283303"
"245040.0";"3.34298"
"245050.0";"3.224647"
"245060.0";"3.304835"
"245070.0";"3.300175"
"245080.0";"3.266648"
"245090.0";"3.304137"
"245100.0";"3.280484"
"245110.0";"3.256685"
"245120.0";"3.312603"
"245130.0";"3.305921"
"245140.0";"3.274862"
"245150.0";"3.247778"
"245160.0";"3.270791"
"245170.0";"3.284562"
"245180.0";"3.320808"
"245190.0";"3.309412"
"245200.0";"3.274478"
"245210.0";"3.269778"
"245220.0";"3.272132"
"245230.0";"3.240278"
"245240.0";"3.246433"
"245250.0";"3.264221"
"245260.0";"3.241941"
"245270.0";"3.234833"
"245280.0";"3.220488"
"245290.0";"3.251929"
"245300.0";"3.303238"
"245310.0";"3.178449"
"245320.0";"3.236907"
"245330.0";"3.23977"
"245340.0";"3.302745"
"245350.0";"3.175072"
"245360.0";"3.163216"
"245370.0";"3.256981"
"245380.0";"3.276725"
"245390.0";"3.213989"
"245400.0";"3.33047"
"245410.0";"3.23634"
"245420.0";"3.235268"
"245430.0";"3.262405"
"245440.0";"3.357962"
"245450.0";"3.278672"
"245460.0";"3.277042"
"245470.0";"3.230595"
"245480.0";"3.283207"
"245490.0";"3.273291"
"245500.0";"3.226882"
"245510.0";"3.243236"
"245520.0";"3.253191"
"245530.0";"3.300398"
"245540.0";"3.280015"
"245550.0";"3.299419"
"245560.0";"3.307734"
"245570.0";"3.290206"
"245580.0";"3.278619"
"245590.0";"3.308737"
"245600.0";"3.288534"
"245610.0";"3.29356"
"245620.0";"3.34634"
"245630.0";"3.333962"
"245640.0";"3.264228"
"245650.0";"3.248579"
"245660.0";"3.304438"
"245670.0";"3.253523"
"245680.0";"3.271218"
"245690.0";"3.244583"
"245700.0";"3.22338"
"245710.0";"3.31243"
"245720.0";"3.264583"
"245730.0";"3.292777"
"245740.0";"3.266215"
"245750.0";"3.28935"
"245760.0";"3.257307"
"245770.0";"3.281667"
"245780.0";"3.311109"
"245790.0";"3.306789"
"245800.0";"3.28976"
"245810.0";"3.376806"
"245820.0";"3.345206"
"245830.0";"3.316678"
"245840.0";"3.265208"
"245850.0";"3.345227"
"245860.0";"3.257596"
"245870.0";"3.348289"
"245880.0";"3.294223"
"245890.0";"3.299398"
"245900.0";"3.358935"
"245910.0";"3.256855"
"245920.0";"3.280066"
"245930.0";"3.342414"
"245940.0";"3.285189"
"245950.0";"3.301634"
"245960.0";"3.327307"
"245970.0";"3.265085"
"245980.0";"3.260354"
"245990.0";"3.296561"
"246000.0";"3.2695"
"246010.0";"3.357587"
"246020.0";"3.318017"
"246030.0";"3.330743"
"246040.0";"3.272109"
"246050.0";"3.276879"
"246060.0";"3.300457"
"246070.0";"3.412648"
"246080.0";"3.338902"
"246090.0";"3.280761"
"246100.0";"3.31545"
"246110.0";"3.239447"
"246120.0";"3.393549"
"246130.0";"3.355918"
"246140.0";"3.39449"
"246150.0";"3.300535"
"246160.0";"3.27593"
"246170.0";"3.30348"
"246180.0";"3.314814"
"246190.0";"3.286011"
"246200.0";"3.290951"
"246210.0";"3.305638"
"246220.0";"3.329984"
"246230.0";"3.343688"
"246240.0";"3.32384"
"246250.0";"3.303393"
"246260.0";"3.251292"
"246270.0";"3.313174"
"246280.0";"3.28714"
"246290.0";"3.346013"
"246300.0";"3.352477"
"246310.0";"3.299862"
"246320.0";"3.306656"
"246330.0";"3.32919"
"246340.0";"3.307957"
"246350.0";"3.32004"
"246360.0";"3.220845"
"246370.0";"3.272323"
"246380.0";"3.31051"
"246390.0";"3.352735"
"246400.0";"3.344614"
"246410.0";"3.297151"
"246420.0";"3.295804"
"246430.0";"3.341203"
"246440.0";"3.321357"
"246450.0";"3.300548"
"246460.0";"3.286486"
"246470.0";"3.343356"
"246480.0";"3.32968"
"246490.0";"3.30541"
"246500.0";"3.280512"
"246510.0";"3.251956"
"246520.0";"3.355036"
"246530.0";"3.316049"
"246540.0";"3.268805"
"246550.0";"3.232918"
"246560.0";"3.286911"
"246570.0";"3.366747"
"246580.0";"3.285686"
"246590.0";"3.3134"
"246600.0";"3.245897"
"246610.0";"3.284533"
"246620.0";"3.256127"
"246630.0";"3.327326"
"246640.0";"3.26987"
"246650.0";"3.349521"
"246660.0";"3.257039"
"246670.0";"3.273056"
"246680.0";"3.29498"
"246690.0";"3.258389"
"246700.0";"3.334335"
"246710.0";"3.27839"
"246720.0";"3.249838"
"246730.0";"3.29778"
"246740.0";"3.286808"
"246750.0";"3.213599"
"246760.0";"3.28085"
"246770.0";"3.261528"
"246780.0";"3.276736"
"246790.0";"3.306547"
"246800.0";"3.286114"
"246810.0";"3.248512"
"246820.0";"3.358966"
"246830.0";"3.272109"
"246840.0";"3.271082"
"246850.0";"3.302052"
"246860.0";"3.279887"
"246870.0";"3.273453"
"246880.0";"3.326412"
"246890.0";"3.281253"
"246900.0";"3.280915"
"246910.0";"3.387103"
"246920.0";"3.296041"
"246930.0";"3.307139"
"246940.0";"3.303489"
"246950.0";"3.287995"
"246960.0";"3.325954"
"246970.0";"3.381246"
"246980.0";"3.295198"
"246990.0";"3.296534"
"247000.0";"3.334098"
"247010.0";"3.335248"
"247020.0";"3.274261"
"247030.0";"3.254629"
"247040.0";"3.374126"
"247050.0";"3.250979"
"247060.0";"3.30306"
"247070.0";"3.34113"
"247080.0";"3.2745"
"247090.0";"3.295099"
"247100.0";"3.273113"
"247110.0";"3.30843"
"247120.0";"3.304982"
"247130.0";"3.316568"
"247140.0";"3.313398"
"247150.0";"3.327252"
"247160.0";"3.287012"
"247170.0";"3.295417"
"247180.0";"3.263408"
"247190.0";"3.319813"
"247200.0";"3.317788"
"247210.0";"3.283136"
"247220.0";"3.303252"
"247230.0";"3.351146"
"247240.0";"3.300907"
"247250.0";"3.324796"
"247260.0";"3.26692"
"247270.0";"3.249019"
"247280.0";"3.3087"
"247290.0";"3.321942"
"247300.0";"3.286786"
"247310.0";"3.316121"
"247320.0";"3.272289"
"247330.0";"3.36814"
"247340.0";"3.308367"
"247350.0";"3.378301"
"247360.0";"3.29447"
"247370.0";"3.33004"
"247380.0";"3.303261"
"247390.0";"3.290449"
"247400.0";"3.287728"
"247410.0";"3.248064"
"247420.0";"3.327342"
"247430.0";"3.355323"
"247440.0";"3.312317"
"247450.0";"3.293692"
"247460.0";"3.258727"
"247470.0";"3.312384"
"247480.0";"3.343562"
"247490.0";"3.258466"
"247500.0";"3.342327"
"247510.0";"3.298223"
"247520.0";"3.290624"
"247530.0";"3.297496"
"247540.0";"3.366238"
"247550.0";"3.347324"
"247560.0";"3.32466"
"247570.0";"3.387323"
"247580.0";"3.373005"
"247590.0";"3.32929"
"247600.0";"3.391948"
"247610.0";"3.349822"
"247620.0";"3.352808"
"247630.0";"3.307308"
"247640.0";"3.370089"
"247650.0";"3.264717"
"247660.0";"3.346886"
"247670.0";"3.341353"
"247680.0";"3.309988"
"247690.0";"3.286253"
"247700.0";"3.315991"
"247710.0";"3.297841"
"247720.0";"3.336276"
"247730.0";"3.361377"
"247740.0";"3.323565"
"247750.0";"3.308175"
"247760.0";"3.351864"
"247770.0";"3.348273"
"247780.0";"3.384333"
"247790.0";"3.35973"
"247800.0";"3.287634"
"247810.0";"3.279607"
"247820.0";"3.297953"
"247830.0";"3.301378"
"247840.0";"3.330215"
"247850.0";"3.344347"
"247860.0";"3.319384"
"247870.0";"3.313146"
"247880.0";"3.318217"
"247890.0";"3.332272"
"247900.0";"3.286738"
"247910.0";"3.380885"
"247920.0";"3.287287"
"247930.0";"3.322317"
"247940.0";"3.289533"
"247950.0";"3.279788"
"247960.0";"3.411928"
"247970.0";"3.330987"
"247980.0";"3.302713"
"247990.0";"3.328388"
"248000.0";"3.256557"
"248010.0";"3.302534"
"248020.0";"3.28103"
"248030.0";"3.32903"
"248040.0";"3.29829"
"248050.0";"3.366782"
"248060.0";"3.313214"
"248070.0";"3.247439"
"248080.0";"3.260907"
"248090.0";"3.31249"
"248100.0";"3.321334"
"248110.0";"3.3799"
"248120.0";"3.338901"
"248130.0";"3.341872"
"248140.0";"3.288848"
"248150.0";"3.309461"
"248160.0";"3.261285"
"248170.0";"3.394942"
"248180.0";"3.254533"
"248190.0";"3.273883"
"248200.0";"3.231599"
"248210.0";"3.275915"
"248220.0";"3.310992"
"248230.0";"3.28405"
"248240.0";"3.310632"
"248250.0";"3.297792"
"248260.0";"3.228356"
"248270.0";"3.227418"
"248280.0";"3.264093"
"248290.0";"3.22449"
"248300.0";"3.228862"
"248310.0";"3.238964"
"248320.0";"3.240559"
"248330.0";"3.284952"
"248340.0";"3.306978"
"248350.0";"3.356929"
"248360.0";"3.247071"
"248370.0";"3.339698"
"248380.0";"3.343612"
"248390.0";"3.27205"
"248400.0";"3.252562"
"248410.0";"3.256235"
"248420.0";"3.293251"
"248430.0";"3.26375"
"248440.0";"3.283352"
"248450.0";"3.310567"
"248460.0";"3.356068"
"248470.0";"3.322024"
"248480.0";"3.24135"
"248490.0";"3.276114"
"248500.0";"3.359644"
"248510.0";"3.267183"
"248520.0";"3.35448"
"248530.0";"3.348036"
"248540.0";"3.234019"
"248550.0";"3.26712"
"248560.0";"3.291142"
"248570.0";"3.290736"
"248580.0";"3.261372"
"248590.0";"3.278004"
"248600.0";"3.330006"
"248610.0";"3.309745"
"248620.0";"3.379923"
"248630.0";"3.352969"
"248640.0";"3.422144"
"248650.0";"3.322588"
"248660.0";"3.231779"
"248670.0";"3.313802"
"248680.0";"3.43021"
"248690.0";"3.327443"
"248700.0";"3.299104"
"248710.0";"3.282194"
"248720.0";"3.380298"
"248730.0";"3.354521"
"248740.0";"3.296514"
"248750.0";"3.373299"
"248760.0";"3.387369"
"248770.0";"3.358867"
"248780.0";"3.390376"
"248790.0";"3.309918"
"248800.0";"3.336973"
"248810.0";"3.352464"
"248820.0";"3.369973"
"248830.0";"3.36383"
"248840.0";"3.327604"
"248850.0";"3.319892"
"248860.0";"3.285486"
"248870.0";"3.242985"
"248880.0";"3.289584"
"248890.0";"3.239172"
"248900.0";"3.283178"
"248910.0";"3.327808"
"248920.0";"3.39826"
"248930.0";"3.388022"
"248940.0";"3.456693"
"248950.0";"3.367604"
"248960.0";"3.310971"
"248970.0";"3.335043"
"248980.0";"3.197655"
"248990.0";"3.258819"
"249000.0";"3.310807"
"249010.0";"3.269898"
"249020.0";"3.338553"
"249030.0";"3.236706"
"249040.0";"3.253184"
"249050.0";"3.254832"
"249060.0";"3.271288"
"249070.0";"3.305733"
"249080.0";"3.282245"
"249090.0";"3.255848"
"249100.0";"3.291367"
"249110.0";"3.334726"
"249120.0";"3.266288"
"249130.0";"3.334522"
"249140.0";"3.305358"
"249150.0";"3.320856"
"249160.0";"3.322823"
"249170.0";"3.377538"
"249180.0";"3.406058"
"249190.0";"3.368084"
"249200.0";"3.346343"
"249210.0";"3.337087"
"249220.0";"3.275697"
"249230.0";"3.313938"
"249240.0";"3.339906"
"249250.0";"3.30842"
"249260.0";"3.290802"
"249270.0";"3.309036"
"249280.0";"3.367536"
"249290.0";"3.3344"
"249300.0";"3.274693"
"249310.0";"3.246596"
"249320.0";"3.274917"
"249330.0";"3.269273"
"249340.0";"3.3436"
"249350.0";"3.302571"
"249360.0";"3.286736"
"249370.0";"3.279943"
"249380.0";"3.389943"
"249390.0";"3.350838"
"249400.0";"3.302781"
"249410.0";"3.407279"
"249420.0";"3.377367"
"249430.0";"3.323662"
"249440.0";"3.333281"
"249450.0";"3.296238"
"249460.0";"3.308246"
"249470.0";"3.291903"
"249480.0";"3.261163"
"249490.0";"3.3288"
"249500.0";"3.341455"
"249510.0";"3.35152"
"249520.0";"3.377213"
"249530.0";"3.345959"
"249540.0";"3.330556"
"249550.0";"3.351421"
"249560.0";"3.279797"
"249570.0";"3.336123"
"249580.0";"3.369434"
"249590.0";"3.329902"
"249600.0";"3.347897"
"249610.0";"3.273784"
"249620.0";"3.293569"
"249630.0";"3.328"
"249640.0";"3.307164"
"249650.0";"3.338964"
"249660.0";"3.29939"
"249670.0";"3.259954"
"249680.0";"3.276219"
"249690.0";"3.224633"
"249700.0";"3.271643"
"249710.0";"3.257367"
"249720.0";"3.328761"
"249730.0";"3.249407"
"249740.0";"3.233654"
"249750.0";"3.298084"
"249760.0";"3.319281"
"249770.0";"3.29656"
"249780.0";"3.327473"
"249790.0";"3.303311"
"249800.0";"3.304783"
"249810.0";"3.303267"
"249820.0";"3.309815"
"249830.0";"3.310191"
"249840.0";"3.292845"
"249850.0";"3.298841"
"249860.0";"3.279682"
"249870.0";"3.290288"
"249880.0";"3.335012"
"249890.0";"3.30005"
"249900.0";"3.258413"
"249910.0";"3.297757"
"249920.0";"3.287778"
"249930.0";"3.276022"
"249940.0";"3.274794"
"249950.0";"3.32675"
"249960.0";"3.246305"
"249970.0";"3.34182"
"249980.0";"3.30682"
"249990.0";"3.348498"
"250000.0";"3.332046"
"250010.0";"3.310196"
"250020.0";"3.306305"
"250030.0";"3.417926"
"250040.0";"3.278132"
"250050.0";"3.308271"
"250060.0";"3.297163"
"250070.0";"3.340665"
"250080.0";"3.265484"
"250090.0";"3.258545"
"250100.0";"3.328464"
"250110.0";"3.268111"
"250120.0";"3.42425"
"250130.0";"3.333443"
"250140.0";"3.332191"
"250150.0";"3.329691"
"250160.0";"3.286696"
"250170.0";"3.260859"
"250180.0";"3.285993"
"250190.0";"3.365443"
"250200.0";"3.359406"
"250210.0";"3.311496"
"250220.0";"3.339571"
"250230.0";"3.280489"
"250240.0";"3.211168"
"250250.0";"3.290826"
"250260.0";"3.323184"
"250270.0";"3.244684"
"250280.0";"3.316229"
"250290.0";"3.282982"
"250300.0";"3.278688"
"250310.0";"3.314017"
"250320.0";"3.292457"
"250330.0";"3.260679"
"250340.0";"3.256781"
"250350.0";"3.249353"
"250360.0";"3.334445"
"250370.0";"3.323701"
"250380.0";"3.272524"
"250390.0";"3.317629"
"250400.0";"3.364804"
"250410.0";"3.326725"
"250420.0";"3.342071"
"250430.0";"3.312383"
"250440.0";"3.391318"
"250450.0";"3.339731"
"250460.0";"3.283337"
"250470.0";"3.286759"
"250480.0";"3.310297"
"250490.0";"3.26659"
"250500.0";"3.286078"
"250510.0";"3.299356"
"250520.0";"3.287789"
"250530.0";"3.30078"
"250540.0";"3.313812"
"250550.0";"3.350375"
"250560.0";"3.296832"
"250570.0";"3.317163"
"250580.0";"3.275537"
"250590.0";"3.3569"
"250600.0";"3.355659"
"250610.0";"3.282868"
"250620.0";"3.338925"
"250630.0";"3.33716"
"250640.0";"3.322156"
"250650.0";"3.298709"
"250660.0";"3.402515"
"250670.0";"3.344754"
"250680.0";"3.377954"
"250690.0";"3.249465"
"250700.0";"3.357675"
"250710.0";"3.273463"
"250720.0";"3.28622"
"250730.0";"3.280828"
"250740.0";"3.258001"
"250750.0";"3.315686"
"250760.0";"3.279927"
"250770.0";"3.330131"
"250780.0";"3.245521"
"250790.0";"3.291898"
"250800.0";"3.294184"
"250810.0";"3.270507"
"250820.0";"3.270572"
"250830.0";"3.308084"
"250840.0";"3.291027"
"250850.0";"3.339407"
"250860.0";"3.252292"
"250870.0";"3.275962"
"250880.0";"3.2803"
"250890.0";"3.346595"
"250900.0";"3.340597"
"250910.0";"3.295676"
"250920.0";"3.28088"
"250930.0";"3.374008"
"250940.0";"3.333847"
"250950.0";"3.251091"
"250960.0";"3.318213"
"250970.0";"3.305974"
"250980.0";"3.293651"
"250990.0";"3.344469"
"251000.0";"3.312593"
"251010.0";"3.322093"
"251020.0";"3.330028"
"251030.0";"3.32139"
"251040.0";"3.259295"
"251050.0";"3.397193"
"251060.0";"3.251114"
"251070.0";"3.247663"
"251080.0";"3.253325"
"251090.0";"3.290861"
"251100.0";"3.251534"
"251110.0";"3.246474"
"251120.0";"3.283647"
"251130.0";"3.28113"
"251140.0";"3.278188"
"251150.0";"3.29853"
"251160.0";"3.288705"
"251170.0";"3.312129"
"251180.0";"3.243998"
"251190.0";"3.239971"
"251200.0";"3.322055"
"251210.0";"3.329664"
"251220.0";"3.189317"
"251230.0";"3.304695"
"251240.0";"3.258262"
"251250.0";"3.332177"
"251260.0";"3.372197"
"251270.0";"3.272266"
"251280.0";"3.32581"
"251290.0";"3.339241"
"251300.0";"3.298832"
"251310.0";"3.335791"
"251320.0";"3.404828"
"251330.0";"3.360698"
"251340.0";"3.34949"
"251350.0";"3.368018"
"251360.0";"3.384217"
"251370.0";"3.33636"
"251380.0";"3.262897"
"251390.0";"3.329839"
"251400.0";"3.32082"
"251410.0";"3.302701"
"251420.0";"3.289704"
"251430.0";"3.293466"
"251440.0";"3.291496"
"251450.0";"3.318875"
"251460.0";"3.345661"
"251470.0";"3.307148"
"251480.0";"3.311035"
"251490.0";"3.268617"
"251500.0";"3.266606"
"251510.0";"3.291178"
"251520.0";"3.346594"
"251530.0";"3.382232"
"251540.0";"3.269182"
"251550.0";"3.326895"
"251560.0";"3.278782"
"251570.0";"3.267837"
"251580.0";"3.289732"
"251590.0";"3.27355"
"251600.0";"3.300389"
"251610.0";"3.273792"
"251620.0";"3.288097"
"251630.0";"3.249196"
"251640.0";"3.220669"
"251650.0";"3.281875"
"251660.0";"3.283321"
"251670.0";"3.267482"
"251680.0";"3.27064"
"251690.0";"3.254688"
"251700.0";"3.343428"
"251710.0";"3.304149"
"251720.0";"3.293279"
"251730.0";"3.300704"
"251740.0";"3.312021"
"251750.0";"3.273753"
"251760.0";"3.27336"
"251770.0";"3.34561"
"251780.0";"3.346988"
"251790.0";"3.354373"
"251800.0";"3.360696"
"251810.0";"3.306182"
"251820.0";"3.325939"
"251830.0";"3.274204"
"251840.0";"3.30074"
"251850.0";"3.272935"
"251860.0";"3.331585"
"251870.0";"3.367126"
"251880.0";"3.314114"
"251890.0";"3.300136"
"251900.0";"3.352523"
"251910.0";"3.303687"
"251920.0";"3.338676"
"251930.0";"3.275032"
"251940.0";"3.307532"
"251950.0";"3.356404"
"251960.0";"3.325952"
"251970.0";"3.325728"
"251980.0";"3.311211"
"251990.0";"3.310889"
"252000.0";"3.26965"
"252010.0";"3.323025"
"252020.0";"3.328123"
"252030.0";"3.320473"
"252040.0";"3.294461"
"252050.0";"3.315809"
"252060.0";"3.346637"
"252070.0";"3.263137"
"252080.0";"3.260162"
"252090.0";"3.300556"
"252100.0";"3.384685"
"252110.0";"3.386801"
"252120.0";"3.287823"
"252130.0";"3.305388"
"252140.0";"3.339947"
"252150.0";"3.307245"
"252160.0";"3.302908"
"252170.0";"3.312181"
"252180.0";"3.305541"
"252190.0";"3.403959"
"252200.0";"3.351963"
"252210.0";"3.323986"
"252220.0";"3.403946"
"252230.0";"3.360659"
"252240.0";"3.332363"
"252250.0";"3.267922"
"252260.0";"3.368991"
"252270.0";"3.374699"
"252280.0";"3.318671"
"252290.0";"3.307033"
"252300.0";"3.392639"
"252310.0";"3.307291"
"252320.0";"3.341591"
"252330.0";"3.45154"
"252340.0";"3.397419"
"252350.0";"3.391577"
"252360.0";"3.390157"
"252370.0";"3.290431"
"252380.0";"3.283541"
"252390.0";"3.341711"
"252400.0";"3.314176"
"252410.0";"3.324811"
"252420.0";"3.324706"
"252430.0";"3.341032"
"252440.0";"3.340672"
"252450.0";"3.377712"
"252460.0";"3.27646"
"252470.0";"3.305746"
"252480.0";"3.291338"
"252490.0";"3.310344"
"252500.0";"3.257938"
"252510.0";"3.416777"
"252520.0";"3.34156"
"252530.0";"3.256025"
"252540.0";"3.249928"
"252550.0";"3.345265"
"252560.0";"3.325968"
"252570.0";"3.277452"
"252580.0";"3.264406"
"252590.0";"3.310814"
"252600.0";"3.327939"
"252610.0";"3.331231"
"252620.0";"3.346289"
"252630.0";"3.295774"
"252640.0";"3.36217"
"252650.0";"3.349848"
"252660.0";"3.323156"
"252670.0";"3.288867"
"252680.0";"3.322706"
"252690.0";"3.344286"
"252700.0";"3.31692"
"252710.0";"3.280737"
"252720.0";"3.342201"
"252730.0";"3.276617"
"252740.0";"3.347547"
"252750.0";"3.35898"
"252760.0";"3.418799"
"252770.0";"3.416205"
"252780.0";"3.328928"
"252790.0";"3.426548"
"252800.0";"3.40912"
"252810.0";"3.358191"
"252820.0";"3.353338"
"252830.0";"3.393559"
"252840.0";"3.313482"
"252850.0";"3.35763"
"252860.0";"3.378828"
"252870.0";"3.390037"
"252880.0";"3.429834"
"252890.0";"3.233055"
"252900.0";"3.351734"
"252910.0";"3.356724"
"252920.0";"3.323303"
"252930.0";"3.29781"
"252940.0";"3.406748"
"252950.0";"3.281991"
"252960.0";"3.333988"
"252970.0";"3.312952"
"252980.0";"3.377079"
"252990.0";"3.333483"
"253000.0";"3.394027"
"253010.0";"3.426373"
"253020.0";"3.402696"
"253030.0";"3.315917"
"253040.0";"3.324528"
"253050.0";"3.495105"
"253060.0";"3.318562"
"253070.0";"3.29984"
"253080.0";"3.357471"
"253090.0";"3.450885"
"253100.0";"3.425431"
"253110.0";"3.410312"
"253120.0";"3.422219"
"253130.0";"3.340875"
"253140.0";"3.337194"
"253150.0";"3.368078"
"253160.0";"3.319807"
"253170.0";"3.353106"
"253180.0";"3.319906"
"253190.0";"3.356718"
"253200.0";"3.342931"
"253210.0";"3.329589"
"253220.0";"3.312972"
"253230.0";"3.361387"
"253240.0";"3.321523"
"253250.0";"3.315779"
"253260.0";"3.308966"
"253270.0";"3.374254"
"253280.0";"3.469139"
"253290.0";"3.435127"
"253300.0";"3.464339"
"253310.0";"3.411215"
"253320.0";"3.447329"
"253330.0";"3.463058"
"253340.0";"3.400905"
"253350.0";"3.391187"
"253360.0";"3.375704"
"253370.0";"3.387903"
"253380.0";"3.44052"
"253390.0";"3.37934"
"253400.0";"3.419106"
"253410.0";"3.493379"
"253420.0";"3.490351"
"253430.0";"3.517312"
"253440.0";"3.50756"
"253450.0";"3.507351"
"253460.0";"3.516536"
"253470.0";"3.508165"
"253480.0";"3.532181"
"253490.0";"3.434262"
"253500.0";"3.429472"
"253510.0";"3.43921"
"253520.0";"3.520675"
"253530.0";"3.509763"
"253540.0";"3.487755"
"253550.0";"3.460086"
"253560.0";"3.495291"
"253570.0";"3.478289"
"253580.0";"3.461626"
"253590.0";"3.502485"
"253600.0";"3.46278"
"253610.0";"3.445273"
"253620.0";"3.420949"
"253630.0";"3.471963"
"253640.0";"3.414565"
"253650.0";"3.460298"
"253660.0";"3.420134"
"253670.0";"3.46558"
"253680.0";"3.39834"
"253690.0";"3.464672"
"253700.0";"3.415155"
"253710.0";"3.364908"
"253720.0";"3.378463"
"253730.0";"3.39985"
"253740.0";"3.477732"
"253750.0";"3.448882"
"253760.0";"3.418788"
"253770.0";"3.468197"
"253780.0";"3.444354"
"253790.0";"3.528141"
"253800.0";"3.451891"
"253810.0";"3.42511"
"253820.0";"3.428733"
"253830.0";"3.400262"
"253840.0";"3.396315"
"253850.0";"3.415338"
"253860.0";"3.431464"
"253870.0";"3.40013"
"253880.0";"3.414666"
"253890.0";"3.395274"
"253900.0";"3.39991"
"253910.0";"3.442346"
"253920.0";"3.351756"
"253930.0";"3.466561"
"253940.0";"3.434115"
"253950.0";"3.44561"
"253960.0";"3.451736"
"253970.0";"3.508119"
"253980.0";"3.460619"
"253990.0";"3.44882"
"254000.0";"3.360118"
"254010.0";"3.430491"
"254020.0";"3.367921"
"254030.0";"3.401908"
"254040.0";"3.430488"
"254050.0";"3.378891"
"254060.0";"3.383383"
"254070.0";"3.37562"
"254080.0";"3.39032"
"254090.0";"3.42982"
"254100.0";"3.459052"
"254110.0";"3.415109"
"254120.0";"3.403723"
"254130.0";"3.404164"
"254140.0";"3.459737"
"254150.0";"3.550614"
"254160.0";"3.487113"
"254170.0";"3.517507"
"254180.0";"3.476213"
"254190.0";"3.401267"
"254200.0";"3.370706"
"254210.0";"3.369428"
"254220.0";"3.391214"
"254230.0";"3.369486"
"254240.0";"3.407484"
"254250.0";"3.436682"
"254260.0";"3.376028"
"254270.0";"3.413605"
"254280.0";"3.41651"
"254290.0";"3.338032"
"254300.0";"3.35746"
"254310.0";"3.39686"
"254320.0";"3.380279"
"254330.0";"3.433752"
"254340.0";"3.453576"
"254350.0";"3.475049"
"254360.0";"3.436679"
"254370.0";"3.408361"
"254380.0";"3.50308"
"254390.0";"3.467038"
"254400.0";"3.505565"
"254410.0";"3.514074"
"254420.0";"3.388323"
"254430.0";"3.452545"
"254440.0";"3.463895"
"254450.0";"3.384022"
"254460.0";"3.421596"
"254470.0";"3.451941"
"254480.0";"3.40625"
"254490.0";"3.508519"
"254500.0";"3.451223"
"254510.0";"3.440839"
"254520.0";"3.469839"
"254530.0";"3.422498"
"254540.0";"3.387601"
"254550.0";"3.400671"
"254560.0";"3.421977"
"254570.0";"3.492537"
"254580.0";"3.426181"
"254590.0";"3.486211"
"254600.0";"3.422596"
"254610.0";"3.460548"
"254620.0";"3.390817"
"254630.0";"3.460422"
"254640.0";"3.397513"
"254650.0";"3.444434"
"254660.0";"3.426929"
"254670.0";"3.463333"
"254680.0";"3.512057"
"254690.0";"3.503292"
"254700.0";"3.382624"
"254710.0";"3.393838"
"254720.0";"3.443432"
"254730.0";"3.41108"
"254740.0";"3.456255"
"254750.0";"3.340286"
"254760.0";"3.444914"
"254770.0";"3.41119"
"254780.0";"3.390626"
"254790.0";"3.404058"
"254800.0";"3.415089"
"254810.0";"3.472913"
"254820.0";"3.408593"
"254830.0";"3.369717"
"254840.0";"3.40031"
"254850.0";"3.390469"
"254860.0";"3.351541"
"254870.0";"3.376406"
"254880.0";"3.378344"
"254890.0";"3.405277"
"254900.0";"3.348237"
"254910.0";"3.29996"
"254920.0";"3.306678"
"254930.0";"3.371919"
"254940.0";"3.395617"
"254950.0";"3.292375"
"254960.0";"3.369933"
"254970.0";"3.379567"
"254980.0";"3.318924"
"254990.0";"3.332085"
"255000.0";"3.368961"
"255010.0";"3.336432"
"255020.0";"3.414429"
"255030.0";"3.374617"
"255040.0";"3.347806"
"255050.0";"3.354817"
"255060.0";"3.356311"
"255070.0";"3.287941"
"255080.0";"3.343466"
"255090.0";"3.369276"
"255100.0";"3.335963"
"255110.0";"3.371326"
"255120.0";"3.296061"
"255130.0";"3.395874"
"255140.0";"3.376325"
"255150.0";"3.296104"
"255160.0";"3.353029"
"255170.0";"3.397156"
"255180.0";"3.411615"
"255190.0";"3.355414"
"255200.0";"3.337025"
"255210.0";"3.424995"
"255220.0";"3.299676"
"255230.0";"3.372726"
"255240.0";"3.326077"
"255250.0";"3.390837"
"255260.0";"3.506415"
"255270.0";"3.434533"
"255280.0";"3.430903"
"255290.0";"3.412196"
"255300.0";"3.441919"
"255310.0";"3.340806"
"255320.0";"3.363364"
"255330.0";"3.384815"
"255340.0";"3.387112"
"255350.0";"3.300807"
"255360.0";"3.372056"
"255370.0";"3.353056"
"255380.0";"3.386985"
"255390.0";"3.354335"
"255400.0";"3.347658"
"255410.0";"3.382131"
"255420.0";"3.319732"
"255430.0";"3.347826"
"255440.0";"3.360904"
"255450.0";"3.397546"
"255460.0";"3.326287"
"255470.0";"3.337457"
"255480.0";"3.344456"
"255490.0";"3.356593"
"255500.0";"3.342577"
"255510.0";"3.276806"
"255520.0";"3.388824"
"255530.0";"3.367142"
"255540.0";"3.365472"
"255550.0";"3.368447"
"255560.0";"3.36086"
"255570.0";"3.329727"
"255580.0";"3.38028"
"255590.0";"3.320962"
"255600.0";"3.325052"
"255610.0";"3.357055"
"255620.0";"3.355068"
"255630.0";"3.337938"
"255640.0";"3.396785"
"255650.0";"3.298496"
"255660.0";"3.354321"
"255670.0";"3.387288"
"255680.0";"3.385708"
"255690.0";"3.370512"
"255700.0";"3.318969"
"255710.0";"3.383421"
"255720.0";"3.344378"
"255730.0";"3.347804"
"255740.0";"3.409376"
"255750.0";"3.293234"
"255760.0";"3.333501"
"255770.0";"3.413976"
"255780.0";"3.411859"
"255790.0";"3.386321"
"255800.0";"3.404074"
"255810.0";"3.373341"
"255820.0";"3.334737"
"255830.0";"3.36461"
"255840.0";"3.348996"
"255850.0";"3.337678"
"255860.0";"3.369142"
"255870.0";"3.332477"
"255880.0";"3.473894"
"255890.0";"3.384117"
"255900.0";"3.377357"
"255910.0";"3.407564"
"255920.0";"3.395962"
"255930.0";"3.364787"
"255940.0";"3.357354"
"255950.0";"3.3848"
"255960.0";"3.404222"
"255970.0";"3.379799"
"255980.0";"3.404634"
"255990.0";"3.343789"
"256000.0";"3.400064"
"256010.0";"3.288556"
"256020.0";"3.39357"
"256030.0";"3.323244"
"256040.0";"3.320029"
"256050.0";"3.381589"
"256060.0";"3.316887"
"256070.0";"3.303135"
"256080.0";"3.312359"
"256090.0";"3.422681"
"256100.0";"3.371031"
"256110.0";"3.366924"
"256120.0";"3.379627"
"256130.0";"3.388148"
"256140.0";"3.385209"
"256150.0";"3.421984"
"256160.0";"3.290111"
"256170.0";"3.358519"
"256180.0";"3.328439"
"256190.0";"3.350356"
"256200.0";"3.364827"
"256210.0";"3.429094"
"256220.0";"3.344591"
"256230.0";"3.393376"
"256240.0";"3.330662"
"256250.0";"3.35942"
"256260.0";"3.33693"
"256270.0";"3.365071"
"256280.0";"3.345891"
"256290.0";"3.33298"
"256300.0";"3.42163"
"256310.0";"3.297029"
"256320.0";"3.267689"
"256330.0";"3.324505"
"256340.0";"3.306912"
"256350.0";"3.319051"
"256360.0";"3.346057"
"256370.0";"3.369523"
"256380.0";"3.43226"
"256390.0";"3.402893"
"256400.0";"3.321692"
"256410.0";"3.252028"
"256420.0";"3.269924"
"256430.0";"3.312724"
"256440.0";"3.306212"
"256450.0";"3.326489"
"256460.0";"3.282715"
"256470.0";"3.296795"
"256480.0";"3.322173"
"256490.0";"3.412028"
"256500.0";"3.379344"
"256510.0";"3.350566"
"256520.0";"3.351292"
"256530.0";"3.334128"
"256540.0";"3.379173"
"256550.0";"3.333185"
"256560.0";"3.338491"
"256570.0";"3.295076"
"256580.0";"3.323251"
"256590.0";"3.331781"
"256600.0";"3.337265"
"256610.0";"3.299322"
"256620.0";"3.384142"
"256630.0";"3.342492"
"256640.0";"3.357988"
"256650.0";"3.334289"
"256660.0";"3.31728"
"256670.0";"3.316863"
"256680.0";"3.37176"
"256690.0";"3.353799"
"256700.0";"3.317033"
"256710.0";"3.354849"
"256720.0";"3.29033"
"256730.0";"3.31012"
"256740.0";"3.39557"
"256750.0";"3.322556"
"256760.0";"3.33607"
"256770.0";"3.347313"
"256780.0";"3.352933"
"256790.0";"3.352605"
"256800.0";"3.326368"
"256810.0";"3.311803"
"256820.0";"3.352256"
"256830.0";"3.262933"
"256840.0";"3.30788"
"256850.0";"3.280345"
"256860.0";"3.373484"
"256870.0";"3.238192"
"256880.0";"3.379649"
"256890.0";"3.41714"
"256900.0";"3.417871"
"256910.0";"3.448665"
"256920.0";"3.303883"
"256930.0";"3.352936"
"256940.0";"3.299021"
"256950.0";"3.249381"
"256960.0";"3.350335"
"256970.0";"3.337951"
"256980.0";"3.386152"
"256990.0";"3.332043"
"257000.0";"3.388205"
"257010.0";"3.264924"
"257020.0";"3.298637"
"257030.0";"3.355345"
"257040.0";"3.285909"
"257050.0";"3.284514"
"257060.0";"3.29248"
"257070.0";"3.310774"
"257080.0";"3.348656"
"257090.0";"3.410732"
"257100.0";"3.330189"
"257110.0";"3.394263"
"257120.0";"3.341219"
"257130.0";"3.319359"
"257140.0";"3.345126"
"257150.0";"3.254907"
"257160.0";"3.333488"
"257170.0";"3.370061"
"257180.0";"3.34014"
"257190.0";"3.373613"
"257200.0";"3.349904"
"257210.0";"3.338482"
"257220.0";"3.287254"
"257230.0";"3.365774"
"257240.0";"3.284819"
"257250.0";"3.298865"
"257260.0";"3.297882"
"257270.0";"3.320267"
"257280.0";"3.379951"
"257290.0";"3.313765"
"257300.0";"3.305495"
"257310.0";"3.335644"
"257320.0";"3.259523"
"257330.0";"3.310441"
"257340.0";"3.322243"
"257350.0";"3.353667"
"257360.0";"3.347264"
"257370.0";"3.364381"
"257380.0";"3.274675"
"257390.0";"3.302068"
"257400.0";"3.343489"
"257410.0";"3.346518"
"257420.0";"3.428012"
"257430.0";"3.32693"
"257440.0";"3.311667"
"257450.0";"3.301896"
"257460.0";"3.371511"
"257470.0";"3.320574"
"257480.0";"3.395913"
"257490.0";"3.40785"
"257500.0";"3.319632"
"257510.0";"3.350213"
"257520.0";"3.37331"
"257530.0";"3.404145"
"257540.0";"3.347383"
"257550.0";"3.406841"
"257560.0";"3.323955"
"257570.0";"3.345969"
"257580.0";"3.279853"
"257590.0";"3.267724"
"257600.0";"3.309412"
"257610.0";"3.301576"
"257620.0";"3.375803"
"257630.0";"3.354264"
"257640.0";"3.390243"
"257650.0";"3.389365"
"257660.0";"3.344948"
"257670.0";"3.379621"
"257680.0";"3.312078"
"257690.0";"3.363071"
"257700.0";"3.34338"
"257710.0";"3.424647"
"257720.0";"3.381968"
"257730.0";"3.430432"
"257740.0";"3.436737"
"257750.0";"3.314515"
"257760.0";"3.344055"
"257770.0";"3.392669"
"257780.0";"3.393562"
"257790.0";"3.41754"
"257800.0";"3.360993"
"257810.0";"3.343347"
"257820.0";"3.328822"
"257830.0";"3.343713"
"257840.0";"3.368278"
"257850.0";"3.349515"
"257860.0";"3.357117"
"257870.0";"3.308157"
"257880.0";"3.328751"
"257890.0";"3.353142"
"257900.0";"3.456755"
"257910.0";"3.309641"
"257920.0";"3.304296"
"257930.0";"3.344915"
"257940.0";"3.353668"
"257950.0";"3.303741"
"257960.0";"3.255098"
"257970.0";"3.275719"
"257980.0";"3.322969"
"257990.0";"3.279441"
"258000.0";"3.303717"
"258010.0";"3.357319"
"258020.0";"3.33897"
"258030.0";"3.312322"
"258040.0";"3.321673"
"258050.0";"3.374063"
"258060.0";"3.267661"
"258070.0";"3.335932"
"258080.0";"3.336409"
"258090.0";"3.32423"
"258100.0";"3.417501"
"258110.0";"3.339496"
"258120.0";"3.35702"
"258130.0";"3.377609"
"258140.0";"3.318288"
"258150.0";"3.302571"
"258160.0";"3.280716"
"258170.0";"3.312351"
"258180.0";"3.305327"
"258190.0";"3.31579"
"258200.0";"3.291555"
"258210.0";"3.300963"
"258220.0";"3.342902"
"258230.0";"3.303282"
"258240.0";"3.300635"
"258250.0";"3.272813"
"258260.0";"3.27788"
"258270.0";"3.341328"
"258280.0";"3.318247"
"258290.0";"3.354087"
"258300.0";"3.364919"
"258310.0";"3.334249"
"258320.0";"3.379216"
"258330.0";"3.289136"
"258340.0";"3.290412"
"258350.0";"3.353922"
"258360.0";"3.366527"
"258370.0";"3.350273"
"258380.0";"3.372035"
"258390.0";"3.348221"
"258400.0";"3.303475"
"258410.0";"3.290716"
"258420.0";"3.316764"
"258430.0";"3.294538"
"258440.0";"3.277811"
"258450.0";"3.328986"
"258460.0";"3.283197"
"258470.0";"3.328092"
"258480.0";"3.294757"
"258490.0";"3.372228"
"258500.0";"3.319104"
"258510.0";"3.247537"
"258520.0";"3.357889"
"258530.0";"3.339057"
"258540.0";"3.343347"
"258550.0";"3.321606"
"258560.0";"3.393955"
"258570.0";"3.278166"
"258580.0";"3.307891"
"258590.0";"3.321785"
"258600.0";"3.354569"
"258610.0";"3.390193"
"258620.0";"3.339357"
"258630.0";"3.319151"
"258640.0";"3.31374"
"258650.0";"3.276666"
"258660.0";"3.28571"
"258670.0";"3.298807"
"258680.0";"3.318606"
"258690.0";"3.386554"
"258700.0";"3.323088"
"258710.0";"3.347811"
"258720.0";"3.288277"
"258730.0";"3.303048"
"258740.0";"3.2773"
"258750.0";"3.28555"
"258760.0";"3.290754"
"258770.0";"3.359941"
"258780.0";"3.313278"
"258790.0";"3.338385"
"258800.0";"3.321142"
"258810.0";"3.333024"
"258820.0";"3.282513"
"258830.0";"3.296887"
"258840.0";"3.28503"
"258850.0";"3.307874"
"258860.0";"3.309484"
"258870.0";"3.275311"
"258880.0";"3.302264"
"258890.0";"3.294833"
"258900.0";"3.265655"
"258910.0";"3.300553"
"258920.0";"3.243923"
"258930.0";"3.359714"
"258940.0";"3.303624"
"258950.0";"3.305465"
"258960.0";"3.262632"
"258970.0";"3.269845"
"258980.0";"3.261188"
"258990.0";"3.321103"
"259000.0";"3.299588"
"259010.0";"3.272672"
"259020.0";"3.308233"
"259030.0";"3.229612"
"259040.0";"3.266877"
"259050.0";"3.257446"
"259060.0";"3.248646"
"259070.0";"3.28074"
"259080.0";"3.322474"
"259090.0";"3.331542"
"259100.0";"3.23122"
"259110.0";"3.323338"
"259120.0";"3.354484"
"259130.0";"3.354446"
"259140.0";"3.330319"
"259150.0";"3.315192"
"259160.0";"3.311709"
"259170.0";"3.286304"
"259180.0";"3.27794"
"259190.0";"3.328173"
"259200.0";"3.345037"
"259210.0";"3.36755"
"259220.0";"3.410587"
"259230.0";"3.311813"
"259240.0";"3.247519"
"259250.0";"3.365679"
"259260.0";"3.333231"
"259270.0";"3.343456"
"259280.0";"3.328367"
"259290.0";"3.322974"
"259300.0";"3.308353"
"259310.0";"3.325086"
"259320.0";"3.339652"
"259330.0";"3.303183"
"259340.0";"3.267531"
"259350.0";"3.277102"
"259360.0";"3.28691"
"259370.0";"3.400368"
"259380.0";"3.276254"
"259390.0";"3.343627"
"259400.0";"3.34592"
"259410.0";"3.333335"
"259420.0";"3.281401"
"259430.0";"3.310309"
"259440.0";"3.333895"
"259450.0";"3.331846"
"259460.0";"3.386295"
"259470.0";"3.332875"
"259480.0";"3.31728"
"259490.0";"3.299187"
"259500.0";"3.288226"
"259510.0";"3.30857"
"259520.0";"3.340552"
"259530.0";"3.413428"
"259540.0";"3.420402"
"259550.0";"3.32128"
"259560.0";"3.299383"
"259570.0";"3.294741"
"259580.0";"3.281757"
"259590.0";"3.317432"
"259600.0";"3.271296"
"259610.0";"3.345805"
"259620.0";"3.269226"
"259630.0";"3.323108"
"259640.0";"3.345505"
"259650.0";"3.270869"
"259660.0";"3.277716"
"259670.0";"3.257626"
"259680.0";"3.351397"
"259690.0";"3.3372"
"259700.0";"3.317174"
"259710.0";"3.278526"
"259720.0";"3.335449"
"259730.0";"3.323763"
"259740.0";"3.331384"
"259750.0";"3.364218"
"259760.0";"3.347898"
"259770.0";"3.316831"
"259780.0";"3.295262"
"259790.0";"3.342593"
"259800.0";"3.372996"
"259810.0";"3.286932"
"259820.0";"3.374109"
"259830.0";"3.381521"
"259840.0";"3.379087"
"259850.0";"3.360693"
"259860.0";"3.315318"
"259870.0";"3.386924"
"259880.0";"3.2972"
"259890.0";"3.328636"
"259900.0";"3.425339"
"259910.0";"3.335296"
"259920.0";"3.335011"
"259930.0";"3.383624"
"259940.0";"3.324906"
"259950.0";"3.412941"
"259960.0";"3.352483"
"259970.0";"3.351612"
"259980.0";"3.370351"
"259990.0";"3.434639"
"260000.0";"3.31277"
"260010.0";"3.345645"
"260020.0";"3.306119"
"260030.0";"3.326303"
"260040.0";"3.337028"
"260050.0";"3.311213"
"260060.0";"3.287365"
"260070.0";"3.370139"
"260080.0";"3.374927"
"260090.0";"3.421073"
"260100.0";"3.406803"
"260110.0";"3.351152"
"260120.0";"3.316431"
"260130.0";"3.328701"
"260140.0";"3.400444"
"260150.0";"3.325467"
"260160.0";"3.287343"
"260170.0";"3.369508"
"260180.0";"3.297847"
"260190.0";"3.318131"
"260200.0";"3.327538"
"260210.0";"3.385931"
"260220.0";"3.367629"
"260230.0";"3.368112"
"260240.0";"3.33786"
"260250.0";"3.353455"
"260260.0";"3.322077"
"260270.0";"3.325802"
"260280.0";"3.358397"
"260290.0";"3.405092"
"260300.0";"3.371966"
"260310.0";"3.343533"
"260320.0";"3.372678"
"260330.0";"3.33191"
"260340.0";"3.29186"
"260350.0";"3.321094"
"260360.0";"3.408375"
"260370.0";"3.410808"
"260380.0";"3.349563"
"260390.0";"3.385391"
"260400.0";"3.386943"
"260410.0";"3.291547"
"260420.0";"3.343094"
"260430.0";"3.31762"
"260440.0";"3.3429"
"260450.0";"3.387221"
"260460.0";"3.392824"
"260470.0";"3.361431"
"260480.0";"3.36109"
"260490.0";"3.263774"
"260500.0";"3.320317"
"260510.0";"3.327351"
"260520.0";"3.310574"
"260530.0";"3.346304"
"260540.0";"3.329111"
"260550.0";"3.360468"
"260560.0";"3.318363"
"260570.0";"3.353631"
"260580.0";"3.452268"
"260590.0";"3.317402"
"260600.0";"3.392578"
"260610.0";"3.315544"
"260620.0";"3.375048"
"260630.0";"3.422712"
"260640.0";"3.359737"
"260650.0";"3.310878"
"260660.0";"3.348751"
"260670.0";"3.281136"
"260680.0";"3.364221"
"260690.0";"3.354485"
"260700.0";"3.360466"
"260710.0";"3.367288"
"260720.0";"3.334975"
"260730.0";"3.356035"
"260740.0";"3.340596"
"260750.0";"3.38855"
"260760.0";"3.31535"
"260770.0";"3.335351"
"260780.0";"3.354428"
"260790.0";"3.345069"
"260800.0";"3.302206"
"260810.0";"3.320279"
"260820.0";"3.381382"
"260830.0";"3.268622"
"260840.0";"3.275292"
"260850.0";"3.248194"
"260860.0";"3.312447"
"260870.0";"3.294607"
"260880.0";"3.327948"
"260890.0";"3.32034"
"260900.0";"3.344297"
"260910.0";"3.325854"
"260920.0";"3.381501"
"260930.0";"3.349869"
"260940.0";"3.316289"
"260950.0";"3.25735"
"260960.0";"3.342257"
"260970.0";"3.28059"
"260980.0";"3.275751"
"260990.0";"3.401629"
"261000.0";"3.35833"
"261010.0";"3.346525"
"261020.0";"3.420426"
"261030.0";"3.410541"
"261040.0";"3.386547"
"261050.0";"3.416206"
"261060.0";"3.338984"
"261070.0";"3.36482"
"261080.0";"3.302446"
"261090.0";"3.368738"
"261100.0";"3.396063"
"261110.0";"3.359998"
"261120.0";"3.343766"
"261130.0";"3.331328"
"261140.0";"3.402108"
"261150.0";"3.332547"
"261160.0";"3.371869"
"261170.0";"3.381775"
"261180.0";"3.323472"
"261190.0";"3.365654"
"261200.0";"3.384797"
"261210.0";"3.39286"
"261220.0";"3.424872"
"261230.0";"3.370465"
"261240.0";"3.374511"
"261250.0";"3.345871"
"261260.0";"3.405332"
"261270.0";"3.325375"
"261280.0";"3.332056"
"261290.0";"3.329486"
"261300.0";"3.385682"
"261310.0";"3.322232"
"261320.0";"3.341865"
"261330.0";"3.456639"
"261340.0";"3.323881"
"261350.0";"3.30506"
"261360.0";"3.365258"
"261370.0";"3.364947"
"261380.0";"3.36952"
"261390.0";"3.348661"
"261400.0";"3.325542"
"261410.0";"3.357973"
"261420.0";"3.377074"
"261430.0";"3.443418"
"261440.0";"3.385032"
"261450.0";"3.384704"
"261460.0";"3.409657"
"261470.0";"3.383297"
"261480.0";"3.319191"
"261490.0";"3.358571"
"261500.0";"3.339504"
"261510.0";"3.29777"
"261520.0";"3.272987"
"261530.0";"3.324234"
"261540.0";"3.38226"
"261550.0";"3.341283"
"261560.0";"3.293294"
"261570.0";"3.367774"
"261580.0";"3.339669"
"261590.0";"3.380555"
"261600.0";"3.343698"
"261610.0";"3.369449"
"261620.0";"3.360157"
"261630.0";"3.393059"
"261640.0";"3.418278"
"261650.0";"3.359694"
"261660.0";"3.33718"
"261670.0";"3.379019"
"261680.0";"3.349963"
"261690.0";"3.332588"
"261700.0";"3.304493"
"261710.0";"3.290887"
"261720.0";"3.371314"
"261730.0";"3.376209"
"261740.0";"3.330246"
"261750.0";"3.250377"
"261760.0";"3.355553"
"261770.0";"3.258631"
"261780.0";"3.336221"
"261790.0";"3.322895"
"261800.0";"3.296126"
"261810.0";"3.289098"
"261820.0";"3.375245"
"261830.0";"3.414582"
"261840.0";"3.438518"
"261850.0";"3.34313"
"261860.0";"3.336679"
"261870.0";"3.3012"
"261880.0";"3.311119"
"261890.0";"3.313368"
"261900.0";"3.34854"
"261910.0";"3.253609"
"261920.0";"3.3369"
"261930.0";"3.403738"
"261940.0";"3.359722"
"261950.0";"3.345913"
"261960.0";"3.341195"
"261970.0";"3.30444"
"261980.0";"3.407342"
"261990.0";"3.361048"
"262000.0";"3.314117"
"262010.0";"3.313207"
"262020.0";"3.284822"
"262030.0";"3.349265"
"262040.0";"3.328665"
"262050.0";"3.348258"
"262060.0";"3.309683"
"262070.0";"3.302347"
"262080.0";"3.330195"
"262090.0";"3.3698"
"262100.0";"3.327157"
"262110.0";"3.321754"
"262120.0";"3.305943"
"262130.0";"3.238496"
"262140.0";"3.381931"
"262150.0";"3.264734"
"262160.0";"3.285879"
"262170.0";"3.207703"
"262180.0";"3.316319"
"262190.0";"3.239764"
"262200.0";"3.401943"
"262210.0";"3.380994"
"262220.0";"3.333796"
"262230.0";"3.345843"
"262240.0";"3.29438"
"262250.0";"3.320107"
"262260.0";"3.326696"
"262270.0";"3.276831"
"262280.0";"3.37422"
"262290.0";"3.297539"
"262300.0";"3.326916"
"262310.0";"3.29483"
"262320.0";"3.302338"
"262330.0";"3.266738"
"262340.0";"3.356296"
"262350.0";"3.376934"
"262360.0";"3.268383"
"262370.0";"3.351871"
"262380.0";"3.251625"
"262390.0";"3.355476"
"262400.0";"3.312835"
"262410.0";"3.36931"
"262420.0";"3.272171"
"262430.0";"3.316101"
"262440.0";"3.376553"
"262450.0";"3.2967"
"262460.0";"3.32586"
"262470.0";"3.330317"
"262480.0";"3.263752"
"262490.0";"3.262427"
"262500.0";"3.28074"
"262510.0";"3.281808"
"262520.0";"3.322677"
"262530.0";"3.359684"
"262540.0";"3.283757"
"262550.0";"3.29084"
"262560.0";"3.331505"
"262570.0";"3.366034"
"262580.0";"3.355474"
"262590.0";"3.350648"
"262600.0";"3.370838"
"262610.0";"3.339804"
"262620.0";"3.286951"
"262630.0";"3.350008"
"262640.0";"3.403455"
"262650.0";"3.290447"
"262660.0";"3.365756"
"262670.0";"3.350322"
"262680.0";"3.313913"
"262690.0";"3.365188"
"262700.0";"3.24533"
"262710.0";"3.274809"
"262720.0";"3.262332"
"262730.0";"3.302599"
"262740.0";"3.27368"
"262750.0";"3.264376"
"262760.0";"3.268815"
"262770.0";"3.253887"
"262780.0";"3.300894"
"262790.0";"3.252041"
"262800.0";"3.322789"
"262810.0";"3.284004"
"262820.0";"3.260085"
"262830.0";"3.275625"
"262840.0";"3.261372"
"262850.0";"3.262494"
"262860.0";"3.287412"
"262870.0";"3.386728"
"262880.0";"3.307785"
"262890.0";"3.240721"
"262900.0";"3.364315"
"262910.0";"3.377368"
"262920.0";"3.417231"
"262930.0";"3.338223"
"262940.0";"3.346395"
"262950.0";"3.358968"
"262960.0";"3.356027"
"262970.0";"3.276512"
"262980.0";"3.299745"
"262990.0";"3.346918"
"263000.0";"3.395537"
"263010.0";"3.273551"
"263020.0";"3.314829"
"263030.0";"3.303823"
"263040.0";"3.224407"
"263050.0";"3.341399"
"263060.0";"3.264543"
"263070.0";"3.292855"
"263080.0";"3.345473"
"263090.0";"3.342674"
"263100.0";"3.444882"
"263110.0";"3.409284"
"263120.0";"3.349521"
"263130.0";"3.264023"
"263140.0";"3.314975"
"263150.0";"3.343976"
"263160.0";"3.338385"
"263170.0";"3.363119"
"263180.0";"3.322462"
"263190.0";"3.347202"
"263200.0";"3.289825"
"263210.0";"3.297569"
"263220.0";"3.364535"
"263230.0";"3.378129"
"263240.0";"3.303957"
"263250.0";"3.323449"
"263260.0";"3.271926"
"263270.0";"3.318488"
"263280.0";"3.343353"
"263290.0";"3.375727"
"263300.0";"3.293999"
"263310.0";"3.322562"
"263320.0";"3.389579"
"263330.0";"3.323038"
"263340.0";"3.264617"
"263350.0";"3.337893"
"263360.0";"3.331004"
"263370.0";"3.327984"
"263380.0";"3.422376"
"263390.0";"3.275903"
"263400.0";"3.43443"
"263410.0";"3.324374"
"263420.0";"3.380561"
"263430.0";"3.347738"
"263440.0";"3.335049"
"263450.0";"3.373221"
"263460.0";"3.362558"
"263470.0";"3.32052"
"263480.0";"3.335955"
"263490.0";"3.29474"
"263500.0";"3.263675"
"263510.0";"3.363415"
"263520.0";"3.336971"
"263530.0";"3.407212"
"263540.0";"3.342609"
"263550.0";"3.383507"
"263560.0";"3.36962"
"263570.0";"3.336797"
"263580.0";"3.335484"
"263590.0";"3.341338"
"263600.0";"3.328458"
"263610.0";"3.32809"
"263620.0";"3.315289"
"263630.0";"3.245754"
"263640.0";"3.342198"
"263650.0";"3.362452"
"263660.0";"3.362916"
"263670.0";"3.265293"
"263680.0";"3.268638"
"263690.0";"3.297798"
"263700.0";"3.350686"
"263710.0";"3.278587"
"263720.0";"3.274891"
"263730.0";"3.347528"
"263740.0";"3.349791"
"263750.0";"3.288039"
"263760.0";"3.240506"
"263770.0";"3.283509"
"263780.0";"3.276436"
"263790.0";"3.317341"
"263800.0";"3.298569"
"263810.0";"3.282028"
"263820.0";"3.329792"
"263830.0";"3.248618"
"263840.0";"3.315072"
"263850.0";"3.419835"
"263860.0";"3.403907"
"263870.0";"3.32124"
"263880.0";"3.327956"
"263890.0";"3.315682"
"263900.0";"3.263716"
"263910.0";"3.327415"
"263920.0";"3.269572"
"263930.0";"3.28094"
"263940.0";"3.323808"
"263950.0";"3.307791"
"263960.0";"3.390985"
"263970.0";"3.255908"
"263980.0";"3.374224"
"263990.0";"3.251868"
"264000.0";"3.290765"
"264010.0";"3.242146"
"264020.0";"3.33395"
"264030.0";"3.246294"
"264040.0";"3.260604"
"264050.0";"3.244882"
"264060.0";"3.246227"
"264070.0";"3.316543"
"264080.0";"3.377582"
"264090.0";"3.301427"
"264100.0";"3.354449"
"264110.0";"3.301797"
"264120.0";"3.342849"
"264130.0";"3.326236"
"264140.0";"3.377033"
"264150.0";"3.408198"
"264160.0";"3.272809"
"264170.0";"3.342098"
"264180.0";"3.368353"
"264190.0";"3.361659"
"264200.0";"3.326867"
"264210.0";"3.324875"
"264220.0";"3.277891"
"264230.0";"3.379182"
"264240.0";"3.325356"
"264250.0";"3.303406"
"264260.0";"3.294183"
"264270.0";"3.279555"
"264280.0";"3.339271"
"264290.0";"3.292393"
"264300.0";"3.308489"
"264310.0";"3.304646"
"264320.0";"3.305749"
"264330.0";"3.24423"
"264340.0";"3.271481"
"264350.0";"3.213236"
"264360.0";"3.342862"
"264370.0";"3.33153"
"264380.0";"3.422758"
"264390.0";"3.373297"
"264400.0";"3.308383"
"264410.0";"3.263501"
"264420.0";"3.297449"
"264430.0";"3.316393"
"264440.0";"3.288574"
"264450.0";"3.384212"
"264460.0";"3.28985"
"264470.0";"3.350039"
"264480.0";"3.278938"
"264490.0";"3.277103"
"264500.0";"3.275651"
"264510.0";"3.303802"
"264520.0";"3.302768"
"264530.0";"3.284354"
"264540.0";"3.250049"
"264550.0";"3.266393"
"264560.0";"3.338421"
"264570.0";"3.245986"
"264580.0";"3.328333"
"264590.0";"3.279027"
"264600.0";"3.290932"
"264610.0";"3.318996"
"264620.0";"3.329309"
"264630.0";"3.272737"
"264640.0";"3.31351"
"264650.0";"3.263362"
"264660.0";"3.276713"
"264670.0";"3.344649"
"264680.0";"3.313413"
"264690.0";"3.335964"
"264700.0";"3.246061"
"264710.0";"3.332558"
"264720.0";"3.301059"
"264730.0";"3.283118"
"264740.0";"3.319273"
"264750.0";"3.36795"
"264760.0";"3.345628"
"264770.0";"3.289217"
"264780.0";"3.3303"
"264790.0";"3.31009"
"264800.0";"3.305516"
"264810.0";"3.307593"
"264820.0";"3.311855"
"264830.0";"3.399945"
"264840.0";"3.306289"
"264850.0";"3.285097"
"264860.0";"3.314054"
"264870.0";"3.315306"
"264880.0";"3.296675"
"264890.0";"3.337164"
"264900.0";"3.329755"
"264910.0";"3.326203"
"264920.0";"3.299718"
"264930.0";"3.294854"
"264940.0";"3.31858"
"264950.0";"3.230281"
"264960.0";"3.318607"
"264970.0";"3.341204"
"264980.0";"3.377932"
"264990.0";"3.340076"
"265000.0";"3.292357"
"265010.0";"3.327093"
"265020.0";"3.377871"
"265030.0";"3.276226"
"265040.0";"3.255646"
"265050.0";"3.314445"
"265060.0";"3.337399"
"265070.0";"3.267668"
"265080.0";"3.292023"
"265090.0";"3.320178"
"265100.0";"3.28103"
"265110.0";"3.327296"
"265120.0";"3.299922"
"265130.0";"3.340445"
"265140.0";"3.328197"
"265150.0";"3.307472"
"265160.0";"3.336927"
"265170.0";"3.35049"
"265180.0";"3.375354"
"265190.0";"3.296123"
"265200.0";"3.352257"
"265210.0";"3.378985"
"265220.0";"3.320055"
"265230.0";"3.302742"
"265240.0";"3.317205"
"265250.0";"3.324777"
"265260.0";"3.344092"
"265270.0";"3.301749"
"265280.0";"3.354881"
"265290.0";"3.333467"
"265300.0";"3.305212"
"265310.0";"3.349525"
"265320.0";"3.236291"
"265330.0";"3.283034"
"265340.0";"3.301744"
"265350.0";"3.298782"
"265360.0";"3.277921"
"265370.0";"3.330145"
"265380.0";"3.259517"
"265390.0";"3.286634"
"265400.0";"3.287058"
"265410.0";"3.250149"
"265420.0";"3.252528"
"265430.0";"3.308583"
"265440.0";"3.273849"
"265450.0";"3.254015"
"265460.0";"3.294676"
"265470.0";"3.265418"
"265480.0";"3.31004"
"265490.0";"3.236223"
"265500.0";"3.296844"
"265510.0";"3.285074"
"265520.0";"3.241815"
"265530.0";"3.300007"
"265540.0";"3.296045"
"265550.0";"3.337562"
"265560.0";"3.352732"
"265570.0";"3.304984"
"265580.0";"3.323415"
"265590.0";"3.350016"
"265600.0";"3.358207"
"265610.0";"3.342466"
"265620.0";"3.339436"
"265630.0";"3.356402"
"265640.0";"3.337858"
"265650.0";"3.319494"
"265660.0";"3.32822"
"265670.0";"3.323644"
"265680.0";"3.294203"
"265690.0";"3.329474"
"265700.0";"3.33023"
"265710.0";"3.2687"
"265720.0";"3.311222"
"265730.0";"3.281786"
"265740.0";"3.345535"
"265750.0";"3.403897"
"265760.0";"3.33732"
"265770.0";"3.345048"
"265780.0";"3.361077"
"265790.0";"3.316046"
"265800.0";"3.324268"
"265810.0";"3.30731"
"265820.0";"3.41587"
"265830.0";"3.357481"
"265840.0";"3.370943"
"265850.0";"3.34946"
"265860.0";"3.312682"
"265870.0";"3.310668"
"265880.0";"3.228019"
"265890.0";"3.33693"
"265900.0";"3.26708"
"265910.0";"3.352313"
"265920.0";"3.299589"
"265930.0";"3.288972"
"265940.0";"3.323963"
"265950.0";"3.30389"
"265960.0";"3.366345"
"265970.0";"3.317938"
"265980.0";"3.366301"
"265990.0";"3.353994"
"266000.0";"3.320065"
"266010.0";"3.376709"
"266020.0";"3.359427"
"266030.0";"3.305653"
"266040.0";"3.314358"
"266050.0";"3.324255"
"266060.0";"3.291143"
"266070.0";"3.316935"
"266080.0";"3.366416"
"266090.0";"3.329463"
"266100.0";"3.322111"
"266110.0";"3.370898"
"266120.0";"3.274695"
"266130.0";"3.387325"
"266140.0";"3.414877"
"266150.0";"3.37285"
"266160.0";"3.303845"
"266170.0";"3.30755"
"266180.0";"3.292753"
"266190.0";"3.330241"
"266200.0";"3.370696"
"266210.0";"3.354101"
"266220.0";"3.344045"
"266230.0";"3.425269"
"266240.0";"3.294168"
"266250.0";"3.310733"
"266260.0";"3.323926"
"266270.0";"3.359059"
"266280.0";"3.380079"
"266290.0";"3.360072"
"266300.0";"3.413861"
"266310.0";"3.276216"
"266320.0";"3.338675"
"266330.0";"3.308095"
"266340.0";"3.3477"
"266350.0";"3.349724"
"266360.0";"3.298884"
"266370.0";"3.318578"
"266380.0";"3.388153"
"266390.0";"3.32347"
"266400.0";"3.322791"
"266410.0";"3.302987"
"266420.0";"3.347574"
"266430.0";"3.363806"
"266440.0";"3.358214"
"266450.0";"3.35351"
"266460.0";"3.317331"
"266470.0";"3.298333"
"266480.0";"3.256353"
"266490.0";"3.363154"
"266500.0";"3.333138"
"266510.0";"3.368908"
"266520.0";"3.329303"
"266530.0";"3.321971"
"266540.0";"3.330728"
"266550.0";"3.253764"
"266560.0";"3.313865"
"266570.0";"3.356589"
"266580.0";"3.338666"
"266590.0";"3.337823"
"266600.0";"3.371016"
"266610.0";"3.327205"
"266620.0";"3.319261"
"266630.0";"3.301516"
"266640.0";"3.313745"
"266650.0";"3.331841"
"266660.0";"3.381809"
"266670.0";"3.36142"
"266680.0";"3.252935"
"266690.0";"3.320218"
"266700.0";"3.321504"
"266710.0";"3.279126"
"266720.0";"3.349086"
"266730.0";"3.334361"
"266740.0";"3.329695"
"266750.0";"3.351077"
"266760.0";"3.375885"
"266770.0";"3.335965"
"266780.0";"3.321805"
"266790.0";"3.345891"
"266800.0";"3.287029"
"266810.0";"3.292657"
"266820.0";"3.34457"
"266830.0";"3.346362"
"266840.0";"3.354908"
"266850.0";"3.287286"
"266860.0";"3.332238"
"266870.0";"3.342826"
"266880.0";"3.409714"
"266890.0";"3.398737"
"266900.0";"3.273019"
"266910.0";"3.304673"
"266920.0";"3.29309"
"266930.0";"3.361833"
"266940.0";"3.367146"
"266950.0";"3.363763"
"266960.0";"3.334837"
"266970.0";"3.333644"
"266980.0";"3.26951"
"266990.0";"3.298031"
"267000.0";"3.371831"
"267010.0";"3.35345"
"267020.0";"3.373144"
"267030.0";"3.317564"
"267040.0";"3.340818"
"267050.0";"3.295411"
"267060.0";"3.383559"
"267070.0";"3.291468"
"267080.0";"3.365486"
"267090.0";"3.331678"
"267100.0";"3.321022"
"267110.0";"3.340324"
"267120.0";"3.313476"
"267130.0";"3.370236"
"267140.0";"3.376694"
"267150.0";"3.3311"
"267160.0";"3.384828"
"267170.0";"3.364184"
"267180.0";"3.268065"
"267190.0";"3.295955"
"267200.0";"3.295079"
"267210.0";"3.364715"
"267220.0";"3.443795"
"267230.0";"3.321881"
"267240.0";"3.263379"
"267250.0";"3.299913"
"267260.0";"3.338359"
"267270.0";"3.307716"
"267280.0";"3.317433"
"267290.0";"3.327442"
"267300.0";"3.29592"
"267310.0";"3.332037"
"267320.0";"3.3294"
"267330.0";"3.337118"
"267340.0";"3.304798"
"267350.0";"3.396047"
"267360.0";"3.423263"
"267370.0";"3.34018"
"267380.0";"3.307493"
"267390.0";"3.305521"
"267400.0";"3.317627"
"267410.0";"3.319274"
"267420.0";"3.306295"
"267430.0";"3.323318"
"267440.0";"3.288641"
"267450.0";"3.275068"
"267460.0";"3.320833"
"267470.0";"3.253999"
"267480.0";"3.376534"
"267490.0";"3.352911"
"267500.0";"3.318344"
"267510.0";"3.337933"
"267520.0";"3.335539"
"267530.0";"3.363587"
"267540.0";"3.398963"
"267550.0";"3.336581"
"267560.0";"3.366138"
"267570.0";"3.33296"
"267580.0";"3.36973"
"267590.0";"3.331332"
"267600.0";"3.344259"
"267610.0";"3.344911"
"267620.0";"3.337991"
"267630.0";"3.373106"
"267640.0";"3.376668"
"267650.0";"3.347336"
"267660.0";"3.329319"
"267670.0";"3.301489"
"267680.0";"3.317874"
"267690.0";"3.314958"
"267700.0";"3.307673"
"267710.0";"3.339204"
"267720.0";"3.299241"
"267730.0";"3.341512"
"267740.0";"3.338276"
"267750.0";"3.258989"
"267760.0";"3.328076"
"267770.0";"3.394847"
"267780.0";"3.385807"
"267790.0";"3.365416"
"267800.0";"3.337995"
"267810.0";"3.309714"
"267820.0";"3.402253"
"267830.0";"3.324269"
"267840.0";"3.390008"
"267850.0";"3.392824"
"267860.0";"3.306451"
"267870.0";"3.339926"
"267880.0";"3.396007"
"267890.0";"3.361626"
"267900.0";"3.345991"
"267910.0";"3.358008"
"267920.0";"3.337628"
"267930.0";"3.33274"
"267940.0";"3.370836"
"267950.0";"3.3567"
"267960.0";"3.380921"
"267970.0";"3.30847"
"267980.0";"3.350554"
"267990.0";"3.346109"
"268000.0";"3.30464"
"268010.0";"3.233475"
"268020.0";"3.299237"
"268030.0";"3.313233"
"268040.0";"3.327464"
"268050.0";"3.289758"
"268060.0";"3.403053"
"268070.0";"3.318014"
"268080.0";"3.322649"
"268090.0";"3.304015"
"268100.0";"3.242253"
"268110.0";"3.344725"
"268120.0";"3.295686"
"268130.0";"3.35456"
"268140.0";"3.358591"
"268150.0";"3.296875"
"268160.0";"3.374014"
"268170.0";"3.308076"
"268180.0";"3.287674"
"268190.0";"3.374975"
"268200.0";"3.339577"
"268210.0";"3.334187"
"268220.0";"3.287621"
"268230.0";"3.349992"
"268240.0";"3.394628"
"268250.0";"3.371746"
"268260.0";"3.39548"
"268270.0";"3.321533"
"268280.0";"3.347292"
"268290.0";"3.269854"
"268300.0";"3.279271"
"268310.0";"3.333965"
"268320.0";"3.338265"
"268330.0";"3.351407"
"268340.0";"3.316283"
"268350.0";"3.34052"
"268360.0";"3.336514"
"268370.0";"3.39027"
"268380.0";"3.384465"
"268390.0";"3.428613"
"268400.0";"3.358858"
"268410.0";"3.31"
"268420.0";"3.36121"
"268430.0";"3.3695"
"268440.0";"3.390113"
"268450.0";"3.394165"
"268460.0";"3.390157"
"268470.0";"3.377012"
"268480.0";"3.38622"
"268490.0";"3.304725"
"268500.0";"3.35418"
"268510.0";"3.317743"
"268520.0";"3.377744"
"268530.0";"3.356296"
"268540.0";"3.37502"
"268550.0";"3.370648"
"268560.0";"3.319179"
"268570.0";"3.448123"
"268580.0";"3.342306"
"268590.0";"3.35427"
"268600.0";"3.342395"
"268610.0";"3.376162"
"268620.0";"3.351155"
"268630.0";"3.393488"
"268640.0";"3.407609"
"268650.0";"3.410131"
"268660.0";"3.360281"
"268670.0";"3.397027"
"268680.0";"3.329931"
"268690.0";"3.426368"
"268700.0";"3.329073"
"268710.0";"3.316264"
"268720.0";"3.393093"
"268730.0";"3.344269"
"268740.0";"3.329663"
"268750.0";"3.385427"
"268760.0";"3.334947"
"268770.0";"3.368299"
"268780.0";"3.395307"
"268790.0";"3.363497"
"268800.0";"3.388406"
"268810.0";"3.3566"
"268820.0";"3.373668"
"268830.0";"3.373136"
"268840.0";"3.491116"
"268850.0";"3.378035"
"268860.0";"3.37593"
"268870.0";"3.391813"
"268880.0";"3.34095"
"268890.0";"3.337173"
"268900.0";"3.348683"
"268910.0";"3.351218"
"268920.0";"3.420922"
"268930.0";"3.388934"
"268940.0";"3.317771"
"268950.0";"3.401854"
"268960.0";"3.40832"
"268970.0";"3.320901"
"268980.0";"3.349825"
"268990.0";"3.37218"
"269000.0";"3.380428"
"269010.0";"3.407803"
"269020.0";"3.352737"
"269030.0";"3.305211"
"269040.0";"3.304866"
"269050.0";"3.327193"
"269060.0";"3.298683"
"269070.0";"3.341501"
"269080.0";"3.354181"
"269090.0";"3.270341"
"269100.0";"3.288221"
"269110.0";"3.323293"
"269120.0";"3.36021"
"269130.0";"3.38289"
"269140.0";"3.386665"
"269150.0";"3.448851"
"269160.0";"3.422967"
"269170.0";"3.397168"
"269180.0";"3.392385"
"269190.0";"3.370809"
"269200.0";"3.362121"
"269210.0";"3.367528"
"269220.0";"3.338697"
"269230.0";"3.307732"
"269240.0";"3.305217"
"269250.0";"3.39328"
"269260.0";"3.352184"
"269270.0";"3.327772"
"269280.0";"3.336369"
"269290.0";"3.34961"
"269300.0";"3.438129"
"269310.0";"3.360703"
"269320.0";"3.376695"
"269330.0";"3.383123"
"269340.0";"3.289301"
"269350.0";"3.318862"
"269360.0";"3.25835"
"269370.0";"3.287598"
"269380.0";"3.27786"
"269390.0";"3.240205"
"269400.0";"3.263258"
"269410.0";"3.289696"
"269420.0";"3.321501"
"269430.0";"3.344757"
"269440.0";"3.331196"
"269450.0";"3.292317"
"269460.0";"3.263828"
"269470.0";"3.359909"
"269480.0";"3.340162"
"269490.0";"3.297194"
"269500.0";"3.300548"
"269510.0";"3.329055"
"269520.0";"3.37935"
"269530.0";"3.393604"
"269540.0";"3.370762"
"269550.0";"3.364712"
"269560.0";"3.413557"
"269570.0";"3.41724"
"269580.0";"3.411451"
"269590.0";"3.391986"
"269600.0";"3.399866"
"269610.0";"3.399535"
"269620.0";"3.35903"
"269630.0";"3.353691"
"269640.0";"3.312144"
"269650.0";"3.332081"
"269660.0";"3.334444"
"269670.0";"3.256814"
"269680.0";"3.268263"
"269690.0";"3.366416"
"269700.0";"3.340561"
"269710.0";"3.415906"
"269720.0";"3.340201"
"269730.0";"3.362087"
"269740.0";"3.349801"
"269750.0";"3.336292"
"269760.0";"3.321351"
"269770.0";"3.371711"
"269780.0";"3.347717"
"269790.0";"3.359437"
"269800.0";"3.323579"
"269810.0";"3.344294"
"269820.0";"3.388786"
"269830.0";"3.296861"
"269840.0";"3.368484"
"269850.0";"3.351079"
"269860.0";"3.370734"
"269870.0";"3.330914"
"269880.0";"3.342994"
"269890.0";"3.455638"
"269900.0";"3.376566"
"269910.0";"3.35016"
"269920.0";"3.362319"
"269930.0";"3.347142"
"269940.0";"3.357831"
"269950.0";"3.338873"
"269960.0";"3.312013"
"269970.0";"3.307294"
"269980.0";"3.303416"
"269990.0";"3.269425"
"270000.0";"3.32109"
"270010.0";"3.301617"
"270020.0";"3.280043"
"270030.0";"3.36931"
"270040.0";"3.38815"
"270050.0";"3.337608"
"270060.0";"3.452306"
"270070.0";"3.311769"
"270080.0";"3.376518"
"270090.0";"3.307915"
"270100.0";"3.335953"
"270110.0";"3.383849"
"270120.0";"3.349266"
"270130.0";"3.296867"
"270140.0";"3.392631"
"270150.0";"3.346799"
"270160.0";"3.366623"
"270170.0";"3.36004"
"270180.0";"3.296342"
"270190.0";"3.392389"
"270200.0";"3.348416"
"270210.0";"3.360967"
"270220.0";"3.389415"
"270230.0";"3.329709"
"270240.0";"3.31647"
"270250.0";"3.299398"
"270260.0";"3.310091"
"270270.0";"3.326447"
"270280.0";"3.35011"
"270290.0";"3.382317"
"270300.0";"3.411707"
"270310.0";"3.370344"
"270320.0";"3.37958"
"270330.0";"3.35466"
"270340.0";"3.313485"
"270350.0";"3.278084"
"270360.0";"3.317648"
"270370.0";"3.369164"
"270380.0";"3.40857"
"270390.0";"3.40769"
"270400.0";"3.461771"
"270410.0";"3.353862"
"270420.0";"3.322873"
"270430.0";"3.245832"
"270440.0";"3.296432"
"270450.0";"3.37481"
"270460.0";"3.329009"
"270470.0";"3.379658"
"270480.0";"3.29916"
"270490.0";"3.308028"
"270500.0";"3.356761"
"270510.0";"3.28463"
"270520.0";"3.40646"
"270530.0";"3.343498"
"270540.0";"3.31124"
"270550.0";"3.353769"
"270560.0";"3.34512"
"270570.0";"3.304619"
"270580.0";"3.36358"
"270590.0";"3.308977"
"270600.0";"3.30774"
"270610.0";"3.327049"
"270620.0";"3.274825"
"270630.0";"3.261897"
"270640.0";"3.304136"
"270650.0";"3.33563"
"270660.0";"3.296136"
"270670.0";"3.306803"
"270680.0";"3.338065"
"270690.0";"3.320763"
"270700.0";"3.330688"
"270710.0";"3.379799"
"270720.0";"3.337718"
"270730.0";"3.327101"
"270740.0";"3.368049"
"270750.0";"3.336683"
"270760.0";"3.401675"
"270770.0";"3.39277"
"270780.0";"3.340361"
"270790.0";"3.355759"
"270800.0";"3.307487"
"270810.0";"3.360382"
"270820.0";"3.360611"
"270830.0";"3.354853"
"270840.0";"3.456809"
"270850.0";"3.391448"
"270860.0";"3.322896"
"270870.0";"3.371128"
"270880.0";"3.345886"
"270890.0";"3.401112"
"270900.0";"3.343691"
"270910.0";"3.374184"
"270920.0";"3.351186"
"270930.0";"3.395611"
"270940.0";"3.431159"
"270950.0";"3.390808"
"270960.0";"3.395957"
"270970.0";"3.276205"
"270980.0";"3.363294"
"270990.0";"3.392148"
"271000.0";"3.346593"
"271010.0";"3.331336"
"271020.0";"3.311786"
"271030.0";"3.296349"
"271040.0";"3.346677"
"271050.0";"3.377302"
"271060.0";"3.379373"
"271070.0";"3.246232"
"271080.0";"3.329525"
"271090.0";"3.248774"
"271100.0";"3.29397"
"271110.0";"3.329038"
"271120.0";"3.343742"
"271130.0";"3.370834"
"271140.0";"3.389668"
"271150.0";"3.28318"
"271160.0";"3.395854"
"271170.0";"3.404006"
"271180.0";"3.319161"
"271190.0";"3.351564"
"271200.0";"3.418253"
"271210.0";"3.431322"
"271220.0";"3.414059"
"271230.0";"3.368178"
"271240.0";"3.364246"
"271250.0";"3.3525"
"271260.0";"3.427232"
"271270.0";"3.360819"
"271280.0";"3.476315"
"271290.0";"3.37798"
"271300.0";"3.341483"
"271310.0";"3.334308"
"271320.0";"3.365026"
"271330.0";"3.335834"
"271340.0";"3.41827"
"271350.0";"3.463047"
"271360.0";"3.3739"
"271370.0";"3.336557"
"271380.0";"3.259607"
"271390.0";"3.324052"
"271400.0";"3.353413"
"271410.0";"3.321639"
"271420.0";"3.311241"
"271430.0";"3.341346"
"271440.0";"3.37274"
"271450.0";"3.304157"
"271460.0";"3.336484"
"271470.0";"3.381246"
"271480.0";"3.369772"
"271490.0";"3.361822"
"271500.0";"3.431137"
"271510.0";"3.444239"
"271520.0";"3.43486"
"271530.0";"3.340034"
"271540.0";"3.353888"
"271550.0";"3.417918"
"271560.0";"3.447553"
"271570.0";"3.356551"
"271580.0";"3.393389"
"271590.0";"3.308803"
"271600.0";"3.383627"
"271610.0";"3.37753"
"271620.0";"3.376382"
"271630.0";"3.392673"
"271640.0";"3.362574"
"271650.0";"3.345198"
"271660.0";"3.373972"
"271670.0";"3.276195"
"271680.0";"3.373016"
"271690.0";"3.326667"
"271700.0";"3.373053"
"271710.0";"3.359577"
"271720.0";"3.309813"
"271730.0";"3.349616"
"271740.0";"3.310324"
"271750.0";"3.365175"
"271760.0";"3.247666"
"271770.0";"3.319494"
"271780.0";"3.299865"
"271790.0";"3.318691"
"271800.0";"3.379637"
"271810.0";"3.320023"
"271820.0";"3.349434"
"271830.0";"3.405987"
"271840.0";"3.313283"
"271850.0";"3.353203"
"271860.0";"3.371794"
"271870.0";"3.37897"
"271880.0";"3.353961"
"271890.0";"3.299183"
"271900.0";"3.320913"
"271910.0";"3.341783"
"271920.0";"3.350049"
"271930.0";"3.316168"
"271940.0";"3.352229"
"271950.0";"3.290145"
"271960.0";"3.341548"
"271970.0";"3.329139"
"271980.0";"3.37517"
"271990.0";"3.3544"
"272000.0";"3.345731"
"272010.0";"3.344793"
"272020.0";"3.329662"
"272030.0";"3.333547"
"272040.0";"3.39844"
"272050.0";"3.36838"
"272060.0";"3.329007"
"272070.0";"3.37497"
"272080.0";"3.331384"
"272090.0";"3.325868"
"272100.0";"3.351939"
"272110.0";"3.318227"
"272120.0";"3.301578"
"272130.0";"3.359503"
"272140.0";"3.392657"
"272150.0";"3.327271"
"272160.0";"3.489107"
"272170.0";"3.346743"
"272180.0";"3.341615"
"272190.0";"3.369834"
"272200.0";"3.393574"
"272210.0";"3.424752"
"272220.0";"3.359263"
"272230.0";"3.321543"
"272240.0";"3.316702"
"272250.0";"3.335087"
"272260.0";"3.30578"
"272270.0";"3.384412"
"272280.0";"3.385819"
"272290.0";"3.407402"
"272300.0";"3.423857"
"272310.0";"3.391978"
"272320.0";"3.356345"
"272330.0";"3.343379"
"272340.0";"3.306931"
"272350.0";"3.31321"
"272360.0";"3.30712"
"272370.0";"3.340452"
"272380.0";"3.371036"
"272390.0";"3.326967"
"272400.0";"3.342452"
"272410.0";"3.333948"
"272420.0";"3.306836"
"272430.0";"3.298462"
"272440.0";"3.341068"
"272450.0";"3.286789"
"272460.0";"3.354317"
"272470.0";"3.360988"
"272480.0";"3.344552"
"272490.0";"3.35302"
"272500.0";"3.393482"
"272510.0";"3.364646"
"272520.0";"3.389844"
"272530.0";"3.374241"
"272540.0";"3.35467"
"272550.0";"3.324658"
"272560.0";"3.341814"
"272570.0";"3.346754"
"272580.0";"3.356525"
"272590.0";"3.351288"
"272600.0";"3.339957"
"272610.0";"3.308339"
"272620.0";"3.291934"
"272630.0";"3.329056"
"272640.0";"3.35168"
"272650.0";"3.320655"
"272660.0";"3.26779"
"272670.0";"3.359211"
"272680.0";"3.296129"
"272690.0";"3.314269"
"272700.0";"3.279948"
"272710.0";"3.344443"
"272720.0";"3.337739"
"272730.0";"3.329855"
"272740.0";"3.322134"
"272750.0";"3.327233"
"272760.0";"3.253997"
"272770.0";"3.220813"
"272780.0";"3.274796"
"272790.0";"3.324926"
"272800.0";"3.302144"
"272810.0";"3.284619"
"272820.0";"3.289319"
"272830.0";"3.242939"
"272840.0";"3.243258"
"272850.0";"3.319045"
"272860.0";"3.287833"
"272870.0";"3.254788"
"272880.0";"3.229592"
"272890.0";"3.305284"
"272900.0";"3.350857"
"272910.0";"3.323943"
"272920.0";"3.370116"
"272930.0";"3.298925"
"272940.0";"3.291979"
"272950.0";"3.323524"
"272960.0";"3.33821"
"272970.0";"3.302057"
"272980.0";"3.365639"
"272990.0";"3.324688"
"273000.0";"3.328578"
"273010.0";"3.45185"
"273020.0";"3.302626"
"273030.0";"3.299453"
"273040.0";"3.326216"
"273050.0";"3.293202"
"273060.0";"3.287157"
"273070.0";"3.30045"
"273080.0";"3.329965"
"273090.0";"3.36163"
"273100.0";"3.372931"
"273110.0";"3.485695"
"273120.0";"3.257783"
"273130.0";"3.251143"
"273140.0";"3.340264"
"273150.0";"3.380224"
"273160.0";"3.351236"
"273170.0";"3.315361"
"273180.0";"3.291914"
"273190.0";"3.316428"
"273200.0";"3.367781"
"273210.0";"3.317847"
"273220.0";"3.292905"
"273230.0";"3.271863"
"273240.0";"3.357814"
"273250.0";"3.332779"
"273260.0";"3.362619"
"273270.0";"3.364639"
"273280.0";"3.358377"
"273290.0";"3.314383"
"273300.0";"3.329514"
"273310.0";"3.354567"
"273320.0";"3.324814"
"273330.0";"3.358396"
"273340.0";"3.277991"
"273350.0";"3.25734"
"273360.0";"3.360689"
"273370.0";"3.382318"
"273380.0";"3.346395"
"273390.0";"3.375947"
"273400.0";"3.311967"
"273410.0";"3.336864"
"273420.0";"3.378977"
"273430.0";"3.351059"
"273440.0";"3.359857"
"273450.0";"3.270046"
"273460.0";"3.323493"
"273470.0";"3.380421"
"273480.0";"3.300474"
"273490.0";"3.286572"
"273500.0";"3.314876"
"273510.0";"3.310592"
"273520.0";"3.207508"
"273530.0";"3.258252"
"273540.0";"3.320733"
"273550.0";"3.28036"
"273560.0";"3.345752"
"273570.0";"3.282755"
"273580.0";"3.313039"
"273590.0";"3.269878"
"273600.0";"3.329055"
"273610.0";"3.302017"
"273620.0";"3.355646"
"273630.0";"3.288471"
"273640.0";"3.314803"
"273650.0";"3.219418"
"273660.0";"3.284104"
"273670.0";"3.285496"
"273680.0";"3.352495"
"273690.0";"3.234231"
"273700.0";"3.259257"
"273710.0";"3.266864"
"273720.0";"3.375693"
"273730.0";"3.330142"
"273740.0";"3.297019"
"273750.0";"3.286957"
"273760.0";"3.333628"
"273770.0";"3.316326"
"273780.0";"3.300755"
"273790.0";"3.31485"
"273800.0";"3.328257"
"273810.0";"3.281528"
"273820.0";"3.286497"
"273830.0";"3.271071"
"273840.0";"3.297253"
"273850.0";"3.310174"
"273860.0";"3.350406"
"273870.0";"3.315997"
"273880.0";"3.399438"
"273890.0";"3.384072"
"273900.0";"3.36031"
"273910.0";"3.362841"
"273920.0";"3.415725"
"273930.0";"3.419959"
"273940.0";"3.408996"
"273950.0";"3.401054"
"273960.0";"3.399986"
"273970.0";"3.346371"
"273980.0";"3.348218"
"273990.0";"3.332285"
"274000.0";"3.328932"
"274010.0";"3.29213"
"274020.0";"3.286609"
"274030.0";"3.362672"
"274040.0";"3.357429"
"274050.0";"3.373648"
"274060.0";"3.433116"
"274070.0";"3.370517"
"274080.0";"3.374745"
"274090.0";"3.359751"
"274100.0";"3.359721"
"274110.0";"3.385736"
"274120.0";"3.355634"
"274130.0";"3.36597"
"274140.0";"3.327095"
"274150.0";"3.341752"
"274160.0";"3.367299"
"274170.0";"3.311377"
"274180.0";"3.336389"
"274190.0";"3.316774"
"274200.0";"3.312598"
"274210.0";"3.318193"
"274220.0";"3.31484"
"274230.0";"3.362581"
"274240.0";"3.332663"
"274250.0";"3.337142"
"274260.0";"3.320638"
"274270.0";"3.298289"
"274280.0";"3.314185"
"274290.0";"3.377148"
"274300.0";"3.375616"
"274310.0";"3.378236"
"274320.0";"3.358987"
"274330.0";"3.320924"
"274340.0";"3.333326"
"274350.0";"3.284168"
"274360.0";"3.338248"
"274370.0";"3.292002"
"274380.0";"3.277877"
"274390.0";"3.359582"
"274400.0";"3.348584"
"274410.0";"3.300761"
"274420.0";"3.341534"
"274430.0";"3.356109"
"274440.0";"3.290174"
"274450.0";"3.348159"
"274460.0";"3.359456"
"274470.0";"3.342633"
"274480.0";"3.373972"
"274490.0";"3.333365"
"274500.0";"3.328775"
"274510.0";"3.358754"
"274520.0";"3.303164"
"274530.0";"3.356915"
"274540.0";"3.357379"
"274550.0";"3.317379"
"274560.0";"3.320714"
"274570.0";"3.291233"
"274580.0";"3.302034"
"274590.0";"3.263177"
"274600.0";"3.340851"
"274610.0";"3.317029"
"274620.0";"3.311591"
"274630.0";"3.310149"
"274640.0";"3.334911"
"274650.0";"3.331227"
"274660.0";"3.361611"
"274670.0";"3.321071"
"274680.0";"3.299113"
"274690.0";"3.311875"
"274700.0";"3.258599"
"274710.0";"3.372381"
"274720.0";"3.349871"
"274730.0";"3.345476"
"274740.0";"3.355491"
"274750.0";"3.352219"
"274760.0";"3.390239"
"274770.0";"3.320135"
"274780.0";"3.320377"
"274790.0";"3.345396"
"274800.0";"3.331594"
"274810.0";"3.361078"
"274820.0";"3.308576"
"274830.0";"3.329588"
"274840.0";"3.310831"
"274850.0";"3.345837"
"274860.0";"3.327436"
"274870.0";"3.394854"
"274880.0";"3.303769"
"274890.0";"3.296609"
"274900.0";"3.355782"
"274910.0";"3.293454"
"274920.0";"3.287242"
"274930.0";"3.365094"
"274940.0";"3.311334"
"274950.0";"3.327634"
"274960.0";"3.358528"
"274970.0";"3.387687"
"274980.0";"3.308402"
"274990.0";"3.373968"
"275000.0";"3.307359"
"275010.0";"3.316083"
"275020.0";"3.362036"
"275030.0";"3.349491"
"275040.0";"3.286638"
"275050.0";"3.366402"
"275060.0";"3.295226"
"275070.0";"3.320333"
"275080.0";"3.314286"
"275090.0";"3.359744"
"275100.0";"3.329006"
"275110.0";"3.369272"
"275120.0";"3.302146"
"275130.0";"3.284865"
"275140.0";"3.404828"
"275150.0";"3.264458"
"275160.0";"3.390977"
"275170.0";"3.279094"
"275180.0";"3.336717"
"275190.0";"3.34307"
"275200.0";"3.26381"
"275210.0";"3.393715"
"275220.0";"3.37494"
"275230.0";"3.33752"
"275240.0";"3.360019"
"275250.0";"3.41397"
"275260.0";"3.304768"
"275270.0";"3.310723"
"275280.0";"3.36141"
"275290.0";"3.348628"
"275300.0";"3.29853"
"275310.0";"3.353585"
"275320.0";"3.284051"
"275330.0";"3.323881"
"275340.0";"3.435762"
"275350.0";"3.360308"
"275360.0";"3.311347"
"275370.0";"3.437946"
"275380.0";"3.355254"
"275390.0";"3.437861"
"275400.0";"3.39206"
"275410.0";"3.325855"
"275420.0";"3.33609"
"275430.0";"3.289256"
"275440.0";"3.315832"
"275450.0";"3.411436"
"275460.0";"3.348422"
"275470.0";"3.348231"
"275480.0";"3.342579"
"275490.0";"3.347985"
"275500.0";"3.322222"
"275510.0";"3.319485"
"275520.0";"3.398735"
"275530.0";"3.380009"
"275540.0";"3.340437"
"275550.0";"3.390884"
"275560.0";"3.318329"
"275570.0";"3.315257"
"275580.0";"3.421559"
"275590.0";"3.347411"
"275600.0";"3.32245"
"275610.0";"3.36065"
"275620.0";"3.363186"
"275630.0";"3.307739"
"275640.0";"3.351128"
"275650.0";"3.367004"
"275660.0";"3.361479"
"275670.0";"3.256371"
"275680.0";"3.364587"
"275690.0";"3.336401"
"275700.0";"3.314905"
"275710.0";"3.280622"
"275720.0";"3.258363"
"275730.0";"3.278779"
"275740.0";"3.273765"
"275750.0";"3.317747"
"275760.0";"3.298128"
"275770.0";"3.386961"
"275780.0";"3.259569"
"275790.0";"3.302528"
"275800.0";"3.300723"
"275810.0";"3.326081"
"275820.0";"3.304716"
"275830.0";"3.283901"
"275840.0";"3.35743"
"275850.0";"3.331174"
"275860.0";"3.328107"
"275870.0";"3.424622"
"275880.0";"3.308367"
"275890.0";"3.43024"
"275900.0";"3.368951"
"275910.0";"3.355323"
"275920.0";"3.293446"
"275930.0";"3.322939"
"275940.0";"3.289551"
"275950.0";"3.341947"
"275960.0";"3.389171"
"275970.0";"3.334882"
"275980.0";"3.307619"
"275990.0";"3.275494"
"276000.0";"3.358403"
"276010.0";"3.377935"
"276020.0";"3.387708"
"276030.0";"3.464266"
"276040.0";"3.402105"
"276050.0";"3.338525"
"276060.0";"3.354588"
"276070.0";"3.367297"
"276080.0";"3.328884"
"276090.0";"3.378561"
"276100.0";"3.428018"
"276110.0";"3.366581"
"276120.0";"3.374996"
"276130.0";"3.358208"
"276140.0";"3.381851"
"276150.0";"3.413599"
"276160.0";"3.372679"
"276170.0";"3.359225"
"276180.0";"3.374959"
"276190.0";"3.314183"
"276200.0";"3.424923"
"276210.0";"3.36701"
"276220.0";"3.316634"
"276230.0";"3.363469"
"276240.0";"3.309481"
"276250.0";"3.34636"
"276260.0";"3.342847"
"276270.0";"3.403736"
"276280.0";"3.361026"
"276290.0";"3.407138"
"276300.0";"3.338701"
"276310.0";"3.400293"
"276320.0";"3.418783"
"276330.0";"3.376698"
"276340.0";"3.338497"
"276350.0";"3.438154"
"276360.0";"3.423117"
"276370.0";"3.404723"
"276380.0";"3.349676"
"276390.0";"3.401333"
"276400.0";"3.406403"
"276410.0";"3.302131"
"276420.0";"3.359932"
"276430.0";"3.397785"
"276440.0";"3.319828"
"276450.0";"3.430705"
"276460.0";"3.344876"
"276470.0";"3.294577"
"276480.0";"3.350999"
"276490.0";"3.37698"
"276500.0";"3.392352"
"276510.0";"3.380829"
"276520.0";"3.426832"
"276530.0";"3.381371"
"276540.0";"3.390119"
"276550.0";"3.378401"
"276560.0";"3.278974"
"276570.0";"3.342881"
"276580.0";"3.310089"
"276590.0";"3.303496"
"276600.0";"3.322613"
"276610.0";"3.362355"
"276620.0";"3.358497"
"276630.0";"3.34893"
"276640.0";"3.356325"
"276650.0";"3.391849"
"276660.0";"3.408509"
"276670.0";"3.333271"
"276680.0";"3.346226"
"276690.0";"3.376256"
"276700.0";"3.345355"
"276710.0";"3.322167"
"276720.0";"3.302647"
"276730.0";"3.327744"
"276740.0";"3.335435"
"276750.0";"3.332436"
"276760.0";"3.369935"
"276770.0";"3.403244"
"276780.0";"3.396838"
"276790.0";"3.320263"
"276800.0";"3.343909"
"276810.0";"3.342679"
"276820.0";"3.342175"
"276830.0";"3.352273"
"276840.0";"3.31232"
"276850.0";"3.412676"
"276860.0";"3.342535"
"276870.0";"3.399111"
"276880.0";"3.365556"
"276890.0";"3.27006"
"276900.0";"3.321469"
"276910.0";"3.296678"
"276920.0";"3.330454"
"276930.0";"3.340172"
"276940.0";"3.398671"
"276950.0";"3.356575"
"276960.0";"3.320296"
"276970.0";"3.331408"
"276980.0";"3.366982"
"276990.0";"3.303181"
"277000.0";"3.30191"
"277010.0";"3.303369"
"277020.0";"3.33522"
"277030.0";"3.360066"
"277040.0";"3.349993"
"277050.0";"3.307015"
"277060.0";"3.307425"
"277070.0";"3.363115"
"277080.0";"3.323763"
"277090.0";"3.398252"
"277100.0";"3.376707"
"277110.0";"3.321978"
"277120.0";"3.318959"
"277130.0";"3.30619"
"277140.0";"3.392108"
"277150.0";"3.351092"
"277160.0";"3.345191"
"277170.0";"3.32908"
"277180.0";"3.317806"
"277190.0";"3.292624"
"277200.0";"3.363735"
"277210.0";"3.356268"
"277220.0";"3.38798"
"277230.0";"3.306195"
"277240.0";"3.348546"
"277250.0";"3.328106"
"277260.0";"3.41624"
"277270.0";"3.35571"
"277280.0";"3.400826"
"277290.0";"3.366973"
"277300.0";"3.421414"
"277310.0";"3.347767"
"277320.0";"3.367441"
"277330.0";"3.340209"
"277340.0";"3.358515"
"277350.0";"3.343211"
"277360.0";"3.362552"
"277370.0";"3.383014"
"277380.0";"3.327952"
"277390.0";"3.339424"
"277400.0";"3.336747"
"277410.0";"3.316298"
"277420.0";"3.348258"
"277430.0";"3.316412"
"277440.0";"3.314157"
"277450.0";"3.40459"
"277460.0";"3.406481"
"277470.0";"3.372864"
"277480.0";"3.297766"
"277490.0";"3.341383"
"277500.0";"3.3409"
"277510.0";"3.31599"
"277520.0";"3.349661"
"277530.0";"3.332552"
"277540.0";"3.384533"
"277550.0";"3.388695"
"277560.0";"3.342474"
"277570.0";"3.350316"
"277580.0";"3.35294"
"277590.0";"3.322017"
"277600.0";"3.264636"
"277610.0";"3.366411"
"277620.0";"3.369957"
"277630.0";"3.265153"
"277640.0";"3.347338"
"277650.0";"3.358559"
"277660.0";"3.333305"
"277670.0";"3.306603"
"277680.0";"3.349792"
"277690.0";"3.313949"
"277700.0";"3.282329"
"277710.0";"3.342121"
"277720.0";"3.332829"
"277730.0";"3.301211"
"277740.0";"3.33569"
"277750.0";"3.359568"
"277760.0";"3.299131"
"277770.0";"3.326385"
"277780.0";"3.323953"
"277790.0";"3.295118"
"277800.0";"3.269592"
"277810.0";"3.39318"
"277820.0";"3.444614"
"277830.0";"3.418074"
"277840.0";"3.312294"
"277850.0";"3.266584"
"277860.0";"3.330291"
"277870.0";"3.333937"
"277880.0";"3.340334"
"277890.0";"3.385501"
"277900.0";"3.387575"
"277910.0";"3.382719"
"277920.0";"3.349695"
"277930.0";"3.336325"
"277940.0";"3.316285"
"277950.0";"3.31036"
"277960.0";"3.323573"
"277970.0";"3.354308"
"277980.0";"3.256016"
"277990.0";"3.267413"
"278000.0";"3.321333"
"278010.0";"3.35482"
"278020.0";"3.38329"
"278030.0";"3.313765"
"278040.0";"3.318862"
"278050.0";"3.352768"
"278060.0";"3.325613"
"278070.0";"3.383444"
"278080.0";"3.389699"
"278090.0";"3.346317"
"278100.0";"3.37519"
"278110.0";"3.342539"
"278120.0";"3.315821"
"278130.0";"3.319478"
"278140.0";"3.356635"
"278150.0";"3.343202"
"278160.0";"3.376392"
"278170.0";"3.366057"
"278180.0";"3.320767"
"278190.0";"3.359312"
"278200.0";"3.380513"
"278210.0";"3.436308"
"278220.0";"3.393768"
"278230.0";"3.391124"
"278240.0";"3.416172"
"278250.0";"3.403542"
"278260.0";"3.380294"
"278270.0";"3.377758"
"278280.0";"3.373659"
"278290.0";"3.398546"
"278300.0";"3.338907"
"278310.0";"3.342885"
"278320.0";"3.329221"
"278330.0";"3.402845"
"278340.0";"3.417953"
"278350.0";"3.377183"
"278360.0";"3.290556"
"278370.0";"3.311061"
"278380.0";"3.342014"
"278390.0";"3.341278"
"278400.0";"3.335232"
"278410.0";"3.308851"
"278420.0";"3.286998"
"278430.0";"3.312239"
"278440.0";"3.324814"
"278450.0";"3.355358"
"278460.0";"3.27012"
"278470.0";"3.33176"
"278480.0";"3.351173"
"278490.0";"3.340713"
"278500.0";"3.334742"
"278510.0";"3.383581"
"278520.0";"3.407831"
"278530.0";"3.419882"
"278540.0";"3.339396"
"278550.0";"3.339542"
"278560.0";"3.340843"
"278570.0";"3.385158"
"278580.0";"3.389893"
"278590.0";"3.335512"
"278600.0";"3.382371"
"278610.0";"3.368061"
"278620.0";"3.423973"
"278630.0";"3.390868"
"278640.0";"3.434892"
"278650.0";"3.360948"
"278660.0";"3.357445"
"278670.0";"3.305381"
"278680.0";"3.284941"
"278690.0";"3.286201"
"278700.0";"3.314284"
"278710.0";"3.390867"
"278720.0";"3.355325"
"278730.0";"3.382368"
"278740.0";"3.337882"
"278750.0";"3.278101"
"278760.0";"3.350374"
"278770.0";"3.291837"
"278780.0";"3.343724"
"278790.0";"3.291662"
"278800.0";"3.28954"
"278810.0";"3.275457"
"278820.0";"3.342677"
"278830.0";"3.302466"
"278840.0";"3.329177"
"278850.0";"3.365032"
"278860.0";"3.383183"
"278870.0";"3.331815"
"278880.0";"3.385609"
"278890.0";"3.313805"
"278900.0";"3.307522"
"278910.0";"3.404751"
"278920.0";"3.330424"
"278930.0";"3.362005"
"278940.0";"3.410059"
"278950.0";"3.357834"
"278960.0";"3.346777"
"278970.0";"3.378268"
"278980.0";"3.364945"
"278990.0";"3.35107"
"279000.0";"3.341429"
"279010.0";"3.407241"
"279020.0";"3.326699"
"279030.0";"3.386439"
"279040.0";"3.385422"
"279050.0";"3.363879"
"279060.0";"3.285002"
"279070.0";"3.33688"
"279080.0";"3.355272"
"279090.0";"3.394835"
"279100.0";"3.322024"
"279110.0";"3.36094"
"279120.0";"3.328534"
"279130.0";"3.377292"
"279140.0";"3.265372"
"279150.0";"3.348891"
"279160.0";"3.375357"
"279170.0";"3.312289"
"279180.0";"3.375575"
"279190.0";"3.363058"
"279200.0";"3.368513"
"279210.0";"3.429932"
"279220.0";"3.380307"
"279230.0";"3.38879"
"279240.0";"3.426616"
"279250.0";"3.352596"
"279260.0";"3.329124"
"279270.0";"3.363397"
"279280.0";"3.410292"
"279290.0";"3.409666"
"279300.0";"3.401701"
"279310.0";"3.344496"
"279320.0";"3.355893"
"279330.0";"3.379672"
"279340.0";"3.337183"
"279350.0";"3.300033"
"279360.0";"3.353164"
"279370.0";"3.33748"
"279380.0";"3.459505"
"279390.0";"3.349708"
"279400.0";"3.360077"
"279410.0";"3.302526"
"279420.0";"3.329549"
"279430.0";"3.3764"
"279440.0";"3.439797"
"279450.0";"3.375507"
"279460.0";"3.393656"
"279470.0";"3.392894"
"279480.0";"3.335616"
"279490.0";"3.349241"
"279500.0";"3.356142"
"279510.0";"3.311687"
"279520.0";"3.311273"
"279530.0";"3.326565"
"279540.0";"3.347523"
"279550.0";"3.344191"
"279560.0";"3.322327"
"279570.0";"3.331851"
"279580.0";"3.384434"
"279590.0";"3.367069"
"279600.0";"3.388063"
"279610.0";"3.381432"
"279620.0";"3.392198"
"279630.0";"3.310999"
"279640.0";"3.395344"
"279650.0";"3.336631"
"279660.0";"3.296229"
"279670.0";"3.355789"
"279680.0";"3.326987"
"279690.0";"3.363055"
"279700.0";"3.350285"
"279710.0";"3.314888"
"279720.0";"3.337542"
"279730.0";"3.358937"
"279740.0";"3.367616"
"279750.0";"3.322361"
"279760.0";"3.320848"
"279770.0";"3.349843"
"279780.0";"3.350636"
"279790.0";"3.38852"
"279800.0";"3.30973"
"279810.0";"3.358686"
"279820.0";"3.369249"
"279830.0";"3.39054"
"279840.0";"3.328547"
"279850.0";"3.338401"
"279860.0";"3.407783"
"279870.0";"3.368187"
"279880.0";"3.367288"
"279890.0";"3.370421"
"279900.0";"3.345149"
"279910.0";"3.356278"
"279920.0";"3.378738"
"279930.0";"3.305683"
"279940.0";"3.27851"
"279950.0";"3.32369"
"279960.0";"3.281015"
"279970.0";"3.283286"
"279980.0";"3.285718"
"279990.0";"3.314014"
"280000.0";"3.310397"
"280010.0";"3.354886"
"280020.0";"3.338805"
"280030.0";"3.356701"
"280040.0";"3.342271"
"280050.0";"3.235759"
"280060.0";"3.293282"
"280070.0";"3.354366"
"280080.0";"3.422948"
"280090.0";"3.377598"
"280100.0";"3.336925"
"280110.0";"3.444448"
"280120.0";"3.398127"
"280130.0";"3.473863"
"280140.0";"3.465203"
"280150.0";"3.460634"
"280160.0";"3.307608"
"280170.0";"3.351026"
"280180.0";"3.26937"
"280190.0";"3.345735"
"280200.0";"3.285662"
"280210.0";"3.279167"
"280220.0";"3.380888"
"280230.0";"3.323938"
"280240.0";"3.335837"
"280250.0";"3.367609"
"280260.0";"3.394004"
"280270.0";"3.399455"
"280280.0";"3.45997"
"280290.0";"3.411404"
"280300.0";"3.321708"
"280310.0";"3.413226"
"280320.0";"3.337541"
"280330.0";"3.394984"
"280340.0";"3.414989"
"280350.0";"3.431451"
"280360.0";"3.406501"
"280370.0";"3.394644"
"280380.0";"3.408269"
"280390.0";"3.420166"
"280400.0";"3.364571"
"280410.0";"3.400488"
"280420.0";"3.336269"
"280430.0";"3.363732"
"280440.0";"3.337936"
"280450.0";"3.307695"
"280460.0";"3.368389"
"280470.0";"3.406585"
"280480.0";"3.43994"
"280490.0";"3.391923"
"280500.0";"3.326315"
"280510.0";"3.381505"
"280520.0";"3.403615"
"280530.0";"3.417019"
"280540.0";"3.42027"
"280550.0";"3.337004"
"280560.0";"3.362092"
"280570.0";"3.381079"
"280580.0";"3.330965"
"280590.0";"3.345869"
"280600.0";"3.344092"
"280610.0";"3.34231"
"280620.0";"3.306678"
"280630.0";"3.350095"
"280640.0";"3.441431"
"280650.0";"3.3436"
"280660.0";"3.442897"
"280670.0";"3.330813"
"280680.0";"3.360052"
"280690.0";"3.326615"
"280700.0";"3.33587"
"280710.0";"3.358643"
"280720.0";"3.366158"
"280730.0";"3.34814"
"280740.0";"3.337698"
"280750.0";"3.376376"
"280760.0";"3.391004"
"280770.0";"3.424853"
"280780.0";"3.411053"
"280790.0";"3.370746"
"280800.0";"3.298807"
"280810.0";"3.358579"
"280820.0";"3.423324"
"280830.0";"3.326133"
"280840.0";"3.335287"
"280850.0";"3.374609"
"280860.0";"3.368192"
"280870.0";"3.365186"
"280880.0";"3.359063"
"280890.0";"3.377893"
"280900.0";"3.391795"
"280910.0";"3.369559"
"280920.0";"3.369818"
"280930.0";"3.29633"
"280940.0";"3.352443"
"280950.0";"3.382132"
"280960.0";"3.364176"
"280970.0";"3.381668"
"280980.0";"3.324653"
"280990.0";"3.313947"
"281000.0";"3.286537"
"281010.0";"3.347205"
"281020.0";"3.383488"
"281030.0";"3.361123"
"281040.0";"3.360355"
"281050.0";"3.296046"
"281060.0";"3.346897"
"281070.0";"3.370161"
"281080.0";"3.338285"
"281090.0";"3.318035"
"281100.0";"3.346884"
"281110.0";"3.303782"
"281120.0";"3.322343"
"281130.0";"3.341486"
"281140.0";"3.330553"
"281150.0";"3.385948"
"281160.0";"3.388404"
"281170.0";"3.402446"
"281180.0";"3.303456"
"281190.0";"3.330634"
"281200.0";"3.321499"
"281210.0";"3.286647"
"281220.0";"3.338956"
"281230.0";"3.323558"
"281240.0";"3.352198"
"281250.0";"3.332885"
"281260.0";"3.342023"
"281270.0";"3.282895"
"281280.0";"3.250931"
"281290.0";"3.330259"
"281300.0";"3.304663"
"281310.0";"3.324815"
"281320.0";"3.339795"
"281330.0";"3.321473"
"281340.0";"3.384852"
"281350.0";"3.301246"
"281360.0";"3.396803"
"281370.0";"3.350566"
"281380.0";"3.28892"
"281390.0";"3.381222"
"281400.0";"3.319202"
"281410.0";"3.289885"
"281420.0";"3.281289"
"281430.0";"3.348342"
"281440.0";"3.304696"
"281450.0";"3.37579"
"281460.0";"3.431201"
"281470.0";"3.399051"
"281480.0";"3.398843"
"281490.0";"3.359041"
"281500.0";"3.345353"
"281510.0";"3.348159"
"281520.0";"3.272207"
"281530.0";"3.347425"
"281540.0";"3.316451"
"281550.0";"3.37018"
"281560.0";"3.41922"
"281570.0";"3.343235"
"281580.0";"3.310947"
"281590.0";"3.369664"
"281600.0";"3.373563"
"281610.0";"3.379299"
"281620.0";"3.358666"
"281630.0";"3.337202"
"281640.0";"3.401865"
"281650.0";"3.325583"
"281660.0";"3.316072"
"281670.0";"3.326319"
"281680.0";"3.391152"
"281690.0";"3.293409"
"281700.0";"3.379543"
"281710.0";"3.36687"
"281720.0";"3.385448"
"281730.0";"3.360861"
"281740.0";"3.287549"
"281750.0";"3.348907"
"281760.0";"3.335489"
"281770.0";"3.404838"
"281780.0";"3.457046"
"281790.0";"3.406223"
"281800.0";"3.383221"
"281810.0";"3.454604"
"281820.0";"3.364885"
"281830.0";"3.293109"
"281840.0";"3.361896"
"281850.0";"3.389624"
"281860.0";"3.388147"
"281870.0";"3.382822"
"281880.0";"3.361474"
"281890.0";"3.398093"
"281900.0";"3.331406"
"281910.0";"3.339875"
"281920.0";"3.367436"
"281930.0";"3.392883"
"281940.0";"3.315436"
"281950.0";"3.405358"
"281960.0";"3.359808"
"281970.0";"3.395165"
"281980.0";"3.379583"
"281990.0";"3.36762"
"282000.0";"3.41222"
"282010.0";"3.411497"
"282020.0";"3.416146"
"282030.0";"3.352789"
"282040.0";"3.397094"
"282050.0";"3.333714"
"282060.0";"3.312964"
"282070.0";"3.390055"
"282080.0";"3.372698"
"282090.0";"3.330827"
"282100.0";"3.336717"
"282110.0";"3.430681"
"282120.0";"3.40873"
"282130.0";"3.396346"
"282140.0";"3.42704"
"282150.0";"3.440154"
"282160.0";"3.464132"
"282170.0";"3.330813"
"282180.0";"3.363374"
"282190.0";"3.326844"
"282200.0";"3.368021"
"282210.0";"3.323154"
"282220.0";"3.460447"
"282230.0";"3.403544"
"282240.0";"3.329806"
"282250.0";"3.390057"
"282260.0";"3.355552"
"282270.0";"3.455136"
"282280.0";"3.390775"
"282290.0";"3.37042"
"282300.0";"3.392241"
"282310.0";"3.38933"
"282320.0";"3.352028"
"282330.0";"3.331905"
"282340.0";"3.350923"
"282350.0";"3.376002"
"282360.0";"3.285235"
"282370.0";"3.361363"
"282380.0";"3.412452"
"282390.0";"3.364411"
"282400.0";"3.441558"
"282410.0";"3.356335"
"282420.0";"3.27775"
"282430.0";"3.335588"
"282440.0";"3.358731"
"282450.0";"3.378223"
"282460.0";"3.329542"
"282470.0";"3.308625"
"282480.0";"3.355234"
"282490.0";"3.31963"
"282500.0";"3.351307"
"282510.0";"3.349905"
"282520.0";"3.354495"
"282530.0";"3.407325"
"282540.0";"3.320572"
"282550.0";"3.293814"
"282560.0";"3.392818"
"282570.0";"3.461814"
"282580.0";"3.296501"
"282590.0";"3.383114"
"282600.0";"3.323713"
"282610.0";"3.363787"
"282620.0";"3.385283"
"282630.0";"3.398553"
"282640.0";"3.341245"
"282650.0";"3.369467"
"282660.0";"3.341222"
"282670.0";"3.389935"
"282680.0";"3.346425"
"282690.0";"3.345285"
"282700.0";"3.358723"
"282710.0";"3.36296"
"282720.0";"3.365435"
"282730.0";"3.313504"
"282740.0";"3.440978"
"282750.0";"3.359916"
"282760.0";"3.412832"
"282770.0";"3.412451"
"282780.0";"3.393085"
"282790.0";"3.46191"
"282800.0";"3.42916"
"282810.0";"3.366061"
"282820.0";"3.377097"
"282830.0";"3.386157"
"282840.0";"3.342363"
"282850.0";"3.432899"
"282860.0";"3.328927"
"282870.0";"3.350659"
"282880.0";"3.350112"
"282890.0";"3.389262"
"282900.0";"3.328963"
"282910.0";"3.307061"
"282920.0";"3.346777"
"282930.0";"3.378551"
"282940.0";"3.377074"
"282950.0";"3.367404"
"282960.0";"3.368163"
"282970.0";"3.445471"
"282980.0";"3.378579"
"282990.0";"3.384838"
"283000.0";"3.387862"
"283010.0";"3.407135"
"283020.0";"3.292794"
"283030.0";"3.435974"
"283040.0";"3.408315"
"283050.0";"3.366663"
"283060.0";"3.340808"
"283070.0";"3.378542"
"283080.0";"3.355365"
"283090.0";"3.350923"
"283100.0";"3.357689"
"283110.0";"3.307813"
"283120.0";"3.31947"
"283130.0";"3.311771"
"283140.0";"3.329991"
"283150.0";"3.301613"
"283160.0";"3.323253"
"283170.0";"3.306952"
"283180.0";"3.331295"
"283190.0";"3.261063"
"283200.0";"3.286109"
"283210.0";"3.315995"
"283220.0";"3.357668"
"283230.0";"3.353457"
"283240.0";"3.403641"
"283250.0";"3.316668"
"283260.0";"3.34624"
"283270.0";"3.348371"
"283280.0";"3.415726"
"283290.0";"3.291705"
"283300.0";"3.26574"
"283310.0";"3.368747"
"283320.0";"3.320498"
"283330.0";"3.333443"
"283340.0";"3.313492"
"283350.0";"3.376375"
"283360.0";"3.393766"
"283370.0";"3.312758"
"283380.0";"3.402258"
"283390.0";"3.375092"
"283400.0";"3.414595"
"283410.0";"3.42651"
"283420.0";"3.422198"
"283430.0";"3.387905"
"283440.0";"3.419823"
"283450.0";"3.463166"
"283460.0";"3.427052"
"283470.0";"3.348871"
"283480.0";"3.279163"
"283490.0";"3.324328"
"283500.0";"3.318456"
"283510.0";"3.332961"
"283520.0";"3.314043"
"283530.0";"3.362135"
"283540.0";"3.309132"
"283550.0";"3.277821"
"283560.0";"3.314075"
"283570.0";"3.361487"
"283580.0";"3.310704"
"283590.0";"3.32592"
"283600.0";"3.336852"
"283610.0";"3.355857"
"283620.0";"3.344393"
"283630.0";"3.370701"
"283640.0";"3.394029"
"283650.0";"3.37884"
"283660.0";"3.363345"
"283670.0";"3.364164"
"283680.0";"3.302739"
"283690.0";"3.406631"
"283700.0";"3.358468"
"283710.0";"3.358078"
"283720.0";"3.401717"
"283730.0";"3.364708"
"283740.0";"3.352898"
"283750.0";"3.347337"
"283760.0";"3.364301"
"283770.0";"3.362201"
"283780.0";"3.291765"
"283790.0";"3.344284"
"283800.0";"3.360802"
"283810.0";"3.311409"
"283820.0";"3.315611"
"283830.0";"3.343581"
"283840.0";"3.321108"
"283850.0";"3.320801"
"283860.0";"3.316153"
"283870.0";"3.39347"
"283880.0";"3.345462"
"283890.0";"3.33929"
"283900.0";"3.331954"
"283910.0";"3.37002"
"283920.0";"3.343699"
"283930.0";"3.367185"
"283940.0";"3.33793"
"283950.0";"3.312182"
"283960.0";"3.401579"
"283970.0";"3.308211"
"283980.0";"3.32542"
"283990.0";"3.333452"
"284000.0";"3.345642"
"284010.0";"3.431577"
"284020.0";"3.31058"
"284030.0";"3.295347"
"284040.0";"3.36177"
"284050.0";"3.325183"
"284060.0";"3.333571"
"284070.0";"3.388314"
"284080.0";"3.321804"
"284090.0";"3.343059"
"284100.0";"3.319371"
"284110.0";"3.393955"
"284120.0";"3.398171"
"284130.0";"3.447312"
"284140.0";"3.378052"
"284150.0";"3.38071"
"284160.0";"3.343092"
"284170.0";"3.321578"
"284180.0";"3.271246"
"284190.0";"3.329128"
"284200.0";"3.359105"
"284210.0";"3.340611"
"284220.0";"3.29839"
"284230.0";"3.3263"
"284240.0";"3.33553"
"284250.0";"3.352974"
"284260.0";"3.369283"
"284270.0";"3.337488"
"284280.0";"3.346955"
"284290.0";"3.354399"
"284300.0";"3.369298"
"284310.0";"3.381021"
"284320.0";"3.346652"
"284330.0";"3.350362"
"284340.0";"3.316606"
"284350.0";"3.323867"
"284360.0";"3.394092"
"284370.0";"3.393521"
"284380.0";"3.346879"
"284390.0";"3.380147"
"284400.0";"3.350957"
"284410.0";"3.272052"
"284420.0";"3.295839"
"284430.0";"3.302508"
"284440.0";"3.361467"
"284450.0";"3.366234"
"284460.0";"3.373083"
"284470.0";"3.388685"
"284480.0";"3.360959"
"284490.0";"3.325006"
"284500.0";"3.427433"
"284510.0";"3.393509"
"284520.0";"3.426086"
"284530.0";"3.456018"
"284540.0";"3.335132"
"284550.0";"3.367109"
"284560.0";"3.390826"
"284570.0";"3.322508"
"284580.0";"3.307217"
"284590.0";"3.314064"
"284600.0";"3.327532"
"284610.0";"3.341018"
"284620.0";"3.318704"
"284630.0";"3.361485"
"284640.0";"3.379954"
"284650.0";"3.35701"
"284660.0";"3.325562"
"284670.0";"3.379318"
"284680.0";"3.356221"
"284690.0";"3.356027"
"284700.0";"3.39746"
"284710.0";"3.341189"
"284720.0";"3.34077"
"284730.0";"3.26875"
"284740.0";"3.340803"
"284750.0";"3.374772"
"284760.0";"3.337486"
"284770.0";"3.31468"
"284780.0";"3.277112"
"284790.0";"3.352942"
"284800.0";"3.322853"
"284810.0";"3.358576"
"284820.0";"3.314705"
"284830.0";"3.342212"
"284840.0";"3.315317"
"284850.0";"3.23429"
"284860.0";"3.292618"
"284870.0";"3.292549"
"284880.0";"3.312664"
"284890.0";"3.324187"
"284900.0";"3.284786"
"284910.0";"3.276684"
"284920.0";"3.448888"
"284930.0";"3.316902"
"284940.0";"3.348408"
"284950.0";"3.295615"
"284960.0";"3.287991"
"284970.0";"3.327895"
"284980.0";"3.372182"
"284990.0";"3.34306"
"285000.0";"3.354258"
"285010.0";"3.305097"
"285020.0";"3.395654"
"285030.0";"3.286935"
"285040.0";"3.365355"
"285050.0";"3.327126"
"285060.0";"3.332327"
"285070.0";"3.385775"
"285080.0";"3.372175"
"285090.0";"3.313628"
"285100.0";"3.341977"
"285110.0";"3.319337"
"285120.0";"3.294091"
"285130.0";"3.286793"
"285140.0";"3.316259"
"285150.0";"3.296187"
"285160.0";"3.292467"
"285170.0";"3.326832"
"285180.0";"3.331525"
"285190.0";"3.3624"
"285200.0";"3.31478"
"285210.0";"3.416685"
"285220.0";"3.245718"
"285230.0";"3.29828"
"285240.0";"3.340359"
"285250.0";"3.355177"
"285260.0";"3.339477"
"285270.0";"3.382062"
"285280.0";"3.384558"
"285290.0";"3.39746"
"285300.0";"3.380669"
"285310.0";"3.359666"
"285320.0";"3.413143"
"285330.0";"3.348084"
"285340.0";"3.390455"
"285350.0";"3.323315"
"285360.0";"3.310652"
"285370.0";"3.377456"
"285380.0";"3.327172"
"285390.0";"3.339022"
"285400.0";"3.342971"
"285410.0";"3.35517"
"285420.0";"3.294392"
"285430.0";"3.311704"
"285440.0";"3.337247"
"285450.0";"3.315846"
"285460.0";"3.337404"
"285470.0";"3.36267"
"285480.0";"3.332719"
"285490.0";"3.297674"
"285500.0";"3.320361"
"285510.0";"3.344564"
"285520.0";"3.313904"
"285530.0";"3.342154"
"285540.0";"3.345187"
"285550.0";"3.28677"
"285560.0";"3.349099"
"285570.0";"3.350558"
"285580.0";"3.381968"
"285590.0";"3.334202"
"285600.0";"3.355513"
"285610.0";"3.285152"
"285620.0";"3.25102"
"285630.0";"3.281692"
"285640.0";"3.269796"
"285650.0";"3.321115"
"285660.0";"3.302773"
"285670.0";"3.341812"
"285680.0";"3.384132"
"285690.0";"3.310937"
"285700.0";"3.358704"
"285710.0";"3.344556"
"285720.0";"3.296449"
"285730.0";"3.38325"
"285740.0";"3.332646"
"285750.0";"3.260621"
"285760.0";"3.339422"
"285770.0";"3.22558"
"285780.0";"3.292437"
"285790.0";"3.340862"
"285800.0";"3.330952"
"285810.0";"3.30938"
"285820.0";"3.282268"
"285830.0";"3.327519"
"285840.0";"3.299097"
"285850.0";"3.317803"
"285860.0";"3.3138"
"285870.0";"3.323767"
"285880.0";"3.344531"
"285890.0";"3.368059"
"285900.0";"3.343167"
"285910.0";"3.343614"
"285920.0";"3.389902"
"285930.0";"3.395079"
"285940.0";"3.3668"
"285950.0";"3.369241"
"285960.0";"3.350165"
"285970.0";"3.368695"
"285980.0";"3.343621"
"285990.0";"3.324991"
"286000.0";"3.349456"
"286010.0";"3.305165"
"286020.0";"3.312329"
"286030.0";"3.359191"
"286040.0";"3.361928"
"286050.0";"3.321206"
"286060.0";"3.335998"
"286070.0";"3.371299"
"286080.0";"3.374194"
"286090.0";"3.32882"
"286100.0";"3.397801"
"286110.0";"3.346041"
"286120.0";"3.3513"
"286130.0";"3.358153"
"286140.0";"3.351077"
"286150.0";"3.359037"
"286160.0";"3.391823"
"286170.0";"3.368613"
"286180.0";"3.349757"
"286190.0";"3.324182"
"286200.0";"3.333959"
"286210.0";"3.411232"
"286220.0";"3.312364"
"286230.0";"3.321999"
"286240.0";"3.327364"
"286250.0";"3.267593"
"286260.0";"3.300204"
"286270.0";"3.292739"
"286280.0";"3.326521"
"286290.0";"3.335983"
"286300.0";"3.350885"
"286310.0";"3.383537"
"286320.0";"3.294222"
"286330.0";"3.308273"
"286340.0";"3.305524"
"286350.0";"3.307133"
"286360.0";"3.404754"
"286370.0";"3.313907"
"286380.0";"3.357262"
"286390.0";"3.325661"
"286400.0";"3.297624"
"286410.0";"3.333066"
"286420.0";"3.395042"
"286430.0";"3.331944"
"286440.0";"3.350286"
"286450.0";"3.304676"
"286460.0";"3.355502"
"286470.0";"3.288565"
"286480.0";"3.287258"
"286490.0";"3.417902"
"286500.0";"3.321543"
"286510.0";"3.3312"
"286520.0";"3.282013"
"286530.0";"3.332649"
"286540.0";"3.267335"
"286550.0";"3.310021"
"286560.0";"3.255342"
"286570.0";"3.296353"
"286580.0";"3.280724"
"286590.0";"3.303202"
"286600.0";"3.290779"
"286610.0";"3.329218"
"286620.0";"3.318051"
"286630.0";"3.354595"
"286640.0";"3.304743"
"286650.0";"3.301999"
"286660.0";"3.325233"
"286670.0";"3.329722"
"286680.0";"3.341607"
"286690.0";"3.3153"
"286700.0";"3.318684"
"286710.0";"3.38817"
"286720.0";"3.328803"
"286730.0";"3.321122"
"286740.0";"3.342674"
"286750.0";"3.268059"
"286760.0";"3.350003"
"286770.0";"3.371732"
"286780.0";"3.288211"
"286790.0";"3.357781"
"286800.0";"3.331622"
"286810.0";"3.277868"
"286820.0";"3.28663"
"286830.0";"3.317581"
"286840.0";"3.326304"
"286850.0";"3.333812"
"286860.0";"3.319564"
"286870.0";"3.300585"
"286880.0";"3.327926"
"286890.0";"3.225289"
"286900.0";"3.369385"
"286910.0";"3.350758"
"286920.0";"3.356476"
"286930.0";"3.367837"
"286940.0";"3.341444"
"286950.0";"3.347116"
"286960.0";"3.27808"
"286970.0";"3.302939"
"286980.0";"3.398489"
"286990.0";"3.343025"
"287000.0";"3.352021"
"287010.0";"3.325889"
"287020.0";"3.339128"
"287030.0";"3.330925"
"287040.0";"3.345201"
"287050.0";"3.338185"
"287060.0";"3.354941"
"287070.0";"3.283545"
"287080.0";"3.352216"
"287090.0";"3.348171"
"287100.0";"3.353351"
"287110.0";"3.298254"
"287120.0";"3.326769"
"287130.0";"3.340534"
"287140.0";"3.372317"
"287150.0";"3.319407"
"287160.0";"3.3183"
"287170.0";"3.349618"
"287180.0";"3.334285"
"287190.0";"3.322"
"287200.0";"3.363497"
"287210.0";"3.287691"
"287220.0";"3.296172"
"287230.0";"3.367214"
"287240.0";"3.384303"
"287250.0";"3.356582"
"287260.0";"3.336139"
"287270.0";"3.35165"
"287280.0";"3.273941"
"287290.0";"3.332924"
"287300.0";"3.313925"
"287310.0";"3.289642"
"287320.0";"3.300836"
"287330.0";"3.280272"
"287340.0";"3.29216"
"287350.0";"3.320123"
"287360.0";"3.296269"
"287370.0";"3.342775"
"287380.0";"3.330589"
"287390.0";"3.316472"
"287400.0";"3.305814"
"287410.0";"3.423656"
"287420.0";"3.357411"
"287430.0";"3.315286"
"287440.0";"3.373039"
"287450.0";"3.300732"
"287460.0";"3.322382"
"287470.0";"3.316443"
"287480.0";"3.359816"
"287490.0";"3.319875"
"287500.0";"3.326274"
"287510.0";"3.264143"
"287520.0";"3.360786"
"287530.0";"3.34604"
"287540.0";"3.343521"
"287550.0";"3.337863"
"287560.0";"3.313174"
"287570.0";"3.382642"
"287580.0";"3.36821"
"287590.0";"3.38075"
"287600.0";"3.34675"
"287610.0";"3.353875"
"287620.0";"3.327779"
"287630.0";"3.405616"
"287640.0";"3.438044"
"287650.0";"3.444365"
"287660.0";"3.482831"
"287670.0";"3.451181"
"287680.0";"3.414682"
"287690.0";"3.484319"
"287700.0";"3.399836"
"287710.0";"3.496946"
"287720.0";"3.396579"
"287730.0";"3.420107"
"287740.0";"3.350358"
"287750.0";"3.347515"
"287760.0";"3.257004"
"287770.0";"3.294332"
"287780.0";"3.326091"
"287790.0";"3.279863"
"287800.0";"3.340221"
"287810.0";"3.33865"
"287820.0";"3.380141"
"287830.0";"3.264476"
"287840.0";"3.330131"
"287850.0";"3.301042"
"287860.0";"3.338593"
"287870.0";"3.307253"
"287880.0";"3.320452"
"287890.0";"3.314138"
"287900.0";"3.318441"
"287910.0";"3.24933"
"287920.0";"3.274027"
"287930.0";"3.332708"
"287940.0";"3.305138"
"287950.0";"3.312901"
"287960.0";"3.294607"
"287970.0";"3.287466"
"287980.0";"3.296119"
"287990.0";"3.229827"
"288000.0";"3.304452"
"288010.0";"3.360936"
"288020.0";"3.367449"
"288030.0";"3.341796"
"288040.0";"3.315129"
"288050.0";"3.302242"
"288060.0";"3.313235"
"288070.0";"3.358308"
"288080.0";"3.329166"
"288090.0";"3.355674"
"288100.0";"3.36454"
"288110.0";"3.332289"
"288120.0";"3.329513"
"288130.0";"3.34256"
"288140.0";"3.297419"
"288150.0";"3.336614"
"288160.0";"3.29581"
"288170.0";"3.283627"
"288180.0";"3.350026"
"288190.0";"3.408311"
"288200.0";"3.33031"
"288210.0";"3.324407"
"288220.0";"3.35086"
"288230.0";"3.270418"
"288240.0";"3.307823"
"288250.0";"3.360188"
"288260.0";"3.362324"
"288270.0";"3.339434"
"288280.0";"3.35883"
"288290.0";"3.345936"
"288300.0";"3.38061"
"288310.0";"3.400121"
"288320.0";"3.290828"
"288330.0";"3.348826"
"288340.0";"3.354736"
"288350.0";"3.344448"
"288360.0";"3.350076"
"288370.0";"3.326622"
"288380.0";"3.359346"
"288390.0";"3.337571"
"288400.0";"3.409657"
"288410.0";"3.39536"
"288420.0";"3.356043"
"288430.0";"3.318803"
"288440.0";"3.353541"
"288450.0";"3.376529"
"288460.0";"3.355298"
"288470.0";"3.32699"
"288480.0";"3.373196"
"288490.0";"3.33124"
"288500.0";"3.343663"
"288510.0";"3.332226"
"288520.0";"3.287269"
"288530.0";"3.329299"
"288540.0";"3.311393"
"288550.0";"3.332183"
"288560.0";"3.28905"
"288570.0";"3.330082"
"288580.0";"3.35743"
"288590.0";"3.268461"
"288600.0";"3.289664"
"288610.0";"3.280478"
"288620.0";"3.325244"
"288630.0";"3.354359"
"288640.0";"3.299592"
"288650.0";"3.341393"
"288660.0";"3.356165"
"288670.0";"3.334411"
"288680.0";"3.395818"
"288690.0";"3.377602"
"288700.0";"3.360725"
"288710.0";"3.428291"
"288720.0";"3.376145"
"288730.0";"3.40408"
"288740.0";"3.349088"
"288750.0";"3.37948"
"288760.0";"3.419081"
"288770.0";"3.342897"
"288780.0";"3.371802"
"288790.0";"3.392063"
"288800.0";"3.34074"
"288810.0";"3.400874"
"288820.0";"3.360888"
"288830.0";"3.44256"
"288840.0";"3.370822"
"288850.0";"3.489705"
"288860.0";"3.40021"
"288870.0";"3.351237"
"288880.0";"3.387533"
"288890.0";"3.345578"
"288900.0";"3.407122"
"288910.0";"3.315483"
"288920.0";"3.441533"
"288930.0";"3.397326"
"288940.0";"3.36056"
"288950.0";"3.393129"
"288960.0";"3.384105"
"288970.0";"3.429667"
"288980.0";"3.378724"
"288990.0";"3.429846"
"289000.0";"3.3694"
"289010.0";"3.348778"
"289020.0";"3.344339"
"289030.0";"3.306443"
"289040.0";"3.291792"
"289050.0";"3.349619"
"289060.0";"3.344046"
"289070.0";"3.347483"
"289080.0";"3.309737"
"289090.0";"3.396006"
"289100.0";"3.321491"
"289110.0";"3.254965"
"289120.0";"3.332661"
"289130.0";"3.282665"
"289140.0";"3.343623"
"289150.0";"3.30174"
"289160.0";"3.400896"
"289170.0";"3.289872"
"289180.0";"3.362024"
"289190.0";"3.319472"
"289200.0";"3.315993"
"289210.0";"3.364975"
"289220.0";"3.34326"
"289230.0";"3.358956"
"289240.0";"3.289007"
"289250.0";"3.33429"
"289260.0";"3.401738"
"289270.0";"3.418681"
"289280.0";"3.338452"
"289290.0";"3.384002"
"289300.0";"3.390383"
"289310.0";"3.387171"
"289320.0";"3.385389"
"289330.0";"3.342201"
"289340.0";"3.430257"
"289350.0";"3.390222"
"289360.0";"3.383347"
"289370.0";"3.352355"
"289380.0";"3.344395"
"289390.0";"3.325766"
"289400.0";"3.320491"
"289410.0";"3.333007"
"289420.0";"3.321007"
"289430.0";"3.34866"
"289440.0";"3.354406"
"289450.0";"3.335959"
"289460.0";"3.299371"
"289470.0";"3.36459"
"289480.0";"3.274668"
"289490.0";"3.32745"
"289500.0";"3.270214"
"289510.0";"3.359992"
"289520.0";"3.366339"
"289530.0";"3.413663"
"289540.0";"3.442167"
"289550.0";"3.4008"
"289560.0";"3.332745"
"289570.0";"3.37175"
"289580.0";"3.355562"
"289590.0";"3.282472"
"289600.0";"3.436935"
"289610.0";"3.362906"
"289620.0";"3.391479"
"289630.0";"3.322861"
"289640.0";"3.282895"
"289650.0";"3.336918"
"289660.0";"3.362527"
"289670.0";"3.412239"
"289680.0";"3.360418"
"289690.0";"3.371982"
"289700.0";"3.360356"
"289710.0";"3.354734"
"289720.0";"3.341787"
"289730.0";"3.340367"
"289740.0";"3.385392"
"289750.0";"3.328204"
"289760.0";"3.384144"
"289770.0";"3.322148"
"289780.0";"3.35414"
"289790.0";"3.380549"
"289800.0";"3.312962"
"289810.0";"3.364217"
"289820.0";"3.342102"
"289830.0";"3.379006"
"289840.0";"3.365707"
"289850.0";"3.357951"
"289860.0";"3.368737"
"289870.0";"3.321042"
"289880.0";"3.330222"
"289890.0";"3.342565"
"289900.0";"3.366421"
"289910.0";"3.344265"
"289920.0";"3.384968"
"289930.0";"3.336737"
"289940.0";"3.370821"
"289950.0";"3.371301"
"289960.0";"3.397602"
"289970.0";"3.410965"
"289980.0";"3.417382"
"289990.0";"3.427756"
"290000.0";"3.413766"
"290010.0";"3.351404"
"290020.0";"3.351722"
"290030.0";"3.282574"
"290040.0";"3.360352"
"290050.0";"3.417451"
"290060.0";"3.350327"
"290070.0";"3.300594"
"290080.0";"3.345436"
"290090.0";"3.309682"
"290100.0";"3.250356"
"290110.0";"3.311162"
"290120.0";"3.302041"
"290130.0";"3.409478"
"290140.0";"3.356904"
"290150.0";"3.281314"
"290160.0";"3.378442"
"290170.0";"3.262711"
"290180.0";"3.381448"
"290190.0";"3.373744"
"290200.0";"3.413888"
"290210.0";"3.375921"
"290220.0";"3.335654"
"290230.0";"3.398444"
"290240.0";"3.419235"
"290250.0";"3.367761"
"290260.0";"3.359692"
"290270.0";"3.310767"
"290280.0";"3.297071"
"290290.0";"3.280646"
"290300.0";"3.231803"
"290310.0";"3.299356"
"290320.0";"3.345136"
"290330.0";"3.329186"
"290340.0";"3.303499"
"290350.0";"3.362927"
"290360.0";"3.336025"
"290370.0";"3.366551"
"290380.0";"3.3737"
"290390.0";"3.417168"
"290400.0";"3.34081"
"290410.0";"3.32059"
"290420.0";"3.32466"
"290430.0";"3.374075"
"290440.0";"3.3712"
"290450.0";"3.357956"
"290460.0";"3.335493"
"290470.0";"3.309532"
"290480.0";"3.378008"
"290490.0";"3.357486"
"290500.0";"3.426779"
"290510.0";"3.36536"
"290520.0";"3.370245"
"290530.0";"3.329961"
"290540.0";"3.35955"
"290550.0";"3.371797"
"290560.0";"3.366875"
"290570.0";"3.30357"
"290580.0";"3.38238"
"290590.0";"3.402417"
"290600.0";"3.449628"
"290610.0";"3.437412"
"290620.0";"3.38522"
"290630.0";"3.36038"
"290640.0";"3.345235"
"290650.0";"3.333591"
"290660.0";"3.317833"
"290670.0";"3.461529"
"290680.0";"3.259236"
"290690.0";"3.345149"
"290700.0";"3.313259"
"290710.0";"3.378029"
"290720.0";"3.322003"
"290730.0";"3.347473"
"290740.0";"3.310869"
"290750.0";"3.339712"
"290760.0";"3.342795"
"290770.0";"3.335307"
"290780.0";"3.355283"
"290790.0";"3.320067"
"290800.0";"3.32313"
"290810.0";"3.380818"
"290820.0";"3.379519"
"290830.0";"3.36562"
"290840.0";"3.389422"
"290850.0";"3.389022"
"290860.0";"3.369674"
"290870.0";"3.344809"
"290880.0";"3.311382"
"290890.0";"3.364226"
"290900.0";"3.395774"
"290910.0";"3.301708"
"290920.0";"3.330237"
"290930.0";"3.426385"
"290940.0";"3.419959"
"290950.0";"3.378079"
"290960.0";"3.354903"
"290970.0";"3.403897"
"290980.0";"3.346995"
"290990.0";"3.353283"
"291000.0";"3.313984"
"291010.0";"3.389986"
"291020.0";"3.341921"
"291030.0";"3.378961"
"291040.0";"3.350459"
"291050.0";"3.331373"
"291060.0";"3.313559"
"291070.0";"3.317172"
"291080.0";"3.373224"
"291090.0";"3.315573"
"291100.0";"3.354291"
"291110.0";"3.369059"
"291120.0";"3.387516"
"291130.0";"3.376782"
"291140.0";"3.376363"
"291150.0";"3.383867"
"291160.0";"3.321978"
"291170.0";"3.389548"
"291180.0";"3.281183"
"291190.0";"3.325831"
"291200.0";"3.364094"
"291210.0";"3.394157"
"291220.0";"3.417"
"291230.0";"3.426567"
"291240.0";"3.419665"
"291250.0";"3.359479"
"291260.0";"3.373675"
"291270.0";"3.30819"
"291280.0";"3.358916"
"291290.0";"3.428276"
"291300.0";"3.36143"
"291310.0";"3.408934"
"291320.0";"3.418028"
"291330.0";"3.390999"
"291340.0";"3.370388"
"291350.0";"3.355758"
"291360.0";"3.401606"
"291370.0";"3.384803"
"291380.0";"3.337551"
"291390.0";"3.40422"
"291400.0";"3.366265"
"291410.0";"3.350931"
"291420.0";"3.441578"
"291430.0";"3.393912"
"291440.0";"3.396738"
"291450.0";"3.382889"
"291460.0";"3.356656"
"291470.0";"3.401149"
"291480.0";"3.385472"
"291490.0";"3.391749"
"291500.0";"3.358292"
"291510.0";"3.398828"
"291520.0";"3.350943"
"291530.0";"3.404707"
"291540.0";"3.322034"
"291550.0";"3.376815"
"291560.0";"3.275199"
"291570.0";"3.375293"
"291580.0";"3.35358"
"291590.0";"3.304656"
"291600.0";"3.363279"
"291610.0";"3.372997"
"291620.0";"3.317503"
"291630.0";"3.349911"
"291640.0";"3.397139"
"291650.0";"3.470345"
"291660.0";"3.405941"
"291670.0";"3.481779"
"291680.0";"3.391976"
"291690.0";"3.415701"
"291700.0";"3.402558"
"291710.0";"3.342942"
"291720.0";"3.355494"
"291730.0";"3.295443"
"291740.0";"3.421"
"291750.0";"3.358994"
"291760.0";"3.372661"
"291770.0";"3.378359"
"291780.0";"3.436325"
"291790.0";"3.3478"
"291800.0";"3.341208"
"291810.0";"3.339097"
"291820.0";"3.30683"
"291830.0";"3.308296"
"291840.0";"3.316176"
"291850.0";"3.33334"
"291860.0";"3.284274"
"291870.0";"3.277539"
"291880.0";"3.345132"
"291890.0";"3.337363"
"291900.0";"3.348038"
"291910.0";"3.348033"
"291920.0";"3.38856"
"291930.0";"3.375071"
"291940.0";"3.410131"
"291950.0";"3.432345"
"291960.0";"3.338061"
"291970.0";"3.433637"
"291980.0";"3.318458"
"291990.0";"3.370993"
"292000.0";"3.343858"
"292010.0";"3.393146"
"292020.0";"3.375304"
"292030.0";"3.359923"
"292040.0";"3.401822"
"292050.0";"3.414095"
"292060.0";"3.360596"
"292070.0";"3.373903"
"292080.0";"3.373996"
"292090.0";"3.374314"
"292100.0";"3.390357"
"292110.0";"3.337697"
"292120.0";"3.345531"
"292130.0";"3.401087"
"292140.0";"3.351629"
"292150.0";"3.340926"
"292160.0";"3.334481"
"292170.0";"3.327797"
"292180.0";"3.281493"
"292190.0";"3.276751"
"292200.0";"3.313198"
"292210.0";"3.274968"
"292220.0";"3.310926"
"292230.0";"3.344995"
"292240.0";"3.326443"
"292250.0";"3.359303"
"292260.0";"3.382489"
"292270.0";"3.325174"
"292280.0";"3.356714"
"292290.0";"3.345341"
"292300.0";"3.360917"
"292310.0";"3.370244"
"292320.0";"3.318603"
"292330.0";"3.409633"
"292340.0";"3.400862"
"292350.0";"3.371984"
"292360.0";"3.361593"
"292370.0";"3.382035"
"292380.0";"3.393401"
"292390.0";"3.282783"
"292400.0";"3.307222"
"292410.0";"3.294752"
"292420.0";"3.33076"
"292430.0";"3.34366"
"292440.0";"3.397186"
"292450.0";"3.325366"
"292460.0";"3.337165"
"292470.0";"3.330936"
"292480.0";"3.391606"
"292490.0";"3.351378"
"292500.0";"3.31753"
"292510.0";"3.297441"
"292520.0";"3.325358"
"292530.0";"3.333242"
"292540.0";"3.389134"
"292550.0";"3.338181"
"292560.0";"3.317835"
"292570.0";"3.387706"
"292580.0";"3.386773"
"292590.0";"3.322084"
"292600.0";"3.346185"
"292610.0";"3.389957"
"292620.0";"3.336276"
"292630.0";"3.340685"
"292640.0";"3.342687"
"292650.0";"3.364643"
"292660.0";"3.350294"
"292670.0";"3.328494"
"292680.0";"3.23434"
"292690.0";"3.363694"
"292700.0";"3.393758"
"292710.0";"3.266841"
"292720.0";"3.307354"
"292730.0";"3.357096"
"292740.0";"3.298817"
"292750.0";"3.350154"
"292760.0";"3.310821"
"292770.0";"3.338118"
"292780.0";"3.366194"
"292790.0";"3.308633"
"292800.0";"3.351614"
"292810.0";"3.390033"
"292820.0";"3.390785"
"292830.0";"3.382904"
"292840.0";"3.400268"
"292850.0";"3.381461"
"292860.0";"3.34424"
"292870.0";"3.312524"
"292880.0";"3.346701"
"292890.0";"3.443936"
"292900.0";"3.385317"
"292910.0";"3.475691"
"292920.0";"3.378429"
"292930.0";"3.409344"
"292940.0";"3.476739"
"292950.0";"3.426909"
"292960.0";"3.38066"
"292970.0";"3.348936"
"292980.0";"3.36832"
"292990.0";"3.293211"
"293000.0";"3.377335"
"293010.0";"3.395079"
"293020.0";"3.376179"
"293030.0";"3.361321"
"293040.0";"3.36467"
"293050.0";"3.398846"
"293060.0";"3.438574"
"293070.0";"3.413855"
"293080.0";"3.404025"
"293090.0";"3.3973"
"293100.0";"3.420124"
"293110.0";"3.41844"
"293120.0";"3.431754"
"293130.0";"3.454831"
"293140.0";"3.469338"
"293150.0";"3.388456"
"293160.0";"3.473676"
"293170.0";"3.453871"
"293180.0";"3.3662"
"293190.0";"3.414758"
"293200.0";"3.442841"
"293210.0";"3.37803"
"293220.0";"3.443778"
"293230.0";"3.358953"
"293240.0";"3.375882"
"293250.0";"3.39578"
"293260.0";"3.408404"
"293270.0";"3.414962"
"293280.0";"3.422927"
"293290.0";"3.440023"
"293300.0";"3.344898"
"293310.0";"3.374816"
"293320.0";"3.418725"
"293330.0";"3.38834"
"293340.0";"3.432863"
"293350.0";"3.341499"
"293360.0";"3.388992"
"293370.0";"3.44186"
"293380.0";"3.422642"
"293390.0";"3.372554"
"293400.0";"3.377431"
"293410.0";"3.422203"
"293420.0";"3.420506"
"293430.0";"3.47334"
"293440.0";"3.397096"
"293450.0";"3.439626"
"293460.0";"3.379909"
"293470.0";"3.411489"
"293480.0";"3.368119"
"293490.0";"3.299545"
"293500.0";"3.316281"
"293510.0";"3.344615"
"293520.0";"3.372397"
"293530.0";"3.356307"
"293540.0";"3.415837"
"293550.0";"3.399241"
"293560.0";"3.371409"
"293570.0";"3.447293"
"293580.0";"3.299695"
"293590.0";"3.358149"
"293600.0";"3.424019"
"293610.0";"3.34762"
"293620.0";"3.368629"
"293630.0";"3.368775"
"293640.0";"3.360503"
"293650.0";"3.417796"
"293660.0";"3.371858"
"293670.0";"3.325878"
"293680.0";"3.41514"
"293690.0";"3.391574"
"293700.0";"3.390109"
"293710.0";"3.432723"
"293720.0";"3.432709"
"293730.0";"3.430378"
"293740.0";"3.419984"
"293750.0";"3.366643"
"293760.0";"3.427401"
"293770.0";"3.357308"
"293780.0";"3.371759"
"293790.0";"3.339501"
"293800.0";"3.339371"
"293810.0";"3.37647"
"293820.0";"3.430679"
"293830.0";"3.407634"
"293840.0";"3.436535"
"293850.0";"3.36164"
"293860.0";"3.365371"
"293870.0";"3.450203"
"293880.0";"3.36859"
"293890.0";"3.393321"
"293900.0";"3.378246"
"293910.0";"3.381901"
"293920.0";"3.377771"
"293930.0";"3.32579"
"293940.0";"3.408368"
"293950.0";"3.445847"
"293960.0";"3.469349"
"293970.0";"3.44099"
"293980.0";"3.395408"
"293990.0";"3.405234"
"294000.0";"3.384987"
"294010.0";"3.385195"
"294020.0";"3.346367"
"294030.0";"3.343957"
"294040.0";"3.367799"
"294050.0";"3.380089"
"294060.0";"3.348799"
"294070.0";"3.38098"
"294080.0";"3.377764"
"294090.0";"3.37833"
"294100.0";"3.325588"
"294110.0";"3.326593"
"294120.0";"3.281198"
"294130.0";"3.327429"
"294140.0";"3.375848"
"294150.0";"3.358351"
"294160.0";"3.355367"
"294170.0";"3.370739"
"294180.0";"3.344874"
"294190.0";"3.385832"
"294200.0";"3.37456"
"294210.0";"3.346061"
"294220.0";"3.424038"
"294230.0";"3.404427"
"294240.0";"3.319991"
"294250.0";"3.309074"
"294260.0";"3.355848"
"294270.0";"3.378029"
"294280.0";"3.409103"
"294290.0";"3.374964"
"294300.0";"3.369565"
"294310.0";"3.282161"
"294320.0";"3.360644"
"294330.0";"3.478947"
"294340.0";"3.417933"
"294350.0";"3.346718"
"294360.0";"3.394048"
"294370.0";"3.368297"
"294380.0";"3.386696"
"294390.0";"3.363142"
"294400.0";"3.28637"
"294410.0";"3.300889"
"294420.0";"3.353384"
"294430.0";"3.388112"
"294440.0";"3.409125"
"294450.0";"3.447552"
"294460.0";"3.427332"
"294470.0";"3.330853"
"294480.0";"3.31266"
"294490.0";"3.309336"
"294500.0";"3.410814"
"294510.0";"3.376585"
"294520.0";"3.286639"
"294530.0";"3.344575"
"294540.0";"3.360421"
"294550.0";"3.352812"
"294560.0";"3.425423"
"294570.0";"3.377017"
"294580.0";"3.374714"
"294590.0";"3.335736"
"294600.0";"3.33146"
"294610.0";"3.317092"
"294620.0";"3.278677"
"294630.0";"3.361159"
"294640.0";"3.337247"
"294650.0";"3.338225"
"294660.0";"3.364489"
"294670.0";"3.33253"
"294680.0";"3.330228"
"294690.0";"3.284621"
"294700.0";"3.359536"
"294710.0";"3.287234"
"294720.0";"3.338358"
"294730.0";"3.352863"
"294740.0";"3.365251"
"294750.0";"3.394071"
"294760.0";"3.325"
"294770.0";"3.352797"
"294780.0";"3.380947"
"294790.0";"3.391795"
"294800.0";"3.27584"
"294810.0";"3.318426"
"294820.0";"3.254916"
"294830.0";"3.264731"
"294840.0";"3.299553"
"294850.0";"3.415456"
"294860.0";"3.315563"
"294870.0";"3.359103"
"294880.0";"3.36405"
"294890.0";"3.3715"
"294900.0";"3.332888"
"294910.0";"3.310295"
"294920.0";"3.386787"
"294930.0";"3.302557"
"294940.0";"3.329159"
"294950.0";"3.32937"
"294960.0";"3.382217"
"294970.0";"3.312621"
"294980.0";"3.280106"
"294990.0";"3.253422"
"295000.0";"3.357392"
"295010.0";"3.440577"
"295020.0";"3.377852"
"295030.0";"3.345753"
"295040.0";"3.32523"
"295050.0";"3.246621"
"295060.0";"3.393461"
"295070.0";"3.304142"
"295080.0";"3.312932"
"295090.0";"3.281025"
"295100.0";"3.287212"
"295110.0";"3.273036"
"295120.0";"3.308852"
"295130.0";"3.301927"
"295140.0";"3.289988"
"295150.0";"3.308132"
"295160.0";"3.391221"
"295170.0";"3.289856"
"295180.0";"3.335158"
"295190.0";"3.404751"
"295200.0";"3.360292"
"295210.0";"3.323154"
"295220.0";"3.398014"
"295230.0";"3.396397"
"295240.0";"3.409662"
"295250.0";"3.268809"
"295260.0";"3.375526"
"295270.0";"3.313267"
"295280.0";"3.41071"
"295290.0";"3.323033"
"295300.0";"3.373029"
"295310.0";"3.295349"
"295320.0";"3.31741"
"295330.0";"3.277546"
"295340.0";"3.275846"
"295350.0";"3.251776"
"295360.0";"3.280197"
"295370.0";"3.295221"
"295380.0";"3.298659"
"295390.0";"3.384717"
"295400.0";"3.308105"
"295410.0";"3.334529"
"295420.0";"3.309914"
"295430.0";"3.418367"
"295440.0";"3.314798"
"295450.0";"3.354007"
"295460.0";"3.328923"
"295470.0";"3.420586"
"295480.0";"3.393869"
"295490.0";"3.398721"
"295500.0";"3.371763"
"295510.0";"3.373453"
"295520.0";"3.377105"
"295530.0";"3.462086"
"295540.0";"3.479026"
"295550.0";"3.423687"
"295560.0";"3.271718"
"295570.0";"3.358764"
"295580.0";"3.353558"
"295590.0";"3.358438"
"295600.0";"3.368682"
"295610.0";"3.308559"
"295620.0";"3.330395"
"295630.0";"3.371557"
"295640.0";"3.384598"
"295650.0";"3.348851"
"295660.0";"3.35143"
"295670.0";"3.400894"
"295680.0";"3.36221"
"295690.0";"3.398671"
"295700.0";"3.343132"
"295710.0";"3.382373"
"295720.0";"3.387831"
"295730.0";"3.345917"
"295740.0";"3.325027"
"295750.0";"3.332509"
"295760.0";"3.339078"
"295770.0";"3.382954"
"295780.0";"3.308362"
"295790.0";"3.326163"
"295800.0";"3.331309"
"295810.0";"3.344501"
"295820.0";"3.387067"
"295830.0";"3.317421"
"295840.0";"3.260772"
"295850.0";"3.263639"
"295860.0";"3.34714"
"295870.0";"3.281998"
"295880.0";"3.304214"
"295890.0";"3.326781"
"295900.0";"3.303209"
"295910.0";"3.229699"
"295920.0";"3.232468"
"295930.0";"3.256343"
"295940.0";"3.273864"
"295950.0";"3.33681"
"295960.0";"3.303506"
"295970.0";"3.316056"
"295980.0";"3.341356"
"295990.0";"3.26745"
"296000.0";"3.299328"
"296010.0";"3.296362"
"296020.0";"3.318325"
"296030.0";"3.341221"
"296040.0";"3.308371"
"296050.0";"3.319634"
"296060.0";"3.341405"
"296070.0";"3.332398"
"296080.0";"3.272236"
"296090.0";"3.281025"
"296100.0";"3.322482"
"296110.0";"3.276902"
"296120.0";"3.340235"
"296130.0";"3.292997"
"296140.0";"3.344901"
"296150.0";"3.303529"
"296160.0";"3.327783"
"296170.0";"3.306411"
"296180.0";"3.318384"
"296190.0";"3.286384"
"296200.0";"3.308074"
"296210.0";"3.347514"
"296220.0";"3.320773"
"296230.0";"3.299231"
"296240.0";"3.333447"
"296250.0";"3.322577"
"296260.0";"3.351985"
"296270.0";"3.388675"
"296280.0";"3.404122"
"296290.0";"3.32094"
"296300.0";"3.447702"
"296310.0";"3.358135"
"296320.0";"3.322724"
"296330.0";"3.329217"
"296340.0";"3.3015"
"296350.0";"3.372749"
"296360.0";"3.364079"
"296370.0";"3.318253"
"296380.0";"3.344573"
"296390.0";"3.312375"
"296400.0";"3.295357"
"296410.0";"3.330447"
"296420.0";"3.348392"
"296430.0";"3.248542"
"296440.0";"3.315534"
"296450.0";"3.340942"
"296460.0";"3.325028"
"296470.0";"3.283118"
"296480.0";"3.366318"
"296490.0";"3.338611"
"296500.0";"3.354782"
"296510.0";"3.336129"
"296520.0";"3.264533"
"296530.0";"3.329279"
"296540.0";"3.257339"
"296550.0";"3.222131"
"296560.0";"3.361767"
"296570.0";"3.282034"
"296580.0";"3.321126"
"296590.0";"3.283262"
"296600.0";"3.247655"
"296610.0";"3.313481"
"296620.0";"3.217289"
"296630.0";"3.353595"
"296640.0";"3.302994"
"296650.0";"3.303776"
"296660.0";"3.270817"
"296670.0";"3.332207"
"296680.0";"3.294063"
"296690.0";"3.308778"
"296700.0";"3.336913"
"296710.0";"3.319108"
"296720.0";"3.370511"
"296730.0";"3.318784"
"296740.0";"3.358318"
"296750.0";"3.362203"
"296760.0";"3.377878"
"296770.0";"3.334182"
"296780.0";"3.370586"
"296790.0";"3.299682"
"296800.0";"3.327238"
"296810.0";"3.385151"
"296820.0";"3.357039"
"296830.0";"3.291661"
"296840.0";"3.369831"
"296850.0";"3.382468"
"296860.0";"3.42188"
"296870.0";"3.335335"
"296880.0";"3.291667"
"296890.0";"3.375879"
"296900.0";"3.358147"
"296910.0";"3.342606"
"296920.0";"3.381102"
"296930.0";"3.364"
"296940.0";"3.424391"
"296950.0";"3.39165"
"296960.0";"3.409019"
"296970.0";"3.427236"
"296980.0";"3.380319"
"296990.0";"3.314612"
"297000.0";"3.287716"
"297010.0";"3.322572"
"297020.0";"3.297933"
"297030.0";"3.265246"
"297040.0";"3.290929"
"297050.0";"3.384936"
"297060.0";"3.374771"
"297070.0";"3.413046"
"297080.0";"3.411568"
"297090.0";"3.397878"
"297100.0";"3.31719"
"297110.0";"3.352734"
"297120.0";"3.36343"
"297130.0";"3.333481"
"297140.0";"3.31847"
"297150.0";"3.351164"
"297160.0";"3.374191"
"297170.0";"3.350851"
"297180.0";"3.359631"
"297190.0";"3.350743"
"297200.0";"3.335052"
"297210.0";"3.387447"
"297220.0";"3.360847"
"297230.0";"3.399487"
"297240.0";"3.400474"
"297250.0";"3.362535"
"297260.0";"3.281681"
"297270.0";"3.359515"
"297280.0";"3.370617"
"297290.0";"3.353541"
"297300.0";"3.349399"
"297310.0";"3.397005"
"297320.0";"3.348946"
"297330.0";"3.404341"
"297340.0";"3.409344"
"297350.0";"3.438843"
"297360.0";"3.454977"
"297370.0";"3.388469"
"297380.0";"3.434875"
"297390.0";"3.418305"
"297400.0";"3.352592"
"297410.0";"3.344626"
"297420.0";"3.352514"
"297430.0";"3.374266"
"297440.0";"3.323756"
"297450.0";"3.40078"
"297460.0";"3.371613"
"297470.0";"3.389613"
"297480.0";"3.40556"
"297490.0";"3.358318"
"297500.0";"3.383528"
"297510.0";"3.401312"
"297520.0";"3.416552"
"297530.0";"3.338168"
"297540.0";"3.387067"
"297550.0";"3.333577"
"297560.0";"3.335878"
"297570.0";"3.327701"
"297580.0";"3.303461"
"297590.0";"3.34447"
"297600.0";"3.359312"
"297610.0";"3.363336"
"297620.0";"3.293717"
"297630.0";"3.291829"
"297640.0";"3.332712"
"297650.0";"3.250035"
"297660.0";"3.3479"
"297670.0";"3.413574"
"297680.0";"3.32977"
"297690.0";"3.336056"
"297700.0";"3.345627"
"297710.0";"3.392967"
"297720.0";"3.309258"
"297730.0";"3.361137"
"297740.0";"3.338898"
"297750.0";"3.398345"
"297760.0";"3.338866"
"297770.0";"3.370283"
"297780.0";"3.367232"
"297790.0";"3.37072"
"297800.0";"3.360627"
"297810.0";"3.341727"
"297820.0";"3.303301"
"297830.0";"3.358486"
"297840.0";"3.353126"
"297850.0";"3.373539"
"297860.0";"3.279684"
"297870.0";"3.325827"
"297880.0";"3.3626"
"297890.0";"3.352962"
"297900.0";"3.315606"
"297910.0";"3.366382"
"297920.0";"3.337887"
"297930.0";"3.36264"
"297940.0";"3.372816"
"297950.0";"3.380197"
"297960.0";"3.38619"
"297970.0";"3.348748"
"297980.0";"3.378462"
"297990.0";"3.337616"
"298000.0";"3.328365"
"298010.0";"3.348095"
"298020.0";"3.347964"
"298030.0";"3.253373"
"298040.0";"3.354456"
"298050.0";"3.308113"
"298060.0";"3.366468"
"298070.0";"3.269847"
"298080.0";"3.369782"
"298090.0";"3.361178"
"298100.0";"3.371894"
"298110.0";"3.385298"
"298120.0";"3.378037"
"298130.0";"3.318769"
"298140.0";"3.236348"
"298150.0";"3.207261"
"298160.0";"3.250385"
"298170.0";"3.275252"
"298180.0";"3.21915"
"298190.0";"3.313392"
"298200.0";"3.307411"
"298210.0";"3.349678"
"298220.0";"3.267542"
"298230.0";"3.314453"
"298240.0";"3.27007"
"298250.0";"3.295632"
"298260.0";"3.269186"
"298270.0";"3.265919"
"298280.0";"3.277014"
"298290.0";"3.32349"
"298300.0";"3.289701"
"298310.0";"3.26069"
"298320.0";"3.299615"
"298330.0";"3.343227"
"298340.0";"3.315828"
"298350.0";"3.336267"
"298360.0";"3.26385"
"298370.0";"3.328186"
"298380.0";"3.323216"
"298390.0";"3.278086"
"298400.0";"3.284346"
"298410.0";"3.288087"
"298420.0";"3.316798"
"298430.0";"3.328758"
"298440.0";"3.33212"
"298450.0";"3.288452"
"298460.0";"3.271902"
"298470.0";"3.330264"
"298480.0";"3.252374"
"298490.0";"3.304587"
"298500.0";"3.267885"
"298510.0";"3.338046"
"298520.0";"3.227992"
"298530.0";"3.333172"
"298540.0";"3.313654"
"298550.0";"3.264061"
"298560.0";"3.310644"
"298570.0";"3.345247"
"298580.0";"3.277105"
"298590.0";"3.354481"
"298600.0";"3.268026"
"298610.0";"3.28664"
"298620.0";"3.253195"
"298630.0";"3.300229"
"298640.0";"3.211818"
"298650.0";"3.261963"
"298660.0";"3.276603"
"298670.0";"3.244094"
"298680.0";"3.244389"
"298690.0";"3.215402"
"298700.0";"3.205133"
"298710.0";"3.263676"
"298720.0";"3.306159"
"298730.0";"3.305229"
"298740.0";"3.277573"
"298750.0";"3.283992"
"298760.0";"3.307055"
"298770.0";"3.230164"
"298780.0";"3.369243"
"298790.0";"3.332642"
"298800.0";"3.363483"
"298810.0";"3.331987"
"298820.0";"3.359994"
"298830.0";"3.381822"
"298840.0";"3.263319"
"298850.0";"3.340261"
"298860.0";"3.369489"
"298870.0";"3.401816"
"298880.0";"3.318786"
"298890.0";"3.309198"
"298900.0";"3.373398"
"298910.0";"3.307794"
"298920.0";"3.338802"
"298930.0";"3.282734"
"298940.0";"3.364042"
"298950.0";"3.378297"
"298960.0";"3.339733"
"298970.0";"3.337577"
"298980.0";"3.426226"
"298990.0";"3.379264"
"299000.0";"3.328034"
"299010.0";"3.373602"
"299020.0";"3.2637"
"299030.0";"3.325009"
"299040.0";"3.262528"
"299050.0";"3.278187"
"299060.0";"3.257222"
"299070.0";"3.368227"
"299080.0";"3.332578"
"299090.0";"3.359194"
"299100.0";"3.362407"
"299110.0";"3.361095"
"299120.0";"3.264148"
"299130.0";"3.258676"
"299140.0";"3.354402"
"299150.0";"3.253372"
"299160.0";"3.365804"
"299170.0";"3.325896"
"299180.0";"3.317616"
"299190.0";"3.300869"
"299200.0";"3.368284"
"299210.0";"3.368294"
"299220.0";"3.315833"
"299230.0";"3.296944"
"299240.0";"3.289884"
"299250.0";"3.308467"
"299260.0";"3.321416"
"299270.0";"3.285563"
"299280.0";"3.282679"
"299290.0";"3.304393"
"299300.0";"3.299695"
"299310.0";"3.32394"
"299320.0";"3.298267"
"299330.0";"3.375818"
"299340.0";"3.369554"
"299350.0";"3.378742"
"299360.0";"3.440334"
"299370.0";"3.350948"
"299380.0";"3.337862"
"299390.0";"3.332925"
"299400.0";"3.361239"
"299410.0";"3.286914"
"299420.0";"3.322298"
"299430.0";"3.359773"
"299440.0";"3.357484"
"299450.0";"3.312213"
"299460.0";"3.317472"
"299470.0";"3.328879"
"299480.0";"3.339314"
"299490.0";"3.321638"
"299500.0";"3.322627"
"299510.0";"3.391629"
"299520.0";"3.274436"
"299530.0";"3.315627"
"299540.0";"3.234797"
"299550.0";"3.285757"
"299560.0";"3.294224"
"299570.0";"3.436546"
"299580.0";"3.376857"
"299590.0";"3.263582"
"299600.0";"3.284596"
"299610.0";"3.324665"
"299620.0";"3.297658"
"299630.0";"3.312966"
"299640.0";"3.331327"
"299650.0";"3.312972"
"299660.0";"3.296312"
"299670.0";"3.304571"
"299680.0";"3.331742"
"299690.0";"3.382959"
"299700.0";"3.489523"
"299710.0";"3.367517"
"299720.0";"3.378902"
"299730.0";"3.32779"
"299740.0";"3.354596"
"299750.0";"3.289975"
"299760.0";"3.301678"
"299770.0";"3.353196"
"299780.0";"3.287296"
"299790.0";"3.3643"
"299800.0";"3.331141"
"299810.0";"3.240055"
"299820.0";"3.263372"
"299830.0";"3.367018"
"299840.0";"3.369511"
"299850.0";"3.303739"
"299860.0";"3.404409"
"299870.0";"3.305167"
"299880.0";"3.306915"
"299890.0";"3.343274"
"299900.0";"3.418868"
"299910.0";"3.350912"
"299920.0";"3.442863"
"299930.0";"3.332529"
"299940.0";"3.332243"
"299950.0";"3.39193"
"299960.0";"3.362941"
"299970.0";"3.397294"
"299980.0";"3.414999"
"299990.0";"3.321084"
"300000.0";"3.422071"
